1;26
2;80
3;57
4;31
5;56
6;60
7;82
8;59
9;23
10;0
11;80
12;66
13;73
14;80
15;49
16;64
17;31
18;30
19;4
20;2
21;54
22;37
23;15
24;34
25;70
26;38
27;44
28;20
29;41
30;69
31;74
32;48
33;57
34;47
35;84
36;47
37;80
38;50
39;24
40;53
41;83
42;21
43;57
44;46
45;42
46;52
47;59
48;40
49;48
50;41
51;5
52;0
53;66
54;43
55;50
56;65
57;66
58;20
59;52
60;57
61;46
62;47
63;17
64;18
65;78
66;63
67;62
68;52
69;20
70;51
71;62
72;64
73;57
74;61
75;42
76;31
77;12
78;64
79;16
80;54
81;32
82;37
83;4
84;1
85;20
86;36
87;27
88;4
89;5
90;1
91;14
92;9
93;12
94;63
95;53
96;70
97;71
98;51
99;69
100;57
101;24
102;29
103;57
104;66
105;27
106;41
107;5
108;3
109;39
110;37
111;46
112;16
113;54
114;58
115;54
116;55
117;39
118;71
119;83
120;38
121;8
122;55
123;54
124;82
125;71
126;63
127;6
128;84
129;53
130;30
131;30
132;17
133;46
134;29
135;45
136;9
137;17
138;45
139;71
140;21
141;80
142;54
143;73
144;82
145;79
146;53
147;50
148;9
149;8
150;55
151;24
152;61
153;37
154;45
155;60
156;60
157;52
158;75
159;63
160;70
161;69
162;61
163;51
164;31
165;62
166;61
167;35
168;68
169;45
170;36
171;12
172;58
173;30
174;9
175;30
176;58
177;57
178;51
179;12
180;41
181;38
182;2
183;10
184;34
185;30
186;60
187;50
188;18
189;52
190;48
191;71
192;68
193;61
194;60
195;59
196;53
197;35
198;13
199;9
200;31
201;47
202;3
203;0
204;76
205;21
206;82
207;63
208;74
209;20
210;53
211;35
212;44
213;35
214;4
215;18
216;71
217;54
218;80
219;63
220;78
221;66
222;29
223;39
224;15
225;4
226;59
227;52
228;29
229;86
230;62
231;30
232;37
233;76
234;70
235;40
236;75
237;47
238;38
239;56
240;72
241;49
242;23
243;40
244;21
245;21
246;23
247;36
248;36
249;2
250;1
251;4
252;82
253;51
254;47
255;44
256;16
257;2
258;7
259;80
260;28
261;26
262;13
263;10
264;35
265;67
266;47
267;45
268;32
269;1
270;6
271;72
272;41
273;44
274;40
275;39
276;2
277;5
278;32
279;63
280;14
281;17
282;55
283;47
284;85
285;59
286;72
287;45
288;39
289;8
290;14
291;36
292;73
293;54
294;31
295;29
296;56
297;16
298;6
299;72
300;44
301;31
302;71
303;71
304;39
305;56
306;86
307;32
308;49
309;57
310;85
311;43
312;55
313;32
314;45
315;10
316;10
317;34
318;75
319;75
320;60
321;67
322;50
323;72
324;32
325;56
326;26
327;18
328;46
329;46
330;6
331;6
332;7
333;51
334;21
335;23
336;94
337;46
338;46
339;27
340;71
341;51
342;74
343;70
344;69
345;22
346;4
347;22
348;53
349;31
350;50
351;24
352;43
353;14
354;2
355;42
356;30
357;62
358;16
359;10
360;58
361;29
362;10
363;17
364;18
365;24
366;52
367;57
368;77
369;71
370;84
371;75
372;21
373;37
374;85
375;64
376;72
377;35
378;43
379;34
380;18
381;53
382;60
383;7
384;17
385;9
386;46
387;4
388;40
389;25
390;39
391;60
392;28
393;72
394;60
395;81
396;39
397;44
398;51
399;62
400;37
401;55
402;65
403;30
404;70
405;21
406;22
407;4
408;4
409;60
410;85
411;59
412;94
413;47
414;17
415;17
416;48
417;60
418;58
419;33
420;35
421;47
422;14
423;74
424;52
425;79
426;53
427;60
428;20
429;30
430;32
431;5
432;1
433;59
434;58
435;56
436;79
437;80
438;65
439;43
440;25
441;19
442;29
443;30
444;10
445;0
446;32
447;61
448;55
449;40
450;43
451;29
452;33
453;36
454;17
455;6
456;35
457;30
458;2
459;17
460;4
461;64
462;11
463;17
464;44
465;56
466;53
467;42
468;20
469;62
470;88
471;80
472;71
473;77
474;46
475;87
476;74
477;69
478;44
479;61
480;61
481;14
482;8
483;24
484;49
485;29
486;31
487;24
488;49
489;36
490;38
491;25
492;0
493;7
494;34
495;71
496;65
497;47
498;61
499;18
500;10
501;17
502;48
503;66
504;31
505;26
506;35
507;26
508;4
509;4
510;59
511;28
512;42
513;15
514;0
515;63
516;38
517;60
518;51
519;87
520;57
521;63
522;58
523;77
524;66
525;60
526;71
527;38
528;41
529;46
530;30
531;44
532;46
533;17
534;12
535;59
536;25
537;27
538;30
539;37
540;2
541;95
542;54
543;57
544;45
545;33
546;66
547;65
548;59
549;54
550;44
551;83
552;54
553;63
554;58
555;55
556;20
557;34
558;42
559;58
560;58
561;30
562;71
563;44
564;38
565;3
566;21
567;66
568;69
569;30
570;50
571;66
572;21
573;81
574;69
575;55
576;61
577;72
578;56
579;76
580;48
581;33
582;65
583;23
584;54
585;38
586;61
587;79
588;52
589;65
590;49
591;32
592;54
593;73
594;42
595;71
596;21
597;20
598;65
599;46
600;54
601;42
602;10
603;9
604;31
605;34
606;4
607;4
608;4
609;45
610;80
611;78
612;63
613;45
614;62
615;54
616;6
617;18
618;22
619;63
620;45
621;0
622;1
623;4
624;37
625;71
626;23
627;79
628;62
629;85
630;62
631;62
632;49
633;20
634;25
635;26
636;62
637;41
638;8
639;16
640;47
641;88
642;53
643;53
644;34
645;61
646;57
647;75
648;30
649;73
650;62
651;55
652;80
653;39
654;31
655;31
656;40
657;3
658;77
659;70
660;43
661;13
662;54
663;68
664;45
665;52
666;19
667;52
668;61
669;78
670;28
671;27
672;70
673;74
674;53
675;36
676;83
677;76
678;43
679;36
680;12
681;11
682;16
683;30
684;28
685;12
686;66
687;55
688;59
689;36
690;80
691;69
692;41
693;22
694;42
695;59
696;42
697;83
698;64
699;50
700;52
701;41
702;34
703;80
704;90
705;60
706;51
707;50
708;46
709;42
710;59
711;44
712;45
713;41
714;14
715;75
716;34
717;68
718;54
719;29
720;45
721;5
722;11
723;4
724;53
725;13
726;54
727;59
728;34
729;30
730;26
731;4
732;53
733;21
734;65
735;48
736;26
737;30
738;4
739;1
740;74
741;72
742;44
743;76
744;50
745;75
746;31
747;88
748;66
749;71
750;47
751;81
752;30
753;46
754;48
755;21
756;19
757;20
758;46
759;54
760;31
761;18
762;18
763;56
764;64
765;27
766;24
767;8
768;63
769;87
770;43
771;68
772;29
773;83
774;83
775;71
776;53
777;44
778;29
779;17
780;5
781;5
782;34
783;14
784;67
785;85
786;53
787;52
788;29
789;20
790;71
791;25
792;29
793;51
794;77
795;27
796;71
797;31
798;58
799;80
800;41
801;16
802;62
803;62
804;15
805;8
806;47
807;37
808;3
809;0
810;4
811;50
812;80
813;37
814;86
815;69
816;47
817;71
818;52
819;25
820;29
821;71
822;69
823;47
824;21
825;74
826;20
827;57
828;10
829;54
830;55
831;74
832;62
833;67
834;76
835;56
836;83
837;64
838;54
839;78
840;60
841;70
842;62
843;24
844;53
845;59
846;47
847;63
848;82
849;34
850;40
851;47
852;17
853;18
854;10
855;60
856;64
857;76
858;57
859;76
860;47
861;40
862;66
863;33
864;32
865;24
866;55
867;34
868;20
869;8
870;15
871;48
872;30
873;3
874;10
875;54
876;59
877;25
878;63
879;67
880;53
881;44
882;3
883;0
884;0
885;33
886;31
887;79
888;64
889;69
890;32
891;54
892;57
893;20
894;23
895;31
896;35
897;48
898;20
899;40
900;37
901;15
902;11
903;42
904;21
905;71
906;53
907;24
908;64
909;30
910;30
911;66
912;42
913;30
914;15
915;18
916;29
917;53
918;18
919;53
920;55
921;48
922;14
923;36
924;32
925;14
926;74
927;61
928;60
929;41
930;8
931;68
932;83
933;31
934;82
935;78
936;29
937;57
938;39
939;31
940;43
941;35
942;38
943;37
944;29
945;13
946;64
947;76
948;61
949;75
950;44
951;37
952;5
953;18
954;54
955;43
956;26
957;8
958;5
959;3
960;69
961;53
962;70
963;74
964;59
965;64
966;50
967;30
968;6
969;11
970;59
971;56
972;77
973;61
974;55
975;51
976;41
977;28
978;42
979;16
980;9
981;11
982;45
983;55
984;66
985;57
986;80
987;63
988;71
989;64
990;64
991;39
992;54
993;52
994;60
995;85
996;80
997;30
998;54
999;69
1000;44
1001;43
1002;38
1003;11
1004;14
1005;34
1006;14
1007;12
1008;61
1009;89
1010;21
1011;61
1012;66
1013;65
1014;57
1015;66
1016;64
1017;35
1018;0
1019;12
1020;65
1021;54
1022;38
1023;8
1024;14
1025;73
1026;56
1027;66
1028;52
1029;54
1030;91
1031;51
1032;34
1033;27
1034;12
1035;17
1036;17
1037;46
1038;38
1039;16
1040;2
1041;2
1042;35
1043;27
1044;27
1045;45
1046;3
1047;18
1048;49
1049;71
1050;51
1051;52
1052;50
1053;74
1054;54
1055;20
1056;21
1057;63
1058;64
1059;30
1060;33
1061;8
1062;52
1063;74
1064;80
1065;80
1066;63
1067;65
1068;34
1069;19
1070;23
1071;22
1072;40
1073;80
1074;67
1075;53
1076;42
1077;40
1078;93
1079;45
1080;45
1081;20
1082;22
1083;35
1084;72
1085;45
1086;28
1087;8
1088;4
1089;43
1090;22
1091;4
1092;1
1093;22
1094;41
1095;1
1096;66
1097;37
1098;29
1099;71
1100;67
1101;44
1102;41
1103;1
1104;1
1105;95
1106;61
1107;53
1108;40
1109;78
1110;33
1111;47
1112;62
1113;37
1114;33
1115;9
1116;17
1117;44
1118;31
1119;14
1120;5
1121;45
1122;66
1123;54
1124;29
1125;35
1126;4
1127;18
1128;38
1129;52
1130;10
1131;17
1132;51
1133;67
1134;58
1135;76
1136;94
1137;74
1138;63
1139;48
1140;94
1141;54
1142;72
1143;64
1144;50
1145;78
1146;55
1147;67
1148;66
1149;21
1150;55
1151;35
1152;48
1153;48
1154;8
1155;9
1156;15
1157;17
1158;63
1159;52
1160;66
1161;38
1162;20
1163;84
1164;73
1165;72
1166;76
1167;30
1168;41
1169;5
1170;10
1171;10
1172;49
1173;58
1174;51
1175;87
1176;30
1177;61
1178;81
1179;60
1180;28
1181;24
1182;43
1183;48
1184;55
1185;70
1186;94
1187;48
1188;50
1189;17
1190;12
1191;6
1192;15
1193;69
1194;33
1195;46
1196;59
1197;38
1198;36
1199;14
1200;2
1201;14
1202;0
1203;1
1204;84
1205;34
1206;38
1207;16
1208;13
1209;85
1210;49
1211;65
1212;55
1213;66
1214;46
1215;55
1216;49
1217;52
1218;48
1219;57
1220;81
1221;83
1222;60
1223;40
1224;76
1225;54
1226;87
1227;75
1228;52
1229;52
1230;67
1231;23
1232;30
1233;36
1234;1
1235;55
1236;64
1237;9
1238;18
1239;44
1240;32
1241;56
1242;47
1243;20
1244;35
1245;46
1246;83
1247;53
1248;44
1249;37
1250;6
1251;16
1252;24
1253;38
1254;17
1255;11
1256;5
1257;30
1258;21
1259;24
1260;80
1261;60
1262;57
1263;21
1264;26
1265;54
1266;65
