Household;1;2;3;4
Household;5;6;7
Household;8
Household;9;10
Household;11;12;13;14;15
Household;16;17;18
Household;19
Household;20;21
Household;22
Household;23;24
Household;25;26
Household;27
Household;28;29
Household;30;31;32;33
Household;34;35
Household;36;37
Household;38;39
Household;40;41;42;43
Household;44;45;46;47
Household;48;49
Household;50;51;52;53;54
Household;55;56;57
Household;58;59
Household;60;61;62
Household;63;64
Household;65
Household;66;67
Household;68;69;70;71
Household;72;73
Household;74;75
Household;76
Household;77;78
Household;79
Household;80;81
Household;82;83
Household;84;85;86;87
Household;88;89
Household;90;91
Household;92;93;94;95
Household;96;97;98;99;100;101;102
Household;103;104
Household;105;106
Household;107
Household;108;109;110
Household;111;112;113;114
Household;115;116
Household;117
Household;118;119
Household;120;121
Household;122
Household;123;124
Household;125
Household;126;127
Household;128;129
Household;130;131
Household;132
Household;133
Household;134
Household;135
Household;136;137
Household;138
Household;139;140;141;142;143
Household;144;145;146;147
Household;148;149
Household;150
Household;151;152
Household;153;154;155;156;157
Household;158
Household;159;160;161;162
Household;163
Household;164
Household;165;166
Household;167;168
Household;169
Household;170;171;172;173
Household;174;175
Household;176;177;178;179
Household;180;181
Household;182
Household;183
Household;184
Household;185;186;187;188
Household;189;190
Household;191;192
Household;193
Household;194;195;196;197
Household;198;199;200;201;202
Household;203
Household;204;205;206;207
Household;208;209
Household;210;211
Household;212
Household;213;214;215
Household;216;217
Household;218;219;220;221;222
Household;223
Household;224;225
Household;226
Household;227;228;229;230
Household;231;232;233
Household;234;235
Household;236
Household;237;238
Household;239;240
Household;241
Household;242;243
Household;244;245
Household;246
Household;247;248
Household;249
Household;250;251
Household;252;253
Household;254;255
Household;256;257;258;259;260
Household;261;262
Household;263;264
Household;265;266
Household;267;268
Household;269;270;271
Household;272;273
Household;274
Household;275;276;277;278;279;280;281;282
Household;283;284;285;286
Household;287;288;289
Household;290
Household;291;292;293;294
Household;295;296
Household;297
Household;298;299;300;301
Household;302;303
Household;304;305
Household;306;307
Household;308;309
Household;310;311
Household;312;313;314;315;316
Household;317;318;319;320
Household;321;322;323
Household;324
Household;325;326;327;328;329
Household;330;331;332;333
Household;334;335;336;337
Household;338;339
Household;340;341
Household;342
Household;343;344
Household;345;346
Household;347;348
Household;349
Household;350
Household;351;352
Household;353
Household;354;355;356
Household;357;358;359;360
Household;361;362
Household;363;364;365;366;367;368
Household;369;370;371;372
Household;373;374;375;376;377
Household;378
Household;379;380
Household;381;382
Household;383
Household;384;385
Household;386;387;388;389
Household;390;391
Household;392;393;394;395
Household;396;397
Household;398;399
Household;400
Household;401;402;403
Household;404
Household;405;406;407
Household;408;409;410;411;412;413
Household;414;415;416;417
Household;418;419
Household;420
Household;421;422;423;424
Household;425;426;427;428
Household;429;430;431;432;433
Household;434
Household;435;436;437;438
Household;439;440
Household;441;442;443
Household;444;445;446;447;448
Household;449;450
Household;451;452
Household;453;454
Household;455;456
Household;457;458;459;460
Household;461;462;463;464;465
Household;466
Household;467
Household;468;469;470;471;472
Household;473;474
Household;475;476
Household;477;478;479;480
Household;481;482
Household;483;484
Household;485;486;487;488
Household;489
Household;490;491;492;493
Household;494
Household;495;496;497
Household;498;499;500;501;502
Household;503
Household;504
Household;505;506
Household;507
Household;508;509;510
Household;511;512
Household;513
Household;514;515
Household;516;517
Household;518;519;520;521
Household;522;523
Household;524
Household;525;526
Household;527;528;529;530;531
Household;532;533;534
Household;535;536
Household;537;538;539;540
Household;541;542
Household;543;544
Household;545
Household;546
Household;547;548;549
Household;550;551;552;553;554;555
Household;556;557
Household;558;559;560;561;562;563
Household;564;565
Household;566
Household;567;568;569;570
Household;571;572;573;574
Household;575;576
Household;577;578;579;580;581
Household;582;583
Household;584;585;586;587;588
Household;589
Household;590;591
Household;592;593;594;595;596;597
Household;598;599;600;601;602
Household;603;604;605;606
Household;607
Household;608;609;610;611
Household;612;613
Household;614
Household;615
Household;616;617;618;619;620
Household;621;622;623;624;625;626
Household;627;628;629;630;631
Household;632;633;634;635;636;637
Household;638
Household;639
Household;640;641
Household;642;643
Household;644;645;646;647;648
Household;649;650;651;652
Household;653
Household;654;655
Household;656;657;658;659;660
Household;661;662
Household;663;664;665;666
Household;667
Household;668
Household;669;670;671;672
Household;673;674;675;676
Household;677
Household;678
Household;679;680
Household;681;682
Household;683;684;685;686;687
Household;688
Household;689;690;691;692
Household;693
Household;694
Household;695
Household;696;697
Household;698;699
Household;700;701;702;703
Household;704;705
Household;706;707;708
Household;709;710;711;712
Household;713;714;715;716;717
Household;718
Household;719;720;721;722
Household;723
Household;724;725
Household;726
Household;727;728
Household;729;730;731;732
Household;733;734;735;736
Household;737
Household;738;739
Household;740
Household;741;742;743;744;745
Household;746
Household;747;748
Household;749
Household;750;751
Household;752;753;754;755
Household;756;757;758;759;760
Household;761;762
Household;763;764
Household;765;766
Household;767;768;769;770
Household;771;772;773;774;775
Household;776;777;778;779;780
Household;781;782
Household;783;784
Household;785;786
Household;787;788
Household;789;790;791;792
Household;793;794
Household;795;796
Household;797
Household;798
Household;799;800
Household;801;802
Household;803;804
Household;805;806
Household;807;808
Household;809;810;811;812
Household;813;814;815;816
Household;817;818;819;820
Household;821;822
Household;823;824
Household;825;826;827;828;829
Household;830;831;832;833
Household;834
Household;835
Household;836;837;838;839
Household;840;841;842;843;844
Household;845;846
Household;847;848
Household;849;850
Household;851;852
Household;853
Household;854;855;856;857;858;859
Household;860;861
Household;862;863;864;865;866
Household;867;868;869;870
Household;871;872
Household;873;874
Household;875;876;877;878
Household;879;880;881;882
Household;883;884
Household;885
Household;886;887
Household;888;889
Household;890;891
Household;892;893
Household;894;895;896;897
Household;898;899
Household;900
Household;901;902
Household;903;904
Household;905;906
Household;907;908
Household;909;910
Household;911;912
Household;913;914
Household;915;916
Household;917;918
Household;919;920
Household;921;922
Household;923;924;925;926
Household;927
Household;928;929
Household;930;931
Household;932;933;934;935
Household;936;937;938
Household;939;940
Household;941;942
Household;943;944;945;946
Household;947;948;949;950;951
Household;952;953
Household;954;955;956
Household;957
Household;958;959
Household;960;961
Household;962;963;964;965;966
Household;967;968;969;970;971
Household;972;973;974;975
Household;976;977;978;979
Household;980;981;982;983;984
Household;985
Household;986;987
Household;988;989
Household;990;991;992;993
Household;994;995
Household;996;997;998;999;1000
Household;1001;1002
Household;1003
Household;1004;1005;1006;1007
Household;1008;1009
Household;1010;1011
Household;1012
Household;1013;1014;1015
Household;1016
Household;1017;1018
Household;1019;1020
Household;1021;1022
Household;1023;1024
Household;1025;1026;1027;1028
Household;1029;1030
Household;1031
Household;1032;1033
Household;1034;1035;1036;1037
Household;1038;1039;1040
Household;1041;1042;1043;1044
Household;1045
Household;1046;1047;1048
Household;1049
Household;1050
Household;1051;1052;1053;1054;1055
Household;1056;1057
Household;1058;1059
Household;1060;1061
Household;1062;1063
Household;1064
Household;1065;1066
Household;1067;1068;1069;1070;1071
Household;1072;1073
Household;1074;1075
Household;1076;1077;1078
Household;1079;1080
Household;1081;1082
Household;1083
Household;1084;1085;1086;1087
Household;1088;1089;1090;1091
Household;1092;1093;1094;1095
Household;1096;1097;1098;1099;1100
Household;1101;1102
Household;1103;1104;1105;1106
Household;1107
Household;1108;1109
Household;1110;1111;1112
Household;1113
Household;1114
Household;1115;1116
Household;1117;1118
Household;1119;1120
Household;1121;1122
Household;1123;1124;1125;1126
Household;1127;1128;1129;1130;1131
Household;1132
Household;1133;1134
Household;1135;1136
Household;1137;1138;1139;1140
Household;1141;1142;1143
Household;1144;1145
Household;1146;1147
Household;1148
Household;1149;1150;1151;1152;1153
Household;1154;1155;1156;1157
Household;1158
Household;1159
Household;1160;1161
Household;1162;1163
Household;1164
Household;1165;1166
Household;1167;1168
Household;1169;1170
Household;1171;1172
Household;1173;1174
Household;1175
Household;1176;1177
Household;1178
Household;1179;1180
Household;1181
Household;1182;1183
Household;1184;1185;1186;1187
Household;1188;1189
Household;1190;1191;1192;1193
Household;1194;1195;1196;1197
Household;1198;1199
Household;1200
Household;1201;1202;1203
Household;1204;1205
Household;1206;1207;1208;1209
Household;1210;1211;1212
Household;1213;1214;1215;1216
Household;1217;1218;1219;1220
Household;1221
Household;1222;1223;1224
Household;1225;1226
Household;1227
Household;1228;1229;1230;1231
Household;1232;1233;1234;1235
Household;1236;1237
Household;1238
Household;1239;1240;1241
Household;1242;1243
Household;1244;1245;1246
Household;1247;1248;1249;1250
Household;1251;1252
Household;1253;1254;1255;1256
Household;1257;1258;1259;1260
Household;1261;1262
Household;1263;1264;1265
Household;1266
Household;1267;1268;1269;1270
Household;1271
Household;1272;1273;1274;1275
Household;1276;1277
Household;1278;1279
Household;1280
Household;1281
Household;1282;1283
Household;1284;1285;1286;1287
Household;1288;1289;1290;1291
Household;1292;1293;1294;1295;1296
Household;1297;1298
Household;1299;1300
Household;1301;1302
Household;1303;1304;1305;1306
Household;1307;1308;1309
Household;1310
Household;1311;1312;1313;1314
Household;1315;1316;1317;1318;1319;1320
Household;1321
Household;1322;1323;1324;1325
Household;1326;1327
Household;1328;1329
Household;1330;1331;1332;1333
Household;1334;1335;1336
Household;1337;1338
Household;1339
Household;1340
Household;1341;1342;1343;1344
Household;1345;1346
Household;1347;1348
Household;1349
Household;1350;1351
Household;1352;1353
Household;1354;1355;1356
Household;1357;1358;1359;1360
Household;1361;1362;1363;1364;1365
Household;1366;1367
Household;1368
Household;1369;1370;1371
Household;1372;1373;1374;1375;1376
Household;1377;1378
Household;1379;1380;1381;1382;1383
Household;1384;1385
Household;1386;1387;1388;1389
Household;1390;1391;1392;1393
Household;1394
Household;1395;1396;1397;1398
Household;1399
Household;1400
Household;1401;1402
Household;1403
Household;1404
Household;1405;1406;1407;1408;1409
Household;1410;1411
Household;1412;1413
Household;1414;1415
Household;1416;1417;1418;1419
Household;1420;1421
Household;1422;1423
Household;1424;1425
Household;1426
Household;1427;1428
Household;1429
Household;1430;1431
Household;1432;1433
Household;1434;1435;1436;1437
Household;1438;1439
Household;1440
Household;1441;1442;1443;1444;1445
Household;1446;1447;1448
Household;1449;1450
Household;1451;1452;1453
Household;1454
Household;1455;1456;1457;1458
Household;1459;1460;1461;1462
Household;1463;1464
Household;1465
Household;1466;1467
Household;1468;1469
Household;1470
Household;1471;1472
Household;1473;1474;1475;1476
Household;1477;1478
Household;1479
Household;1480
Household;1481;1482;1483
Household;1484;1485
Household;1486;1487
Household;1488;1489
Household;1490;1491;1492;1493
Household;1494;1495;1496;1497
Household;1498;1499;1500;1501
Household;1502
Household;1503;1504;1505;1506
Household;1507;1508;1509;1510
Household;1511;1512;1513;1514
Household;1515;1516;1517;1518
Household;1519
Household;1520;1521;1522;1523;1524;1525
Household;1526
Household;1527;1528
Household;1529
Household;1530
Household;1531;1532
Household;1533;1534;1535;1536;1537
Household;1538;1539;1540;1541
Household;1542;1543
Household;1544;1545
Household;1546;1547
Household;1548;1549;1550;1551
Household;1552;1553
Household;1554
Household;1555
Household;1556;1557
Household;1558
Household;1559;1560;1561
Household;1562;1563;1564;1565
Household;1566;1567;1568;1569
Household;1570;1571;1572;1573;1574
Household;1575;1576
Household;1577;1578;1579;1580
Household;1581;1582
Household;1583;1584
Household;1585;1586;1587;1588;1589
Household;1590;1591
Household;1592;1593
Household;1594;1595;1596;1597;1598
Household;1599;1600;1601;1602
Household;1603;1604
Household;1605;1606;1607;1608;1609;1610
Household;1611
Household;1612;1613;1614;1615
Household;1616
Household;1617;1618
Household;1619;1620;1621;1622
Household;1623;1624
Household;1625
Household;1626;1627
Household;1628;1629;1630;1631
Household;1632;1633
Household;1634;1635
Household;1636;1637;1638
Household;1639;1640
Household;1641;1642;1643;1644
Household;1645;1646;1647;1648
Household;1649
Household;1650;1651;1652;1653
Household;1654;1655;1656
Household;1657;1658
Household;1659;1660
Household;1661;1662
Household;1663;1664
Household;1665
Household;1666;1667;1668;1669;1670
Household;1671;1672;1673
Household;1674;1675;1676
Household;1677
Household;1678;1679;1680;1681
Household;1682
Household;1683;1684
Household;1685;1686;1687;1688
Household;1689;1690
Household;1691
Household;1692
Household;1693;1694
Household;1695;1696
Household;1697;1698
Household;1699
Household;1700;1701
Household;1702;1703;1704;1705
Household;1706
Household;1707;1708;1709;1710;1711
Household;1712;1713;1714;1715;1716
Household;1717;1718
Household;1719;1720;1721;1722
Household;1723;1724
Household;1725;1726
Household;1727;1728;1729;1730
Household;1731
Household;1732
Household;1733;1734
Household;1735;1736
Household;1737;1738
Household;1739;1740
Household;1741;1742;1743;1744
Household;1745;1746;1747;1748
Household;1749;1750
Household;1751;1752
Household;1753
Household;1754;1755
Household;1756;1757;1758
Household;1759;1760;1761
Household;1762
Household;1763
Household;1764;1765
Household;1766;1767;1768
Household;1769;1770
Household;1771;1772
Household;1773;1774;1775;1776
Household;1777
Household;1778;1779;1780
Household;1781;1782
Household;1783;1784
Household;1785;1786;1787;1788;1789;1790
Household;1791;1792
Household;1793;1794
Household;1795;1796
Household;1797;1798
Household;1799;1800
Household;1801;1802;1803;1804;1805
Household;1806;1807;1808;1809;1810
Household;1811
Household;1812;1813
Household;1814;1815;1816;1817;1818
Household;1819;1820
Household;1821;1822
Household;1823;1824;1825;1826
Household;1827;1828
Household;1829;1830
Household;1831;1832
Household;1833;1834
Household;1835
Household;1836
Household;1837;1838
Household;1839;1840
Household;1841;1842;1843
Household;1844;1845
Household;1846;1847;1848;1849
Household;1850;1851;1852
Household;1853;1854
Household;1855
Household;1856;1857
Household;1858;1859
Household;1860;1861;1862;1863
Household;1864
Household;1865;1866
Household;1867;1868;1869;1870;1871;1872
Household;1873
Household;1874
Household;1875;1876;1877
Household;1878
Household;1879;1880
Household;1881;1882
Household;1883;1884
Household;1885
Household;1886;1887;1888
Household;1889;1890;1891
Household;1892
Household;1893;1894
Household;1895;1896
Household;1897
Household;1898;1899;1900;1901
Household;1902
Household;1903;1904
Household;1905
Household;1906;1907
Household;1908;1909;1910;1911;1912;1913
Household;1914;1915;1916;1917
Household;1918;1919
Household;1920;1921
Household;1922;1923;1924
Household;1925
Household;1926;1927
Household;1928;1929
Household;1930
Household;1931;1932
Household;1933;1934
Household;1935;1936;1937
Household;1938
Household;1939
Household;1940
Household;1941;1942;1943;1944
Household;1945
Household;1946;1947
Household;1948;1949
Household;1950
Household;1951
Household;1952;1953;1954
Household;1955;1956;1957
Household;1958;1959
Household;1960;1961;1962;1963
Household;1964;1965;1966;1967
Household;1968;1969;1970;1971;1972
Household;1973;1974
Household;1975;1976
Household;1977;1978
Household;1979
Household;1980;1981
Household;1982;1983;1984;1985
Household;1986;1987
Household;1988;1989;1990
Household;1991
Household;1992;1993
Household;1994
Household;1995
Household;1996;1997;1998;1999;2000;2001
Household;2002;2003;2004;2005;2006
Household;2007;2008
Household;2009;2010
Household;2011;2012
Household;2013
Household;2014;2015
Household;2016;2017
Household;2018
Household;2019;2020;2021;2022
Household;2023
Household;2024
Household;2025
Household;2026
Household;2027;2028;2029;2030
Household;2031;2032
Household;2033
Household;2034;2035
Household;2036;2037
Household;2038;2039;2040
Household;2041;2042
Household;2043;2044;2045;2046
Household;2047;2048;2049;2050
Household;2051;2052;2053;2054
Household;2055;2056
Household;2057;2058;2059
Household;2060;2061
Household;2062
Household;2063
Household;2064;2065;2066;2067;2068
Household;2069;2070
Household;2071;2072
Household;2073
Household;2074
Household;2075;2076;2077;2078;2079;2080;2081;2082
Household;2083;2084;2085;2086;2087
Household;2088;2089
Household;2090
Household;2091;2092;2093
Household;2094;2095
Household;2096
Household;2097;2098;2099;2100
Household;2101;2102
Household;2103;2104;2105;2106
Household;2107
Household;2108
Household;2109;2110
Household;2111;2112
Household;2113;2114
Household;2115
Household;2116;2117;2118;2119
Household;2120;2121;2122;2123
Household;2124;2125;2126;2127
Household;2128;2129
Household;2130;2131
Household;2132;2133
Household;2134
Household;2135;2136
Household;2137;2138;2139
Household;2140;2141
Household;2142;2143
Household;2144;2145;2146
Household;2147
Household;2148;2149
Household;2150;2151
Household;2152;2153;2154;2155
Household;2156;2157;2158;2159
Household;2160;2161;2162;2163;2164;2165;2166;2167
Household;2168;2169
Household;2170;2171
Household;2172;2173
Household;2174;2175;2176;2177;2178
Household;2179
Household;2180;2181
Household;2182;2183
Household;2184;2185
Household;2186;2187
Household;2188;2189;2190
Household;2191;2192;2193
Household;2194;2195
Household;2196;2197
Household;2198
Household;2199;2200
Household;2201;2202
Household;2203;2204
Household;2205
Household;2206;2207;2208;2209
Household;2210
Household;2211;2212
Household;2213;2214
Household;2215
Household;2216;2217
Household;2218;2219
Household;2220;2221
Household;2222;2223
Household;2224;2225;2226;2227
Household;2228
Household;2229;2230;2231;2232
Household;2233;2234
Household;2235
Household;2236;2237
Household;2238;2239;2240;2241;2242
Household;2243;2244;2245
Household;2246;2247
Household;2248
Household;2249;2250;2251
Household;2252;2253
Household;2254;2255
Household;2256;2257;2258
Household;2259;2260
Household;2261;2262
Household;2263;2264
Household;2265
Household;2266;2267
Household;2268;2269
Household;2270
Household;2271;2272
Household;2273;2274;2275;2276
Household;2277
Household;2278;2279;2280;2281;2282
Household;2283;2284
Household;2285;2286
Household;2287;2288
Household;2289
Household;2290;2291;2292;2293
Household;2294;2295
Household;2296;2297;2298;2299;2300
Household;2301;2302
Household;2303;2304
Household;2305;2306;2307;2308
Household;2309;2310
Household;2311;2312;2313;2314
Household;2315;2316
Household;2317;2318;2319;2320
Household;2321;2322;2323;2324
Household;2325;2326
Household;2327
Household;2328;2329;2330;2331
Household;2332;2333;2334;2335
Household;2336;2337
Household;2338
Household;2339;2340
Household;2341;2342;2343;2344
Household;2345
Household;2346;2347
Household;2348
Household;2349;2350
Household;2351
Household;2352;2353;2354;2355;2356
Household;2357;2358
Household;2359;2360
Household;2361;2362
Household;2363;2364;2365;2366;2367
Household;2368;2369
Household;2370
Household;2371;2372;2373;2374;2375
Household;2376;2377
Household;2378;2379;2380;2381
Household;2382;2383;2384;2385;2386
Household;2387;2388
Household;2389;2390
Household;2391;2392;2393;2394;2395
Household;2396;2397
Household;2398
Household;2399;2400
Household;2401;2402
Household;2403;2404
Household;2405;2406;2407;2408
Household;2409;2410
Household;2411;2412
Household;2413
Household;2414;2415
Household;2416;2417
Household;2418;2419;2420;2421
Household;2422;2423
Household;2424
Household;2425;2426
Household;2427;2428;2429;2430
Household;2431;2432
Household;2433;2434
Household;2435
Household;2436;2437
Household;2438;2439
Household;2440;2441;2442;2443
Household;2444;2445;2446
Household;2447;2448
Household;2449;2450;2451;2452
Household;2453;2454;2455;2456
Household;2457;2458;2459;2460;2461
Household;2462
Household;2463
Household;2464;2465
Household;2466;2467
Household;2468;2469;2470;2471;2472
Household;2473
Household;2474
Household;2475;2476
Household;2477;2478
Household;2479
Household;2480;2481;2482;2483
Household;2484;2485
Household;2486;2487
Household;2488
Household;2489;2490;2491
Household;2492;2493;2494;2495;2496
Household;2497
Household;2498;2499;2500;2501
Household;2502
Household;2503;2504
Household;2505;2506;2507;2508;2509
Household;2510;2511;2512
Household;2513;2514
Household;2515;2516
Household;2517
Household;2518
Household;2519
Household;2520
Household;2521;2522
Household;2523
Household;2524
Household;2525;2526;2527;2528
Household;2529;2530;2531;2532
Household;2533;2534
Household;2535
Household;2536;2537
Household;2538;2539
Household;2540;2541;2542;2543
Household;2544
Household;2545;2546;2547;2548
Household;2549
Household;2550;2551;2552;2553
Household;2554;2555
Household;2556;2557
Household;2558;2559;2560;2561
Household;2562
Household;2563;2564;2565;2566
Household;2567;2568;2569
Household;2570;2571
Household;2572;2573
Household;2574;2575
PrimarySchool;4;7;13;14;32;46;47;52;56;62;71;87;94;95;98;99;110;113;157;161;162;172;178;179;188;200;202;220;233;260;270;278;281;286;289;294;315;316;323;327;359;376;377;388;389;413;428;447;460;464;471;472;474;479;488;493;500;501;502;510;554;573;574;579;580;581;587;597;605;606;619;646;647;648;651;652;659;660;666;676;686;691;702;711;715;716;732;754;759;760;766;769;773;774;775;778;792;811;832;833;842;843;844;858;864;866;869;878;882;884;896;897;925;926;934;938;949;964;970;982;984;999;1000;1006;1007;1044;1048;1055;1069;1070;1071;1078;1090;1105;1153;1186;1187;1192;1193;1209;1215;1216;1219;1220;1231;1241;1249;1250;1256;1264;1269;1275;1286;1295;1305;1306;1309;1317;1318;1325;1332;1333;1335;1336;1343;1344;1374;1375;1381;1382;1407;1418;1419;1436;1443;1444;1445;1447;1448;1453;1457;1458;1476;1483;1496;1501;1506;1510;1513;1522;1524;1536;1540;1551;1557;1561;1565;1572;1579;1580;1602;1643;1648;1652;1656;1669;1681;1688;1709;1710;1711;1715;1729;1768;1775;1776;1779;1780;1789;1790;1816;1817;1849;1863;1888;1891;1911;1912;1916;1917;1921;1937;1953;1970;1972;1984;1990;1999;2006;2021;2022;2046;2053;2054;2067;2077;2085;2086;2092;2099;2100;2106;2118;2145;2155;2158;2159;2162;2165;2176;2227;2231;2251;2255;2275;2276;2280;2282;2299;2300;2307;2313;2323;2330;2355;2375;2420;2443;2446;2455;2456;2459;2460;2491;2512;2527;2565;2569;158;2072
PrimarySchool;1603;1606
SecondarySchool;3;18;53;70;102;114;146;147;173;187;229;271;285;333;371;372;395;410;411;412;427;492;534;569;570;594;620;629;631;634;635;636;658;672;675;712;721;731;745;758;770;780;791;812;828;829;859;870;881;935;951;969;971;975;978;983;1028;1054;1086;1091;1106;1126;1152;1212;1265;1290;1294;1296;1313;1314;1320;1364;1371;1376;1383;1389;1393;1428;1437;1460;1462;1497;1523;1525;1573;1574;1587;1589;1596;1598;1615;1630;1631;1653;1673;1704;1705;1716;1722;1743;1761;1788;1808;1809;1818;1900;1913;1924;1957;1985;2001;2005;2029;2049;2050;2059;2066;2079;2119;2122;2126;2178;2185;2193;2232;2242;2293;2314;2320;2331;2334;2373;2374;2451;2452;2471;2472;2495;2532;2537;2542;2571;2081
Workplace;484
Workplace;57;eigersund23;2198
Workplace;604;1097;2450;1965
Workplace;353;117
Workplace;gjesdal1;127
Workplace;hå33;588;772;701;1432;1052;1742;2314;1646;1452;332;409;klepp3;614;randaberg1;1468;1441;eigersund140;eigersund134;867;1272;1018;2141;kvinesdal0;1798;eigersund128;2121;1411;1084;2306;1549;2458;hå15;2424;73;1232;1938;242;874;time11;eigersund34;1832;2469;hå30;91;sandnes17
Workplace;1639;2144;136;535
Workplace;eigersund82;512;eigersund90
Workplace;386;757;eigersund35;eigersund72
Workplace;eigersund16
Workplace;eigersund13;eigersund70;1349;1405;åseral0;937;sandnes20;1649;1172;gjesdal12;1635;1764;kristiansand0;1289;516;671;901;hå25;1183;6;893;eigersund69;677;1019;2239;gjesdal3;2088;232;2338;2436;2378;1978;time17;sokndal5;407;eigersund48;1801;2181;1390;114;1138;2385;hå12;1050;time19;489;1456;eigersund80;2515;469;302;649;1434;82;eigersund60;1108;eigersund10;2212;eigersund114;1892;876;211;bergen2;1254;804;eigersund84;753;1986;eigersund145;149;1567;120;hå16;528;707;593;1952;155;hå27;eigersund6;1650;1973;klepp5;2061;fjell0;1310;2225;2186;2108;lund5;eigersund124;241;1430;eigersund96;1566;flekkefjord2;439;1736;1240;1675;1607;345;1734;198;eigersund123;eigersund32;hå17;600;1762;174;eigersund14;hå4;722;643;1701;randaberg0;2434;eigersund71;eigersund9;hå23;1647;sandnes9;8;1927;806;lund7;klepp1;gjesdal0;826;2312;226;1976;1526;eigersund3;eigersund63;1165;tysvær0;eigersund132;991;860;55;577;398;eigersund78;1223;sokndal8;1280;1116;1167;1915;klepp7;237;2529;1717;199;eigersund138;time8;723;klepp9;1512;hå24;1528;1939;629;eigersund76;2570;2263;2545;2058;777;168;96;eigersund102;1961;277;1529;694;2339;714;1624;1545;1146;318;1977;hå34;2104;383;hå14;480;1435;eigersund7;2113;208;eigersund0;2296;eigersund44;gjesdal15;2467;2441
Workplace;skaun0;eigersund5;1942
Workplace;658;238;eigersund66;sandnes2;1679;1666;sandnes22
Workplace;2253
Workplace;306;299;638;5;1707;time7;194;eigersund119;1733;eigersund37;eigersund68;klepp8;1416;eigersund103;2044;734;1327;16;231;490;flekkefjord1;eigersund30
Workplace;2028;1504;eigersund130;eigersund115;1693;askøy0;1922;1655;2301;997;1188;1689;1806;434;sandnes12;eigersund104;1544;2153;159;eigersund59;1340;2187;994;1077;228;eigersund142;klepp2;276;223;1403;768;561;eigersund21;hå6;hå19
Workplace;625
Workplace;2497
Workplace;1248;1068;1792;1931;eigersund54;1023
Workplace;sokndal3;9;2243;bergen1;1885;sandnes16
Workplace;1222;886;gjesdal9
Workplace;1479
Workplace;1478;eigersund116;stavanger4;2417;668
Workplace;693
Workplace;time18;2457;523;sokndal7;sandnes6;1740;2376;713;1531;2389;669;1660;1061;eigersund135;1123;265;2439;2071;1177;lund4;2297;gjesdal2;eigersund53;eigersund17
Workplace;2065;182
Workplace;eigersund122;2083;eigersund131;1936;eigersund111;eigersund108;sandnes10
Workplace;1417
Workplace;eigersund25;lund6;2526
Workplace;550;1865;1661;time15;405
Workplace;time9;944;1876;77;1198;1718;klepp10;gjesdal8;eigersund2;eigersund97;11;1983;400;eigersund64;175;1623;455;stavanger3;eigersund28;trondheim1;eigersund19;sandnes21;eigersund39;1633;sandnes15;hå7;2454;time12;2131;2523;2522;2274;time10
Workplace;sandnes7;1437
Workplace;hå29;2511;1982;lund0;1827;620;1311;1400;time14;456;657;færder0;1113;1867;1654
Workplace;eigersund45;eigersund106;582;545;sandnes4;1107;eigersund49;1485;eigersund46;2229;eigersund4;gjesdal19;eigersund24;time20;1454;2098
Workplace;1106;gjesdal16;2410;266;2377;eigersund29
Workplace;2221;lund1;vindafjord0;1657;1282;1765;eigersund112;2485;947;1266;1772;eigersund101;134
Workplace;814;726;12
Workplace;2514;1293;478;894
Workplace;2567
Workplace;eigersund110;2277;688;2494;1225;1300;2018;1777;928;415;eigersund67;1803;time21;519;1218;2328;2353;995;hå0;2473
Workplace;2194;sandnes13;1155;741
Workplace;sandnes14
Workplace;2027
Workplace;1908;1026;505
Workplace;645;sokndal10;1864;1391;eigersund41;1941;eigersund62;eigersund98;hå22;1066;eigersund47;453;eigersund125;138
Workplace;2
Workplace;2517;1744;499;hå32;616;klepp4;eigersund89;eigersund127;1239;69;1316;eigersund117;1342
Workplace;2559;eigersund1
Workplace;2391;eigersund107;2337;klepp6
Workplace;2493;2535;355;2540
Workplace;996;496;653
Workplace;498;543;eigersund42;97;1051;stavanger1;305;1032;ringerike0;sokndal9;eigersund93;eigersund55;time1;1960
Workplace;667;2533;2191;79;sandnes3;1263;767;sokndal1;stavanger5;1369;eigersund22;392
Workplace;2033;706
Workplace;132;1182;sokndal0;2128;193;2293;109;hå10;eigersund83;1117;eigersund109;eigersund137;eigersund36;2004;475
Workplace;eigersund126
Workplace;eigersund143;2256
Workplace;656;eigersund139;115;425;36;1149;bergen3;hå28;eigersund86;eigersund144
Workplace;2402;eigersund100;2002
Workplace;1667;2477;eigersund94;eigersund65
Workplace;time0;2519;1697;747;1489;hå3;eigersund27;1532;hå18
Workplace;hå20;1893;eigersund146
Workplace;eigersund33;stavanger0;1854;1879
Workplace;2110;eigersund118;lund2;440;hå5;2308
Workplace;1753;397;klepp11;972;1658;720;1406;time4;oslo0;2218;2230;eigersund26;eigersund75;1202;1144;17;1713;sandnes23;898
Workplace;1794;522;time5
Workplace;sokndal2;853;374;sandnes5;304;793;821
Workplace;1104;1605;gjesdal18
Workplace;879
Workplace;1005;851
Workplace;444;1180;eigersund56;116
Workplace;2237;1968;1304;2173;1840;2224;eigersund12;1807;2023;1384;flekkefjord0;655
Workplace;153;hå1;2262;1553
Workplace;985;1096;1088;2401;eigersund88;673;719;1189
Workplace;eigersund52;gjesdal11;eigersund51;1217;time6;342;lund9;2140;212;kvinesdal1;1813;1641;1691;2329;429;1703;2074;22;940
Workplace;1420;848;709;75;time22;1115;1533;891;2184
Workplace;aurskog-høland0;1834;hå2;2183;2370;2372;eigersund133;1599;2387;710;151;time16;lund3;1785;hå8;1142;eigersund18;time24;1763;eigersund50;585;lund10;eigersund58;time13;885;929;537;eigersund77;1001;1326;1141;637;564;967;sandnes19;1636;2055;eigersund141;1594;1645;time23;2295;strand0;gran0;532;2138;899;739;250;943;eigersund85;467;1542;1297;eidsberg0;167;gjesdal4;klepp0;1126;eigersund40;836;1750;145;hå26;1683;108;354;hå21;1519;gjesdal22;2069;750;1564;219;sokndal6;nedre0;288;sandnes8;eigersund57;1467;830;857;1712;2228;hå11;2464;sandnes11;sandnes18;408;1578;1425;eigersund20;234;461;time2;1199;181
Workplace;321;255;797;2170;eigersund121;482;24;gjesdal21;eigersund120
Workplace;1563;592;eigersund15;344
Workplace;825;454;2383;sandnes1;eigersund61;1954;393;2123;gjesdal17;60;time3;1228;2220
Workplace;eigersund91;421;hå31;2107;275;420;1625;gjesdal10;2363;gjesdal14;gjesdal13;1969;eigersund74;bærum0;1499;eigersund73;140;eigersund11;1362;2213;1299;lillehammer0;1664;41;gjesdal23;1918;1008;733;1322
Workplace;stavanger2;1009;93
Workplace;1402;eigersund8;1341;1161;2332;1323;eigersund38
Workplace;703;eigersund79
Workplace;1482;776;1858;eigersund31;eigersund129;2488;2371;1875;599;335;sokndal4;1725;nome0;1634
Workplace;295;gjesdal20;eigersund87;2524
Workplace;1586;ibestad0;gjesdal6;sandnes0;2217
Commuters_rygge;2427
Commuters_oppegård;1745
Commuters_bærum;626;729;1251
Commuters_asker;1212
Commuters_nittedal;2174
Commuters_oslo;2188;2345;256;1746;524;661;551;78;247;1787;2291;104;704;1103
Commuters_hamar;1956;590
Commuters_elverum;2192
Commuters_jevnaker;1370;1786
Commuters_lier;19
Commuters_porsgrunn;1389
Commuters_kristiansand;2199;2091;495
Commuters_flekkefjord;1958
Commuters_songdalen;156;252
Commuters_lyngdal;933
Commuters_sirdal;986;365;2502;68;2444
Commuters_eigersund;586;1708;1870;2020;477;1632;2062;1724;1373;2281;525;2288;1754;2474;1367;1094;2193;2279;1089;1934;803;2200;968;751;2116;312;628;481;25;130;1756;805;664;1909;880;290;2539;565;253;1114;209;790;1433;2063;2379;654;1438;2250;567;2504;1378;70;2249;308;2481;608;2342;1226;50;2011;2549;2406;1472;2290;1739;2316;2518;1773;311;1642;126;1285;1558;684;568;2419;2498;1696;1083;1809;351;210;2068;1878;802;1950;1997;1154;771;385;1919;981;263;578;2550;1778;224;670;317;1190;494;1700;1442;1527;1035;225;38;1842;410;1022;1312;88;1898;1992;2143;2136;1802;2357;1271;2117;689;1067;1996;1575;527;1600;274;2009;1987;76;1771;875;507;1065;1128;2558;948;1759;2478;1481;1451;2075;918;2415;1562;1075;2037;2541;761;1774;1595;180;84;2056;2248;2204;112;169;1014;1253;1076;1814;1507;1534;2048;2302;268;204;2238;419;1159;1554;1372;1620;2340;2418;1243;1307;107;144;303;936;49;35;1543;2303;1267;2266;1821;334;740;2322;2568;1331;1907;536;959;372;1185;1329;1516;1758;379;1273;916;2026;718;725;2496;2506
Commuters_sandnes;1926;2195;1995;1110;682;1046;262;1056;163;2575;1303;2013;1955;1321;547;2463;2057;1160;1376;418;445;817;571;834;786;1498;889;856;85;1964;746;370;292;1368;146;563;1492;2149;506;2003;216;369;989;2448;291;214;1459;752;1935;325;612;349;2564;868;259;1593;1597;990;2261;217;2019;2038;2409;1495;2132;1851;634;27;1426;1581;1393;1486;622;2152;1301;264;65;1824;2076;2169;83;1757;1525;2135;1339;840;1800;284;394;784;63;946;1214;862;831;2319;1988;2416;508;1518;2360;2156;559;283;633;1698;2007;1351;665;154;2333;1570;1920;584
Commuters_stavanger;2462;272;533;1352;401;1886;185;1677;186;2244;1120;248;1850;1237;615;441;572;627;632;731;1515;1030;2189;1861;902;1585;203;1799;2150;1204;2270;639;872;45;1699;1;1484;2447;1181;2437;950;2562;609;313;1195;1157;346;2272;2351;2400;1846;1811;442;1060;412;131;1583;2271;1828;2246;106;699;1592;923;920;1064;491;170;1412;81;1672;589;955;1004;763;39;111;121;2422;2168;914;2286;810;1823;361;618;1450;2573;362;1690;437
Commuters_haugesund;1932;2254;1904
Commuters_sokndal;2475;2178
Commuters_lund;518;2084;2284
Commuters_hå;485;367;1330;695;2428;1150;122;2350;1555;954;1770;2510;218;402;576;426;80;438;2468;373;1191;2432;2202;1613;850;1258;538;1464;1671;1221;1334;1148;2476;1002;135;184;1914;2412;623;269;2236;1045;1029;1176;1692;2480;347;2388;1727;1979;883;1081;165;1923;727;1490;2043;2404;738;2142
Commuters_klepp;340;58;436;2014;343;1833;118;133;1887;1616;123;1989;2287;1948;1494;1781;958;2024;1206;1841;195;350;621;1394;2160;2047;29;348;2490;31;2095;1741;1463;2147;1421;2278;515;2445;2137;1897
Commuters_time;1766;20;399;1684;1559;2012;566;1687;687;541;2247;1179;1034;1413;1395;1473;1760;40;103;973;1857;941
Commuters_gjesdal;125;1465;1784;730;2294;1357;21;1385;663;1609;1815;1755;1353;1994;258;674;1163;1455;338;375;171;450;841;1702;613;1678;2563;690;1124;1619;700;1782;1082;906;1812;330;61;1612;1424;2318;1396;2349;644;1440;160;1399;919;1348;2425;1651;1584;1092;1268;1058;387;1685;748;1087;2392;917;1945;1184;1281;1278;431;1093;1173;680;1732;1521;987;1963;360;15;2499;1836;1038;1072;799
Commuters_sola;1203;473;1659;430;1503;1706;2260;2283;2397;556;124;422;562;2503;1247;1895;1380;245;1111;459;1720;2346;1497;1020;2180;957;1085;1337;2289;2513;905;1905;812;650;326;980;1013;128
Commuters_randaberg;2362;1427;1855;236
Commuters_forsand;1889;924
Commuters_strand;1387
Commuters_rennesøy;1047;331
Commuters_kvitsøy;1016
Commuters_bergen;1674;801;1213;962;1629;2423;2311;1404
Commuters_fitjar;2120
Commuters_kvinnherad;1866
Commuters_kvam;23
Commuters_fjell;67;2507;863;2035;977
Commuters_lindås;976
Commuters_trondheim;298
Commuters_bodø;2489
Commuters_grane;558;1874
Commuters_nesna;2341
Commuters_andøy;1560
Commuters_tromsø;988
Commuters_harstad;2479
Commuters_longyearbyen,;1308
Commuters_shelf;911;2538;1227;1041
NursingHome;2576;2577;2578;2579;2580;2581;2582;2583;2584;2585;2586;2587;2588;2589;2590;2591;2592;2593;2594;2595;2596;2597;363;953;trondheim0;483;1546;gjesdal5;2211;2352;1324;bergen0;310;177;939;sokndal11;2103;eigersund81
Kindergarten;64;215;230;273;328;329;403;443;509;520;529;531;548;549;610;611;865;1356;1359;1365;1408;1493;1535;1588;1621;1622;1668;1670;1714;1825;1826;2105;2177;2226;2292;2310;2393;2394;2395;2430;2552;2553;eigersund99;2484;eigersund92;678;2399;1136;2449;eigersund105
Kindergarten;33;141;206;207;356;416;417;446;497;552;553;555;743;744;819;820;992;1040;1043;1095;1139;1140;1197;1259;1260;1461;1568;1569;1721;1748;1804;1805;1862;1998;2000;2040;2139;2163;2164;2166;2167;2245;2257;2258;2335;2364;2366;2421;2528;hå13;1933;eigersund136;307;hå9;1628;2039;105;1288
Kindergarten;42;43;100;196;221;222;280;282;300;320;336;337;423;465;539;601;692;735;736;815;827;838;839;877;956;966;1036;1037;1099;1112;1151;1246;1287;1388;1397;1398;1541;1601;1614;1852;1890;1943;1967;2045;2078;2080;2082;2240;2241;2298;2324;2344;2356;2380;2381;2407;2408;2482;2483;2501;2508;2509;2531;2547;2548;lund8;895;eigersund43;557;gjesdal7;1298;1358;854;eigersund95;1686;2413;eigersund113
