1;47
2;49
3;21
4;21
5;59
6;95
7;27
8;68
9;64
10;58
11;92
12;51
13;34
14;35
15;9
16;17
17;74
18;46
19;71
20;25
21;22
22;34
23;8
24;5
25;10
26;58
27;48
28;78
29;64
30;36
31;16
32;49
33;65
34;24
35;39
36;31
37;53
38;36
39;9
40;25
41;56
42;68
43;21
44;23
45;78
46;50
47;73
48;76
49;44
50;66
51;68
52;47
53;52
54;77
55;46
56;36
57;13
58;6
59;24
60;38
61;57
62;49
63;30
64;20
65;38
66;12
67;3
68;75
69;61
70;27
71;51
72;54
73;75
74;58
75;43
76;31
77;67
78;44
79;40
80;1
81;13
82;2
83;47
84;57
85;90
86;71
87;53
88;67
89;32
90;69
91;31
92;47
93;36
94;4
95;33
96;61
97;57
98;33
99;41
100;7
101;72
102;69
103;60
104;72
105;38
106;43
107;12
108;17
109;39
110;33
111;16
112;13
113;30
114;71
115;58
116;49
117;68
118;67
119;56
120;31
121;49
122;34
123;32
124;15
125;18
126;18
127;6
128;51
129;68
130;88
131;67
132;33
133;30
134;3
135;4
136;55
137;38
138;31
139;63
140;40
141;7
142;14
143;53
144;18
145;12
146;61
147;12
148;21
149;56
150;52
151;56
152;25
153;39
154;38
155;5
156;26
157;35
158;10
159;4
160;17
161;60
162;77
163;77
164;52
165;23
166;61
167;65
168;22
169;48
170;38
171;41
172;5
173;1
174;8
175;21
176;29
177;4
178;17
179;43
180;53
181;47
182;12
183;9
184;28
185;69
186;81
187;62
188;40
189;7
190;69
191;65
192;63
193;33
194;36
195;14
196;21
197;77
198;50
199;30
200;35
201;35
202;6
203;12
204;18
205;21
206;48
207;53
208;74
209;41
210;19
211;23
212;28
213;72
214;49
215;30
216;34
217;3
218;5
219;26
220;81
221;52
222;79
223;55
224;58
225;73
226;67
227;59
228;80
229;61
230;48
231;33
232;70
233;56
234;55
235;25
236;42
237;5
238;1
239;3
240;17
241;95
242;57
243;87
244;66
245;44
246;57
247;43
248;37
249;12
250;15
251;14
252;71
253;74
254;34
255;62
256;14
257;14
258;63
259;49
260;30
261;14
262;7
263;11
264;34
265;59
266;34
267;5
268;12
269;4
270;52
271;23
272;70
273;76
274;83
275;29
276;27
277;36
278;3
279;14
280;59
281;39
282;14
283;9
284;18
285;47
286;40
287;29
288;15
289;17
290;21
291;56
292;52
293;56
294;44
295;47
296;70
297;71
298;30
299;38
300;4
301;6
302;7
303;37
304;29
305;3
306;20
307;64
308;34
309;41
310;64
311;52
312;47
313;42
314;10
315;13
316;5
317;56
318;73
319;60
320;27
321;17
322;14
323;52
324;70
325;65
326;31
327;67
328;22
329;32
330;42
331;11
332;65
333;38
334;55
335;63
336;29
337;61
338;16
339;15
340;14
341;81
342;77
343;66
344;70
345;68
346;77
347;24
348;82
349;67
350;58
351;22
352;46
353;72
354;44
355;55
356;16
357;74
358;65
359;58
360;46
361;43
362;49
363;23
364;46
365;47
366;21
367;61
368;49
369;38
370;18
371;11
372;63
373;66
374;67
375;52
376;52
377;98
378;60
379;62
380;48
381;66
382;54
383;65
384;60
385;59
386;75
387;20
388;42
389;28
390;32
391;14
392;16
393;50
394;23
395;47
396;47
397;32
398;5
399;4
400;77
401;81
402;36
403;51
404;67
405;46
406;43
407;15
408;1
409;69
410;36
411;75
412;59
413;56
414;35
415;31
416;11
417;9
418;34
419;78
420;62
421;87
422;76
423;25
424;67
425;32
426;58
427;7
428;16
429;46
430;53
431;31
432;36
433;13
434;7
435;6
436;39
437;40
438;13
439;18
440;43
441;62
442;54
443;51
444;56
445;15
446;74
447;76
448;58
449;71
450;57
451;56
452;33
453;26
454;51
455;68
456;20
457;33
458;2
459;75
460;52
461;38
462;38
463;43
464;8
465;14
466;7
467;22
468;41
469;0
470;4
471;1
472;59
473;59
474;37
475;46
476;47
477;30
478;64
479;76
480;69
481;63
482;79
483;28
484;23
485;62
486;61
487;23
488;55
489;66
490;37
491;71
492;80
493;64
494;49
495;18
496;7
497;7
498;52
499;20
500;54
501;55
502;36
503;62
504;13
505;51
506;10
507;12
508;42
509;85
510;76
511;74
512;51
513;58
514;80
515;63
516;60
517;70
518;66
519;25
520;45
521;11
522;18
523;51
524;23
525;68
526;66
527;63
528;32
529;12
530;11
531;38
532;15
533;69
534;69
535;60
536;9
537;57
538;33
539;80
540;54
541;63
542;48
543;34
544;58
545;53
546;58
547;34
548;53
549;61
550;59
551;21
552;1
553;58
554;41
555;9
556;11
557;80
558;27
559;74
560;59
561;61
562;38
563;8
564;18
565;80
566;80
567;21
568;62
569;39
570;52
571;81
572;78
573;28
574;49
575;74
576;84
577;55
578;63
579;17
580;7
581;37
582;42
583;2
584;3
585;51
586;88
587;69
588;51
589;21
590;36
591;4
592;0
593;74
594;63
595;21
596;56
597;30
598;31
599;41
600;40
601;22
602;49
603;22
604;47
605;84
606;22
607;64
608;19
609;41
610;87
611;54
612;25
613;59
614;60
615;19
616;75
617;52
618;59
619;50
620;35
621;13
622;15
623;7
624;32
625;47
626;56
627;60
628;73
629;35
630;41
631;0
632;4
633;31
634;65
635;54
636;82
637;19
638;5
639;41
640;22
641;27
642;45
643;36
644;14
645;6
646;38
647;34
648;2
649;8
650;4
651;48
652;29
653;6
654;32
655;0
656;3
657;2
658;37
659;39
660;44
661;53
662;86
663;72
664;87
665;70
666;40
667;36
668;9
669;17
670;63
671;12
672;44
673;20
674;55
675;68
676;24
677;20
678;63
679;44
680;45
681;38
682;49
683;8
684;17
685;62
686;38
687;22
688;54
689;23
690;35
691;51
692;9
693;12
694;26
695;18
696;48
697;28
698;13
699;6
700;69
701;41
702;69
703;36
704;43
705;15
706;15
707;7
708;61
709;34
710;33
711;16
712;14
713;16
714;16
715;46
716;73
717;76
718;44
719;62
720;65
721;71
722;33
723;57
724;9
725;12
726;29
727;25
728;9
729;10
730;44
731;25
732;67
733;28
734;55
735;47
736;16
737;15
738;6
739;26
740;49
741;5
742;2
743;62
744;30
745;91
746;44
747;64
748;13
749;18
750;32
751;46
752;49
753;53
754;18
755;64
756;51
757;32
758;32
759;74
760;42
761;52
762;51
763;60
764;35
765;68
766;36
767;29
768;45
769;8
770;10
771;2
772;47
773;59
774;6
775;10
776;14
777;22
778;40
779;31
780;37
781;54
782;22
783;26
784;25
785;44
786;22
787;64
788;59
789;43
790;38
791;3
792;66
793;90
794;40
795;24
796;44
797;39
798;3
799;0
800;68
801;40
802;35
803;18
804;62
805;77
806;50
807;81
808;35
809;91
810;68
811;89
812;42
813;55
814;8
815;16
816;57
817;20
818;28
819;42
820;4
821;37
822;49
823;93
824;58
825;53
826;21
827;97
828;38
829;43
830;56
831;62
832;20
833;85
834;71
835;47
836;53
837;55
838;17
839;62
840;40
841;41
842;10
843;13
844;8
845;73
846;69
847;43
848;21
849;1
850;15
851;52
852;17
853;61
854;33
855;14
856;49
857;75
858;71
859;65
860;64
861;36
862;41
863;13
864;1
865;28
866;43
867;12
868;12
869;0
870;71
871;92
872;55
873;52
874;8
875;15
876;63
877;65
878;82
879;62
880;37
881;28
882;4
883;1
884;12
885;30
886;29
887;23
888;7
889;68
890;74
891;69
892;43
893;78
894;79
895;69
896;48
897;60
898;18
899;9
900;6
901;30
902;51
903;75
904;24
905;55
906;70
907;38
908;60
909;30
910;69
911;26
912;69
913;75
914;64
915;26
916;62
917;28
918;10
919;6
920;57
921;62
922;47
923;57
924;21
925;39
926;6
927;2
928;3
929;6
930;63
931;64
932;15
933;14
934;81
935;50
936;50
937;50
938;11
939;12
940;8
941;26
942;48
943;12
944;16
945;12
946;43
947;32
948;2
949;0
950;63
951;59
952;55
953;63
954;25
955;62
956;30
957;34
958;49
959;0
960;4
961;46
962;80
963;61
964;67
965;61
966;76
967;70
968;58
969;46
970;73
971;56
972;34
973;38
974;5
975;0
976;28
977;58
978;50
979;57
980;45
981;63
982;62
983;11
984;18
985;43
986;51
987;52
988;72
989;25
990;48
991;72
992;20
993;72
994;60
995;63
996;57
997;71
998;66
999;46
1000;40
1001;16
1002;6
1003;32
1004;47
1005;17
1006;16
1007;33
1008;33
1009;12
1010;2
1011;0
1012;33
1013;50
1014;75
1015;41
1016;0
1017;59
1018;11
1019;11
1020;85
1021;47
1022;42
1023;14
1024;14
1025;6
1026;92
1027;49
1028;30
1029;34
1030;59
1031;8
1032;12
1033;7
1034;52
1035;87
1036;64
1037;42
1038;66
1039;44
1040;13
1041;10
1042;60
1043;65
1044;31
1045;40
1046;37
1047;63
1048;21
1049;38
1050;50
1051;34
1052;72
1053;51
1054;33
1055;14
1056;39
1057;29
1058;9
1059;15
1060;13
1061;32
1062;22
1063;88
1064;65
1065;58
1066;38
1067;59
1068;15
1069;64
1070;62
1071;29
1072;30
1073;57
1074;28
1075;41
1076;3
1077;2
1078;39
1079;52
1080;6
1081;9
1082;60
1083;52
1084;56
1085;6
1086;9
1087;8
1088;28
1089;35
1090;4
1091;7
1092;8
1093;70
1094;34
1095;28
1096;6
1097;2
1098;1
1099;48
1100;63
1101;86
1102;55
1103;80
1104;63
1105;56
1106;25
1107;80
1108;64
1109;30
1110;60
1111;54
1112;92
1113;73
1114;79
1115;41
1116;70
1117;73
1118;52
1119;46
1120;65
1121;75
1122;58
1123;26
1124;49
1125;55
1126;16
1127;15
1128;13
1129;12
1130;75
1131;57
1132;12
1133;12
1134;47
1135;13
1136;12
1137;70
1138;90
1139;56
1140;42
1141;82
1142;67
1143;30
1144;42
1145;10
1146;3
1147;57
1148;65
1149;30
1150;57
1151;18
1152;10
1153;13
1154;59
1155;62
1156;37
1157;65
1158;21
1159;25
1160;29
1161;55
1162;12
1163;14
1164;12
1165;52
1166;54
1167;55
1168;42
1169;49
1170;71
1171;74
1172;34
1173;49
1174;45
1175;2
1176;4
1177;53
1178;8
1179;14
1180;44
1181;61
1182;76
1183;45
1184;69
1185;54
1186;45
1187;45
1188;70
1189;58
1190;21
1191;22
1192;70
1193;53
1194;31
1195;75
1196;70
1197;75
1198;54
1199;30
1200;50
1201;47
1202;11
1203;15
1204;51
1205;57
1206;41
1207;13
1208;14
1209;49
1210;62
1211;56
1212;56
1213;51
1214;20
1215;23
1216;71
1217;28
1218;42
1219;39
1220;29
1221;5
1222;15
1223;31
1224;5
1225;21
1226;30
1227;60
1228;58
1229;32
1230;62
1231;12
1232;11
1233;54
1234;52
1235;72
1236;67
1237;32
1238;38
1239;14
1240;16
1241;42
1242;51
1243;14
1244;10
1245;14
1246;71
1247;38
1248;63
1249;55
1250;59
1251;32
1252;54
1253;44
1254;30
1255;9
1256;80
1257;58
1258;79
1259;46
1260;81
1261;60
1262;73
1263;35
1264;27
1265;7
1266;5
1267;29
1268;64
1269;57
1270;74
1271;26
1272;26
1273;36
1274;16
1275;16
1276;68
1277;84
1278;44
1279;60
1280;52
1281;59
1282;22
1283;36
1284;7
1285;30
1286;71
1287;62
1288;55
1289;65
1290;31
1291;76
1292;49
1293;80
1294;64
1295;69
1296;41
1297;36
1298;3
1299;0
1300;59
1301;78
1302;47
1303;61
1304;7
1305;7
1306;10
1307;39
1308;48
1309;6
1310;7
1311;55
1312;31
1313;9
1314;21
1315;63
1316;38
1317;61
1318;65
1319;20
1320;53
1321;78
1322;19
1323;31
1324;7
1325;3
1326;48
1327;31
1328;39
1329;54
1330;57
1331;37
1332;65
1333;25
1334;51
1335;37
1336;12
1337;46
1338;74
1339;51
1340;32
1341;65
1342;64
1343;54
1344;47
1345;23
1346;63
1347;39
1348;47
1349;30
1350;12
1351;30
1352;66
1353;33
1354;39
1355;45
1356;61
1357;77
1358;45
1359;45
1360;10
1361;56
1362;22
1363;61
1364;6
1365;11
1366;52
1367;88
1368;74
1369;55
1370;70
1371;62
1372;34
1373;70
1374;63
1375;62
1376;22
1377;91
1378;36
1379;52
1380;25
1381;75
1382;63
1383;43
1384;61
1385;18
1386;18
1387;77
1388;32
1389;77
1390;59
1391;51
1392;12
1393;6
1394;22
1395;60
1396;58
1397;63
1398;16
1399;13
1400;50
1401;16
1402;6
1403;50
1404;29
1405;70
1406;47
1407;22
1408;10
1409;3
1410;65
1411;62
1412;34
1413;17
1414;15
1415;16
1416;63
1417;49
1418;8
1419;7
1420;46
1421;53
1422;56
1423;72
1424;71
1425;66
1426;74
1427;42
1428;34
1429;36
1430;4
1431;5
1432;33
1433;64
1434;71
1435;69
1436;75
1437;48
1438;3
1439;57
1440;49
1441;38
1442;38
1443;47
1444;8
1445;0
1446;76
1447;59
1448;55
1449;40
1450;23
1451;5
1452;1
1453;55
1454;29
1455;22
1456;16
1457;18
1458;52
1459;61
1460;45
1461;8
1462;41
1463;49
1464;7
1465;12
1466;17
1467;47
1468;54
1469;22
1470;20
1471;46
1472;56
1473;42
1474;68
1475;56
1476;37
1477;27
1478;16
1479;4
1480;37
1481;76
1482;48
1483;64
1484;89
1485;50
1486;9
1487;57
1488;73
1489;53
1490;36
1491;12
1492;11
1493;88
1494;41
1495;92
1496;46
1497;67
1498;87
1499;39
1500;62
1501;55
1502;21
1503;45
1504;43
1505;33
1506;11
1507;8
1508;36
1509;51
1510;14
1511;35
1512;6
1513;2
1514;80
1515;64
1516;59
1517;65
1518;68
1519;29
1520;19
1521;6
1522;1
1523;4
1524;53
1525;58
1526;27
1527;60
1528;23
1529;20
1530;25
1531;41
1532;27
1533;18
1534;5
1535;2
1536;47
1537;30
1538;9
1539;18
1540;59
1541;54
1542;44
1543;20
1544;21
1545;63
1546;46
1547;12
1548;40
1549;35
1550;61
1551;52
1552;60
1553;11
1554;8
1555;40
1556;92
1557;46
1558;31
1559;29
1560;18
1561;3
1562;55
1563;68
1564;30
1565;35
1566;4
1567;3
1568;42
1569;27
1570;74
1571;43
1572;8
1573;28
1574;37
1575;6
1576;8
1577;51
1578;58
1579;57
1580;35
1581;18
1582;6
1583;41
1584;74
1585;62
1586;32
1587;39
1588;52
1589;75
1590;40
1591;74
1592;31
1593;52
1594;6
1595;54
1596;52
1597;41
1598;20
1599;14
1600;2
1601;9
1602;25
1603;78
1604;64
1605;78
1606;53
1607;77
1608;51
1609;53
1610;26
1611;28
1612;9
1613;7
1614;15
1615;34
1616;61
1617;71
1618;32
1619;77
1620;76
1621;67
1622;26
1623;63
1624;43
1625;38
1626;28
1627;43
1628;56
1629;61
1630;38
1631;7
1632;55
1633;70
1634;49
1635;56
1636;26
1637;7
1638;13
1639;65
1640;78
1641;53
1642;45
1643;68
1644;55
1645;60
1646;66
1647;61
1648;59
1649;56
1650;8
1651;15
1652;74
1653;34
1654;28
1655;42
1656;63
1657;52
1658;31
1659;18
1660;16
1661;6
1662;64
1663;46
1664;6
1665;71
1666;50
1667;42
1668;80
1669;69
1670;22
1671;35
1672;13
1673;74
1674;42
1675;51
1676;42
1677;7
1678;17
1679;9
1680;24
1681;2
1682;7
1683;53
1684;73
1685;71
1686;56
1687;48
1688;22
1689;75
1690;26
1691;60
1692;47
1693;64
1694;93
1695;49
1696;17
1697;31
1698;68
1699;62
1700;53
1701;55
1702;31
1703;56
1704;49
1705;33
1706;25
1707;54
1708;83
1709;46
1710;26
1711;63
1712;8
1713;13
1714;55
1715;77
1716;50
1717;37
1718;8
1719;12
1720;81
1721;78
1722;71
1723;69
1724;45
1725;72
1726;67
1727;40
1728;54
1729;58
1730;45
1731;76
1732;69
1733;32
1734;6
1735;8
1736;43
1737;41
1738;7
1739;9
1740;47
1741;66
1742;52
1743;53
1744;47
1745;69
1746;54
1747;52
1748;25
1749;5
1750;9
1751;35
1752;20
1753;23
1754;72
1755;24
1756;62
1757;51
1758;57
1759;44
1760;41
1761;7
1762;8
1763;51
1764;46
1765;47
1766;71
1767;23
1768;95
1769;54
1770;57
1771;65
1772;71
1773;97
1774;70
1775;51
1776;58
1777;57
1778;29
1779;35
1780;20
1781;20
1782;34
1783;35
1784;64
1785;60
1786;6
1787;30
1788;37
1789;36
1790;39
1791;8
1792;0
1793;5
1794;58
1795;59
1796;70
1797;66
1798;33
1799;73
1800;61
1801;50
1802;51
1803;32
1804;45
1805;46
1806;18
1807;1
1808;18
1809;39
1810;39
1811;0
1812;43
1813;41
1814;0
1815;56
1816;47
1817;18
1818;35
1819;73
1820;72
1821;53
1822;35
1823;6
1824;15
1825;57
1826;67
1827;72
1828;64
1829;32
1830;29
1831;18
1832;14
1833;10
1834;56
1835;53
1836;45
1837;43
1838;25
1839;45
1840;31
1841;47
1842;70
1843;75
1844;25
1845;22
1846;47
1847;21
1848;55
1849;72
1850;83
1851;64
1852;50
1853;72
1854;76
1855;49
1856;79
1857;68
1858;70
1859;49
1860;57
1861;55
1862;20
1863;55
1864;63
1865;18
1866;10
1867;76
1868;20
1869;29
1870;47
1871;7
1872;67
1873;60
1874;63
1875;32
1876;51
1877;75
1878;40
1879;45
1880;15
1881;0
1882;26
1883;76
1884;64
1885;53
1886;56
1887;11
1888;18
1889;14
1890;32
1891;45
1892;0
1893;6
1894;5
1895;30
1896;30
1897;37
1898;6
1899;16
1900;13
1901;54
1902;79
1903;56
1904;73
1905;64
1906;69
1907;34
1908;34
1909;63
1910;89
1911;65
1912;19
1913;60
1914;52
1915;38
1916;35
1917;11
1918;13
1919;7
1920;36
1921;10
1922;63
1923;19
1924;50
1925;53
1926;36
1927;6
1928;7
1929;33
1930;45
1931;6
1932;4
1933;5
1934;23
1935;41
1936;53
1937;55
1938;47
1939;49
1940;66
1941;54
1942;63
1943;62
1944;69
1945;49
1946;66
1947;28
1948;35
1949;55
1950;15
1951;14
1952;71
1953;63
1954;60
1955;39
1956;8
1957;33
1958;49
1959;13
1960;42
1961;37
1962;3
1963;2
1964;74
1965;65
1966;22
1967;52
1968;51
1969;40
1970;10
1971;7
1972;15
1973;31
1974;29
1975;45
1976;8
1977;1
1978;53
1979;60
1980;49
1981;27
1982;2
1983;3
1984;48
1985;42
1986;7
1987;5
1988;0
1989;75
1990;46
1991;49
1992;17
1993;15
1994;20
1995;51
1996;63
1997;47
1998;74
1999;26
2000;48
2001;39
2002;55
2003;41
2004;43
2005;19
2006;41
2007;3
2008;1
2009;44
2010;36
2011;16
2012;9
2013;48
2014;84
2015;84
2016;43
2017;45
2018;13
2019;15
2020;50
2021;11
2022;39
2023;7
2024;10
2025;62
2026;67
2027;40
2028;56
2029;20
2030;61
2031;47
2032;78
2033;32
2034;34
2035;13
2036;7
2037;16
2038;11
2039;31
2040;44
2041;35
2042;48
2043;62
2044;17
2045;9
2046;16
2047;35
2048;60
2049;64
2050;54
2051;65
2052;66
2053;51
2054;58
2055;62
2056;8
2057;18
2058;54
2059;59
2060;28
2061;53
2062;69
2063;69
2064;37
2065;29
2066;9
2067;15
2068;57
2069;46
2070;14
2071;15
2072;12
2073;11
2074;52
2075;77
2076;45
2077;56
2078;49
2079;72
2080;63
2081;23
2082;29
2083;10
2084;39
2085;42
2086;37
2087;28
2088;23
2089;24
2090;33
2091;56
2092;56
2093;25
2094;82
2095;62
2096;25
2097;29
2098;0
2099;5
2100;4
2101;36
2102;40
2103;17
2104;3
2105;88
2106;70
2107;61
2108;72
2109;59
2110;38
2111;26
2112;19
2113;56
2114;49
2115;14
2116;7
2117;30
2118;44
2119;16
2120;19
2121;71
2122;24
2123;29
2124;40
2125;36
2126;6
2127;6
2128;45
2129;48
2130;41
2131;9
2132;51
2133;14
2134;11
2135;73
2136;56
2137;50
2138;42
2139;13
2140;15
2141;10
2142;54
2143;60
2144;22
2145;19
2146;48
2147;81
2148;96
2149;28
2150;46
2151;5
2152;1
2153;53
2154;73
2155;79
2156;33
2157;67
2158;58
2159;67
2160;21
2161;52
2162;33
2163;35
2164;2
2165;3
2166;2
2167;29
2168;90
2169;38
2170;29
2171;21
2172;4
2173;4
2174;31
2175;0
2176;49
2177;59
2178;54
2179;62
2180;35
2181;36
2182;6
2183;13
2184;49
2185;9
2186;11
2187;37
2188;25
2189;11
2190;4
2191;29
2192;61
2193;75
2194;19
2195;14
2196;2
2197;58
2198;17
2199;51
2200;14
2201;32
2202;25
2203;65
2204;69
2205;46
2206;79
2207;74
2208;37
2209;30
2210;28
2211;11
2212;17
2213;40
2214;44
2215;14
2216;62
2217;64
2218;48
2219;35
2220;66
2221;66
2222;88
2223;71
2224;25
2225;54
2226;46
2227;31
2228;54
2229;20
2230;24
2231;58
2232;48
2233;69
2234;58
2235;71
2236;70
2237;58
2238;64
2239;29
2240;44
2241;12
2242;7
2243;65
2244;32
2245;31
2246;4
2247;2
2248;18
2249;35
2250;36
2251;17
2252;17
2253;62
2254;48
2255;15
2256;16
2257;38
2258;72
2259;34
2260;55
2261;13
2262;10
2263;34
2264;64
2265;65
2266;54
2267;58
2268;62
2269;63
2270;40
2271;9
2272;52
2273;33
2274;34
2275;5
2276;14
2277;18
2278;36
2279;29
2280;47
2281;15
2282;61
2283;22
2284;67
2285;44
2286;41
2287;14
2288;10
2289;56
2290;20
2291;95
2292;74
2293;85
2294;68
2295;45
2296;29
2297;18
2298;16
2299;5
2300;18
2301;85
2302;80
2303;70
2304;54
2305;55
2306;42
2307;35
2308;9
2309;2
2310;1
2311;59
2312;53
2313;27
2314;72
2315;37
2316;29
2317;53
2318;19
2319;54
2320;29
2321;25
2322;62
2323;42
2324;30
2325;0
2326;3
2327;72
2328;35
2329;58
2330;57
2331;37
2332;59
2333;52
2334;70
2335;52
2336;46
2337;14
2338;17
2339;11
2340;79
2341;19
2342;77
2343;41
2344;47
2345;1
2346;16
2347;94
2348;23
2349;59
2350;66
2351;67
2352;42
2353;36
2354;71
2355;43
2356;53
2357;35
2358;6
2359;18
2360;66
2361;76
2362;64
2363;45
2364;67
2365;76
2366;31
2367;7
2368;74
2369;80
2370;33
2371;69
2372;68
2373;72
2374;66
2375;56
2376;76
2377;59
2378;78
2379;55
2380;62
2381;62
2382;30
2383;73
2384;72
2385;52
2386;77
2387;53
2388;73
2389;48
2390;20
2391;39
2392;64
2393;53
2394;59
2395;33
2396;48
2397;66
2398;20
2399;56
2400;50
2401;15
2402;11
2403;69
2404;35
2405;29
2406;2
2407;3
2408;4
2409;33
2410;34
2411;23
2412;72
2413;53
2414;53
2415;43
2416;42
2417;52
2418;6
2419;18
2420;44
2421;20
2422;25
2423;57
2424;21
2425;71
2426;63
2427;78
2428;27
2429;26
2430;46
2431;53
2432;66
2433;59
2434;65
2435;74
2436;39
2437;52
2438;25
2439;41
2440;58
2441;20
2442;57
2443;33
2444;25
2445;67
2446;25
2447;24
2448;46
2449;51
2450;7
2451;15
2452;9
2453;84
2454;47
2455;40
2456;82
2457;36
2458;41
2459;72
2460;37
2461;54
2462;60
2463;52
2464;45
2465;7
2466;49
2467;12
2468;9
2469;33
2470;20
2471;24
2472;21
2473;19
2474;60
2475;38
2476;23
2477;20
2478;1
2479;14
2480;30
2481;62
2482;12
2483;60
2484;70
2485;42
2486;48
2487;0
2488;5
2489;6
2490;61
2491;71
2492;53
2493;26
2494;33
2495;5
2496;59
2497;58
2498;52
2499;46
2500;30
2501;71
2502;68
2503;82
2504;45
2505;48
2506;0
2507;18
2508;1
2509;30
2510;12
2511;71
2512;65
2513;72
2514;39
2515;42
2516;7
2517;16
2518;13
2519;54
2520;24
2521;41
2522;86
2523;49
2524;49
2525;12
2526;6
2527;31
2528;57
2529;59
2530;44
2531;68
2532;63
2533;74
2534;36
2535;45
2536;80
2537;77
2538;34
2539;55
2540;72
2541;73
2542;87
2543;40
2544;23
2545;54
2546;41
2547;36
2548;6
2549;80
2550;73
2551;38
2552;46
2553;61
2554;22
2555;55
2556;29
2557;18
2558;20
2559;69
2560;56
2561;71
2562;70
2563;63
2564;33
2565;14
2566;12
2567;23
2568;32
2569;1
2570;3
2571;71
2572;60
2573;57
2574;56
2575;41
2576;29
2577;17
2578;17
2579;35
2580;47
2581;54
2582;30
2583;46
2584;4
2585;1
2586;37
2587;62
2588;63
2589;77
2590;54
2591;55
2592;45
2593;55
2594;14
2595;10
2596;55
2597;57
2598;34
2599;64
2600;12
2601;12
2602;17
2603;85
2604;23
2605;83
2606;22
2607;29
2608;39
2609;53
2610;65
2611;38
2612;28
2613;5
2614;4
2615;47
2616;32
2617;9
2618;16
2619;70
2620;78
2621;44
2622;22
2623;25
2624;24
2625;65
2626;52
2627;53
2628;67
2629;66
2630;61
2631;36
2632;14
2633;10
2634;68
2635;76
2636;21
2637;61
2638;56
2639;47
2640;28
2641;81
2642;58
2643;59
2644;47
2645;8
2646;8
2647;51
2648;70
2649;36
2650;39
2651;61
2652;95
2653;35
2654;63
2655;43
2656;38
2657;12
2658;57
2659;36
2660;15
2661;36
2662;34
2663;0
2664;7
2665;58
2666;24
2667;32
2668;44
2669;2
2670;2
2671;77
2672;60
2673;71
2674;40
2675;80
2676;83
2677;30
2678;21
2679;51
2680;55
2681;49
2682;35
2683;35
2684;12
2685;2
2686;76
2687;49
2688;39
2689;55
2690;14
2691;49
2692;26
2693;12
2694;6
2695;57
2696;85
2697;70
2698;22
2699;30
2700;14
2701;5
2702;0
2703;69
2704;75
2705;39
2706;56
2707;63
2708;56
2709;33
2710;45
2711;51
2712;55
2713;76
2714;63
2715;85
2716;52
2717;20
2718;43
2719;59
2720;9
2721;16
2722;42
2723;40
2724;12
2725;17
2726;7
2727;52
2728;78
2729;39
2730;38
2731;19
2732;3
2733;15
2734;64
2735;24
2736;29
2737;36
2738;44
2739;34
2740;34
2741;2
2742;13
2743;3
2744;97
2745;58
2746;47
2747;13
2748;11
2749;79
2750;60
2751;46
2752;28
2753;16
2754;0
2755;45
2756;35
2757;9
2758;11
2759;61
2760;35
2761;8
2762;10
2763;12
2764;60
2765;71
2766;45
2767;61
2768;7
2769;18
2770;69
2771;53
2772;31
2773;46
2774;10
2775;3
2776;31
2777;15
2778;42
2779;61
2780;57
2781;15
2782;70
2783;54
2784;87
2785;36
2786;64
2787;33
2788;20
2789;28
2790;29
2791;19
2792;1
2793;3
2794;45
2795;35
2796;13
2797;0
2798;5
2799;15
2800;53
2801;70
2802;36
2803;66
2804;71
2805;62
2806;53
2807;35
2808;28
2809;38
2810;24
2811;5
2812;4
2813;65
2814;58
2815;28
2816;13
2817;18
2818;27
2819;48
2820;29
2821;15
2822;18
2823;8
2824;45
2825;35
2826;17
2827;8
2828;73
2829;64
2830;80
2831;73
2832;54
2833;31
2834;36
2835;16
2836;15
2837;45
2838;60
2839;27
2840;12
2841;68
2842;51
2843;65
2844;69
2845;49
2846;69
2847;76
2848;50
2849;68
2850;68
2851;42
2852;64
2853;72
2854;22
2855;53
2856;74
2857;25
2858;82
2859;48
2860;13
2861;60
2862;26
2863;61
2864;54
2865;52
2866;68
2867;34
2868;48
2869;84
2870;70
2871;42
2872;8
2873;12
2874;22
2875;45
2876;4
2877;5
2878;41
2879;50
2880;12
2881;12
2882;34
2883;74
2884;53
2885;52
2886;49
2887;79
2888;33
2889;40
2890;4
2891;4
2892;65
2893;39
2894;78
2895;23
2896;67
2897;76
2898;59
2899;54
2900;86
2901;38
2902;23
2903;9
2904;3
2905;0
2906;76
2907;60
2908;81
2909;60
2910;27
2911;48
2912;39
2913;11
2914;8
2915;37
2916;33
2917;78
2918;51
2919;44
2920;28
2921;15
2922;14
2923;1
2924;34
2925;26
2926;17
2927;14
2928;61
2929;38
2930;28
2931;40
2932;4
2933;4
2934;88
2935;55
2936;39
2937;45
2938;63
2939;33
2940;42
2941;11
2942;6
2943;46
2944;33
2945;14
2946;15
2947;11
2948;54
2949;51
2950;70
2951;62
2952;58
2953;46
2954;9
2955;11
2956;61
2957;33
2958;7
2959;7
2960;21
2961;35
2962;4
2963;5
2964;17
2965;72
2966;38
2967;69
2968;29
2969;39
2970;33
2971;32
2972;62
2973;67
2974;52
2975;62
2976;61
2977;64
2978;22
2979;19
2980;6
2981;38
2982;37
2983;2
2984;3
2985;25
2986;33
2987;15
2988;37
2989;10
2990;77
2991;23
2992;58
2993;43
2994;34
2995;13
2996;18
2997;28
2998;31
2999;4
3000;5
3001;55
3002;63
3003;28
3004;73
3005;74
3006;73
3007;60
3008;54
3009;63
3010;10
3011;13
3012;17
3013;61
3014;69
3015;87
3016;47
3017;56
3018;16
3019;10
3020;6
3021;35
3022;32
3023;2
3024;9
3025;33
3026;13
3027;51
3028;62
3029;26
3030;16
3031;7
3032;66
3033;57
3034;38
3035;16
3036;64
3037;69
3038;31
3039;40
3040;8
3041;6
3042;10
3043;27
3044;8
3045;13
3046;78
3047;66
3048;34
3049;61
3050;51
3051;54
3052;29
3053;11
3054;36
3055;46
3056;7
3057;6
3058;56
3059;56
3060;51
3061;45
3062;15
3063;9
3064;42
3065;29
3066;2
3067;2
3068;2
3069;12
3070;75
3071;55
3072;62
3073;26
3074;43
3075;20
3076;1
3077;1
3078;31
3079;59
3080;62
3081;74
3082;62
3083;66
3084;29
3085;30
3086;5
3087;2
3088;62
3089;59
3090;46
3091;9
3092;14
3093;66
3094;87
3095;62
3096;42
3097;56
3098;11
3099;62
3100;33
3101;45
3102;10
3103;13
3104;12
3105;49
3106;55
3107;32
3108;19
3109;45
3110;53
3111;65
3112;69
3113;47
3114;44
3115;6
3116;7
3117;93
3118;46
3119;52
3120;73
3121;56
3122;45
3123;44
3124;8
3125;11
3126;10
3127;54
3128;66
3129;54
3130;28
3131;35
3132;46
3133;8
3134;17
3135;11
3136;59
3137;55
3138;34
3139;55
3140;12
3141;9
3142;76
3143;55
3144;62
3145;54
3146;55
3147;24
3148;75
3149;54
3150;82
3151;49
3152;40
3153;49
3154;60
3155;67
3156;33
3157;78
3158;50
3159;76
3160;65
3161;45
3162;40
3163;30
3164;45
3165;2
3166;11
3167;54
3168;18
3169;71
3170;44
3171;37
3172;8
3173;8
3174;10
3175;21
3176;32
3177;23
3178;72
3179;33
3180;71
3181;54
3182;68
3183;53
3184;52
3185;16
3186;19
3187;24
3188;54
3189;20
3190;24
3191;45
3192;28
3193;3
3194;3
3195;4
3196;1
3197;4
3198;29
3199;57
3200;60
3201;47
3202;17
3203;16
3204;12
3205;74
3206;24
3207;49
3208;37
3209;43
3210;6
3211;3
3212;2
3213;72
3214;78
3215;25
3216;47
3217;22
3218;51
3219;21
3220;60
3221;22
3222;26
3223;38
3224;29
3225;23
3226;35
3227;70
3228;58
3229;25
3230;26
3231;57
3232;31
3233;69
3234;53
3235;27
3236;15
3237;15
3238;25
3239;35
3240;3
3241;16
3242;57
3243;38
3244;9
3245;17
3246;96
3247;35
3248;19
3249;45
3250;3
3251;3
3252;47
3253;85
3254;71
3255;53
3256;68
3257;72
3258;48
3259;12
3260;30
3261;30
3262;29
3263;6
3264;5
3265;70
3266;57
3267;29
3268;9
3269;12
3270;49
3271;69
3272;67
3273;67
3274;19
3275;63
3276;36
3277;18
3278;61
3279;60
3280;31
3281;38
3282;5
3283;4
3284;45
3285;49
3286;13
3287;0
3288;0
3289;43
3290;74
3291;97
3292;74
3293;46
3294;35
3295;41
3296;5
3297;1
3298;63
3299;39
3300;12
3301;10
3302;11
3303;36
3304;74
3305;70
3306;75
3307;71
3308;63
3309;58
3310;89
3311;50
3312;34
3313;28
3314;70
3315;46
3316;97
3317;66
3318;29
3319;49
3320;6
3321;60
3322;17
3323;34
3324;47
3325;11
3326;11
3327;19
3328;44
3329;21
3330;36
3331;29
3332;56
3333;91
3334;20
3335;52
3336;21
3337;32
3338;9
3339;13
3340;45
3341;37
3342;42
3343;72
3344;22
3345;64
3346;30
3347;50
3348;70
3349;63
3350;72
3351;52
3352;62
3353;73
3354;27
3355;65
3356;59
3357;50
3358;12
3359;17
3360;11
3361;27
3362;60
3363;65
3364;36
3365;33
3366;15
3367;10
3368;6
3369;68
3370;25
3371;23
3372;31
3373;61
3374;16
3375;43
3376;46
3377;15
3378;11
3379;44
3380;44
3381;52
3382;46
3383;33
3384;10
3385;3
3386;9
3387;73
3388;62
3389;78
3390;69
3391;56
3392;56
3393;67
3394;50
3395;60
3396;67
3397;36
3398;22
3399;19
3400;48
3401;30
3402;38
3403;12
3404;18
3405;90
3406;59
3407;50
3408;62
3409;12
3410;18
3411;56
3412;67
3413;37
3414;37
3415;2
3416;4
3417;29
3418;59
3419;60
3420;80
3421;75
3422;22
3423;22
3424;63
3425;59
3426;50
3427;52
3428;75
3429;79
3430;63
3431;64
3432;57
3433;42
3434;42
3435;46
3436;25
3437;95
3438;53
3439;89
3440;73
3441;70
3442;49
3443;20
3444;48
3445;68
3446;63
3447;77
3448;79
3449;42
3450;31
3451;13
3452;13
3453;11
3454;85
3455;74
3456;36
3457;39
3458;30
3459;40
3460;15
3461;14
3462;7
3463;31
3464;27
3465;4
3466;3
3467;56
3468;72
3469;21
3470;67
3471;25
3472;41
3473;23
3474;29
3475;64
3476;19
3477;20
3478;24
3479;68
3480;63
3481;58
3482;26
3483;38
3484;58
3485;13
3486;27
3487;41
3488;5
3489;3
3490;4
3491;45
3492;47
3493;17
3494;17
3495;7
3496;63
3497;67
3498;49
3499;66
3500;41
3501;76
3502;26
3503;72
3504;63
3505;65
3506;42
3507;62
3508;21
3509;26
3510;40
3511;36
3512;27
3513;36
3514;52
3515;57
3516;12
3517;17
3518;8
3519;49
3520;66
3521;20
3522;61
3523;20
3524;39
3525;45
3526;1
3527;5
3528;44
3529;37
3530;12
3531;8
3532;15
3533;65
3534;56
3535;48
3536;6
3537;15
3538;15
3539;16
3540;41
3541;85
3542;21
3543;55
3544;72
3545;30
3546;64
3547;34
3548;52
3549;32
3550;27
3551;44
3552;20
3553;38
3554;49
3555;40
3556;18
3557;13
3558;33
3559;58
3560;42
3561;67
3562;25
3563;74
3564;43
3565;64
3566;53
3567;17
3568;17
3569;90
3570;42
3571;57
3572;12
3573;7
3574;42
3575;40
3576;6
3577;5
3578;59
3579;44
3580;49
3581;48
3582;56
3583;33
3584;23
3585;42
3586;21
3587;71
3588;57
3589;52
3590;19
3591;50
3592;64
3593;69
3594;28
3595;44
3596;66
3597;54
3598;70
3599;19
3600;44
3601;0
3602;4
3603;53
3604;75
3605;24
3606;93
3607;51
3608;55
3609;62
3610;54
3611;49
3612;16
3613;25
3614;30
3615;1
3616;35
3617;35
3618;18
3619;44
3620;69
3621;53
3622;37
3623;35
3624;6
3625;55
3626;74
3627;61
3628;62
3629;54
3630;52
3631;68
3632;61
3633;61
3634;28
3635;78
3636;71
3637;46
3638;6
3639;17
3640;72
3641;82
3642;47
3643;38
3644;17
3645;10
3646;56
3647;15
3648;12
3649;31
3650;41
3651;15
3652;67
3653;72
3654;73
3655;80
3656;46
3657;37
3658;0
3659;48
3660;70
3661;20
3662;48
3663;42
3664;18
3665;18
3666;6
3667;62
3668;64
3669;68
3670;61
3671;45
3672;83
3673;21
3674;49
3675;19
3676;62
3677;31
3678;26
3679;15
3680;76
3681;60
3682;52
3683;37
3684;8
3685;11
3686;71
3687;26
3688;59
3689;49
3690;61
3691;7
3692;15
3693;78
3694;56
3695;86
3696;29
3697;45
3698;14
3699;57
3700;21
3701;27
3702;8
3703;61
3704;52
3705;15
3706;18
3707;9
3708;56
3709;72
3710;57
3711;53
3712;57
3713;62
3714;9
3715;8
3716;22
3717;94
3718;38
3719;25
3720;51
3721;92
3722;26
3723;44
3724;58
3725;59
3726;53
3727;75
3728;84
3729;60
3730;34
3731;28
3732;34
3733;3
3734;2
3735;6
3736;50
3737;24
3738;46
3739;33
3740;0
3741;2
3742;4
3743;29
3744;0
3745;1
3746;55
3747;47
3748;66
3749;58
3750;80
3751;59
3752;54
3753;52
3754;88
3755;60
3756;34
3757;64
3758;71
3759;20
3760;72
3761;55
3762;66
3763;25
3764;21
3765;55
3766;33
3767;41
3768;8
3769;10
3770;15
3771;85
3772;61
3773;64
3774;51
3775;46
3776;77
3777;58
3778;67
3779;84
3780;36
3781;53
3782;35
3783;28
3784;7
3785;88
3786;61
3787;29
3788;43
3789;7
3790;10
3791;51
3792;35
3793;9
3794;65
3795;63
3796;72
3797;77
3798;45
3799;50
3800;14
3801;11
3802;37
3803;72
3804;71
3805;81
3806;24
3807;55
3808;55
3809;56
3810;55
3811;41
3812;34
3813;34
3814;13
3815;47
3816;19
3817;55
3818;45
3819;34
3820;14
3821;18
3822;56
3823;61
3824;23
3825;25
3826;23
3827;25
3828;25
3829;24
3830;21
3831;38
3832;45
3833;5
3834;0
3835;53
3836;62
3837;19
3838;15
3839;1
3840;3
3841;0
3842;33
3843;63
3844;6
3845;9
3846;58
3847;63
3848;39
3849;49
3850;4
3851;4
3852;20
3853;76
3854;59
3855;68
3856;37
3857;62
3858;68
3859;72
3860;65
3861;53
3862;43
3863;46
3864;15
3865;61
3866;60
3867;41
3868;56
3869;44
3870;8
3871;43
3872;30
3873;46
3874;12
3875;5
3876;31
3877;25
3878;52
3879;70
3880;77
3881;47
3882;23
3883;46
3884;39
3885;59
3886;65
3887;40
3888;44
3889;1
3890;0
3891;45
3892;68
3893;84
3894;58
3895;71
3896;81
3897;63
3898;73
3899;58
3900;37
3901;7
3902;9
3903;57
3904;79
3905;20
3906;56
3907;65
3908;42
3909;20
3910;60
3911;20
3912;42
3913;52
3914;54
3915;52
3916;35
3917;47
3918;5
3919;2
3920;60
3921;21
3922;69
3923;47
3924;41
3925;43
3926;3
3927;12
3928;72
3929;57
3930;51
3931;70
3932;43
3933;58
3934;28
3935;23
3936;21
3937;40
3938;36
3939;29
3940;14
3941;4
3942;34
3943;51
3944;8
3945;24
3946;33
3947;29
3948;47
3949;72
3950;78
3951;47
3952;40
3953;5
3954;5
3955;63
3956;76
3957;20
3958;51
3959;55
3960;66
3961;65
3962;36
3963;43
3964;14
3965;10
3966;12
3967;60
3968;65
3969;51
3970;34
3971;20
3972;15
3973;17
3974;36
3975;45
3976;1
3977;8
3978;43
3979;25
3980;57
3981;55
3982;10
3983;7
3984;41
3985;46
3986;11
3987;12
3988;16
3989;67
3990;51
3991;62
3992;63
3993;56
3994;69
3995;64
3996;51
3997;61
3998;52
3999;37
4000;56
4001;46
4002;14
4003;36
4004;41
4005;15
4006;2
4007;36
4008;36
4009;2
4010;3
4011;44
4012;57
4013;63
4014;74
4015;55
4016;62
4017;62
4018;36
4019;17
4020;17
4021;49
4022;78
4023;78
4024;22
4025;64
4026;47
4027;14
4028;18
4029;79
4030;79
4031;85
4032;37
4033;83
4034;56
4035;67
4036;59
4037;62
4038;48
4039;46
4040;34
4041;0
4042;4
4043;0
4044;74
4045;71
4046;74
4047;50
4048;56
4049;44
4050;63
4051;63
4052;71
4053;25
4054;58
4055;33
4056;58
4057;72
4058;39
4059;30
4060;68
4061;78
4062;84
4063;41
4064;65
4065;84
4066;32
4067;28
4068;55
4069;61
4070;59
4071;71
4072;19
4073;88
4074;77
4075;73
4076;52
4077;63
4078;64
4079;60
4080;47
4081;42
4082;59
4083;17
4084;13
4085;67
4086;20
4087;61
4088;81
4089;24
4090;22
4091;26
4092;25
4093;75
4094;46
4095;33
4096;1
4097;0
4098;47
4099;60
4100;42
4101;53
4102;78
4103;66
4104;60
4105;44
4106;45
4107;9
4108;9
4109;52
4110;58
4111;77
4112;28
4113;35
4114;14
4115;20
4116;60
4117;65
4118;62
4119;45
4120;59
4121;15
4122;64
4123;47
4124;52
4125;72
4126;53
4127;58
4128;79
4129;79
4130;68
4131;40
4132;63
4133;36
4134;27
4135;15
4136;11
4137;55
4138;37
4139;11
4140;16
4141;42
4142;48
4143;37
4144;16
4145;16
4146;18
4147;17
4148;69
4149;60
4150;76
4151;61
4152;26
4153;36
4154;92
4155;30
4156;59
4157;66
4158;33
4159;54
4160;71
4161;60
4162;40
4163;14
4164;48
4165;57
4166;30
4167;43
4168;8
4169;11
4170;28
4171;42
4172;17
4173;18
4174;26
4175;35
4176;20
4177;32
4178;5
4179;2
4180;11
4181;3
4182;86
4183;62
4184;59
4185;36
4186;15
4187;15
4188;36
4189;37
4190;13
4191;18
4192;39
4193;49
4194;10
4195;14
4196;36
4197;50
4198;66
4199;43
4200;55
4201;68
4202;48
4203;57
4204;74
4205;49
4206;12
4207;11
4208;49
4209;25
4210;40
4211;70
4212;57
4213;85
4214;69
4215;32
4216;23
4217;88
4218;51
4219;30
4220;43
4221;40
4222;4
4223;62
4224;79
4225;23
4226;28
4227;15
4228;15
4229;22
4230;69
4231;74
4232;32
4233;45
4234;15
4235;82
4236;65
4237;71
4238;57
4239;30
4240;60
4241;58
4242;16
4243;16
4244;12
4245;15
4246;55
4247;65
4248;46
4249;58
4250;43
4251;39
4252;77
4253;53
4254;60
4255;15
4256;11
4257;26
4258;17
4259;60
4260;33
4261;65
4262;33
4263;29
4264;3
4265;11
4266;5
4267;67
4268;27
4269;66
4270;43
4271;19
4272;90
4273;87
4274;53
4275;48
4276;30
4277;48
4278;57
4279;72
4280;42
4281;20
4282;13
4283;3
4284;54
4285;62
4286;75
4287;63
4288;69
4289;19
4290;29
4291;15
4292;12
4293;85
4294;68
4295;76
4296;85
4297;48
4298;17
4299;36
4300;37
4301;6
4302;55
4303;52
4304;62
4305;29
4306;32
4307;18
4308;56
4309;55
4310;41
4311;0
4312;11
4313;53
4314;69
4315;54
4316;52
4317;62
4318;34
4319;37
4320;14
4321;9
4322;9
4323;91
4324;56
4325;66
4326;53
4327;36
4328;69
4329;66
4330;53
4331;54
4332;38
4333;31
4334;8
4335;10
4336;59
4337;69
4338;31
4339;42
4340;45
4341;3
4342;19
4343;23
4344;66
4345;29
4346;24
4347;83
4348;47
4349;25
4350;65
4351;58
4352;33
4353;46
4354;13
4355;9
4356;61
4357;33
4358;10
4359;17
4360;42
4361;65
4362;80
4363;85
4364;66
4365;41
4366;47
4367;8
4368;12
4369;42
4370;31
4371;4
4372;11
4373;33
4374;29
4375;37
4376;78
4377;37
4378;66
4379;75
4380;22
4381;72
4382;22
4383;23
4384;22
4385;61
4386;44
4387;46
4388;57
4389;43
4390;23
4391;73
4392;35
4393;33
4394;26
4395;16
4396;16
4397;25
4398;70
4399;91
4400;58
4401;75
4402;64
4403;22
4404;34
4405;71
4406;40
4407;91
4408;24
4409;86
4410;69
4411;80
4412;23
4413;49
4414;64
4415;11
4416;12
4417;25
4418;21
4419;48
4420;19
4421;49
4422;4
4423;6
4424;54
4425;71
4426;37
4427;15
4428;17
4429;47
4430;7
4431;17
4432;37
4433;34
4434;4
4435;1
4436;24
4437;68
4438;30
4439;60
4440;48
4441;49
4442;47
4443;35
4444;12
4445;15
4446;64
4447;76
4448;38
4449;90
4450;41
4451;78
4452;31
4453;25
4454;5
4455;18
4456;50
4457;26
4458;11
4459;15
4460;76
4461;74
4462;58
4463;63
4464;33
4465;61
4466;54
4467;56
4468;60
4469;56
4470;65
4471;52
4472;65
4473;56
4474;93
4475;94
4476;24
4477;21
4478;22
4479;53
4480;19
4481;79
4482;71
4483;25
4484;62
4485;49
4486;6
4487;20
4488;54
4489;25
4490;43
4491;14
4492;4
4493;50
4494;61
4495;34
4496;22
4497;49
4498;18
4499;0
4500;30
4501;45
4502;2
4503;58
4504;69
4505;51
4506;81
4507;35
4508;49
4509;31
4510;16
4511;16
4512;29
4513;36
4514;0
4515;4
4516;5
4517;9
4518;52
4519;77
4520;47
4521;41
4522;6
4523;17
4524;8
4525;36
4526;29
4527;41
4528;22
4529;4
4530;26
4531;29
4532;9
4533;8
4534;14
4535;31
4536;55
4537;55
4538;7
4539;75
4540;36
4541;27
4542;8
4543;4
4544;3
4545;45
4546;67
4547;33
4548;41
4549;56
4550;72
4551;44
4552;25
4553;63
4554;48
4555;44
4556;1
4557;9
4558;27
4559;25
4560;5
4561;5
4562;0
4563;3
4564;5
4565;41
4566;66
4567;25
4568;29
4569;24
4570;58
4571;49
4572;12
4573;13
4574;51
4575;49
4576;74
4577;40
4578;32
4579;4
4580;2
4581;43
4582;43
4583;5
4584;4
4585;36
4586;35
4587;8
4588;4
4589;39
4590;29
4591;3
4592;4
4593;38
4594;21
4595;1
4596;4
4597;73
4598;74
4599;70
4600;33
4601;81
4602;71
4603;52
4604;71
4605;77
4606;53
4607;54
4608;58
4609;70
4610;69
4611;36
4612;23
4613;11
4614;9
4615;26
4616;80
4617;61
4618;53
4619;29
4620;31
4621;66
4622;20
4623;68
4624;49
4625;54
4626;55
4627;61
4628;51
4629;24
4630;71
4631;60
4632;78
4633;47
4634;52
4635;42
4636;66
4637;61
4638;48
4639;62
4640;46
4641;34
4642;35
4643;18
4644;12
4645;8
4646;56
4647;51
4648;65
4649;36
4650;48
4651;3
4652;0
4653;40
4654;41
4655;3
4656;14
4657;54
4658;24
4659;85
4660;35
4661;72
4662;58
4663;67
4664;67
4665;53
4666;63
4667;38
4668;38
4669;43
4670;5
4671;5
4672;63
4673;47
4674;42
4675;1
4676;0
4677;5
4678;40
4679;6
4680;54
4681;71
4682;48
4683;37
4684;16
4685;63
4686;78
4687;55
4688;73
4689;69
4690;45
4691;21
4692;19
4693;27
4694;31
4695;11
4696;2
4697;0
4698;77
4699;57
4700;68
4701;39
4702;34
4703;10
4704;16
4705;67
4706;81
4707;37
4708;53
4709;62
4710;52
4711;25
4712;22
4713;31
4714;45
4715;33
4716;9
4717;8
4718;25
4719;22
4720;57
4721;81
4722;82
4723;44
4724;36
4725;34
4726;68
4727;22
4728;25
4729;49
4730;34
4731;13
4732;18
4733;29
4734;40
4735;66
4736;23
4737;71
4738;46
4739;33
4740;14
4741;0
4742;74
4743;27
4744;24
4745;1
4746;1
4747;64
4748;21
4749;41
4750;60
4751;27
4752;35
4753;34
4754;50
4755;6
4756;49
4757;29
4758;9
4759;6
4760;63
4761;61
4762;44
4763;44
4764;4
4765;3
4766;17
4767;58
4768;42
4769;13
4770;14
4771;59
4772;25
4773;40
4774;30
4775;31
4776;21
4777;48
4778;40
4779;23
4780;52
4781;76
4782;45
4783;64
4784;27
4785;22
4786;76
4787;55
4788;43
4789;60
4790;25
4791;30
4792;21
4793;94
4794;50
4795;57
4796;8
4797;11
4798;17
4799;58
4800;83
4801;85
4802;59
4803;35
4804;31
4805;14
4806;7
4807;64
4808;9
4809;73
4810;36
4811;44
4812;10
4813;2
4814;22
4815;54
4816;67
4817;95
4818;47
4819;30
4820;11
4821;7
4822;11
4823;34
4824;38
4825;40
4826;10
4827;37
4828;19
4829;25
4830;21
4831;88
4832;32
4833;10
4834;18
4835;74
4836;31
4837;61
4838;17
4839;16
4840;18
4841;69
4842;48
4843;54
4844;14
4845;6
4846;25
4847;32
4848;43
4849;10
4850;11
4851;54
4852;34
4853;54
4854;25
4855;56
4856;59
4857;56
4858;47
4859;63
4860;63
4861;34
4862;52
4863;48
4864;33
4865;13
4866;14
4867;63
4868;93
4869;34
4870;52
4871;72
4872;90
4873;74
4874;84
4875;31
4876;62
4877;8
4878;32
4879;70
4880;74
4881;55
4882;29
4883;25
4884;72
4885;74
4886;21
4887;68
4888;69
4889;41
4890;52
4891;20
4892;68
4893;35
4894;19
4895;57
4896;38
4897;51
4898;25
4899;87
4900;41
4901;69
4902;54
4903;63
4904;34
4905;61
4906;8
4907;68
4908;24
4909;25
4910;76
4911;28
4912;61
4913;37
4914;38
4915;10
4916;53
4917;58
4918;33
4919;34
4920;5
4921;7
4922;35
4923;46
4924;72
4925;71
4926;66
4927;81
4928;59
4929;64
4930;25
4931;34
4932;29
4933;16
4934;16
4935;75
4936;71
4937;68
4938;42
4939;62
4940;50
4941;81
4942;52
4943;36
4944;51
4945;25
4946;21
4947;81
4948;21
4949;38
4950;42
4951;33
4952;16
4953;12
4954;11
4955;6
4956;37
4957;41
4958;21
4959;44
4960;53
4961;66
4962;41
4963;46
4964;34
4965;1
4966;11
4967;65
4968;83
4969;45
4970;56
4971;18
4972;14
4973;58
4974;71
4975;52
4976;69
4977;31
4978;63
4979;6
4980;14
4981;57
4982;48
4983;46
4984;53
4985;48
4986;35
4987;4
4988;4
4989;12
4990;45
4991;39
4992;58
4993;66
4994;61
4995;39
4996;70
4997;40
4998;66
4999;76
5000;52
5001;98
5002;59
5003;44
5004;60
5005;43
5006;12
5007;10
5008;68
5009;24
5010;74
5011;45
5012;25
5013;16
5014;29
5015;47
5016;42
5017;76
5018;24
5019;36
5020;26
5021;30
5022;21
5023;12
5024;63
5025;72
5026;44
5027;18
5028;60
5029;88
5030;64
5031;64
5032;29
5033;77
5034;50
5035;72
5036;56
5037;28
5038;57
5039;55
5040;39
5041;52
5042;14
5043;9
5044;15
5045;76
5046;40
5047;46
5048;62
5049;40
5050;16
5051;54
5052;78
5053;24
5054;57
5055;59
5056;71
5057;61
5058;66
5059;34
5060;68
5061;34
5062;41
5063;81
5064;55
5065;61
5066;22
5067;25
5068;68
5069;73
5070;66
5071;47
5072;31
5073;2
5074;0
5075;41
5076;16
5077;46
5078;64
5079;25
5080;72
5081;85
5082;49
5083;76
5084;40
5085;57
5086;36
5087;26
5088;11
5089;55
5090;73
5091;48
5092;76
5093;55
5094;85
5095;41
5096;62
5097;56
5098;65
5099;21
5100;35
5101;36
5102;0
5103;7
5104;59
5105;38
5106;34
5107;11
5108;10
5109;68
5110;38
5111;31
5112;5
5113;14
5114;54
5115;93
5116;47
5117;39
5118;10
5119;17
5120;12
5121;85
5122;46
5123;83
5124;53
5125;39
5126;7
5127;10
5128;13
5129;66
5130;25
5131;25
5132;23
5133;28
5134;32
5135;4
5136;34
5137;27
5138;85
5139;53
5140;49
5141;51
5142;49
5143;19
5144;34
5145;45
5146;60
5147;16
5148;92
5149;85
5150;43
5151;59
5152;58
5153;64
5154;56
5155;74
5156;74
5157;85
5158;33
5159;51
5160;23
5161;30
5162;4
5163;7
5164;68
5165;53
5166;52
5167;79
5168;52
5169;33
5170;7
5171;6
5172;18
5173;43
5174;20
5175;48
5176;10
5177;15
5178;48
5179;55
5180;73
5181;63
5182;52
5183;62
5184;68
5185;71
5186;66
5187;67
5188;61
5189;36
5190;59
5191;78
5192;43
5193;68
5194;85
5195;44
5196;74
5197;86
5198;79
5199;66
5200;31
5201;54
5202;82
5203;32
5204;42
5205;7
5206;8
5207;33
5208;87
5209;46
5210;21
5211;16
5212;9
5213;80
5214;63
5215;81
5216;69
5217;30
5218;62
5219;68
5220;38
5221;37
5222;82
5223;31
5224;57
5225;71
5226;19
5227;48
5228;41
5229;29
5230;66
5231;47
5232;54
5233;30
5234;76
5235;32
5236;50
5237;54
5238;36
5239;7
5240;8
5241;47
5242;72
5243;62
5244;43
5245;46
5246;76
5247;62
5248;33
5249;42
5250;0
5251;4
5252;59
5253;69
5254;66
5255;32
5256;20
5257;43
5258;24
5259;23
5260;60
5261;51
5262;55
5263;32
5264;28
5265;7
5266;3
5267;29
5268;77
5269;45
5270;10
5271;7
5272;54
5273;6
5274;27
5275;40
5276;49
5277;67
5278;75
5279;22
5280;28
5281;47
5282;3
5283;1
5284;63
5285;26
5286;52
5287;68
5288;53
5289;21
5290;33
5291;3
5292;3
5293;33
5294;88
5295;72
5296;63
5297;34
5298;9
5299;14
5300;56
5301;63
5302;64
5303;61
5304;22
5305;39
5306;30
5307;14
5308;16
5309;29
5310;43
5311;13
5312;50
5313;61
5314;49
5315;57
5316;44
5317;89
5318;51
5319;72
5320;59
5321;68
5322;44
5323;41
5324;17
5325;6
5326;26
5327;51
5328;14
5329;12
5330;58
5331;66
5332;58
5333;59
5334;63
5335;59
5336;73
5337;40
5338;30
5339;29
5340;5
5341;89
5342;71
5343;61
5344;26
5345;76
5346;41
5347;6
5348;22
5349;45
5350;68
5351;42
5352;21
5353;38
5354;24
5355;39
5356;27
5357;10
5358;1
5359;45
5360;45
5361;2
5362;39
5363;77
5364;76
5365;72
5366;57
5367;28
5368;59
5369;25
5370;59
5371;84
5372;54
5373;74
5374;47
5375;46
5376;45
5377;3
5378;16
5379;37
5380;61
5381;14
5382;12
5383;47
5384;29
5385;79
5386;34
5387;75
5388;43
5389;61
5390;71
5391;32
5392;24
5393;53
5394;22
5395;22
5396;73
5397;46
5398;67
5399;65
5400;62
5401;50
5402;7
5403;10
5404;61
5405;47
5406;37
5407;1
5408;26
5409;36
5410;61
5411;60
5412;54
5413;53
5414;67
5415;81
5416;35
5417;68
5418;34
5419;44
5420;43
5421;28
5422;14
5423;14
5424;14
5425;7
5426;41
5427;36
5428;8
5429;53
5430;46
5431;65
5432;27
5433;51
5434;73
5435;75
5436;54
5437;59
5438;57
5439;73
5440;73
5441;62
5442;42
5443;72
5444;57
5445;57
5446;61
5447;55
5448;22
5449;23
5450;56
5451;47
5452;25
5453;23
5454;41
5455;43
5456;34
5457;11
5458;0
5459;2
5460;0
5461;64
5462;21
5463;90
5464;20
5465;22
5466;23
5467;47
5468;66
5469;34
5470;25
5471;59
5472;37
5473;47
5474;5
5475;1
5476;12
5477;35
5478;60
5479;52
5480;36
5481;35
5482;8
5483;6
5484;54
5485;81
5486;85
5487;45
5488;54
5489;55
5490;48
5491;63
5492;6
5493;9
5494;19
5495;37
5496;19
5497;23
5498;96
5499;68
5500;32
5501;58
5502;55
5503;26
5504;66
5505;54
5506;46
5507;9
5508;35
5509;45
5510;17
5511;16
5512;41
5513;44
5514;18
5515;17
5516;70
5517;67
5518;20
5519;59
5520;49
5521;97
5522;68
5523;43
5524;70
5525;22
5526;23
5527;27
5528;22
5529;26
5530;68
5531;43
5532;28
5533;6
5534;17
5535;18
5536;51
5537;46
5538;13
5539;11
5540;63
5541;26
5542;37
5543;0
5544;75
5545;71
5546;67
5547;62
5548;74
5549;61
5550;51
5551;84
5552;70
5553;44
5554;29
5555;48
5556;14
5557;16
5558;62
5559;53
5560;44
5561;42
5562;37
5563;43
5564;38
5565;2
5566;0
5567;5
5568;20
5569;34
5570;47
5571;65
5572;58
5573;17
5574;15
5575;68
5576;38
5577;19
5578;14
5579;6
5580;9
5581;20
5582;76
5583;31
5584;82
5585;52
5586;57
5587;58
5588;55
5589;26
5590;78
5591;72
5592;31
5593;53
5594;7
5595;16
5596;57
5597;54
5598;74
5599;51
5600;33
5601;18
5602;12
5603;48
5604;72
5605;72
5606;28
5607;26
5608;85
5609;83
5610;46
5611;83
5612;85
5613;80
5614;41
5615;63
5616;53
5617;78
5618;47
5619;78
5620;57
5621;55
5622;34
5623;36
5624;2
5625;15
5626;11
5627;56
5628;53
5629;30
5630;63
5631;53
5632;51
5633;62
5634;88
5635;42
5636;56
5637;66
5638;63
5639;29
5640;42
5641;11
5642;14
5643;18
5644;83
5645;54
5646;60
5647;40
5648;6
5649;18
5650;45
5651;46
5652;5
5653;16
5654;70
5655;29
5656;43
5657;13
5658;16
5659;48
5660;79
5661;60
5662;47
5663;30
5664;7
5665;18
5666;17
5667;5
5668;56
5669;34
5670;49
5671;2
5672;19
5673;70
5674;65
5675;88
5676;66
5677;28
5678;53
5679;8
5680;27
5681;14
5682;27
5683;52
5684;29
5685;14
5686;8
5687;41
5688;61
5689;40
5690;2
5691;25
5692;66
5693;36
5694;29
5695;4
5696;10
5697;22
5698;21
5699;61
5700;42
5701;45
5702;6
5703;9
5704;7
5705;54
5706;88
5707;26
5708;55
5709;49
5710;37
5711;64
5712;49
5713;62
5714;14
5715;14
5716;35
5717;26
5718;39
5719;17
5720;54
5721;32
5722;31
5723;29
5724;5
5725;1
5726;45
5727;45
5728;4
5729;61
5730;54
5731;66
5732;22
5733;36
5734;69
5735;63
5736;22
5737;63
5738;52
5739;51
5740;63
5741;69
5742;59
5743;51
5744;37
5745;23
5746;60
5747;90
5748;24
5749;50
5750;63
5751;60
5752;52
5753;21
5754;44
5755;48
5756;6
5757;7
5758;11
5759;6
5760;64
5761;60
5762;18
5763;11
5764;45
5765;31
5766;30
5767;10
5768;9
5769;66
5770;42
5771;31
5772;55
5773;62
5774;44
5775;54
5776;29
5777;63
5778;50
5779;61
5780;55
5781;12
5782;6
5783;57
5784;48
5785;59
5786;46
5787;47
5788;72
5789;60
5790;22
5791;90
5792;60
5793;57
5794;68
5795;75
5796;40
5797;48
5798;13
5799;10
5800;77
5801;65
5802;21
5803;44
5804;32
5805;10
5806;55
5807;25
5808;20
5809;26
5810;1
5811;71
5812;65
5813;34
5814;35
5815;60
5816;17
5817;7
5818;74
5819;43
5820;39
5821;0
5822;9
5823;16
5824;3
5825;48
5826;62
5827;24
5828;63
5829;43
5830;39
5831;48
5832;34
5833;17
5834;14
5835;15
5836;23
5837;27
5838;57
5839;67
5840;74
5841;60
5842;58
5843;25
5844;25
5845;24
5846;55
5847;53
5848;91
5849;72
5850;45
5851;39
5852;49
5853;12
5854;6
5855;72
5856;24
5857;55
5858;75
5859;73
5860;74
5861;37
5862;38
5863;5
5864;4
5865;1
5866;61
5867;27
5868;74
5869;24
5870;81
5871;46
5872;52
5873;73
5874;45
5875;34
5876;17
5877;3
5878;38
5879;77
5880;66
5881;41
5882;40
5883;52
5884;25
5885;61
5886;94
5887;19
5888;62
5889;53
5890;64
5891;49
5892;48
5893;29
5894;13
5895;78
5896;55
5897;28
5898;82
5899;20
5900;48
5901;36
5902;46
5903;59
5904;38
5905;14
5906;6
5907;60
5908;39
5909;55
5910;75
5911;34
5912;15
5913;71
5914;66
5915;34
5916;43
5917;9
5918;75
5919;85
5920;70
5921;47
5922;63
5923;61
5924;51
5925;70
5926;43
5927;12
5928;7
5929;55
5930;61
5931;53
5932;31
5933;53
5934;13
5935;9
5936;21
5937;23
5938;79
5939;58
5940;52
5941;35
5942;69
5943;66
5944;57
5945;27
5946;35
5947;4
5948;62
5949;82
5950;46
5951;57
5952;60
5953;24
5954;39
5955;36
5956;17
5957;14
5958;18
5959;58
5960;60
5961;40
5962;58
5963;20
5964;61
5965;44
5966;35
5967;12
5968;60
5969;94
5970;95
5971;27
5972;33
5973;4
5974;53
5975;76
5976;34
5977;53
5978;8
5979;8
5980;18
5981;42
5982;55
5983;49
5984;18
5985;18
5986;11
5987;50
5988;57
5989;81
5990;70
5991;54
5992;67
5993;52
5994;42
5995;52
5996;70
5997;77
5998;61
5999;38
6000;34
6001;2
6002;0
6003;5
6004;27
6005;22
6006;68
6007;61
6008;57
6009;62
6010;67
6011;39
6012;63
6013;35
6014;69
6015;77
6016;37
6017;29
6018;13
6019;9
6020;47
6021;23
6022;20
6023;49
6024;49
6025;16
6026;73
6027;58
6028;76
6029;87
6030;42
6031;41
6032;40
6033;4
6034;60
6035;71
6036;22
6037;49
6038;11
6039;13
6040;72
6041;49
6042;63
6043;65
6044;26
6045;49
6046;25
6047;43
6048;3
6049;3
6050;75
6051;46
6052;56
6053;46
6054;74
6055;69
6056;61
6057;74
6058;81
6059;28
6060;37
6061;9
6062;16
6063;30
6064;15
6065;83
6066;61
6067;59
6068;79
6069;68
6070;23
6071;34
6072;30
6073;2
6074;61
6075;56
6076;55
6077;42
6078;31
6079;14
6080;15
6081;6
6082;42
6083;28
6084;21
6085;80
6086;25
6087;41
6088;88
6089;40
6090;33
6091;55
6092;52
6093;55
6094;58
6095;76
6096;53
6097;61
6098;65
6099;22
6100;80
6101;64
6102;97
6103;50
6104;58
6105;72
6106;20
6107;92
6108;53
6109;41
6110;17
6111;47
6112;55
6113;33
6114;33
6115;9
6116;4
6117;35
6118;50
6119;15
6120;7
6121;76
6122;51
6123;68
6124;54
6125;29
6126;15
6127;7
6128;58
6129;41
6130;17
6131;32
6132;2
6133;48
6134;22
6135;69
6136;92
6137;41
6138;32
6139;6
6140;5
6141;28
6142;43
6143;30
6144;10
6145;10
6146;46
6147;43
6148;4
6149;4
6150;7
6151;43
6152;50
6153;61
6154;58
6155;78
6156;21
6157;47
6158;68
6159;42
6160;24
6161;72
6162;39
6163;39
6164;11
6165;7
6166;25
6167;58
6168;73
6169;64
6170;33
6171;76
6172;80
6173;38
6174;44
6175;16
6176;15
6177;52
6178;70
6179;64
6180;55
6181;39
6182;7
6183;35
6184;40
6185;62
6186;11
6187;78
6188;25
6189;42
6190;38
6191;32
6192;58
6193;32
6194;25
6195;73
6196;79
6197;52
6198;65
6199;67
6200;42
6201;61
6202;67
6203;73
6204;49
6205;52
6206;59
6207;93
6208;45
6209;49
6210;64
6211;49
6212;34
6213;4
6214;5
6215;41
6216;43
6217;4
6218;8
6219;48
6220;67
6221;60
6222;73
6223;56
6224;27
6225;32
6226;5
6227;64
6228;57
6229;60
6230;45
6231;41
6232;1
6233;5
6234;48
6235;54
6236;28
6237;77
6238;33
6239;58
6240;56
6241;73
6242;73
6243;66
6244;25
6245;78
6246;76
6247;25
6248;65
6249;41
6250;33
6251;34
6252;16
6253;10
6254;58
6255;58
6256;11
6257;43
6258;43
6259;2
6260;2
6261;2
6262;2
6263;0
6264;58
6265;53
6266;12
6267;17
6268;35
6269;34
6270;6
6271;15
6272;25
6273;59
6274;79
6275;75
6276;55
6277;25
6278;21
6279;58
6280;21
6281;35
6282;20
6283;14
6284;3
6285;71
6286;61
6287;42
6288;37
6289;18
6290;47
6291;24
6292;32
6293;49
6294;54
6295;8
6296;16
6297;20
6298;70
6299;66
6300;60
6301;49
6302;21
6303;54
6304;98
6305;52
6306;59
6307;74
6308;60
6309;49
6310;56
6311;75
6312;60
6313;72
6314;63
6315;50
6316;55
6317;50
6318;21
6319;55
6320;43
6321;49
6322;36
6323;3
6324;65
6325;62
6326;80
6327;78
6328;19
6329;75
6330;56
6331;51
6332;61
6333;36
6334;42
6335;8
6336;3
6337;14
6338;82
6339;65
6340;61
6341;32
6342;57
6343;22
6344;51
6345;49
6346;35
6347;0
6348;39
6349;89
6350;68
6351;62
6352;65
6353;19
6354;57
6355;65
6356;35
6357;21
6358;53
6359;29
6360;27
6361;5
6362;3
6363;5
6364;65
6365;54
6366;57
6367;66
6368;82
6369;50
6370;22
6371;35
6372;0
6373;1
6374;0
6375;6
6376;23
6377;8
6378;2
6379;4
6380;5
6381;10
6382;79
6383;57
6384;37
6385;71
6386;60
6387;50
6388;47
6389;31
6390;0
6391;9
6392;38
6393;41
6394;21
6395;8
6396;8
6397;100
6398;57
6399;72
6400;57
6401;19
6402;62
6403;62
6404;51
6405;53
6406;26
6407;63
6408;80
6409;33
6410;42
6411;9
6412;7
6413;55
6414;56
6415;66
6416;54
6417;51
6418;60
6419;52
6420;49
6421;42
6422;14
6423;8
6424;70
6425;56
6426;38
6427;17
6428;7
6429;54
6430;39
6431;57
6432;72
6433;52
6434;37
6435;45
6436;33
6437;6
6438;13
6439;79
6440;25
6441;81
6442;78
6443;59
6444;42
6445;57
6446;25
6447;89
6448;58
6449;83
6450;55
6451;60
6452;33
6453;60
6454;48
6455;45
6456;14
6457;1
6458;7
6459;64
6460;48
6461;53
6462;68
6463;31
6464;55
6465;65
6466;39
6467;31
6468;59
6469;66
6470;49
6471;61
6472;45
6473;20
6474;2
6475;2
6476;34
6477;21
6478;56
6479;58
6480;74
6481;49
6482;54
6483;46
6484;62
6485;76
6486;28
6487;78
6488;53
6489;58
6490;69
6491;73
6492;23
6493;33
6494;49
6495;35
6496;22
6497;57
6498;84
6499;76
6500;21
6501;77
6502;58
6503;85
6504;50
6505;65
6506;28
6507;59
6508;29
6509;58
6510;47
6511;79
6512;31
6513;58
6514;19
6515;21
6516;74
6517;47
6518;38
6519;25
6520;41
6521;57
6522;20
6523;91
6524;76
6525;65
6526;50
6527;40
6528;18
6529;16
6530;59
6531;62
6532;39
6533;50
6534;15
6535;7
6536;12
6537;8
6538;50
6539;79
6540;46
6541;36
6542;6
6543;9
6544;72
6545;77
6546;62
6547;76
6548;75
6549;34
6550;55
6551;74
6552;55
6553;87
6554;60
6555;52
6556;56
6557;45
6558;56
6559;34
6560;52
6561;49
6562;33
6563;32
6564;62
6565;17
6566;17
6567;19
6568;74
6569;82
6570;20
6571;38
6572;35
6573;3
6574;11
6575;3
6576;63
6577;47
6578;7
6579;29
6580;49
6581;44
6582;71
6583;79
6584;53
6585;61
6586;25
6587;28
6588;25
6589;52
6590;64
6591;19
6592;62
6593;19
6594;59
6595;43
6596;63
6597;54
6598;17
6599;70
6600;22
6601;53
6602;57
6603;22
6604;27
6605;72
6606;67
6607;24
6608;57
6609;58
6610;41
6611;11
6612;39
6613;40
6614;14
6615;3
6616;51
6617;71
6618;50
6619;31
6620;20
6621;5
6622;16
6623;50
6624;47
6625;17
6626;13
6627;12
6628;48
6629;47
6630;71
6631;62
6632;20
6633;48
6634;6
6635;5
6636;23
6637;66
6638;36
6639;83
6640;28
6641;78
6642;21
6643;67
6644;69
6645;36
6646;10
6647;14
6648;42
6649;36
6650;36
6651;15
6652;4
6653;39
6654;33
6655;13
6656;10
6657;63
6658;63
6659;29
6660;77
6661;80
6662;60
6663;11
6664;63
6665;60
6666;58
6667;9
6668;7
6669;30
6670;13
6671;50
6672;65
6673;84
6674;51
6675;35
6676;12
6677;34
6678;58
6679;56
6680;54
6681;15
6682;12
6683;27
6684;85
6685;75
6686;20
6687;71
6688;36
6689;42
6690;7
6691;5
6692;15
6693;36
6694;66
6695;67
6696;68
6697;92
6698;46
6699;54
6700;78
6701;52
6702;34
6703;42
6704;48
6705;6
6706;7
6707;34
6708;5
6709;60
6710;80
6711;80
6712;48
6713;76
6714;81
6715;58
6716;10
6717;55
6718;54
6719;62
6720;73
6721;51
6722;52
6723;15
6724;10
6725;59
6726;58
6727;17
6728;6
6729;62
6730;76
6731;68
6732;69
6733;61
6734;30
6735;12
6736;11
6737;9
6738;58
6739;55
6740;79
6741;69
6742;33
6743;41
6744;32
6745;57
6746;52
6747;61
6748;13
6749;43
6750;51
6751;84
6752;78
6753;55
6754;52
6755;54
6756;84
6757;80
6758;34
6759;36
6760;3
6761;2
6762;50
6763;38
6764;46
6765;63
6766;11
6767;16
6768;69
6769;31
6770;57
6771;19
6772;72
6773;39
6774;72
6775;81
6776;40
6777;40
6778;30
6779;31
6780;56
6781;30
6782;52
6783;33
6784;13
6785;13
6786;11
6787;43
6788;68
6789;70
6790;19
6791;81
6792;77
6793;67
6794;49
6795;54
6796;54
6797;44
6798;30
6799;2
6800;41
6801;44
6802;9
6803;21
6804;52
6805;47
6806;74
6807;28
6808;31
6809;30
6810;6
6811;10
6812;49
6813;39
6814;37
6815;34
6816;9
6817;64
6818;24
6819;61
6820;67
6821;56
6822;34
6823;13
6824;48
6825;50
6826;41
6827;23
6828;55
6829;66
6830;66
6831;43
6832;47
6833;6
6834;3
6835;39
6836;47
6837;12
6838;14
6839;28
6840;48
6841;3
6842;3
6843;41
6844;44
6845;30
6846;69
6847;53
6848;21
6849;22
6850;1
6851;5
6852;3
6853;38
6854;1
6855;15
6856;98
6857;39
6858;43
6859;11
6860;13
6861;53
6862;91
6863;56
6864;78
6865;59
6866;20
6867;45
6868;53
6869;56
6870;20
6871;44
6872;64
6873;46
6874;61
6875;81
6876;55
6877;47
6878;6
6879;8
6880;48
6881;49
6882;3
6883;7
6884;35
6885;28
6886;41
6887;58
6888;67
6889;74
6890;56
6891;24
6892;25
6893;23
6894;63
6895;54
6896;37
6897;34
6898;9
6899;1
6900;8
6901;0
6902;49
6903;20
6904;59
6905;37
6906;64
6907;70
6908;47
6909;60
6910;45
6911;40
6912;0
6913;11
6914;37
6915;46
6916;6
6917;17
6918;21
6919;37
6920;55
6921;49
6922;62
6923;34
6924;43
6925;85
6926;20
6927;77
6928;19
6929;40
6930;44
6931;48
6932;13
6933;45
6934;31
6935;14
6936;15
6937;53
6938;65
6939;44
6940;31
6941;10
6942;6
6943;49
6944;67
6945;26
6946;66
6947;84
6948;50
6949;55
6950;45
6951;63
6952;48
6953;58
6954;85
6955;30
6956;3
6957;11
6958;13
6959;29
6960;30
6961;16
6962;8
6963;42
6964;4
6965;16
6966;6
6967;53
6968;71
6969;68
6970;19
6971;71
6972;20
6973;21
6974;1
6975;4
6976;16
6977;59
6978;69
6979;70
6980;46
6981;54
6982;72
6983;44
6984;19
6985;59
6986;56
6987;60
6988;55
6989;50
6990;33
6991;73
6992;53
6993;65
6994;19
6995;33
6996;56
6997;46
6998;49
6999;12
7000;3
7001;67
7002;27
7003;61
7004;78
7005;54
7006;80
7007;26
7008;37
7009;24
7010;51
7011;56
7012;51
7013;39
7014;19
7015;51
7016;19
7017;69
7018;52
7019;47
7020;25
7021;23
7022;66
7023;60
7024;60
7025;78
7026;60
7027;71
7028;30
7029;31
7030;4
7031;7
7032;33
7033;72
7034;51
7035;50
7036;10
7037;11
7038;35
7039;62
7040;8
7041;83
7042;76
7043;38
7044;42
7045;1
7046;11
7047;57
7048;28
7049;64
7050;56
7051;82
7052;56
7053;48
7054;28
7055;87
7056;32
7057;52
7058;29
7059;67
7060;46
7061;47
7062;24
7063;22
7064;43
7065;19
7066;25
7067;21
7068;20
7069;56
7070;26
7071;49
7072;24
7073;56
7074;6
7075;7
7076;39
7077;28
7078;54
7079;16
7080;13
7081;71
7082;55
7083;20
7084;56
7085;68
7086;47
7087;47
7088;68
7089;61
7090;55
7091;37
7092;50
7093;56
7094;12
7095;18
7096;55
7097;79
7098;32
7099;76
7100;47
7101;33
7102;18
7103;13
7104;8
7105;49
7106;33
7107;28
7108;1
7109;11
7110;26
7111;26
7112;49
7113;37
7114;39
7115;45
7116;1
7117;6
7118;0
7119;96
7120;76
7121;46
7122;32
7123;2
7124;7
7125;6
7126;61
7127;57
7128;52
7129;48
7130;49
7131;59
7132;31
7133;18
7134;9
7135;22
7136;24
7137;32
7138;26
7139;6
7140;12
7141;33
7142;21
7143;77
7144;46
7145;71
7146;39
7147;59
7148;52
7149;53
7150;10
7151;58
7152;22
7153;40
7154;36
7155;18
7156;56
7157;74
7158;75
7159;63
7160;52
7161;7
7162;33
7163;59
7164;11
7165;46
7166;64
7167;69
7168;55
7169;64
7170;29
7171;13
7172;17
7173;44
7174;67
7175;20
7176;49
7177;35
7178;9
7179;46
7180;65
7181;69
7182;64
7183;56
7184;34
7185;37
7186;30
7187;71
7188;64
7189;45
7190;31
7191;11
7192;32
7193;45
7194;14
7195;34
7196;47
7197;10
7198;15
7199;49
7200;51
7201;18
7202;9
7203;51
7204;45
7205;7
7206;16
7207;59
7208;51
7209;20
7210;64
7211;24
7212;74
7213;54
7214;29
7215;45
7216;54
7217;13
7218;37
7219;48
7220;6
7221;10
7222;6
7223;52
7224;58
7225;40
7226;9
7227;10
7228;44
7229;61
7230;12
7231;18
7232;32
7233;85
7234;65
7235;49
7236;51
7237;50
7238;59
7239;22
7240;64
7241;24
7242;49
7243;18
