1;78
2;60
3;28
4;72
5;26
6;42
7;24
8;46
9;48
10;91
11;76
12;60
13;23
14;83
15;71
16;21
17;58
18;58
19;61
20;60
21;26
22;55
23;32
24;21
25;34
26;97
27;34
28;58
29;95
30;43
31;33
32;25
33;35
34;44
35;7
36;9
37;21
38;62
39;49
40;58
41;28
42;53
43;44
44;38
45;0
46;16
47;89
48;80
49;81
50;77
51;33
52;31
53;16
54;65
55;68
56;38
57;39
58;15
59;18
60;38
61;32
62;57
63;33
64;20
65;35
66;46
67;31
68;49
69;46
70;68
71;41
72;19
73;54
74;40
75;19
76;31
77;16
78;4
79;1
80;0
81;62
82;72
83;75
84;68
85;62
86;62
87;61
88;35
89;21
90;66
91;29
92;62
93;53
94;84
95;59
96;80
97;56
98;34
99;48
100;57
101;11
102;11
103;16
104;12
105;58
106;76
107;66
108;20
109;34
110;2
111;24
112;82
113;52
114;81
115;66
116;75
117;55
118;88
119;34
120;61
121;44
122;70
123;69
124;45
125;67
126;42
127;86
128;24
129;73
130;21
131;19
132;19
133;23
134;71
135;92
136;22
137;56
138;59
139;70
140;33
141;20
142;4
143;0
144;63
145;50
146;65
147;72
148;37
149;45
150;15
151;18
152;94
153;59
154;36
155;80
156;60
157;22
158;37
159;2
160;11
161;61
162;36
163;30
164;46
165;78
166;56
167;68
168;27
169;68
170;64
171;35
172;7
173;82
174;28
175;35
176;44
177;34
178;1
179;4
180;18
181;36
182;20
183;18
184;4
185;20
186;22
187;18
188;67
189;73
190;51
191;30
192;7
193;24
194;19
195;67
196;32
197;36
198;31
199;61
200;56
201;57
202;41
203;57
204;44
205;11
206;11
207;46
208;47
209;67
210;53
211;49
212;42
213;0
214;10
215;6
216;63
217;68
218;22
219;46
220;43
221;49
222;23
223;83
224;87
225;19
226;44
227;20
228;65
229;24
230;57
231;58
232;67
233;66
234;57
235;64
236;54
237;88
238;59
239;62
240;18
241;8
242;53
243;48
244;58
245;55
246;36
247;11
248;71
249;62
250;63
251;60
252;80
253;52
254;83
255;28
256;31
257;10
258;11
259;51
260;79
261;31
262;68
263;67
264;57
265;73
266;63
267;20
268;91
269;91
270;37
271;60
272;58
273;15
274;46
275;57
276;31
277;72
278;70
279;24
280;76
281;53
282;47
283;6
284;44
285;51
286;10
287;18
288;64
289;54
290;60
291;16
292;51
293;24
294;46
295;40
296;7
297;54
298;27
299;14
300;8
301;82
302;52
303;51
304;36
305;5
306;65
307;56
308;57
309;21
310;63
311;50
312;24
313;91
314;72
315;75
316;61
317;56
318;17
319;6
320;26
321;59
322;12
323;6
324;66
325;59
326;47
327;47
328;51
329;57
330;22
331;68
332;58
333;77
334;78
335;50
336;73
337;36
338;51
339;8
340;13
341;56
342;49
343;18
344;12
345;12
346;12
347;74
348;25
349;84
350;19
351;25
352;45
353;34
354;10
355;2
356;46
357;59
358;73
359;35
360;27
361;16
362;5
363;3
364;52
365;62
366;63
367;16
368;9
369;30
370;56
371;7
372;47
373;22
374;64
375;35
376;32
377;48
378;11
379;47
380;55
381;43
382;35
383;12
384;59
385;48
386;38
387;28
388;59
389;7
390;15
391;73
392;48
393;81
394;55
395;41
396;26
397;78
398;60
399;56
400;46
401;36
402;74
403;57
404;36
405;21
406;48
407;5
408;14
409;59
410;74
411;22
412;34
413;19
414;23
415;90
416;52
417;62
418;19
419;28
420;22
421;50
422;13
423;30
424;28
425;12
426;7
427;45
428;68
429;73
430;76
431;54
432;40
433;53
434;43
435;59
436;46
437;6
438;6
439;93
440;75
441;66
442;43
443;39
444;36
445;8
446;4
447;66
448;72
449;32
450;27
451;12
452;14
453;24
454;21
455;9
456;18
457;49
458;25
459;3
460;18
461;45
462;24
463;6
464;4
465;40
466;45
467;46
468;14
469;75
470;52
471;19
472;24
473;19
474;66
475;53
476;19
477;35
478;71
479;68
480;64
481;88
482;52
483;60
484;70
485;48
486;52
487;8
488;17
489;16
490;57
491;29
492;32
493;9
494;3
495;47
496;11
497;62
498;60
499;45
500;36
501;2
502;3
503;18
504;64
505;64
506;58
507;32
508;37
509;25
510;55
511;53
512;14
513;8
514;60
515;55
516;17
517;11
518;15
519;31
520;35
521;6
522;66
523;56
524;54
525;68
526;53
527;60
528;19
529;55
530;38
531;53
532;11
533;14
534;16
535;35
536;48
537;15
538;11
539;11
540;59
541;64
542;21
543;57
544;56
545;18
546;8
547;75
548;71
549;78
550;40
551;8
552;68
553;62
554;52
555;64
556;85
557;78
558;56
559;47
560;56
561;36
562;7
563;7
564;59
565;61
566;74
567;72
568;45
569;31
570;16
571;14
572;60
573;46
574;69
575;69
576;25
577;32
578;2
579;62
580;21
581;74
582;91
583;59
584;78
585;57
586;78
587;69
588;67
589;64
590;74
591;29
592;40
593;16
594;9
595;58
596;63
597;50
598;71
599;55
600;61
601;24
602;35
603;49
604;48
605;8
606;16
607;76
608;82
609;24
610;54
611;39
612;59
613;24
614;25
615;43
616;36
617;2
618;2
619;51
620;50
621;42
622;62
623;13
624;16
625;80
626;62
627;69
628;27
629;77
630;44
631;68
632;52
633;71
634;23
635;30
636;8
637;5
638;31
639;54
640;47
641;32
642;73
643;71
644;20
645;86
646;59
647;29
648;22
649;0
650;68
651;90
652;33
653;52
654;32
655;84
656;48
657;6
658;17
659;37
660;36
661;2
662;4
663;1
664;60
665;95
666;64
667;72
668;28
669;73
670;27
671;37
672;9
673;0
674;62
675;33
676;68
677;73
678;24
679;50
680;54
681;56
682;45
683;16
684;35
685;43
686;12
687;1
688;22
689;23
690;53
691;48
692;6
693;13
694;61
695;65
696;37
697;44
698;14
699;37
700;4
701;12
702;75
703;42
704;70
705;37
706;44
707;15
708;13
709;45
710;35
711;27
712;10
713;0
714;3
715;19
716;24
717;47
718;32
719;18
720;54
721;26
722;64
723;12
724;18
725;38
726;60
727;72
728;48
729;41
730;9
731;11
732;45
733;34
734;5
735;42
736;45
737;7
738;15
739;44
740;1
741;72
742;55
743;34
744;61
745;88
746;26
747;37
748;62
749;72
750;73
751;65
752;56
753;31
754;45
755;3
756;58
757;68
758;52
759;87
760;54
761;57
762;69
763;65
764;34
765;47
766;12
767;16
768;47
769;64
770;68
771;21
772;22
773;62
774;89
775;81
776;48
777;67
778;37
779;31
780;37
781;26
782;11
783;18
784;74
785;50
786;66
787;42
788;46
789;82
790;64
791;59
792;17
793;20
794;32
795;7
796;88
797;45
798;25
799;37
800;23
801;22
802;48
803;64
804;39
805;44
806;55
807;33
808;10
809;60
810;47
811;49
812;15
813;9
814;61
815;72
816;21
817;45
818;11
819;14
820;34
821;78
822;19
823;34
824;53
825;10
826;16
827;37
828;29
829;1
830;3
831;72
832;50
833;19
834;17
835;51
836;68
837;40
838;13
839;76
840;80
841;46
842;38
843;56
844;76
845;55
846;60
847;44
848;9
849;13
850;53
851;19
852;33
853;8
854;2
855;63
856;91
857;57
858;34
859;61
860;63
861;73
862;49
863;62
864;69
865;73
866;52
867;28
868;38
869;8
870;14
871;1
872;37
873;19
874;22
875;2
876;9
877;79
878;52
879;65
880;55
881;28
882;76
883;67
884;19
885;21
886;5
887;13
888;52
889;59
890;67
891;49
892;49
893;10
894;6
895;88
896;51
897;38
898;50
899;46
900;7
901;12
902;50
903;86
904;37
905;24
906;27
907;36
908;47
909;40
910;15
911;84
912;59
913;79
914;68
915;87
916;76
917;35
918;9
919;35
920;57
921;40
922;27
923;88
924;73
925;23
926;21
927;29
928;78
929;79
930;53
931;45
932;45
933;8
934;36
935;25
936;20
937;46
938;54
939;15
940;87
941;65
942;59
943;79
944;75
945;54
946;71
947;52
948;32
949;11
950;8
951;34
952;23
953;25
954;23
955;58
956;33
957;15
958;13
959;58
960;41
961;45
962;23
963;54
964;74
965;45
966;47
967;14
968;13
969;47
970;27
971;11
972;7
973;14
974;12
975;52
976;41
977;30
978;2
979;5
980;9
981;55
982;69
983;61
984;50
985;58
986;59
987;84
988;60
989;26
990;60
991;91
992;30
993;75
994;80
995;55
996;60
997;56
998;71
999;81
1000;77
1001;47
1002;36
1003;9
1004;45
1005;48
1006;50
1007;17
1008;25
1009;64
1010;45
1011;30
1012;29
1013;34
1014;54
1015;34
1016;18
1017;50
1018;54
1019;67
1020;20
1021;44
1022;41
1023;18
1024;45
1025;44
1026;3
1027;13
1028;0
1029;21
1030;81
1031;90
1032;60
1033;62
1034;72
1035;56
1036;60
1037;54
1038;10
1039;84
1040;54
1041;20
1042;57
1043;54
1044;45
1045;30
1046;2
1047;72
1048;58
1049;67
1050;44
1051;75
1052;75
1053;56
1054;60
1055;64
1056;65
1057;75
1058;24
1059;52
1060;24
1061;60
1062;47
1063;61
1064;55
1065;44
1066;16
1067;9
1068;12
1069;77
1070;33
1071;62
1072;21
1073;90
1074;46
1075;46
1076;13
1077;32
1078;35
1079;17
1080;17
1081;94
1082;61
1083;53
1084;51
1085;41
1086;62
1087;8
1088;87
1089;65
1090;80
1091;53
1092;39
1093;71
1094;69
1095;50
1096;15
1097;79
1098;20
1099;32
1100;3
1101;39
1102;36
1103;15
1104;76
1105;68
1106;21
1107;1
1108;47
1109;21
1110;85
1111;33
1112;56
1113;18
1114;18
1115;21
1116;44
1117;3
1118;3
1119;9
1120;33
1121;40
1122;5
1123;1
1124;70
1125;48
1126;56
1127;32
1128;36
1129;12
1130;8
1131;63
1132;66
1133;65
1134;36
1135;8
1136;19
1137;20
1138;22
1139;39
1140;54
1141;67
1142;75
1143;49
1144;81
1145;19
1146;29
1147;44
1148;16
1149;4
1150;2
1151;32
1152;36
1153;3
1154;1
1155;35
1156;79
1157;35
1158;61
1159;11
1160;16
1161;43
1162;91
1163;33
1164;57
1165;13
1166;6
1167;61
1168;58
1169;73
1170;33
1171;34
1172;10
1173;93
1174;57
1175;68
1176;53
1177;43
1178;24
1179;64
1180;81
1181;22
1182;40
1183;25
1184;40
1185;2
1186;6
1187;63
1188;50
1189;59
1190;63
1191;85
1192;83
1193;70
1194;43
1195;56
1196;14
1197;18
1198;54
1199;51
1200;21
1201;62
1202;53
1203;13
1204;49
1205;60
1206;7
1207;11
1208;13
1209;60
1210;47
1211;60
1212;50
1213;27
1214;32
1215;12
1216;68
1217;63
1218;47
1219;20
1220;26
1221;1
1222;17
1223;28
1224;90
1225;75
1226;44
1227;32
1228;27
1229;11
1230;6
1231;25
1232;69
1233;84
1234;58
1235;31
1236;6
1237;47
1238;74
1239;32
1240;19
1241;4
1242;6
1243;23
1244;17
1245;4
1246;20
1247;23
1248;4
1249;5
1250;14
1251;60
1252;59
1253;70
1254;53
1255;27
1256;11
1257;8
1258;7
1259;48
1260;73
1261;56
1262;50
1263;10
1264;15
1265;16
1266;49
1267;58
1268;88
1269;42
1270;29
1271;21
1272;4
1273;10
1274;51
1275;44
1276;44
1277;60
1278;15
1279;6
1280;28
1281;27
1282;68
1283;26
1284;44
1285;13
1286;12
1287;39
1288;31
1289;12
1290;13
1291;7
1292;49
1293;35
1294;49
1295;44
1296;48
1297;15
1298;11
1299;61
1300;70
1301;60
1302;56
1303;72
1304;68
1305;62
1306;30
1307;29
1308;15
1309;1
1310;75
1311;46
1312;20
1313;71
1314;32
1315;51
1316;51
1317;44
1318;64
1319;7
1320;17
1321;51
1322;28
1323;49
1324;32
1325;8
1326;9
1327;15
1328;35
1329;49
1330;66
1331;41
1332;29
1333;23
1334;44
1335;2
1336;1
1337;2
1338;84
1339;74
1340;23
1341;27
1342;60
1343;52
1344;77
1345;26
1346;19
1347;43
1348;20
1349;2
1350;9
1351;5
1352;50
1353;70
1354;84
1355;39
1356;41
1357;8
1358;17
1359;15
1360;57
1361;53
1362;31
1363;33
1364;6
1365;8
1366;76
1367;70
1368;71
1369;50
1370;68
1371;61
1372;67
1373;92
1374;70
1375;72
1376;20
1377;35
1378;17
1379;34
1380;35
1381;7
1382;12
1383;8
1384;62
1385;51
1386;69
1387;75
1388;61
1389;54
1390;32
1391;60
1392;16
1393;48
1394;58
1395;14
1396;17
1397;36
1398;52
1399;74
1400;50
1401;39
1402;11
1403;74
1404;65
1405;57
1406;67
1407;86
1408;46
1409;44
1410;76
1411;57
1412;66
1413;50
1414;50
1415;18
1416;10
1417;38
1418;39
1419;46
1420;12
1421;44
1422;4
1423;53
1424;20
1425;32
1426;33
1427;2
1428;7
1429;49
1430;60
1431;59
1432;37
1433;34
1434;68
1435;58
1436;55
1437;51
1438;59
1439;11
1440;12
1441;9
1442;30
1443;8
1444;32
1445;71
1446;78
1447;37
1448;44
1449;10
1450;6
1451;60
1452;67
1453;19
1454;44
1455;1
1456;5
1457;64
1458;36
1459;34
1460;71
1461;40
1462;60
1463;41
1464;14
1465;6
1466;31
1467;60
1468;88
1469;53
1470;61
1471;80
1472;77
1473;40
1474;12
1475;43
1476;24
1477;18
1478;6
1479;53
1480;54
1481;53
1482;60
1483;64
1484;55
1485;54
1486;58
1487;45
1488;33
1489;12
1490;3
1491;78
1492;52
1493;81
1494;60
1495;38
1496;33
1497;36
1498;4
1499;5
1500;74
1501;25
1502;24
1503;21
1504;55
1505;57
1506;66
1507;42
1508;64
1509;24
1510;78
1511;20
1512;49
1513;61
1514;71
1515;50
1516;72
1517;34
1518;34
1519;46
1520;10
1521;14
1522;50
1523;38
1524;40
1525;6
1526;10
1527;17
1528;71
1529;28
1530;35
1531;2
1532;18
1533;5
1534;25
1535;30
1536;1
1537;5
1538;0
1539;65
1540;55
1541;53
1542;53
1543;77
1544;57
1545;37
1546;13
1547;11
1548;70
1549;23
1550;80
1551;74
1552;75
1553;53
1554;48
1555;69
1556;32
1557;26
1558;2
1559;2
1560;1
1561;7
1562;38
1563;12
1564;7
1565;84
1566;58
1567;34
1568;20
1569;68
1570;62
1571;52
1572;54
1573;62
1574;8
1575;14
1576;35
1577;27
1578;6
1579;13
1580;55
1581;32
1582;20
1583;19
1584;21
1585;61
1586;23
1587;29
1588;47
1589;4
1590;0
1591;37
1592;48
1593;85
1594;61
1595;49
1596;8
1597;69
1598;68
1599;49
1600;78
1601;57
1602;72
1603;69
1604;35
1605;45
1606;10
1607;8
1608;54
1609;26
1610;60
1611;79
1612;43
1613;57
1614;41
1615;24
1616;2
1617;10
1618;40
1619;45
1620;37
1621;12
1622;15
1623;30
1624;20
1625;75
1626;43
1627;22
1628;64
1629;36
1630;12
1631;6
1632;58
1633;43
1634;9
1635;8
1636;21
1637;69
1638;46
1639;10
1640;39
1641;48
1642;4
1643;1
1644;14
1645;67
1646;64
1647;47
1648;80
1649;21
1650;20
1651;24
1652;19
1653;34
1654;68
1655;47
1656;51
1657;21
1658;20
1659;60
1660;18
1661;13
1662;42
1663;10
1664;78
1665;29
1666;71
1667;46
1668;53
1669;38
1670;34
1671;28
1672;6
1673;16
1674;71
1675;65
1676;75
1677;21
1678;35
1679;60
1680;51
1681;37
1682;6
1683;18
1684;26
1685;62
1686;53
1687;13
1688;11
1689;50
1690;19
1691;73
1692;46
1693;27
1694;27
1695;3
1696;5
1697;21
1698;80
1699;54
1700;44
1701;47
1702;13
1703;53
1704;64
1705;20
1706;51
1707;32
1708;51
1709;34
1710;35
1711;47
1712;14
1713;17
1714;46
1715;52
1716;6
1717;54
1718;48
1719;52
1720;32
1721;44
1722;31
1723;15
1724;62
1725;60
1726;52
1727;68
1728;75
1729;84
1730;49
1731;9
1732;59
1733;75
1734;44
1735;21
1736;42
1737;86
1738;63
1739;84
1740;66
1741;68
1742;37
1743;62
1744;73
1745;69
1746;46
1747;45
1748;37
1749;16
1750;14
1751;30
1752;35
1753;47
1754;16
1755;14
1756;16
1757;76
1758;21
1759;35
1760;51
1761;16
1762;13
1763;9
1764;37
1765;49
1766;68
1767;33
1768;42
1769;11
1770;13
1771;49
1772;38
1773;39
1774;38
1775;11
1776;12
1777;36
1778;32
1779;45
1780;4
1781;75
1782;58
1783;40
1784;30
1785;9
1786;12
1787;36
1788;35
1789;6
1790;8
1791;14
1792;43
1793;21
1794;18
1795;54
1796;26
1797;36
1798;89
1799;27
1800;15
1801;62
1802;20
1803;27
1804;16
1805;11
1806;13
1807;50
1808;45
1809;8
1810;16
1811;37
1812;36
1813;14
1814;6
1815;34
1816;47
1817;15
1818;11
1819;66
1820;70
1821;68
1822;53
1823;52
1824;12
1825;12
1826;10
1827;64
1828;67
1829;48
1830;39
1831;73
1832;50
1833;60
1834;11
1835;17
1836;61
1837;26
1838;69
1839;56
1840;75
1841;53
1842;69
1843;48
1844;50
1845;8
1846;10
1847;41
1848;1
1849;10
1850;70
1851;81
1852;60
1853;77
1854;85
1855;55
1856;79
1857;63
1858;59
1859;12
1860;13
1861;35
1862;33
1863;8
1864;16
1865;46
1866;56
1867;25
1868;2
1869;1
1870;59
1871;81
1872;91
1873;61
1874;32
1875;18
1876;11
1877;13
1878;33
1879;63
1880;69
1881;33
1882;19
1883;64
1884;10
1885;38
1886;43
1887;4
1888;8
1889;48
1890;45
1891;36
1892;53
1893;60
1894;29
1895;22
1896;21
1897;21
1898;48
1899;6
1900;5
1901;60
1902;62
1903;47
1904;38
1905;17
1906;0
1907;24
1908;51
1909;19
1910;36
1911;24
1912;33
1913;4
1914;49
1915;76
1916;68
1917;64
1918;36
1919;18
1920;6
1921;16
1922;44
1923;43
1924;18
1925;31
1926;48
1927;39
1928;11
1929;9
1930;36
1931;59
1932;53
1933;76
1934;40
1935;56
1936;8
1937;62
1938;50
1939;54
1940;73
1941;36
1942;49
1943;64
1944;28
1945;61
1946;52
1947;49
1948;71
1949;42
1950;32
1951;9
1952;11
1953;39
1954;41
1955;49
1956;18
1957;9
1958;73
1959;46
1960;74
1961;57
1962;47
1963;43
1964;4
1965;3
1966;13
1967;22
1968;28
1969;31
1970;0
1971;9
1972;19
1973;70
1974;70
1975;70
1976;74
1977;74
1978;51
1979;49
1980;20
1981;46
1982;45
1983;6
1984;13
1985;18
1986;43
1987;79
1988;68
1989;60
1990;65
1991;58
1992;48
1993;51
1994;32
1995;30
1996;46
1997;6
1998;12
1999;18
2000;62
2001;68
2002;51
2003;55
2004;55
2005;40
2006;12
2007;56
2008;32
2009;14
2010;7
2011;74
2012;63
2013;70
2014;59
2015;39
2016;15
2017;9
2018;7
2019;47
2020;47
2021;10
2022;9
2023;55
2024;91
2025;43
2026;20
2027;19
2028;68
2029;35
2030;63
2031;41
2032;47
2033;7
2034;9
2035;27
2036;75
2037;78
2038;39
2039;58
2040;69
2041;60
2042;53
2043;79
2044;54
2045;47
2046;46
2047;84
2048;69
2049;68
2050;61
2051;34
2052;44
2053;18
2054;59
2055;26
2056;21
2057;34
2058;0
2059;56
2060;66
2061;40
2062;52
2063;33
2064;40
2065;13
2066;0
2067;66
2068;53
2069;20
2070;20
2071;40
2072;13
2073;50
2074;48
2075;76
2076;48
2077;72
2078;50
2079;50
2080;49
2081;41
2082;12
2083;6
2084;68
2085;52
2086;30
2087;17
2088;8
2089;74
2090;53
2091;31
2092;75
2093;76
2094;86
2095;66
2096;68
2097;19
2098;45
2099;3
2100;3
2101;59
2102;70
2103;37
2104;39
2105;8
2106;7
2107;58
2108;38
2109;6
2110;6
2111;71
2112;66
2113;54
2114;59
2115;57
2116;40
2117;60
2118;67
2119;20
2120;31
2121;44
2122;26
2123;21
2124;50
2125;52
2126;6
2127;17
2128;45
2129;22
2130;4
2131;9
2132;53
2133;38
2134;17
2135;10
2136;66
2137;24
2138;45
2139;75
2140;62
2141;35
2142;45
2143;5
2144;3
2145;53
2146;42
2147;64
2148;68
2149;68
2150;58
2151;45
2152;40
2153;64
2154;61
2155;65
2156;20
2157;57
2158;47
2159;25
2160;37
2161;7
2162;1
2163;73
2164;66
2165;50
2166;48
2167;61
2168;32
2169;46
2170;16
2171;15
2172;27
2173;47
2174;14
2175;14
2176;40
2177;15
2178;53
2179;64
2180;61
2181;53
2182;72
2183;46
2184;86
2185;76
2186;27
2187;57
2188;48
2189;31
2190;61
2191;62
2192;53
2193;38
2194;73
2195;62
2196;78
2197;51
2198;60
2199;58
2200;78
2201;23
2202;58
2203;71
2204;87
2205;73
2206;35
2207;43
2208;21
2209;2
2210;46
2211;11
2212;25
2213;81
2214;50
2215;44
2216;15
2217;41
2218;75
2219;60
2220;43
2221;60
2222;89
2223;54
2224;83
2225;49
2226;57
2227;59
2228;35
2229;12
2230;6
2231;68
2232;83
2233;52
2234;31
2235;32
2236;5
2237;12
2238;89
2239;48
2240;23
2241;55
2242;43
2243;40
2244;3
2245;2
2246;0
2247;20
2248;49
2249;1
2250;1
2251;42
2252;32
2253;16
2254;11
2255;85
2256;32
2257;54
2258;76
2259;40
2260;20
2261;33
2262;59
2263;51
2264;26
2265;35
2266;44
2267;65
2268;64
2269;56
2270;67
2271;85
2272;29
2273;13
2274;52
2275;66
2276;74
2277;44
2278;62
2279;79
2280;53
2281;36
2282;31
2283;43
2284;7
2285;76
2286;83
2287;61
2288;46
2289;62
2290;6
2291;46
2292;49
2293;35
2294;32
2295;2
2296;3
2297;56
2298;43
2299;70
2300;26
2301;39
2302;12
2303;13
2304;31
2305;76
2306;51
2307;71
2308;60
2309;45
2310;34
2311;18
2312;5
2313;35
2314;62
2315;49
2316;31
2317;74
2318;23
2319;56
2320;40
2321;68
2322;61
2323;23
2324;36
2325;0
2326;4
2327;14
2328;64
2329;64
2330;47
2331;16
2332;32
2333;22
2334;53
2335;29
2336;54
2337;60
2338;65
2339;63
2340;85
2341;49
2342;49
2343;36
2344;15
2345;13
2346;68
2347;49
2348;37
2349;60
2350;10
2351;21
2352;80
2353;66
2354;68
2355;63
2356;32
2357;19
2358;46
2359;60
2360;44
2361;19
2362;72
2363;60
2364;42
2365;30
2366;16
2367;6
2368;79
2369;53
2370;27
2371;51
2372;72
2373;61
2374;59
2375;31
2376;59
2377;44
2378;62
2379;15
2380;6
2381;40
2382;22
2383;56
2384;68
2385;56
2386;59
2387;61
2388;67
2389;57
2390;90
2391;36
2392;61
2393;47
2394;20
2395;70
2396;57
2397;61
2398;36
2399;82
2400;19
2401;88
2402;68
2403;88
2404;62
2405;58
2406;11
2407;12
2408;23
2409;52
2410;49
2411;63
2412;68
2413;68
2414;58
2415;54
2416;50
2417;66
2418;46
2419;60
2420;74
2421;52
2422;54
2423;44
2424;62
2425;22
2426;36
2427;4
2428;36
2429;31
2430;7
2431;5
2432;58
2433;25
2434;46
2435;19
2436;19
2437;23
2438;48
2439;56
2440;44
2441;48
2442;16
2443;16
2444;51
2445;61
2446;81
2447;35
2448;49
2449;39
2450;51
2451;62
2452;25
2453;59
2454;92
2455;64
2456;70
2457;60
2458;45
2459;57
2460;71
2461;47
2462;61
2463;15
2464;18
2465;12
2466;10
2467;60
2468;67
2469;58
2470;6
2471;17
2472;40
2473;68
2474;66
2475;54
2476;91
2477;47
2478;69
2479;42
2480;67
2481;75
2482;45
2483;45
2484;76
2485;27
2486;58
2487;6
2488;11
2489;8
2490;24
2491;75
2492;56
2493;20
2494;45
2495;45
2496;16
2497;87
2498;87
2499;50
2500;63
2501;45
2502;11
2503;34
2504;46
2505;1
2506;0
2507;21
2508;75
2509;38
2510;64
2511;60
2512;83
2513;60
2514;86
2515;47
2516;66
2517;62
2518;47
2519;21
2520;47
2521;30
2522;36
2523;46
2524;16
2525;6
2526;10
2527;60
2528;24
2529;66
2530;56
2531;76
2532;47
2533;30
2534;4
2535;38
2536;26
2537;12
2538;14
2539;41
2540;31
2541;18
2542;35
2543;36
2544;3
2545;31
2546;20
2547;64
2548;61
2549;32
2550;8
2551;88
2552;24
2553;49
2554;57
2555;42
2556;29
2557;42
2558;11
2559;44
2560;58
2561;8
2562;6
2563;15
2564;46
2565;71
2566;54
2567;92
2568;28
2569;8
2570;62
2571;61
2572;35
2573;22
2574;42
2575;12
2576;15
2577;47
2578;44
2579;5
2580;2
2581;1
2582;22
2583;47
2584;64
2585;41
2586;55
2587;48
2588;15
2589;15
2590;21
2591;55
2592;89
2593;33
2594;29
2595;6
2596;17
2597;21
2598;35
2599;57
2600;49
2601;30
2602;66
2603;73
2604;57
2605;56
2606;75
2607;26
2608;28
2609;71
2610;64
2611;27
2612;13
2613;30
2614;52
2615;54
2616;40
2617;20
2618;1
2619;3
2620;4
2621;52
2622;50
2623;73
2624;61
2625;53
2626;57
2627;72
2628;73
2629;28
2630;80
2631;41
2632;60
2633;8
2634;15
2635;61
2636;37
2637;15
2638;50
2639;85
2640;63
2641;74
2642;60
2643;47
2644;35
2645;30
2646;18
2647;10
2648;66
2649;28
2650;62
2651;51
2652;46
2653;25
2654;1
2655;1
2656;46
2657;42
2658;63
2659;45
2660;62
2661;7
2662;13
2663;77
2664;70
2665;49
2666;43
2667;13
2668;17
2669;8
2670;15
2671;64
2672;55
2673;19
2674;35
2675;63
2676;43
2677;17
2678;28
2679;78
2680;22
2681;87
2682;51
2683;24
2684;31
2685;13
2686;8
2687;49
2688;29
2689;60
2690;54
2691;56
2692;27
2693;63
2694;62
2695;49
2696;50
2697;50
2698;21
2699;36
2700;16
2701;4
2702;58
2703;37
2704;20
2705;68
2706;54
2707;34
2708;57
2709;59
2710;72
2711;63
2712;63
2713;28
2714;49
2715;28
2716;2
2717;4
2718;15
2719;27
2720;73
2721;56
2722;52
2723;13
2724;78
2725;53
2726;61
2727;42
2728;25
2729;58
2730;51
2731;65
2732;62
2733;21
2734;48
2735;46
2736;66
2737;30
2738;63
2739;25
2740;48
2741;79
2742;83
2743;53
2744;41
2745;17
2746;71
2747;76
2748;65
2749;38
2750;52
2751;14
2752;17
2753;57
2754;54
2755;35
2756;8
2757;6
2758;12
2759;43
2760;66
2761;87
2762;53
2763;80
2764;91
2765;22
2766;39
2767;55
2768;8
2769;11
2770;64
2771;34
2772;4
2773;2
2774;12
2775;54
2776;32
2777;48
2778;42
2779;23
2780;45
2781;43
2782;46
2783;50
2784;46
2785;59
2786;20
2787;48
2788;86
2789;35
2790;22
2791;25
2792;27
2793;68
2794;21
2795;62
2796;66
2797;76
2798;19
2799;55
2800;29
2801;10
2802;7
2803;13
2804;50
2805;9
2806;80
2807;24
2808;44
2809;21
2810;19
2811;21
2812;72
2813;71
2814;31
2815;45
2816;2
2817;8
2818;33
2819;76
2820;54
2821;61
2822;80
2823;77
2824;38
2825;50
2826;89
2827;90
2828;46
2829;25
2830;3
2831;43
2832;47
2833;54
2834;55
2835;27
2836;33
2837;7
2838;3
2839;68
2840;61
2841;49
2842;7
2843;47
2844;39
2845;14
2846;0
2847;74
2848;94
2849;47
2850;40
2851;12
2852;17
2853;9
2854;39
2855;41
2856;6
2857;0
2858;87
2859;59
2860;33
2861;36
2862;4
2863;69
2864;52
2865;67
2866;26
2867;59
2868;65
2869;30
2870;52
2871;36
2872;9
2873;9
2874;46
2875;40
2876;48
2877;16
2878;91
2879;36
2880;46
2881;14
2882;15
2883;73
2884;82
2885;37
2886;77
2887;38
2888;38
2889;10
2890;17
2891;48
2892;27
2893;14
2894;57
2895;33
2896;31
2897;16
2898;4
2899;30
2900;43
2901;11
2902;47
2903;24
2904;41
2905;77
2906;88
2907;32
2908;50
2909;8
2910;18
2911;62
2912;37
2913;11
2914;14
2915;6
2916;47
2917;48
2918;34
2919;35
2920;3
2921;7
2922;45
2923;55
2924;17
2925;15
2926;25
2927;80
2928;61
2929;46
2930;36
2931;61
2932;71
2933;66
2934;47
2935;66
2936;54
2937;77
2938;37
2939;74
2940;41
2941;12
2942;9
2943;76
2944;64
2945;75
2946;59
2947;62
2948;22
2949;59
2950;84
2951;54
2952;28
2953;59
2954;74
2955;55
2956;61
2957;17
2958;55
2959;31
2960;75
2961;78
2962;59
2963;74
2964;34
2965;42
2966;4
2967;2
2968;48
2969;56
2970;55
2971;21
2972;22
2973;24
2974;75
2975;71
2976;22
2977;70
2978;67
2979;65
2980;71
2981;77
2982;80
2983;45
2984;77
2985;63
2986;36
2987;68
2988;70
2989;49
2990;35
2991;13
2992;17
2993;76
2994;54
2995;86
2996;52
2997;58
2998;50
2999;79
3000;69
3001;54
3002;50
3003;13
3004;8
3005;10
3006;20
3007;42
3008;9
3009;4
3010;9
3011;9
3012;66
3013;20
3014;60
3015;33
3016;57
3017;13
3018;64
3019;72
3020;60
3021;59
3022;51
3023;28
3024;11
3025;38
3026;78
3027;36
3028;40
3029;10
3030;12
3031;43
3032;62
3033;8
3034;46
3035;61
3036;73
3037;67
3038;76
3039;22
3040;34
3041;35
3042;13
3043;0
3044;3
3045;64
3046;56
3047;37
3048;50
3049;15
3050;64
3051;89
3052;56
3053;53
3054;53
3055;42
3056;7
3057;15
3058;56
3059;68
3060;47
3061;36
3062;54
3063;71
3064;52
3065;58
3066;59
3067;90
3068;37
3069;47
3070;15
3071;8
3072;43
3073;30
3074;3
3075;0
3076;13
3077;58
3078;32
3079;31
3080;7
3081;9
3082;0
3083;75
3084;53
3085;43
3086;85
3087;72
3088;84
3089;68
3090;66
3091;66
3092;39
3093;46
3094;13
3095;6
3096;50
3097;56
3098;26
3099;62
3100;36
3101;20
3102;19
3103;28
3104;57
3105;28
3106;40
3107;11
3108;20
3109;66
3110;20
3111;62
3112;45
3113;21
3114;45
3115;33
3116;11
3117;44
3118;37
3119;0
3120;31
3121;56
3122;91
3123;59
3124;62
3125;62
3126;28
3127;31
3128;12
3129;5
3130;49
3131;67
3132;66
3133;47
3134;89
3135;87
3136;46
3137;28
3138;5
3139;4
3140;56
3141;53
3142;52
3143;60
3144;59
3145;51
3146;33
3147;21
3148;21
3149;26
3150;44
3151;15
3152;23
3153;87
3154;66
3155;56
3156;61
3157;61
3158;29
3159;58
3160;63
3161;64
3162;10
3163;46
3164;20
3165;12
3166;17
3167;64
3168;21
3169;65
3170;21
3171;30
3172;25
3173;32
3174;60
3175;85
3176;43
3177;70
3178;53
3179;79
3180;45
3181;45
3182;5
3183;10
3184;48
3185;39
3186;12
3187;1
3188;16
3189;26
3190;45
3191;3
3192;2
3193;38
3194;47
3195;79
3196;19
3197;24
3198;27
3199;23
3200;68
3201;64
3202;16
3203;61
3204;67
3205;51
3206;23
3207;30
3208;1
3209;1
3210;2
3211;61
3212;53
3213;67
3214;53
3215;66
3216;21
3217;52
3218;52
3219;66
3220;66
3221;57
3222;79
3223;49
3224;59
3225;64
3226;80
3227;49
3228;61
3229;73
3230;21
3231;54
3232;95
3233;64
3234;47
3235;44
3236;10
3237;17
3238;90
3239;51
3240;47
3241;45
3242;16
3243;10
3244;64
3245;52
3246;71
3247;32
3248;30
3249;18
3250;18
3251;3
3252;0
3253;48
3254;67
3255;69
3256;62
3257;63
3258;62
3259;14
3260;13
3261;90
3262;37
3263;26
3264;65
3265;37
3266;56
3267;64
3268;74
3269;52
3270;47
3271;98
3272;19
3273;64
3274;65
3275;60
3276;47
3277;74
3278;35
3279;37
3280;61
3281;9
3282;18
3283;20
3284;41
3285;18
3286;12
3287;20
3288;81
3289;79
3290;71
3291;45
3292;60
3293;72
3294;54
3295;73
3296;66
3297;48
3298;23
3299;40
3300;82
3301;58
3302;35
3303;57
3304;18
3305;12
3306;35
3307;42
3308;13
3309;16
3310;10
3311;62
3312;88
3313;33
3314;50
3315;47
3316;14
3317;7
3318;35
3319;62
3320;16
3321;10
3322;52
3323;40
3324;9
3325;8
3326;17
3327;65
3328;66
3329;63
3330;75
3331;67
3332;29
3333;46
3334;70
3335;28
3336;51
3337;24
3338;24
3339;49
3340;51
3341;60
3342;20
3343;35
3344;54
3345;10
3346;38
3347;34
3348;55
3349;58
3350;32
3351;17
3352;9
3353;34
3354;37
3355;2
3356;21
3357;23
3358;46
3359;50
3360;12
3361;15
3362;21
3363;21
3364;24
3365;47
3366;73
3367;59
3368;6
3369;85
3370;60
3371;42
3372;41
3373;64
3374;6
3375;23
3376;51
3377;28
3378;19
3379;31
3380;5
3381;11
3382;0
3383;49
3384;42
3385;5
3386;3
3387;11
3388;70
3389;63
3390;22
3391;32
3392;56
3393;79
3394;53
3395;56
3396;43
3397;61
3398;36
3399;83
3400;38
3401;67
3402;66
3403;49
3404;53
3405;66
3406;26
3407;61
3408;9
3409;74
3410;73
3411;46
3412;57
3413;50
3414;24
3415;43
3416;3
3417;4
3418;64
3419;57
3420;60
3421;60
3422;21
3423;45
3424;72
3425;52
3426;10
3427;73
3428;65
3429;33
3430;18
3431;42
3432;51
3433;53
3434;84
3435;65
3436;51
3437;10
3438;12
3439;31
3440;30
3441;20
3442;54
3443;27
3444;86
3445;35
3446;36
3447;13
3448;11
3449;15
3450;1
3451;29
3452;60
3453;56
3454;59
3455;33
3456;66
3457;19
3458;45
3459;46
3460;11
3461;12
3462;32
3463;44
3464;10
3465;15
3466;45
3467;19
3468;22
3469;35
3470;57
3471;58
3472;26
3473;11
3474;53
3475;80
3476;20
3477;20
3478;73
3479;74
3480;50
3481;65
3482;49
3483;50
3484;48
3485;19
3486;5
3487;12
3488;82
3489;62
3490;55
3491;46
3492;58
3493;18
3494;17
3495;52
3496;9
3497;41
3498;57
3499;67
3500;64
3501;61
3502;44
3503;11
3504;14
3505;35
3506;58
3507;13
3508;12
3509;93
3510;53
3511;21
3512;19
3513;19
3514;72
3515;52
3516;25
3517;48
3518;13
3519;46
3520;50
3521;64
3522;46
3523;18
3524;13
3525;18
3526;55
3527;19
3528;33
3529;17
3530;12
3531;0
3532;46
3533;47
3534;17
3535;10
3536;61
3537;67
3538;64
3539;30
3540;57
3541;23
3542;35
3543;12
3544;14
3545;87
3546;60
3547;39
3548;44
3549;9
3550;10
3551;29
3552;58
3553;23
3554;20
3555;58
3556;79
3557;60
3558;33
3559;38
3560;17
3561;8
3562;58
3563;32
3564;62
3565;63
3566;53
3567;60
3568;53
3569;45
3570;86
3571;30
3572;34
3573;13
3574;9
3575;51
3576;53
3577;61
3578;71
3579;37
3580;48
3581;28
3582;7
3583;18
3584;90
3585;64
3586;60
3587;43
3588;42
3589;4
3590;4
3591;73
3592;36
3593;38
3594;5
3595;5
3596;0
3597;77
3598;27
3599;20
3600;3
3601;33
3602;32
3603;3
3604;81
3605;21
3606;34
3607;30
3608;5
3609;16
3610;4
3611;85
3612;24
3613;13
3614;4
3615;81
3616;58
3617;41
3618;31
3619;4
3620;2
3621;51
3622;60
3623;43
3624;53
3625;69
3626;69
3627;36
3628;60
3629;64
3630;85
3631;91
3632;80
3633;78
3634;87
3635;22
3636;63
3637;51
3638;74
3639;76
3640;77
3641;64
3642;48
3643;61
3644;41
3645;10
3646;15
3647;35
3648;85
3649;44
3650;28
3651;16
3652;12
3653;61
3654;40
3655;51
3656;23
3657;64
3658;22
3659;59
3660;66
3661;56
3662;45
3663;46
3664;17
3665;30
3666;29
3667;10
3668;16
3669;56
3670;58
3671;49
3672;67
3673;92
3674;71
3675;36
3676;92
3677;58
3678;49
3679;49
3680;76
3681;19
3682;22
3683;35
3684;53
3685;47
3686;30
3687;11
3688;17
3689;18
3690;64
3691;9
3692;46
3693;62
3694;11
3695;10
3696;13
3697;26
3698;19
3699;6
3700;18
3701;0
3702;62
3703;55
3704;85
3705;48
3706;30
3707;56
3708;15
3709;11
3710;17
3711;85
3712;79
3713;70
3714;77
3715;68
3716;54
3717;52
3718;48
3719;18
3720;13
3721;35
3722;44
3723;17
3724;22
3725;66
3726;32
3727;61
3728;55
3729;14
3730;23
3731;22
3732;24
3733;60
3734;28
3735;57
3736;34
3737;32
3738;13
3739;6
3740;32
3741;30
3742;53
3743;8
3744;8
3745;25
3746;37
3747;60
3748;24
3749;20
3750;21
3751;59
3752;9
3753;30
3754;57
3755;15
3756;10
3757;76
3758;67
3759;43
3760;66
3761;68
3762;64
3763;51
3764;17
3765;13
3766;48
3767;65
3768;30
3769;56
3770;18
3771;18
3772;17
3773;31
3774;35
3775;7
3776;20
3777;30
3778;16
3779;0
3780;28
3781;47
3782;7
3783;49
3784;80
3785;25
3786;23
3787;58
3788;19
3789;0
3790;15
3791;91
3792;64
3793;28
3794;35
3795;16
3796;15
3797;31
3798;27
3799;24
3800;49
3801;42
3802;66
3803;19
3804;27
3805;11
3806;8
3807;44
3808;54
3809;25
3810;34
3811;32
3812;18
3813;16
3814;45
3815;71
3816;75
3817;91
3818;51
3819;49
3820;27
3821;15
3822;9
3823;55
3824;28
3825;33
3826;5
3827;47
3828;59
3829;33
3830;52
3831;46
3832;59
3833;61
3834;59
3835;12
3836;9
3837;46
3838;62
3839;19
3840;32
3841;7
3842;7
3843;53
3844;58
3845;46
3846;33
3847;8
3848;34
3849;63
3850;18
3851;9
3852;17
3853;42
3854;48
3855;16
3856;12
3857;65
3858;51
3859;53
3860;23
3861;45
3862;46
3863;1
3864;4
3865;0
3866;57
3867;35
3868;45
3869;0
3870;9
3871;1
3872;33
3873;20
3874;43
3875;24
3876;19
3877;71
3878;44
3879;69
3880;58
3881;23
3882;23
3883;70
3884;54
3885;67
3886;21
3887;83
3888;28
3889;53
3890;14
3891;6
3892;9
3893;68
3894;19
3895;54
3896;38
3897;37
3898;75
3899;39
3900;86
3901;74
3902;77
3903;32
3904;47
3905;45
3906;37
3907;32
3908;2
3909;55
3910;68
3911;76
3912;19
3913;25
3914;38
3915;20
3916;67
3917;75
3918;65
3919;57
3920;88
3921;60
3922;62
3923;56
3924;78
3925;34
3926;15
3927;6
3928;46
3929;50
3930;9
3931;17
3932;59
3933;36
3934;17
3935;13
3936;58
3937;93
3938;26
3939;50
3940;36
3941;45
3942;9
3943;1
3944;60
3945;74
3946;71
3947;67
3948;63
3949;30
3950;42
3951;6
3952;23
3953;57
3954;27
3955;63
3956;40
3957;48
3958;7
3959;6
3960;57
3961;76
3962;61
3963;66
3964;90
3965;43
3966;24
3967;74
3968;90
3969;46
3970;34
3971;18
3972;15
3973;57
3974;26
3975;69
3976;91
3977;25
3978;58
3979;57
3980;45
3981;54
3982;56
3983;64
3984;60
3985;62
3986;35
3987;50
3988;52
3989;48
3990;67
3991;51
3992;70
3993;19
3994;52
3995;39
3996;14
3997;12
3998;13
3999;65
4000;26
4001;71
4002;24
4003;69
4004;55
4005;38
4006;65
4007;83
4008;51
4009;81
4010;65
4011;64
4012;27
4013;24
4014;63
4015;51
4016;68
4017;48
4018;90
4019;30
4020;60
4021;15
4022;40
4023;63
4024;12
4025;7
4026;36
4027;36
4028;1
4029;10
4030;9
4031;3
4032;4
4033;60
4034;49
4035;63
4036;64
4037;19
4038;49
4039;49
4040;24
4041;44
4042;10
4043;1
4044;64
4045;70
4046;31
4047;26
4048;2
4049;17
4050;2
4051;57
4052;48
4053;26
4054;8
4055;18
4056;32
4057;62
4058;36
4059;54
4060;33
4061;84
4062;53
4063;52
4064;57
4065;59
4066;11
4067;10
4068;14
4069;51
4070;26
4071;20
4072;76
4073;25
4074;35
4075;61
4076;45
4077;35
4078;12
4079;1
4080;15
4081;59
4082;47
4083;96
4084;71
4085;54
4086;53
4087;63
4088;39
4089;7
4090;9
4091;44
4092;59
4093;14
4094;7
4095;14
4096;22
4097;51
4098;58
4099;18
4100;9
4101;90
4102;45
4103;38
4104;64
4105;21
4106;69
4107;48
4108;61
4109;61
4110;55
4111;25
4112;66
4113;45
4114;61
4115;7
4116;15
4117;23
4118;49
4119;18
4120;30
4121;18
4122;8
4123;46
4124;80
4125;67
4126;57
4127;56
4128;72
4129;66
4130;38
4131;37
4132;23
4133;80
4134;19
4135;53
4136;65
4137;46
4138;56
4139;18
4140;8
4141;40
4142;7
4143;44
4144;55
4145;70
4146;53
4147;70
4148;81
4149;47
4150;53
4151;17
4152;8
4153;71
4154;81
4155;33
4156;0
4157;6
4158;67
4159;60
4160;58
4161;13
4162;15
4163;64
4164;64
4165;33
4166;62
4167;64
4168;62
4169;12
4170;10
4171;9
4172;77
4173;24
4174;72
4175;61
4176;64
4177;44
4178;62
4179;48
4180;23
4181;39
4182;6
4183;1
4184;41
4185;34
4186;16
4187;3
4188;62
4189;36
4190;46
4191;9
4192;17
4193;31
4194;59
4195;75
4196;25
4197;46
4198;6
4199;40
4200;27
4201;14
4202;24
4203;24
4204;49
4205;56
4206;54
4207;61
4208;87
4209;84
4210;47
4211;58
4212;39
4213;14
4214;17
4215;35
4216;49
4217;15
4218;16
4219;48
4220;51
4221;11
4222;75
4223;19
4224;66
4225;47
4226;13
4227;68
4228;72
4229;70
4230;27
4231;53
4232;69
4233;53
4234;6
4235;17
4236;60
4237;54
4238;66
4239;54
4240;49
4241;38
4242;17
4243;64
4244;66
4245;50
4246;29
4247;48
4248;9
4249;11
4250;38
4251;37
4252;13
4253;2
4254;75
4255;74
4256;27
4257;73
4258;78
4259;53
4260;32
4261;45
4262;7
4263;15
4264;52
4265;61
4266;40
4267;18
4268;7
4269;53
4270;63
4271;43
4272;44
4273;13
4274;4
4275;7
4276;6
4277;4
4278;38
4279;43
4280;4
4281;5
4282;13
4283;59
4284;52
4285;55
4286;61
4287;12
4288;9
4289;29
4290;18
4291;11
4292;26
4293;85
4294;45
4295;31
4296;0
4297;12
4298;60
4299;51
4300;47
4301;53
4302;75
4303;33
4304;61
4305;21
4306;22
4307;21
4308;20
4309;54
4310;63
4311;60
4312;56
4313;91
4314;66
4315;38
4316;32
4317;11
4318;18
4319;30
4320;32
4321;0
4322;76
4323;50
4324;59
4325;31
4326;36
4327;81
4328;24
4329;72
4330;31
4331;33
4332;17
4333;11
4334;31
4335;96
4336;20
4337;19
4338;87
4339;46
4340;22
4341;45
4342;32
4343;2
4344;74
4345;19
4346;69
4347;22
4348;42
4349;1
4350;0
4351;11
4352;55
4353;75
4354;57
4355;59
4356;48
4357;45
4358;18
4359;66
4360;32
4361;61
4362;14
4363;16
4364;53
4365;15
4366;15
4367;26
4368;21
4369;21
4370;72
4371;60
4372;21
4373;52
4374;72
4375;38
4376;58
4377;60
4378;22
4379;53
4380;38
4381;41
4382;9
4383;9
4384;13
4385;78
4386;57
4387;71
4388;67
4389;72
4390;48
4391;57
4392;77
4393;36
4394;27
4395;15
4396;5
4397;66
4398;57
4399;93
4400;89
4401;45
4402;4
4403;2
4404;27
4405;26
4406;18
4407;16
4408;48
4409;27
4410;16
4411;11
4412;75
4413;50
4414;44
4415;74
4416;31
4417;40
4418;14
4419;0
4420;50
4421;42
4422;17
4423;6
4424;40
4425;55
4426;12
4427;11
4428;10
4429;21
4430;35
4431;1
4432;5
4433;63
4434;61
4435;70
4436;37
4437;25
4438;89
4439;32
4440;60
4441;32
4442;53
4443;81
4444;19
4445;87
4446;25
4447;62
4448;36
4449;70
4450;26
4451;63
4452;43
4453;31
4454;36
4455;13
4456;15
4457;62
4458;47
4459;49
4460;79
4461;55
4462;42
4463;74
4464;72
4465;73
4466;63
4467;71
4468;44
4469;18
4470;27
4471;30
4472;11
4473;12
4474;34
4475;54
4476;71
4477;91
4478;64
4479;23
4480;34
4481;11
4482;8
4483;8
4484;1
4485;0
4486;20
4487;19
4488;48
4489;63
4490;13
4491;8
4492;8
4493;27
4494;59
4495;88
4496;52
4497;83
4498;61
4499;63
4500;61
4501;27
4502;47
4503;12
4504;10
4505;46
4506;46
4507;63
4508;68
4509;38
4510;23
4511;13
4512;5
4513;4
4514;4
4515;50
4516;37
4517;16
4518;13
4519;66
4520;82
4521;54
4522;32
4523;54
4524;6
4525;7
4526;16
4527;32
4528;58
4529;64
4530;48
4531;56
4532;46
4533;36
4534;6
4535;14
4536;62
4537;36
4538;50
4539;57
4540;72
4541;54
4542;64
4543;43
4544;74
4545;72
4546;21
4547;57
4548;26
4549;64
4550;46
4551;65
4552;89
4553;86
4554;61
4555;90
4556;54
4557;72
4558;74
4559;23
4560;44
4561;21
4562;11
4563;79
4564;61
4565;74
4566;44
4567;11
4568;31
4569;62
4570;51
4571;44
4572;52
4573;32
4574;35
4575;66
4576;59
4577;75
4578;21
4579;90
4580;70
4581;97
4582;43
4583;50
4584;47
4585;90
4586;40
4587;54
4588;17
4589;14
4590;47
4591;36
4592;41
4593;10
4594;8
4595;60
4596;24
4597;27
4598;62
4599;66
4600;60
4601;26
4602;17
4603;39
4604;56
4605;22
4606;30
4607;49
4608;23
4609;5
4610;5
4611;59
4612;67
4613;76
4614;36
4615;13
4616;9
4617;71
4618;32
4619;51
4620;56
4621;12
4622;82
4623;58
4624;49
4625;50
4626;7
4627;9
4628;43
4629;37
4630;37
4631;12
4632;8
4633;35
4634;63
4635;55
4636;50
4637;9
4638;12
4639;11
4640;84
4641;52
4642;47
4643;27
4644;14
4645;10
4646;12
4647;54
4648;17
4649;11
4650;22
4651;65
4652;20
4653;43
4654;5
4655;62
4656;64
4657;24
4658;21
4659;30
4660;81
4661;24
4662;26
4663;56
4664;75
4665;48
4666;16
4667;30
4668;52
4669;14
4670;8
4671;27
4672;29
4673;6
4674;66
4675;75
4676;78
4677;72
4678;40
4679;43
4680;31
4681;18
4682;10
4683;66
4684;41
4685;14
4686;60
4687;32
4688;15
4689;52
4690;64
4691;80
4692;25
4693;42
4694;2
4695;85
4696;49
4697;50
4698;16
4699;12
4700;16
4701;10
4702;48
4703;39
4704;1
4705;6
4706;32
4707;46
4708;9
4709;64
4710;43
4711;7
4712;12
4713;51
4714;36
4715;23
4716;57
4717;16
4718;13
4719;52
4720;90
4721;50
4722;57
4723;86
4724;24
4725;84
4726;21
4727;64
4728;74
4729;60
4730;66
4731;84
4732;29
4733;22
4734;28
4735;29
4736;2
4737;4
4738;0
4739;36
4740;60
4741;77
4742;66
4743;23
4744;45
4745;20
4746;25
4747;57
4748;44
4749;6
4750;15
4751;78
4752;73
4753;22
4754;81
4755;70
4756;55
4757;63
4758;52
4759;56
4760;19
4761;21
4762;70
4763;64
4764;38
4765;18
4766;61
4767;59
4768;50
4769;45
4770;6
4771;8
4772;29
4773;88
4774;55
4775;38
4776;28
4777;5
4778;5
4779;49
4780;45
4781;23
4782;18
4783;9
4784;80
4785;66
4786;61
4787;36
4788;10
4789;17
4790;34
4791;8
4792;11
4793;58
4794;25
4795;34
4796;3
4797;69
4798;64
4799;21
4800;63
4801;64
4802;14
4803;79
4804;30
4805;8
4806;6
4807;59
4808;51
4809;50
4810;16
4811;34
4812;17
4813;13
4814;22
4815;61
4816;32
4817;73
4818;36
4819;43
4820;3
4821;5
4822;29
4823;28
4824;18
4825;9
4826;20
4827;63
4828;65
4829;63
4830;35
4831;35
4832;12
4833;17
4834;46
4835;40
4836;3
4837;1
4838;63
4839;49
4840;34
4841;56
4842;60
4843;62
4844;78
4845;66
4846;23
4847;48
4848;53
4849;63
4850;86
4851;75
4852;62
4853;39
4854;75
4855;65
4856;53
4857;64
4858;18
4859;10
4860;27
4861;34
4862;3
4863;17
4864;0
4865;46
4866;33
4867;23
4868;19
4869;20
4870;42
4871;21
4872;20
4873;71
4874;71
4875;35
4876;34
4877;11
4878;16
4879;64
4880;52
4881;71
4882;87
4883;34
4884;40
4885;18
4886;3
4887;48
4888;74
4889;40
4890;43
4891;25
4892;4
4893;64
4894;64
4895;47
4896;50
4897;83
4898;71
4899;33
4900;43
4901;9
4902;61
4903;35
4904;34
4905;58
4906;8
4907;10
4908;39
4909;24
4910;74
4911;29
4912;72
4913;60
4914;63
4915;66
4916;60
4917;68
4918;53
4919;37
4920;36
4921;6
4922;8
4923;37
4924;79
4925;58
4926;64
4927;54
4928;66
4929;76
4930;70
4931;44
4932;59
4933;69
4934;22
4935;91
4936;53
4937;50
4938;39
4939;57
4940;53
4941;23
4942;65
4943;34
4944;42
4945;0
4946;5
4947;89
4948;50
4949;38
4950;42
4951;15
4952;0
4953;22
4954;51
4955;61
4956;20
4957;59
4958;52
4959;87
4960;61
4961;77
4962;33
4963;79
4964;64
4965;13
4966;31
4967;12
4968;45
4969;42
4970;48
4971;16
4972;13
4973;58
4974;63
4975;64
4976;87
4977;75
4978;91
4979;31
4980;63
4981;53
4982;54
4983;64
4984;19
4985;64
4986;77
4987;55
4988;68
4989;75
4990;24
4991;54
4992;45
4993;20
4994;20
4995;24
4996;73
4997;56
4998;66
4999;43
5000;49
5001;23
5002;1
5003;60
5004;20
5005;37
5006;46
5007;19
5008;22
5009;42
5010;33
5011;13
5012;1
5013;71
5014;50
5015;60
5016;66
5017;56
5018;68
5019;29
5020;68
5021;44
5022;66
5023;88
5024;48
5025;50
5026;42
5027;13
5028;9
5029;48
5030;36
5031;49
5032;30
5033;18
5034;7
5035;74
5036;64
5037;53
5038;34
5039;89
5040;50
5041;73
5042;24
5043;90
5044;44
5045;60
5046;35
5047;61
5048;59
5049;46
5050;52
5051;66
5052;67
5053;66
5054;60
