1;24
2;44
3;70
4;25
5;68
6;63
7;75
8;84
9;53
10;48
11;22
12;53
13;85
14;23
15;36
16;47
17;29
18;14
19;6
20;36
21;11
22;15
23;54
24;22
25;54
26;57
27;19
28;23
29;44
30;2
31;12
32;49
33;45
34;44
35;14
36;14
37;9
38;52
39;32
40;77
41;49
42;80
43;31
44;33
45;31
46;6
47;18
48;52
49;55
50;35
51;33
52;9
53;4
54;60
55;74
56;39
57;37
58;50
59;9
60;12
61;47
62;51
63;45
64;81
65;29
66;45
67;14
68;12
69;10
70;64
71;39
72;40
73;7
74;41
75;39
76;10
77;5
78;51
79;62
80;69
81;26
82;56
83;21
84;61
85;51
86;60
87;21
88;24
89;64
90;7
91;10
92;40
93;29
94;13
95;35
96;23
97;1
98;0
99;32
100;60
101;33
102;34
103;15
104;48
105;30
106;9
107;15
108;8
109;32
110;32
111;8
112;5
113;30
114;44
115;58
116;29
117;26
118;82
119;57
120;55
121;21
122;68
123;57
124;60
125;68
126;37
127;62
128;23
129;29
130;76
131;43
132;6
133;24
134;43
135;4
136;5
137;51
138;26
139;50
140;53
141;49
142;52
143;10
144;58
145;63
146;32
147;46
148;84
149;46
150;34
151;7
152;12
153;36
154;41
155;10
156;12
157;11
158;23
159;54
160;20
161;74
162;19
163;52
164;51
165;56
166;67
167;79
168;70
169;27
170;61
171;51
172;57
173;68
174;82
175;58
176;54
177;26
178;7
179;15
180;30
181;38
182;17
183;15
184;42
185;45
186;1
187;28
188;51
189;45
190;51
191;25
192;74
193;56
194;24
195;25
196;75
197;42
198;74
199;28
200;92
201;26
202;74
203;59
204;94
205;28
206;30
207;8
208;17
209;15
210;69
211;24
212;40
213;60
214;63
215;42
216;29
217;6
218;0
219;1
220;39
221;36
222;18
223;5
224;86
225;52
226;54
227;46
228;46
229;16
230;15
231;30
232;29
233;2
234;5
235;41
236;34
237;3
238;48
239;23
240;45
241;47
242;78
243;36
244;71
245;19
246;66
247;47
248;86
249;66
250;55
251;41
252;55
253;54
254;59
255;35
256;6
257;29
258;30
259;64
260;51
261;30
262;51
263;36
264;44
265;14
266;1
267;3
268;35
269;71
270;74
271;21
272;64
273;64
274;50
275;37
276;43
277;11
278;16
279;38
280;54
281;17
282;18
283;13
284;39
285;12
286;1
287;49
288;44
289;3
290;3
291;35
292;69
293;75
294;20
295;61
296;36
297;31
298;7
299;12
300;8
301;59
302;59
303;74
304;19
305;80
306;23
307;53
308;46
309;55
310;31
311;81
312;47
313;54
314;50
315;18
316;67
317;54
318;30
319;21
320;44
321;43
322;14
323;17
324;52
325;57
326;48
327;30
328;10
329;5
330;39
331;29
332;56
333;57
334;21
335;68
336;55
337;59
338;32
339;83
340;56
341;52
342;32
343;64
344;68
345;52
346;86
347;51
348;8
349;52
350;51
351;58
352;29
353;55
354;53
355;78
356;48
357;32
358;35
359;13
360;9
361;53
362;54
363;19
364;41
365;39
366;15
367;26
368;67
369;30
370;48
371;18
372;13
373;62
374;63
375;28
376;7
377;10
378;55
379;57
380;83
381;55
382;61
383;46
384;28
385;58
386;70
387;45
388;29
389;29
390;42
391;14
392;10
393;18
394;46
395;46
396;29
397;5
398;5
399;71
400;83
401;29
402;44
403;35
404;1
405;53
406;27
407;36
408;4
409;13
410;0
411;32
412;30
413;5
414;10
415;37
416;45
417;13
418;43
419;21
420;36
421;34
422;37
423;40
424;1
425;8
426;54
427;70
428;53
429;73
430;33
431;66
432;52
433;52
434;51
435;46
436;23
437;24
438;48
439;77
440;41
441;35
442;12
443;7
444;30
445;30
446;79
447;36
448;41
449;3
450;8
451;37
452;73
453;69
454;46
455;58
456;60
457;29
458;40
459;46
460;56
461;60
462;24
463;43
464;49
465;7
466;1
467;11
468;74
469;39
470;80
471;30
472;43
473;1
474;18
475;64
476;41
477;11
478;17
479;12
480;8
481;34
482;42
483;6
484;2
485;2
486;28
487;57
488;55
489;20
490;63
491;70
492;22
493;51
494;52
495;21
496;72
497;35
498;19
499;61
500;57
501;12
502;15
503;26
504;14
505;65
506;26
507;53
508;54
509;51
510;47
511;6
512;39
513;28
514;15
515;30
516;48
517;54
518;18
519;8
520;40
521;12
522;14
523;52
524;62
525;31
526;53
527;67
528;56
529;50
530;40
531;9
532;10
533;26
534;63
535;29
536;43
537;10
538;14
539;59
540;71
541;75
542;73
543;65
544;37
545;30
546;36
547;8
548;7
549;65
550;33
551;49
552;47
553;8
554;11
555;17
556;8
557;77
558;25
559;70
560;62
561;33
562;43
563;18
564;16
565;19
566;25
567;0
568;1
569;48
570;73
571;42
572;47
573;75
574;49
575;38
576;14
577;9
578;27
579;64
580;7
581;11
582;55
583;47
584;8
585;8
586;78
587;37
588;92
589;58
590;48
591;19
592;3
593;0
594;2
595;62
596;37
597;7
598;17
599;32
600;46
601;1
602;10
603;53
604;26
605;66
606;41
607;39
608;21
609;53
610;30
611;4
612;1
613;27
614;36
615;31
616;5
617;5
618;63
619;44
620;77
621;72
622;73
623;47
624;53
625;64
626;38
627;11
628;25
629;21
630;30
631;24
632;71
633;82
634;60
635;48
636;21
637;52
638;63
639;40
640;7
641;6
642;44
643;45
644;1
645;10
646;54
647;49
648;35
649;55
650;46
651;66
652;29
653;68
654;53
655;41
656;30
657;26
658;25
659;25
660;49
661;46
662;31
663;0
664;1
665;2
666;52
667;65
668;31
669;13
670;81
671;31
672;30
673;8
674;8
675;44
676;77
677;43
678;61
679;17
680;28
681;9
682;6
683;27
684;38
685;1
686;4
687;72
688;47
689;35
690;59
691;73
692;83
693;60
694;66
695;27
696;30
697;17
698;44
699;42
700;2
701;3
702;68
703;60
704;11
705;14
706;27
707;37
708;11
709;42
710;58
711;34
712;53
713;26
714;28
715;34
716;52
717;14
718;7
719;17
720;59
721;28
722;11
723;10
724;9
725;35
726;64
727;17
728;13
729;26
730;42
731;6
732;12
733;13
734;47
735;50
736;53
737;10
738;7
739;42
740;28
741;12
742;9
743;48
744;55
745;67
746;54
747;12
748;36
749;9
750;54
751;63
752;18
753;18
754;18
755;53
756;34
757;21
758;9
759;4
760;12
761;32
762;47
763;47
764;6
765;7
766;15
767;61
768;49
769;68
770;48
771;60
772;61
773;54
774;22
775;61
776;78
777;35
778;49
779;62
780;13
781;16
782;16
783;65
784;49
785;84
786;49
787;52
788;55
789;69
790;40
791;37
792;8
793;12
794;19
795;66
796;64
797;65
798;40
799;60
800;66
801;54
802;39
803;27
804;10
805;3
806;58
807;58
808;10
809;25
810;70
811;60
812;30
813;70
814;75
815;59
816;24
817;51
818;49
819;54
820;72
821;21
822;70
823;64
824;81
825;42
826;39
827;43
828;38
829;20
830;41
831;45
832;17
833;18
834;53
835;40
836;37
837;5
838;2
839;43
840;66
841;43
842;47
843;30
844;47
845;38
846;66
847;62
848;31
849;37
850;7
851;7
852;33
853;41
854;56
855;33
856;12
857;18
858;16
859;68
860;30
861;40
862;47
863;72
864;36
865;32
866;60
867;12
868;52
869;63
870;96
871;45
872;40
873;7
874;10
875;9
876;57
877;45
878;14
879;42
880;37
881;77
882;38
883;69
884;40
885;48
886;34
887;12
888;10
889;12
890;30
891;37
892;7
893;45
894;57
895;15
896;10
897;24
898;32
899;5
900;2
901;26
902;60
903;63
904;25
905;70
906;65
907;68
908;67
909;31
910;19
911;19
912;49
913;6
914;0
915;50
916;46
917;9
918;12
919;19
920;72
921;40
922;46
923;40
924;19
925;56
926;59
927;58
928;66
929;65
930;43
931;22
932;2
933;40
934;65
935;46
936;53
937;56
938;48
939;9
940;62
941;30
942;30
943;62
944;7
945;10
946;48
947;41
948;15
949;13
950;10
951;73
952;71
953;74
954;70
955;37
956;47
957;62
958;10
959;80
960;40
961;28
962;3
963;7
964;30
965;48
966;31
967;13
968;39
969;45
970;11
971;15
972;7
973;36
974;37
975;9
976;8
977;60
978;25
979;43
980;29
981;51
982;28
983;8
984;17
985;30
986;60
987;44
988;14
989;7
990;13
991;56
992;17
993;31
994;62
995;18
996;61
997;19
998;67
999;47
1000;41
1001;25
1002;19
1003;23
1004;70
1005;67
1006;65
1007;37
1008;53
1009;58
1010;21
1011;21
1012;34
1013;25
1014;19
1015;19
1016;22
1017;68
1018;34
1019;57
1020;19
1021;22
1022;75
1023;28
1024;23
1025;76
1026;71
1027;38
1028;21
1029;61
1030;19
1031;71
1032;37
1033;30
1034;9
1035;67
1036;68
1037;36
1038;52
1039;43
1040;27
1041;4
1042;18
1043;36
1044;8
1045;9
1046;47
1047;41
1048;42
1049;62
1050;15
1051;11
1052;14
1053;29
1054;31
1055;16
1056;12
1057;56
1058;51
1059;70
1060;49
1061;40
1062;30
1063;17
1064;18
1065;50
1066;63
1067;62
1068;64
1069;28
1070;31
1071;49
1072;7
1073;19
1074;22
1075;61
1076;79
1077;77
1078;34
1079;60
1080;77
1081;47
1082;42
1083;37
1084;7
1085;17
1086;55
1087;26
1088;67
1089;47
1090;12
1091;11
1092;64
1093;37
1094;50
1095;53
1096;48
1097;47
1098;25
1099;10
1100;42
1101;42
1102;9
1103;11
1104;9
1105;53
1106;35
1107;54
1108;67
1109;30
1110;33
1111;6
1112;12
1113;67
1114;54
1115;36
1116;57
1117;67
1118;76
1119;61
1120;70
1121;38
1122;67
1123;71
1124;71
1125;65
1126;54
1127;62
1128;52
1129;54
1130;49
1131;26
1132;51
1133;70
1134;53
1135;58
1136;79
1137;80
1138;31
1139;64
1140;38
1141;28
1142;89
1143;37
1144;37
1145;30
1146;32
1147;15
1148;4
1149;47
1150;35
1151;50
1152;26
1153;17
1154;8
1155;59
1156;31
1157;26
1158;14
1159;68
1160;37
1161;54
1162;61
1163;47
1164;79
1165;25
1166;57
1167;60
1168;20
1169;31
1170;33
1171;13
1172;4
1173;55
1174;68
1175;42
1176;44
1177;18
1178;90
1179;61
1180;48
1181;29
1182;10
1183;14
1184;71
1185;31
1186;45
1187;28
1188;60
1189;77
1190;41
1191;32
1192;2
1193;4
1194;94
1195;26
1196;33
1197;3
1198;5
1199;40
1200;34
1201;8
1202;17
1203;46
1204;43
1205;14
1206;16
1207;58
1208;26
1209;66
1210;62
1211;45
1212;46
1213;13
1214;8
1215;22
1216;21
1217;17
1218;18
1219;53
1220;51
1221;60
1222;47
1223;58
1224;46
1225;49
1226;1
1227;4
1228;45
1229;47
1230;18
1231;11
1232;47
1233;58
1234;65
1235;19
1236;77
1237;83
1238;33
1239;28
1240;4
1241;2
1242;16
1243;31
1244;68
1245;28
1246;45
1247;26
1248;11
1249;51
1250;58
1251;45
1252;10
1253;71
1254;88
1255;28
1256;32
1257;14
1258;15
1259;34
1260;80
1261;54
1262;28
1263;42
1264;0
1265;84
1266;52
1267;50
1268;57
1269;67
1270;19
1271;50
1272;80
1273;53
1274;80
1275;58
1276;47
1277;19
1278;58
1279;23
1280;45
1281;51
1282;63
1283;14
1284;36
1285;49
1286;73
1287;38
1288;45
1289;30
1290;30
1291;88
1292;83
1293;74
1294;41
1295;11
1296;37
1297;40
1298;17
1299;7
1300;1
1301;42
1302;43
1303;2
1304;3
1305;19
1306;84
1307;65
1308;65
1309;51
1310;58
1311;53
1312;34
1313;18
1314;8
1315;7
1316;48
1317;57
1318;18
1319;17
1320;28
1321;38
1322;10
1323;13
1324;45
1325;55
1326;47
1327;38
1328;29
1329;2
1330;2
1331;0
1332;18
1333;35
1334;28
1335;5
1336;3
1337;3
1338;0
1339;21
1340;56
1341;61
1342;26
1343;6
1344;14
1345;34
1346;49
1347;44
1348;34
1349;10
1350;6
1351;55
1352;68
1353;68
1354;38
1355;34
1356;8
1357;6
1358;35
1359;14
1360;46
1361;48
1362;15
1363;7
1364;31
1365;44
1366;2
1367;2
1368;5
1369;18
1370;44
1371;50
1372;18
1373;14
1374;21
1375;62
1376;26
1377;52
1378;62
1379;46
1380;57
1381;72
1382;41
1383;44
1384;8
1385;4
1386;29
1387;34
1388;48
1389;24
1390;3
1391;1
1392;73
1393;37
1394;72
1395;53
1396;45
1397;50
1398;9
1399;15
1400;40
1401;28
1402;44
1403;8
1404;9
1405;17
1406;54
1407;34
1408;13
1409;16
1410;73
1411;34
1412;48
1413;14
1414;18
1415;34
1416;33
1417;11
1418;12
1419;6
1420;10
1421;66
1422;38
1423;60
1424;28
1425;21
1426;20
1427;29
1428;16
1429;8
1430;59
1431;7
1432;10
1433;39
1434;18
1435;61
1436;53
1437;42
1438;51
1439;8
1440;8
1441;52
1442;26
1443;12
1444;13
1445;59
1446;74
1447;23
1448;21
1449;57
1450;19
1451;24
1452;60
1453;74
1454;32
1455;32
1456;9
1457;52
1458;59
1459;52
1460;61
1461;70
1462;54
1463;31
1464;15
1465;17
1466;42
1467;36
1468;11
1469;14
1470;71
1471;77
1472;54
1473;60
1474;24
1475;57
1476;13
1477;43
1478;51
1479;44
1480;35
1481;14
1482;42
1483;49
1484;4
1485;0
1486;5
1487;50
1488;68
1489;49
1490;40
1491;16
1492;6
1493;35
1494;33
1495;16
1496;50
1497;39
1498;9
1499;16
1500;30
1501;28
1502;6
1503;5
1504;63
1505;80
1506;31
1507;45
1508;44
1509;8
1510;10
1511;50
1512;49
1513;55
1514;9
1515;16
1516;11
1517;23
1518;1
1519;77
1520;46
1521;56
1522;51
1523;18
1524;6
1525;54
1526;32
1527;25
1528;41
1529;14
1530;15
1531;72
1532;67
1533;34
1534;66
1535;32
1536;59
1537;51
1538;43
1539;46
1540;8
1541;44
1542;57
1543;74
1544;55
1545;69
1546;60
1547;73
1548;39
1549;45
1550;25
1551;23
1552;74
1553;72
1554;21
1555;39
1556;1
1557;19
1558;32
1559;41
1560;56
1561;42
1562;30
1563;4
1564;37
1565;40
1566;12
1567;4
1568;43
1569;33
1570;17
1571;48
1572;59
1573;49
1574;44
1575;50
1576;36
1577;73
1578;52
1579;45
1580;63
1581;62
1582;53
1583;13
1584;17
1585;65
1586;48
1587;42
1588;46
1589;56
1590;45
1591;16
1592;43
1593;43
1594;38
1595;63
1596;17
1597;10
1598;52
1599;44
1600;63
1601;53
1602;33
1603;42
1604;26
1605;8
1606;16
1607;10
1608;4
1609;29
1610;61
1611;64
1612;29
1613;65
1614;63
1615;71
1616;79
1617;52
1618;35
1619;58
1620;51
1621;65
1622;71
1623;68
1624;34
1625;22
1626;30
1627;44
1628;33
1629;18
1630;12
1631;29
1632;60
1633;8
1634;17
1635;41
1636;71
1637;38
1638;27
1639;49
1640;32
1641;20
1642;3
1643;3
1644;3
1645;3
1646;2
1647;47
1648;57
1649;68
1650;30
1651;52
1652;30
1653;24
1654;81
1655;48
1656;73
1657;23
1658;44
1659;1
1660;52
1661;85
1662;38
1663;35
1664;16
1665;15
1666;6
1667;64
1668;22
1669;80
1670;89
1671;23
1672;31
1673;35
1674;54
1675;18
1676;43
1677;38
1678;25
1679;23
1680;23
1681;25
1682;25
1683;81
1684;73
1685;51
1686;32
1687;63
1688;32
1689;14
1690;55
1691;76
1692;55
1693;34
1694;42
1695;55
1696;9
1697;9
1698;36
1699;32
1700;7
1701;15
1702;7
1703;62
1704;87
1705;32
1706;25
1707;28
1708;72
1709;48
1710;47
1711;40
1712;8
1713;6
1714;8
1715;28
1716;28
1717;13
1718;36
1719;51
1720;9
1721;11
1722;10
1723;17
1724;55
1725;79
1726;63
1727;72
1728;43
1729;18
1730;46
1731;37
1732;3
1733;4
1734;3
1735;25
1736;5
1737;1
1738;67
1739;73
1740;48
1741;55
1742;25
1743;13
1744;64
1745;55
1746;48
1747;74
1748;39
1749;46
1750;66
1751;56
1752;43
1753;54
1754;77
1755;35
1756;46
1757;7
1758;65
1759;81
1760;57
1761;69
1762;78
1763;54
1764;42
1765;16
1766;13
1767;56
1768;59
1769;6
1770;16
1771;13
1772;61
1773;27
1774;10
1775;12
1776;69
1777;65
1778;63
1779;34
1780;28
1781;32
1782;11
1783;28
1784;32
1785;43
1786;0
1787;61
1788;39
1789;13
1790;18
1791;11
1792;54
1793;36
1794;13
1795;9
1796;18
1797;32
1798;19
1799;70
1800;54
1801;58
1802;18
1803;26
1804;30
1805;83
1806;60
1807;75
1808;33
1809;36
1810;66
1811;64
1812;52
1813;53
1814;31
1815;38
1816;47
1817;9
1818;11
1819;30
1820;44
1821;43
1822;13
1823;17
1824;9
1825;32
1826;48
1827;38
1828;8
1829;12
1830;39
1831;25
1832;1
1833;5
1834;56
1835;31
1836;41
1837;21
1838;38
1839;56
1840;17
1841;15
1842;41
1843;29
1844;61
1845;69
1846;70
1847;57
1848;53
1849;60
1850;42
1851;53
1852;10
1853;68
1854;62
1855;48
1856;21
1857;51
1858;36
1859;21
1860;46
1861;19
1862;5
1863;70
1864;28
1865;44
1866;55
1867;23
1868;27
1869;31
1870;86
1871;62
1872;50
1873;82
1874;55
1875;59
1876;62
1877;44
1878;12
1879;7
1880;54
1881;51
1882;59
1883;30
1884;42
1885;12
1886;19
1887;24
1888;42
1889;25
1890;41
1891;3
1892;56
1893;75
1894;40
1895;60
1896;42
1897;22
1898;49
1899;15
1900;49
1901;45
1902;18
1903;16
1904;60
1905;62
1906;52
1907;50
1908;57
1909;42
1910;7
1911;5
1912;15
1913;4
1914;69
1915;52
1916;41
1917;24
1918;37
1919;62
1920;52
1921;80
1922;83
1923;63
1924;38
1925;33
1926;3
1927;3
1928;14
1929;58
1930;64
1931;30
1932;30
1933;44
1934;11
1935;9
1936;36
1937;89
1938;53
1939;42
1940;47
1941;10
1942;8
1943;43
1944;26
1945;8
1946;12
1947;55
1948;51
1949;56
1950;64
1951;25
1952;54
1953;38
1954;12
1955;67
1956;77
1957;52
1958;29
1959;32
1960;48
1961;1
1962;2
1963;66
1964;60
1965;51
1966;47
1967;16
1968;8
1969;73
1970;23
1971;26
1972;48
1973;79
1974;52
1975;36
1976;41
1977;33
1978;33
1979;10
1980;3
1981;5
1982;57
1983;44
1984;58
1985;42
1986;17
1987;9
1988;7
1989;36
1990;52
1991;77
1992;41
1993;22
1994;1
1995;45
1996;19
1997;44
1998;71
1999;19
2000;34
2001;35
2002;42
2003;0
2004;3
2005;15
2006;44
2007;30
2008;0
2009;12
2010;4
2011;33
2012;39
2013;13
2014;0
2015;8
2016;51
2017;44
2018;40
2019;61
2020;16
2021;39
2022;13
2023;27
2024;17
2025;24
2026;39
2027;23
2028;19
2029;23
2030;42
2031;40
2032;3
2033;0
2034;2
2035;82
2036;83
2037;92
2038;54
2039;67
2040;62
2041;46
2042;28
2043;15
2044;2
2045;28
2046;27
2047;0
2048;56
2049;53
2050;81
2051;70
2052;31
2053;66
2054;52
2055;52
2056;42
2057;30
2058;6
2059;7
2060;37
2061;68
2062;55
2063;61
2064;31
2065;46
2066;16
2067;48
2068;66
2069;43
2070;50
2071;55
2072;53
2073;28
2074;43
2075;4
2076;4
2077;12
2078;51
2079;31
2080;51
2081;76
2082;73
2083;54
2084;70
2085;66
2086;59
2087;65
2088;36
2089;56
2090;34
2091;29
2092;86
2093;63
2094;42
2095;38
2096;17
2097;6
2098;22
2099;36
2100;64
2101;51
2102;49
2103;49
2104;10
2105;46
2106;26
2107;65
2108;65
2109;19
2110;32
2111;5
2112;33
2113;71
2114;31
2115;20
2116;19
2117;31
2118;23
2119;22
2120;24
2121;44
2122;0
2123;16
2124;74
2125;19
2126;37
2127;69
2128;20
2129;30
2130;15
2131;3
2132;31
2133;65
2134;25
2135;58
2136;7
2137;41
2138;20
2139;30
2140;38
2141;13
2142;8
2143;35
2144;32
2145;13
2146;70
2147;70
2148;60
2149;68
2150;23
2151;23
2152;44
2153;64
2154;24
2155;67
2156;84
2157;53
2158;30
2159;61
2160;39
2161;51
2162;44
2163;51
2164;71
2165;48
2166;24
2167;5
2168;61
2169;32
2170;70
2171;61
2172;83
2173;35
2174;40
2175;14
2176;8
2177;54
2178;32
2179;40
2180;15
2181;6
2182;45
2183;9
2184;7
2185;33
2186;47
2187;42
2188;30
2189;59
2190;28
2191;60
2192;56
2193;71
2194;58
2195;79
2196;19
2197;62
2198;72
2199;55
2200;33
2201;25
2202;45
2203;10
2204;13
2205;25
2206;58
2207;68
2208;56
2209;21
2210;37
2211;21
2212;51
2213;19
2214;34
2215;22
2216;24
2217;19
2218;9
2219;54
2220;68
2221;41
2222;24
2223;0
2224;7
2225;54
2226;32
2227;13
2228;13
2229;19
2230;40
2231;34
2232;85
2233;62
2234;41
2235;45
2236;14
2237;15
2238;52
2239;64
2240;40
2241;67
2242;85
2243;64
2244;74
2245;21
2246;56
2247;12
2248;9
2249;34
2250;38
2251;12
2252;24
2253;1
2254;3
2255;70
2256;24
2257;43
2258;39
2259;16
2260;42
2261;23
2262;25
2263;8
2264;5
2265;63
2266;26
2267;38
2268;41
2269;19
2270;3
2271;3
2272;9
2273;52
2274;50
2275;32
2276;55
2277;60
2278;53
2279;36
2280;43
2281;18
2282;9
2283;52
2284;31
2285;40
2286;27
2287;17
2288;30
2289;63
2290;65
2291;43
2292;73
2293;77
2294;21
2295;20
2296;51
2297;36
2298;65
2299;76
2300;45
2301;66
2302;41
2303;37
2304;1
2305;3
2306;3
2307;24
2308;25
2309;19
2310;67
2311;71
2312;70
2313;61
2314;85
2315;57
2316;63
2317;32
2318;32
2319;9
2320;7
2321;60
2322;48
2323;15
2324;12
2325;27
2326;42
2327;17
2328;18
2329;60
2330;40
2331;10
2332;16
2333;68
2334;29
2335;59
2336;49
2337;81
2338;38
2339;33
2340;33
2341;3
2342;3
2343;45
2344;31
2345;3
2346;40
2347;33
2348;32
2349;4
2350;6
2351;84
2352;41
2353;71
2354;34
2355;38
2356;13
2357;7
2358;54
2359;48
2360;7
2361;8
2362;52
2363;21
2364;31
2365;26
2366;55
2367;26
2368;44
2369;67
2370;55
2371;44
2372;22
2373;28
2374;42
2375;27
2376;1
2377;1
2378;81
2379;57
2380;8
2381;31
2382;42
2383;7
2384;17
2385;24
2386;19
2387;42
2388;25
2389;44
2390;63
2391;53
2392;54
2393;49
2394;47
2395;20
2396;80
2397;55
2398;78
2399;33
2400;42
2401;17
2402;17
2403;9
2404;28
2405;37
2406;65
2407;42
2408;76
2409;51
2410;36
2411;47
2412;5
2413;74
2414;71
2415;53
2416;51
2417;80
2418;37
2419;42
2420;2
2421;2
2422;38
2423;40
2424;7
2425;10
2426;6
2427;68
2428;82
2429;21
2430;23
2431;42
2432;37
2433;16
2434;79
2435;71
2436;53
2437;41
2438;16
2439;8
2440;50
2441;38
2442;77
2443;38
2444;41
2445;17
2446;15
2447;9
2448;44
2449;48
2450;7
2451;21
2452;26
2453;34
2454;12
2455;10
2456;58
2457;39
2458;41
2459;42
2460;7
2461;17
2462;16
2463;80
2464;73
2465;73
2466;56
2467;35
2468;58
2469;10
2470;43
2471;48
2472;66
2473;39
2474;32
2475;4
2476;5
2477;5
2478;69
2479;40
2480;38
2481;3
2482;2
2483;47
2484;49
2485;18
2486;51
2487;41
2488;19
2489;73
2490;39
2491;38
2492;85
2493;24
2494;44
2495;48
2496;51
2497;25
2498;61
2499;87
2500;48
2501;38
2502;31
2503;28
2504;53
2505;21
2506;49
2507;45
2508;14
2509;73
2510;54
2511;29
2512;16
2513;54
2514;68
2515;54
2516;58
2517;81
2518;47
2519;57
2520;38
2521;46
2522;57
2523;50
2524;18
2525;11
2526;93
2527;75
2528;61
2529;54
2530;6
2531;16
2532;65
2533;50
2534;36
2535;47
2536;10
2537;18
2538;86
2539;61
2540;16
2541;6
2542;29
2543;26
2544;10
2545;55
2546;18
2547;36
2548;37
2549;13
2550;2
2551;70
2552;72
2553;33
2554;46
2555;72
2556;49
2557;29
2558;9
2559;5
2560;35
2561;24
2562;50
2563;53
2564;39
2565;21
2566;71
2567;52
2568;56
2569;54
2570;46
2571;15
2572;60
2573;35
2574;33
2575;4
2576;3
2577;3
2578;25
2579;23
2580;19
2581;24
2582;21
2583;25
2584;42
2585;26
2586;6
2587;11
2588;6
2589;56
2590;51
2591;30
2592;20
2593;12
2594;5
2595;5
2596;47
2597;42
2598;14
2599;11
2600;18
2601;68
2602;40
2603;47
2604;47
2605;8
2606;8
2607;66
2608;52
2609;21
2610;25
2611;36
2612;43
2613;5
2614;5
2615;45
2616;31
2617;70
2618;43
2619;61
2620;53
2621;63
2622;15
2623;7
2624;35
2625;31
2626;10
2627;10
2628;8
2629;31
2630;31
2631;2
2632;1
2633;44
2634;44
2635;68
2636;20
2637;41
2638;35
2639;38
2640;0
2641;14
2642;47
2643;30
2644;18
2645;9
2646;73
2647;19
2648;29
2649;76
2650;52
2651;46
2652;75
2653;60
2654;26
2655;66
2656;19
2657;22
2658;34
2659;47
2660;4
2661;0
2662;41
2663;64
2664;55
2665;12
2666;16
2667;27
2668;46
2669;7
2670;17
2671;65
2672;33
2673;37
2674;15
2675;18
2676;34
2677;42
2678;13
2679;13
2680;47
2681;31
2682;43
2683;35
2684;34
2685;18
2686;7
2687;1
2688;43
2689;66
2690;36
2691;27
2692;10
2693;15
2694;64
2695;52
2696;39
2697;13
2698;7
2699;56
2700;90
2701;71
2702;27
2703;49
2704;3
2705;2
2706;34
2707;29
2708;13
2709;8
2710;6
2711;64
2712;22
2713;41
2714;86
2715;19
2716;58
2717;62
2718;27
2719;28
2720;10
2721;10
2722;31
2723;32
2724;61
2725;19
2726;60
2727;79
2728;74
2729;55
2730;76
2731;27
2732;74
2733;57
2734;43
2735;56
2736;12
2737;6
2738;26
2739;23
2740;55
2741;46
2742;65
2743;46
2744;49
2745;12
2746;11
2747;15
2748;57
2749;21
2750;32
2751;36
2752;37
2753;45
2754;35
2755;77
2756;43
2757;83
2758;45
2759;48
2760;41
2761;36
2762;5
2763;45
2764;48
2765;30
2766;82
2767;61
2768;33
2769;56
2770;23
2771;60
2772;63
2773;75
2774;56
2775;26
2776;64
2777;25
2778;46
2779;37
2780;0
2781;59
2782;25
2783;52
2784;51
2785;23
2786;35
2787;26
2788;41
2789;8
2790;14
2791;18
2792;48
2793;27
2794;42
2795;0
2796;5
2797;68
2798;50
2799;74
2800;45
2801;37
2802;4
2803;5
2804;47
2805;47
2806;68
2807;39
2808;40
2809;2
2810;19
2811;73
2812;56
2813;50
2814;41
2815;30
2816;64
2817;60
2818;51
2819;34
2820;78
2821;20
2822;51
2823;27
2824;88
2825;44
2826;19
2827;57
2828;53
2829;14
2830;18
2831;54
2832;77
2833;64
2834;40
2835;12
2836;6
2837;45
2838;21
2839;10
2840;4
2841;74
2842;42
2843;47
2844;4
2845;3
2846;51
2847;27
2848;51
2849;6
2850;7
2851;39
2852;30
2853;6
2854;16
2855;14
2856;20
2857;69
2858;54
2859;30
2860;40
2861;45
2862;4
2863;37
2864;35
2865;4
2866;4
2867;10
2868;44
2869;41
2870;53
2871;66
2872;64
2873;69
2874;91
2875;47
2876;44
2877;16
2878;56
2879;58
2880;70
2881;42
2882;65
2883;40
2884;21
2885;14
2886;14
2887;41
2888;25
2889;22
2890;28
2891;21
2892;59
2893;25
2894;55
2895;27
2896;46
2897;45
2898;25
2899;51
2900;85
2901;48
2902;42
2903;14
2904;10
2905;45
2906;45
2907;2
2908;10
2909;46
2910;19
2911;26
2912;58
2913;18
2914;9
2915;24
2916;28
2917;3
2918;14
2919;24
2920;36
2921;2
2922;12
2923;62
2924;69
2925;39
2926;47
2927;32
2928;8
2929;11
2930;14
2931;20
2932;52
2933;57
2934;84
2935;45
2936;32
2937;16
2938;13
2939;25
2940;69
2941;38
2942;61
2943;58
2944;40
2945;29
2946;17
2947;2
2948;56
2949;36
2950;65
2951;41
2952;42
2953;8
2954;11
2955;51
2956;35
2957;31
2958;0
2959;17
2960;68
2961;31
2962;55
2963;31
2964;18
2965;6
2966;12
2967;49
2968;50
2969;18
2970;32
2971;54
2972;77
2973;57
2974;47
2975;69
2976;48
2977;51
2978;73
2979;67
2980;60
2981;33
2982;8
2983;14
2984;37
2985;35
2986;15
2987;7
2988;45
2989;48
2990;68
2991;59
2992;42
2993;63
2994;22
2995;68
2996;66
2997;47
2998;38
2999;13
3000;3
3001;59
3002;69
3003;47
3004;50
3005;33
3006;47
3007;0
3008;4
3009;3
3010;42
3011;50
3012;12
3013;15
3014;32
3015;36
3016;2
3017;2
3018;57
3019;75
3020;42
3021;33
3022;13
3023;52
3024;49
3025;27
3026;18
3027;30
3028;28
3029;17
3030;11
3031;38
3032;16
3033;14
3034;19
3035;27
3036;2
3037;8
3038;4
3039;61
3040;39
3041;29
3042;76
3043;42
3044;56
3045;76
3046;52
3047;28
3048;52
3049;65
3050;37
3051;47
3052;44
3053;1
3054;4
3055;28
3056;30
3057;6
3058;44
3059;36
3060;15
3061;8
3062;51
3063;57
3064;61
3065;52
3066;54
3067;31
3068;10
3069;23
3070;20
3071;52
3072;41
3073;14
3074;16
3075;42
3076;37
3077;51
3078;38
3079;34
3080;30
3081;17
3082;15
3083;44
3084;30
3085;23
3086;1
3087;7
3088;11
3089;57
3090;75
3091;19
3092;39
3093;43
3094;3
3095;0
3096;5
3097;28
3098;10
3099;79
3100;49
3101;51
3102;26
3103;40
3104;50
3105;8
3106;15
3107;51
3108;23
3109;48
3110;2
3111;4
3112;17
3113;48
3114;27
3115;27
3116;13
3117;7
3118;77
3119;52
3120;67
3121;40
3122;27
3123;3
3124;36
3125;22
3126;2
3127;42
3128;44
3129;7
3130;24
3131;57
3132;35
3133;64
3134;67
3135;41
3136;52
3137;52
3138;32
3139;27
3140;9
3141;79
3142;81
3143;28
3144;41
3145;83
3146;35
3147;19
3148;0
3149;43
3150;45
3151;15
3152;17
3153;53
3154;30
3155;7
3156;29
3157;9
3158;33
3159;79
3160;70
3161;55
3162;19
3163;78
3164;77
3165;47
3166;55
3167;74
3168;46
3169;49
3170;59
3171;25
3172;29
3173;55
3174;68
3175;68
3176;71
3177;41
3178;37
3179;12
3180;3
3181;52
3182;39
3183;10
3184;15
3185;48
3186;49
3187;4
3188;0
3189;54
3190;58
3191;37
3192;35
3193;45
3194;12
3195;12
3196;66
3197;57
3198;19
3199;62
3200;25
3201;21
3202;35
3203;39
3204;14
3205;18
3206;19
3207;45
3208;42
3209;4
3210;4
3211;66
3212;63
3213;51
3214;23
3215;88
3216;55
3217;37
3218;67
3219;54
3220;59
3221;26
3222;65
3223;45
3224;40
3225;15
3226;8
3227;50
3228;15
3229;68
3230;22
3231;66
3232;49
3233;35
3234;21
3235;4
3236;7
3237;12
3238;56
3239;40
3240;15
3241;17
3242;37
3243;30
3244;28
3245;18
3246;15
3247;53
3248;61
3249;38
3250;49
3251;62
3252;14
3253;47
3254;82
3255;61
3256;63
3257;80
3258;60
3259;35
3260;38
3261;14
3262;23
3263;35
3264;7
3265;17
3266;59
3267;15
3268;49
3269;16
3270;9
3271;70
3272;69
3273;72
3274;53
3275;67
3276;59
3277;72
3278;29
3279;54
3280;44
3281;59
3282;29
3283;16
3284;10
3285;15
3286;41
3287;32
3288;6
3289;8
3290;36
3291;36
3292;43
3293;13
3294;0
3295;65
3296;60
3297;46
3298;23
3299;28
3300;51
3301;25
3302;89
3303;31
3304;23
3305;73
3306;41
3307;29
3308;58
3309;43
3310;33
3311;18
3312;13
3313;53
3314;43
3315;49
3316;41
3317;16
3318;19
3319;32
3320;20
3321;33
3322;56
3323;51
3324;26
3325;63
3326;54
3327;65
3328;47
3329;58
3330;33
3331;63
3332;9
3333;18
3334;18
3335;13
3336;35
3337;24
3338;51
3339;63
3340;72
3341;21
3342;60
3343;40
3344;19
3345;21
3346;21
3347;48
3348;22
3349;45
3350;53
3351;25
3352;40
3353;22
3354;65
3355;52
3356;21
3357;45
3358;21
3359;44
3360;10
3361;10
3362;64
3363;25
3364;19
3365;45
3366;43
3367;2
3368;75
3369;41
3370;34
3371;38
3372;8
3373;46
3374;7
3375;69
3376;37
3377;28
3378;4
3379;6
3380;26
3381;20
3382;53
3383;33
3384;68
3385;63
3386;25
3387;77
3388;40
3389;10
3390;49
3391;58
3392;41
3393;50
3394;61
3395;8
3396;9
3397;22
3398;24
3399;26
3400;31
3401;7
3402;20
3403;61
3404;75
3405;72
3406;44
3407;55
3408;10
3409;7
3410;15
3411;54
3412;36
3413;54
3414;83
3415;30
3416;57
3417;28
3418;14
3419;8
3420;30
3421;32
3422;0
3423;0
3424;32
3425;89
3426;21
3427;71
3428;27
3429;55
3430;54
3431;93
3432;34
3433;26
3434;18
3435;13
3436;58
3437;47
3438;28
3439;46
3440;18
3441;10
3442;38
3443;26
3444;6
3445;10
3446;7
3447;24
3448;33
3449;40
3450;11
3451;8
3452;23
3453;71
3454;31
3455;26
3456;71
3457;61
3458;31
3459;53
3460;57
3461;62
3462;69
3463;72
3464;37
3465;65
3466;68
3467;45
3468;26
3469;5
3470;7
3471;38
3472;19
3473;10
3474;3
3475;42
3476;66
3477;40
3478;20
3479;37
3480;17
3481;4
3482;66
3483;36
3484;39
3485;4
3486;2
3487;77
3488;52
3489;36
3490;12
3491;7
3492;7
3493;30
3494;59
3495;53
3496;40
3497;30
3498;28
3499;48
3500;52
3501;64
3502;13
3503;14
3504;6
3505;62
3506;67
3507;58
3508;54
3509;23
3510;65
3511;47
3512;59
3513;28
3514;7
3515;20
3516;32
3517;23
3518;20
3519;20
3520;55
3521;75
3522;85
3523;40
3524;28
3525;51
3526;10
3527;16
3528;33
3529;77
3530;22
3531;40
3532;32
3533;25
3534;48
3535;45
3536;32
3537;35
3538;1
3539;8
3540;13
3541;27
3542;21
3543;28
3544;14
3545;2
3546;3
3547;22
3548;76
3549;51
3550;52
3551;42
3552;22
3553;50
3554;40
3555;7
3556;12
3557;18
3558;8
3559;32
3560;34
3561;7
3562;55
3563;38
3564;21
3565;1
3566;31
3567;44
3568;62
3569;55
3570;17
3571;18
3572;58
3573;52
3574;64
3575;35
3576;10
3577;15
3578;8
3579;45
3580;65
3581;55
3582;44
3583;73
3584;33
3585;52
3586;52
3587;37
3588;42
3589;40
3590;52
3591;25
3592;80
3593;19
3594;65
3595;72
3596;60
3597;55
3598;24
3599;35
3600;47
3601;63
3602;38
3603;13
3604;55
3605;68
3606;65
3607;77
3608;26
3609;54
3610;45
3611;83
3612;50
3613;39
3614;18
3615;6
3616;11
3617;52
3618;63
3619;36
3620;46
3621;11
3622;27
3623;16
3624;14
3625;51
3626;44
3627;54
3628;61
3629;68
3630;32
3631;20
3632;32
3633;41
3634;21
3635;30
3636;18
3637;1
3638;74
3639;70
3640;55
3641;59
3642;31
3643;53
3644;17
3645;11
3646;43
3647;47
3648;22
3649;24
3650;35
3651;63
3652;79
3653;40
3654;54
3655;34
3656;44
3657;70
3658;65
3659;65
3660;64
3661;54
3662;6
3663;12
3664;17
3665;35
3666;0
3667;0
3668;3
3669;44
3670;83
3671;85
3672;33
3673;49
3674;2
3675;4
3676;3
3677;0
3678;54
3679;54
3680;25
3681;37
3682;61
3683;15
3684;6
3685;76
3686;22
3687;64
3688;27
3689;39
3690;35
3691;0
3692;1
3693;4
3694;53
3695;44
3696;6
3697;10
3698;41
3699;19
3700;83
3701;52
3702;28
3703;35
3704;42
3705;17
3706;22
3707;60
3708;52
3709;41
3710;26
3711;5
3712;35
3713;39
3714;4
3715;15
3716;32
3717;36
3718;11
3719;50
3720;60
3721;28
3722;37
3723;8
3724;5
3725;34
3726;43
3727;24
3728;87
3729;26
3730;43
3731;8
3732;6
3733;42
3734;23
3735;4
3736;2
3737;8
3738;32
3739;33
3740;47
3741;70
3742;59
3743;77
3744;48
3745;74
3746;67
3747;49
3748;51
3749;15
3750;17
3751;19
3752;41
3753;2
3754;3
3755;79
3756;59
3757;46
3758;52
3759;62
3760;56
3761;41
3762;22
3763;19
3764;51
3765;43
3766;53
3767;83
3768;56
3769;66
3770;57
3771;70
3772;31
3773;36
3774;29
3775;3
3776;4
3777;35
3778;80
3779;33
3780;23
3781;55
3782;57
3783;42
3784;49
3785;12
3786;41
3787;44
3788;50
3789;35
3790;42
3791;9
3792;9
3793;3
3794;59
3795;52
3796;26
3797;78
3798;22
3799;33
3800;30
3801;28
3802;10
3803;37
3804;39
3805;8
3806;73
3807;55
3808;28
3809;8
3810;8
3811;36
3812;50
3813;18
3814;15
3815;13
3816;31
3817;44
3818;16
3819;9
3820;18
3821;42
3822;50
3823;17
3824;11
3825;18
3826;30
3827;37
3828;9
3829;18
3830;90
3831;75
3832;44
3833;43
3834;12
3835;17
3836;17
3837;55
3838;37
3839;59
3840;16
3841;26
3842;32
3843;37
3844;9
3845;14
3846;8
3847;51
3848;26
3849;8
3850;53
3851;82
3852;36
3853;39
3854;12
3855;14
3856;61
3857;12
3858;12
3859;49
3860;24
3861;58
3862;33
3863;13
3864;14
3865;61
3866;48
3867;40
3868;12
3869;52
3870;67
3871;68
3872;20
3873;25
3874;60
3875;56
3876;11
3877;12
3878;7
3879;80
3880;34
3881;71
3882;61
3883;20
3884;67
3885;46
3886;71
3887;29
3888;15
3889;17
3890;19
3891;21
3892;55
3893;41
3894;33
3895;32
3896;12
3897;48
3898;50
3899;7
3900;17
3901;16
3902;62
3903;52
3904;37
3905;53
3906;19
3907;33
3908;36
3909;0
3910;9
3911;4
3912;27
3913;63
3914;10
3915;14
3916;7
3917;66
3918;78
3919;20
3920;21
3921;36
3922;43
3923;14
3924;7
3925;10
3926;27
3927;45
3928;10
3929;33
3930;43
3931;12
3932;7
3933;70
3934;57
3935;59
3936;49
3937;63
3938;22
3939;64
3940;45
3941;64
3942;23
3943;39
3944;73
3945;35
3946;58
3947;70
3948;39
3949;35
3950;29
3951;5
3952;0
3953;73
3954;55
3955;28
3956;72
3957;46
3958;58
3959;25
3960;20
3961;33
3962;58
3963;64
3964;48
3965;10
3966;62
3967;79
3968;75
3969;51
3970;14
3971;47
3972;70
3973;50
3974;82
3975;42
3976;76
3977;65
3978;21
3979;25
3980;17
3981;15
3982;47
3983;47
3984;38
3985;32
3986;10
3987;8
3988;74
3989;59
3990;62
3991;59
3992;58
3993;50
3994;66
3995;74
3996;51
3997;89
3998;80
3999;43
4000;30
4001;21
4002;40
4003;62
4004;57
4005;44
4006;30
4007;6
4008;1
4009;24
4010;51
4011;39
4012;22
4013;59
4014;48
4015;68
4016;44
4017;38
4018;30
4019;16
4020;13
4021;11
4022;62
4023;70
4024;73
4025;76
4026;65
4027;27
4028;50
4029;34
4030;58
4031;54
4032;54
4033;38
4034;41
4035;0
4036;6
4037;0
4038;42
4039;56
4040;10
4041;11
4042;28
4043;36
4044;7
4045;13
4046;60
4047;52
4048;70
4049;19
4050;66
4051;41
4052;52
4053;80
4054;73
4055;40
4056;31
4057;3
4058;1
4059;45
4060;51
4061;6
4062;18
4063;65
4064;65
4065;40
4066;39
4067;16
4068;13
4069;52
4070;33
4071;40
4072;39
4073;73
4074;54
4075;23
4076;43
4077;25
4078;19
4079;30
4080;81
4081;22
4082;44
4083;13
4084;10
4085;48
4086;60
4087;10
4088;11
4089;36
4090;40
4091;1
4092;2
4093;5
4094;23
4095;42
4096;1
4097;38
4098;42
4099;7
4100;3
4101;68
4102;56
4103;28
4104;41
4105;19
4106;37
4107;64
4108;7
4109;15
4110;30
4111;30
4112;8
4113;15
4114;30
4115;45
4116;0
4117;35
4118;61
4119;24
4120;26
4121;33
4122;54
4123;18
4124;43
4125;41
4126;4
4127;4
4128;22
4129;88
4130;28
4131;33
4132;40
4133;8
4134;17
4135;53
4136;39
4137;16
4138;17
4139;78
4140;36
4141;85
4142;57
4143;80
4144;32
4145;49
4146;9
4147;9
4148;13
4149;83
4150;54
4151;76
4152;62
4153;36
4154;53
4155;67
4156;58
4157;38
4158;29
4159;72
4160;59
4161;49
4162;29
4163;7
4164;17
4165;9
4166;6
4167;64
4168;57
4169;43
4170;54
4171;11
4172;13
4173;16
4174;42
4175;44
4176;10
4177;6
4178;64
4179;49
4180;42
4181;12
4182;5
4183;41
4184;16
4185;25
4186;53
4187;24
4188;20
4189;65
4190;44
4191;48
4192;76
4193;25
4194;36
4195;28
4196;54
4197;21
4198;66
4199;46
4200;22
4201;61
4202;71
4203;22
4204;54
4205;80
4206;73
4207;48
4208;37
4209;47
4210;44
4211;12
4212;17
4213;65
4214;52
4215;56
4216;83
4217;56
4218;52
4219;73
4220;42
4221;55
4222;44
4223;12
4224;7
4225;77
4226;24
4227;65
4228;48
4229;64
4230;8
4231;66
4232;19
4233;71
4234;67
4235;88
4236;50
4237;36
4238;7
4239;8
4240;45
4241;25
4242;61
4243;30
4244;53
4245;10
4246;10
4247;48
4248;4
4249;5
4250;66
4251;59
4252;52
4253;53
4254;20
4255;66
4256;27
4257;67
4258;43
4259;46
4260;2
4261;1
4262;41
4263;42
4264;13
4265;17
4266;18
4267;59
4268;51
4269;21
4270;27
4271;29
4272;17
4273;14
4274;64
4275;50
4276;14
4277;7
4278;56
4279;71
4280;39
4281;42
4282;9
4283;10
4284;98
4285;45
4286;48
4287;1
4288;3
4289;31
4290;7
4291;19
4292;28
4293;22
4294;24
4295;41
4296;44
4297;31
4298;13
4299;27
4300;47
4301;17
4302;34
4303;38
4304;2
4305;71
4306;28
4307;52
4308;76
4309;60
4310;52
4311;9
4312;7
4313;69
4314;19
4315;31
4316;32
4317;14
4318;10
4319;65
4320;46
4321;58
4322;43
4323;32
4324;60
4325;14
4326;16
4327;7
4328;37
4329;23
4330;18
4331;2
4332;41
4333;33
4334;4
4335;14
4336;43
4337;18
4338;12
4339;58
4340;51
4341;37
4342;52
4343;60
4344;58
4345;57
4346;62
4347;41
4348;53
4349;29
4350;46
4351;60
4352;24
4353;68
4354;46
4355;55
4356;27
4357;54
4358;21
4359;43
4360;53
4361;49
4362;31
4363;13
4364;12
4365;23
4366;54
4367;33
4368;34
4369;10
4370;41
4371;52
4372;7
4373;15
4374;58
4375;63
4376;63
4377;50
4378;36
4379;19
4380;36
4381;2
4382;3
4383;45
4384;58
4385;6
4386;7
4387;7
4388;54
4389;36
4390;53
4391;41
4392;58
4393;52
4394;12
4395;44
4396;71
4397;21
4398;67
4399;21
4400;77
4401;67
4402;46
4403;7
4404;19
4405;28
4406;7
4407;5
4408;35
4409;36
4410;0
4411;74
4412;54
4413;19
4414;25
4415;31
4416;31
4417;1
4418;4
4419;27
4420;38
4421;4
4422;3
4423;60
4424;25
4425;22
4426;64
4427;20
4428;49
4429;63
4430;64
4431;44
4432;90
4433;30
4434;60
4435;48
4436;11
4437;8
4438;28
4439;39
4440;18
4441;8
4442;18
4443;33
4444;67
4445;46
4446;67
4447;71
4448;42
4449;58
4450;43
4451;25
4452;21
4453;3
4454;5
4455;70
4456;72
4457;53
4458;47
4459;43
4460;12
4461;27
4462;44
4463;39
4464;36
4465;81
4466;38
4467;34
4468;9
4469;27
4470;54
4471;67
4472;50
4473;39
4474;1
4475;62
4476;39
4477;77
4478;87
4479;53
4480;14
4481;65
4482;77
4483;59
4484;54
4485;12
4486;16
4487;8
4488;27
4489;67
4490;62
4491;21
4492;44
4493;18
4494;52
4495;31
4496;15
4497;64
4498;65
4499;57
4500;30
4501;14
4502;38
4503;25
4504;9
4505;7
4506;21
4507;67
4508;42
4509;41
4510;0
4511;4
4512;31
4513;27
4514;25
4515;45
4516;35
4517;18
4518;17
4519;46
4520;49
4521;13
4522;76
4523;82
4524;61
4525;19
4526;30
4527;27
4528;17
4529;17
4530;81
4531;53
4532;68
4533;32
4534;53
4535;18
4536;6
4537;6
4538;15
4539;34
4540;33
4541;73
4542;62
4543;79
4544;43
4545;45
4546;4
4547;13
4548;84
4549;27
4550;37
4551;6
4552;23
4553;28
4554;0
4555;89
4556;34
4557;44
4558;53
4559;28
4560;18
4561;8
4562;44
4563;22
4564;13
4565;6
4566;29
4567;41
4568;8
4569;12
4570;46
4571;2
4572;47
4573;39
4574;1
4575;17
4576;65
4577;23
4578;46
4579;60
4580;13
4581;15
4582;46
4583;66
4584;34
4585;16
4586;31
4587;49
4588;8
4589;16
4590;38
4591;16
4592;29
4593;43
4594;12
4595;16
4596;66
4597;76
4598;35
4599;29
4600;4
4601;5
4602;89
4603;65
4604;30
4605;29
4606;17
4607;17
4608;28
4609;42
4610;5
4611;3
4612;73
4613;61
4614;65
4615;32
4616;31
4617;7
4618;48
4619;7
4620;4
4621;4
4622;29
4623;33
4624;7
4625;4
4626;1
4627;82
4628;77
4629;59
4630;8
4631;9
4632;25
4633;35
4634;6
4635;9
4636;12
4637;24
4638;78
4639;33
4640;8
4641;17
4642;38
4643;53
4644;30
4645;16
4646;7
4647;84
4648;83
4649;31
4650;44
4651;2
4652;12
4653;72
4654;47
4655;37
4656;18
4657;7
4658;36
4659;61
4660;26
4661;39
4662;7
4663;9
4664;27
4665;45
4666;4
4667;6
4668;31
4669;40
4670;87
4671;64
4672;43
4673;13
4674;11
4675;43
4676;28
4677;5
4678;17
4679;3
4680;21
4681;49
4682;60
4683;55
4684;52
4685;36
4686;50
4687;10
4688;16
4689;24
4690;43
4691;1
4692;5
4693;30
4694;34
4695;7
4696;4
4697;45
4698;31
4699;3
4700;0
4701;56
4702;52
4703;19
4704;62
4705;66
4706;74
4707;91
4708;41
4709;39
4710;26
4711;32
4712;12
4713;12
4714;47
4715;56
4716;74
4717;56
4718;63
4719;59
4720;20
4721;70
4722;53
4723;21
4724;73
4725;76
4726;29
4727;49
4728;17
4729;4
4730;68
4731;24
4732;21
4733;4
4734;28
4735;47
4736;12
4737;14
4738;81
4739;60
4740;65
4741;36
4742;47
4743;1
4744;2
4745;58
4746;59
4747;23
4748;43
4749;19
4750;24
4751;32
4752;5
4753;51
4754;52
4755;19
4756;25
4757;25
4758;76
4759;75
4760;27
4761;39
4762;14
4763;56
4764;50
4765;7
4766;6
4767;54
4768;41
4769;31
4770;28
4771;11
4772;9
4773;65
4774;65
4775;40
4776;34
4777;13
4778;2
4779;41
4780;47
4781;7
4782;3
4783;31
4784;77
4785;52
4786;63
4787;41
4788;68
4789;77
4790;76
4791;36
4792;43
4793;38
4794;12
4795;9
4796;14
4797;45
4798;31
4799;25
4800;25
4801;40
4802;61
4803;9
4804;16
4805;6
4806;42
4807;54
4808;32
4809;42
4810;0
4811;4
4812;6
4813;36
4814;36
4815;7
4816;6
4817;14
4818;24
4819;22
4820;68
4821;49
4822;78
4823;28
4824;24
4825;44
4826;50
4827;55
4828;50
4829;36
4830;18
4831;14
4832;83
4833;42
4834;61
4835;65
4836;47
4837;59
4838;60
4839;55
4840;45
4841;39
4842;3
4843;32
4844;84
4845;70
4846;50
4847;56
4848;31
4849;21
4850;58
4851;7
4852;50
4853;23
4854;66
4855;52
4856;56
4857;45
4858;54
4859;6
4860;12
4861;77
4862;65
4863;23
4864;89
4865;68
4866;80
4867;47
4868;46
4869;18
4870;7
4871;6
4872;59
4873;26
4874;49
4875;40
4876;7
4877;18
4878;38
4879;32
4880;9
4881;12
4882;77
4883;44
4884;53
4885;57
4886;65
4887;51
4888;32
4889;17
4890;18
4891;69
4892;87
4893;61
4894;50
4895;39
4896;41
4897;4
4898;6
4899;3
4900;47
4901;37
4902;32
4903;0
4904;73
4905;21
4906;55
4907;67
4908;47
4909;68
4910;76
4911;19
4912;39
4913;64
4914;54
4915;54
4916;75
4917;70
4918;55
4919;36
4920;56
4921;67
4922;54
4923;76
4924;38
4925;45
4926;11
4927;6
4928;8
4929;46
4930;21
4931;67
4932;36
4933;23
4934;22
4935;23
4936;19
4937;36
4938;31
4939;5
4940;12
4941;17
4942;5
4943;65
4944;61
4945;49
4946;44
4947;52
4948;37
4949;41
4950;0
4951;3
4952;35
4953;47
4954;0
4955;77
4956;65
4957;55
4958;38
4959;25
4960;38
4961;52
4962;74
4963;54
4964;52
4965;36
4966;30
4967;2
4968;0
4969;28
4970;57
4971;20
4972;52
4973;43
4974;39
4975;35
4976;53
4977;52
4978;70
4979;63
4980;24
4981;22
4982;28
4983;45
4984;23
4985;6
4986;61
4987;20
4988;38
4989;42
4990;9
4991;3
4992;1
4993;63
4994;21
4995;19
4996;65
4997;58
4998;56
4999;51
5000;46
5001;8
5002;12
5003;37
5004;47
5005;10
5006;15
5007;13
5008;20
5009;28
5010;45
5011;33
5012;3
5013;7
5014;64
5015;45
5016;17
5017;17
5018;62
5019;43
5020;41
5021;17
5022;3
5023;2
5024;28
5025;42
5026;14
5027;2
5028;36
5029;28
5030;5
5031;2
5032;31
5033;45
5034;15
5035;5
5036;69
5037;56
5038;45
5039;12
5040;16
5041;82
5042;50
5043;30
5044;52
5045;65
5046;68
5047;85
5048;28
5049;56
5050;10
5051;16
5052;55
5053;57
5054;12
5055;15
5056;64
5057;67
5058;46
5059;57
5060;83
5061;68
5062;20
5063;65
5064;26
5065;63
5066;53
5067;40
5068;27
5069;12
5070;18
5071;21
5072;36
5073;68
5074;79
5075;40
5076;5
5077;71
5078;29
5079;48
5080;56
5081;42
5082;17
5083;55
5084;23
5085;52
5086;54
5087;38
5088;8
5089;26
5090;73
5091;66
5092;52
5093;60
5094;62
5095;64
5096;73
5097;53
5098;62
5099;18
5100;73
5101;37
5102;29
5103;13
5104;18
5105;8
5106;47
5107;20
5108;63
5109;30
5110;46
5111;14
5112;10
5113;20
5114;21
5115;47
5116;43
5117;3
5118;0
5119;34
5120;89
5121;63
5122;31
5123;43
5124;10
5125;37
5126;38
5127;5
5128;16
5129;45
5130;31
5131;22
5132;58
5133;57
5134;42
5135;49
5136;24
5137;41
5138;48
5139;10
5140;18
5141;88
5142;51
5143;49
5144;36
5145;10
5146;9
5147;7
5148;8
5149;60
5150;65
5151;64
5152;88
5153;25
5154;20
5155;58
5156;83
5157;51
5158;74
5159;30
5160;83
5161;28
5162;50
5163;35
5164;12
5165;42
5166;24
5167;23
5168;71
5169;53
5170;38
5171;22
5172;41
5173;66
5174;50
5175;70
5176;59
5177;43
5178;84
5179;39
5180;39
5181;17
5182;10
5183;60
5184;28
5185;53
5186;54
5187;66
5188;70
5189;76
5190;50
5191;84
5192;82
5193;44
5194;12
5195;59
5196;31
5197;6
5198;13
5199;32
5200;62
5201;71
5202;65
5203;41
5204;29
5205;8
5206;62
5207;46
5208;34
5209;5
5210;70
5211;65
5212;50
5213;43
5214;29
5215;14
5216;6
5217;70
5218;42
5219;75
5220;24
5221;19
5222;34
5223;89
5224;43
5225;48
5226;47
5227;55
5228;59
5229;37
5230;49
5231;54
5232;24
5233;54
5234;50
5235;40
5236;42
5237;19
5238;53
5239;42
5240;30
5241;6
5242;18
5243;51
5244;75
5245;36
5246;6
5247;15
5248;66
5249;25
5250;43
5251;32
5252;18
5253;52
5254;58
5255;10
5256;6
5257;42
5258;44
5259;12
5260;2
5261;51
5262;72
5263;72
5264;70
5265;34
5266;48
5267;44
5268;12
5269;0
5270;4
5271;60
5272;26
5273;41
5274;54
5275;60
5276;57
5277;44
5278;61
5279;42
5280;13
5281;11
5282;36
5283;60
5284;13
5285;21
5286;72
5287;55
5288;42
5289;24
5290;40
5291;27
5292;33
5293;59
5294;49
5295;15
5296;13
5297;55
5298;61
5299;17
5300;9
5301;32
5302;44
5303;6
5304;10
5305;57
5306;28
5307;37
5308;1
5309;15
5310;76
5311;60
5312;71
5313;82
5314;21
5315;27
5316;47
5317;6
5318;44
5319;35
5320;14
5321;37
5322;52
5323;42
5324;45
5325;9
5326;30
5327;65
5328;47
5329;55
5330;88
5331;72
5332;34
5333;30
5334;11
5335;8
5336;30
5337;53
5338;34
5339;41
5340;4
5341;64
5342;73
5343;71
5344;56
5345;37
5346;40
5347;6
5348;16
5349;22
5350;43
5351;51
5352;57
5353;35
5354;43
5355;6
5356;11
5357;54
5358;58
5359;45
5360;26
5361;76
5362;41
5363;52
5364;65
5365;66
5366;33
5367;34
5368;59
5369;68
5370;36
5371;37
5372;10
5373;71
5374;20
5375;37
5376;22
5377;46
5378;61
5379;72
5380;52
5381;32
5382;52
5383;90
5384;54
5385;35
5386;71
5387;54
5388;49
5389;43
5390;3
5391;17
5392;38
5393;52
5394;18
5395;37
5396;34
5397;8
5398;0
5399;35
5400;72
5401;73
5402;53
5403;32
5404;86
5405;70
5406;49
5407;18
5408;18
5409;19
5410;54
5411;56
5412;57
5413;77
5414;26
5415;35
5416;35
5417;5
5418;4
5419;32
5420;51
5421;19
5422;45
5423;83
5424;31
5425;20
5426;21
5427;42
5428;3
5429;56
5430;65
5431;66
5432;82
5433;27
5434;45
5435;12
5436;30
5437;37
5438;11
5439;43
5440;71
5441;40
5442;38
5443;2
5444;4
5445;5
5446;32
5447;53
5448;17
5449;7
5450;32
5451;29
5452;2
5453;0
5454;31
5455;51
5456;13
5457;74
5458;53
5459;52
5460;42
5461;68
5462;58
5463;71
5464;53
5465;21
5466;66
5467;55
5468;42
5469;14
5470;36
5471;29
5472;34
5473;35
5474;3
5475;70
5476;61
5477;17
5478;44
5479;38
5480;12
5481;8
5482;18
5483;41
5484;36
5485;12
5486;10
5487;77
5488;80
5489;54
5490;28
5491;40
5492;2
5493;2
5494;12
5495;55
5496;58
