1;27
2;1
3;2
4;3
5;79
6;50
7;59
8;9
9;11
10;66
11;51
12;68
13;67
14;63
15;49
16;76
17;51
18;60
19;28
20;35
21;69
22;48
23;19
24;32
25;45
26;15
27;11
28;47
29;34
30;4
31;4
32;4
33;12
34;14
35;5
36;51
37;66
38;33
39;19
40;35
41;38
42;51
43;47
44;60
45;23
46;50
47;71
48;56
49;71
50;37
51;52
52;73
53;44
54;66
55;53
56;53
57;54
58;59
59;48
60;64
61;54
62;29
63;41
64;3
65;3
66;68
67;52
68;26
69;58
70;64
71;50
72;66
73;72
74;58
75;29
76;31
77;12
78;14
79;20
80;23
81;14
82;3
83;43
84;19
85;74
86;23
87;25
88;24
89;42
90;26
91;39
92;9
93;13
94;5
95;53
96;34
97;9
98;15
99;42
100;79
101;46
102;5
103;50
104;69
105;53
106;64
107;61
108;68
109;82
110;23
111;26
112;4
113;61
114;32
115;11
116;24
117;58
118;64
119;82
120;45
121;66
122;21
123;22
124;25
125;45
126;83
127;51
128;19
129;46
130;70
131;48
132;21
133;2
134;1
135;22
136;82
137;25
138;67
139;31
140;18
141;61
142;59
143;50
144;40
145;10
146;7
147;88
148;34
149;60
150;18
151;13
152;52
153;75
154;91
155;40
156;52
157;11
158;13
159;17
160;54
161;76
162;39
163;49
164;14
165;33
166;33
167;13
168;25
169;68
170;49
171;35
172;2
173;0
174;3
175;31
176;53
177;48
178;25
179;26
180;46
181;11
182;35
183;34
184;7
185;18
186;3
187;49
188;69
189;46
190;40
191;7
192;14
193;57
194;50
195;9
196;13
197;48
198;51
199;18
200;8
201;60
202;59
203;51
204;36
205;18
206;17
207;62
208;54
209;20
210;59
211;42
212;77
213;22
214;53
215;39
216;33
217;58
218;64
219;17
220;15
221;61
222;47
223;8
224;27
225;82
226;74
227;70
228;85
229;44
230;56
231;52
232;45
233;69
234;67
235;42
236;37
237;84
238;39
239;25
240;62
241;64
242;45
243;59
244;85
245;38
246;35
247;10
248;4
249;54
250;19
251;60
252;55
253;49
254;52
255;15
256;6
257;19
258;57
259;73
260;55
261;52
262;81
263;41
264;60
265;14
266;38
267;51
268;64
269;50
270;14
271;39
272;22
273;59
274;53
275;64
276;91
277;54
278;32
279;7
280;9
281;66
282;80
283;46
284;54
285;19
286;21
287;22
288;48
289;11
290;56
291;49
292;15
293;16
294;38
295;28
296;45
297;23
298;24
299;38
300;39
301;12
302;17
303;14
304;53
305;80
306;59
307;20
308;27
309;50
310;55
311;7
312;6
313;65
314;75
315;61
316;21
317;20
318;51
319;54
320;52
321;43
322;16
323;13
324;37
325;68
326;63
327;65
328;23
329;56
330;7
331;14
332;57
333;61
334;18
335;6
336;71
337;62
338;58
339;71
340;21
341;31
342;20
343;57
344;21
345;61
346;63
347;43
348;21
349;39
350;80
351;47
352;55
353;56
354;55
355;12
356;9
357;67
358;60
359;62
360;54
361;14
362;30
363;51
364;32
365;36
366;10
367;60
368;23
369;68
370;56
371;78
372;68
373;32
374;54
375;74
376;19
377;27
378;8
379;1
380;89
381;75
382;20
383;49
384;4
385;0
386;1
387;6
388;5
389;31
390;23
391;56
392;83
393;40
394;64
395;84
396;36
397;23
398;77
399;66
400;21
401;55
402;85
403;50
404;73
405;34
406;51
407;63
408;66
409;58
410;49
411;39
412;45
413;58
414;7
415;16
416;64
417;66
418;51
419;44
420;28
421;9
422;11
423;57
424;52
425;14
426;27
427;86
428;47
429;62
430;51
431;59
432;16
433;9
434;82
435;66
436;51
437;62
438;46
439;57
440;49
441;6
442;34
443;19
444;46
445;89
446;59
447;72
448;41
449;30
450;1
451;7
452;67
453;58
454;21
455;48
456;47
457;7
458;18
459;33
460;18
461;53
462;61
463;47
464;11
465;57
466;74
467;28
468;45
469;6
470;16
471;9
472;34
473;47
474;42
475;13
476;15
477;64
478;69
479;50
480;46
481;8
482;7
483;76
484;57
485;56
486;63
487;68
488;43
489;46
490;15
491;18
492;77
493;57
494;43
495;30
496;14
497;14
498;80
499;66
500;38
501;46
502;6
503;8
504;35
505;33
506;95
507;44
508;26
509;32
510;32
511;19
512;61
513;72
514;52
515;43
516;29
517;17
518;13
519;17
520;60
521;63
522;61
523;64
524;53
525;79
526;56
527;53
528;35
529;45
530;4
531;4
532;36
533;31
534;16
535;15
536;13
537;63
538;60
539;67
540;66
541;29
542;39
543;17
544;9
545;14
546;14
547;38
548;77
549;72
550;66
551;35
552;58
553;37
554;16
555;29
556;69
557;26
558;54
559;59
560;21
561;33
562;15
563;1
564;18
565;11
566;76
567;30
568;50
569;57
570;73
571;21
572;44
573;7
574;7
575;5
576;21
577;38
578;0
579;5
580;23
581;41
582;11
583;43
584;4
585;63
586;58
587;18
588;28
589;19
590;58
591;8
592;46
593;65
594;36
595;50
596;44
597;49
598;9
599;17
600;56
601;24
602;83
603;76
604;57
605;46
606;56
607;32
608;77
609;43
610;40
611;12
612;71
613;45
614;76
615;46
616;32
617;6
618;9
619;18
620;46
621;33
622;7
623;8
624;57
625;52
626;59
627;54
628;37
629;35
630;79
631;85
632;70
633;28
634;29
635;26
636;18
637;36
638;32
639;14
640;10
641;57
642;70
643;47
644;59
645;54
646;82
647;51
648;56
649;33
650;16
651;13
652;11
653;30
654;46
655;33
656;1
657;4
658;69
659;71
660;40
661;36
662;11
663;8
664;50
665;47
666;29
667;45
668;6
669;12
670;49
671;46
672;23
673;35
674;60
675;11
676;34
677;9
678;84
679;52
680;38
681;35
682;8
683;19
684;52
685;60
686;19
687;87
688;50
689;53
690;68
691;76
692;74
693;66
694;64
695;22
696;24
697;21
698;75
699;69
700;42
701;39
702;11
703;8
704;11
705;81
706;27
707;75
708;52
709;53
710;41
711;39
712;11
713;4
714;51
715;14
716;22
717;42
718;53
719;68
720;48
721;21
722;72
723;71
724;20
725;66
726;26
727;9
728;18
729;51
730;57
731;19
732;20
733;46
734;32
735;16
736;6
737;12
738;58
739;67
740;69
741;64
742;53
743;19
744;71
745;72
746;40
747;28
748;11
749;1
750;47
751;74
752;73
753;62
754;50
755;66
756;69
757;71
758;65
759;46
760;15
761;50
762;42
763;44
764;48
765;51
766;33
767;19
768;48
769;49
770;46
771;61
772;47
773;70
774;33
775;32
776;9
777;15
778;90
779;74
780;76
781;34
782;30
783;58
784;81
785;23
786;56
787;23
788;37
789;31
790;12
791;50
792;68
793;47
794;14
795;22
796;75
797;24
798;63
799;46
800;42
801;13
802;6
803;58
804;72
805;32
806;48
807;36
808;44
809;29
810;29
811;18
812;46
813;77
814;74
815;23
816;19
817;33
818;44
819;67
820;81
821;43
822;11
823;13
824;64
825;69
826;19
827;82
828;51
829;19
830;73
831;75
832;74
833;54
834;32
835;25
836;47
837;17
838;64
839;58
840;47
841;56
842;13
843;37
844;43
845;6
846;16
847;54
848;58
849;45
850;49
851;18
852;31
853;78
854;56
855;90
856;36
857;54
858;52
859;48
860;72
861;62
862;53
863;78
864;55
865;90
866;58
867;67
868;79
869;43
870;40
871;13
872;26
873;59
874;48
875;50
876;6
877;10
878;60
879;71
880;32
881;83
882;87
883;39
884;31
885;61
886;59
887;49
888;61
889;74
890;44
891;29
892;66
893;83
894;34
895;71
896;45
897;30
898;14
899;16
900;10
901;20
902;45
903;66
904;71
905;47
906;28
907;16
908;47
909;68
910;39
911;43
912;32
913;25
914;42
915;2
916;71
917;53
918;20
919;69
920;45
921;49
922;13
923;7
924;8
925;79
926;74
927;46
928;45
929;52
930;9
931;50
932;43
933;9
934;13
935;63
936;36
937;9
938;15
939;7
940;6
941;58
942;52
943;19
944;64
945;48
946;35
947;7
948;6
949;63
950;48
951;15
952;32
953;69
954;21
955;35
956;54
957;54
958;24
959;4
960;33
961;48
962;15
963;9
964;30
965;30
966;51
967;35
968;50
969;73
970;65
971;42
972;37
973;10
974;16
975;36
976;43
977;42
978;36
979;12
980;16
981;44
982;6
983;12
984;67
985;63
986;85
987;54
988;31
989;18
990;37
991;40
992;8
993;20
994;35
995;4
996;1
997;7
998;48
999;51
1000;8
1001;8
1002;31
1003;30
1004;46
1005;7
1006;8
1007;72
1008;51
1009;26
1010;20
1011;67
1012;29
1013;18
1014;9
1015;70
1016;60
1017;58
1018;72
1019;67
1020;48
1021;48
1022;16
1023;10
1024;7
1025;52
1026;35
1027;4
1028;4
1029;39
1030;56
1031;30
1032;72
1033;50
1034;62
1035;38
1036;35
1037;12
1038;42
1039;46
1040;55
1041;64
1042;29
1043;41
1044;16
1045;14
1046;66
1047;46
1048;38
1049;83
1050;35
1051;19
1052;10
1053;8
1054;38
1055;12
1056;65
1057;22
1058;65
1059;73
1060;71
1061;38
1062;27
1063;4
1064;82
1065;26
1066;27
1067;46
1068;8
1069;9
1070;9
1071;32
1072;57
1073;13
1074;7
1075;53
1076;24
1077;45
1078;9
1079;17
1080;63
1081;55
1082;22
1083;23
1084;38
1085;7
1086;12
1087;72
1088;21
1089;44
1090;53
1091;32
1092;44
1093;7
1094;5
1095;7
1096;55
1097;78
1098;55
1099;56
1100;60
1101;54
1102;48
1103;33
1104;67
1105;72
1106;54
1107;62
1108;69
1109;53
1110;82
1111;46
1112;88
1113;53
1114;46
1115;57
1116;56
1117;27
1118;52
1119;51
1120;59
1121;57
1122;52
1123;54
1124;37
1125;45
1126;23
1127;5
1128;19
1129;58
1130;31
1131;37
1132;14
1133;53
1134;23
1135;60
1136;8
1137;36
1138;28
1139;3
1140;4
1141;67
1142;62
1143;54
1144;38
1145;34
1146;12
1147;7
1148;11
1149;48
1150;29
1151;44
1152;3
1153;16
1154;32
1155;65
1156;19
1157;66
1158;66
1159;22
1160;49
1161;80
1162;68
1163;78
1164;64
1165;30
1166;9
1167;11
1168;60
1169;48
1170;51
1171;25
1172;36
1173;20
1174;61
1175;12
1176;43
1177;43
1178;1
1179;1
1180;5
1181;4
1182;46
1183;70
1184;20
1185;85
1186;24
1187;42
1188;57
1189;68
1190;78
1191;59
1192;45
1193;54
1194;47
1195;74
1196;79
1197;62
1198;73
1199;24
1200;24
1201;73
1202;57
1203;57
1204;72
1205;85
1206;53
1207;70
1208;64
1209;36
1210;27
1211;54
1212;15
1213;14
1214;49
1215;49
1216;8
1217;61
1218;49
1219;34
1220;48
1221;6
1222;9
1223;18
1224;10
1225;64
1226;12
1227;18
1228;57
1229;54
1230;70
1231;76
1232;59
1233;22
1234;34
1235;25
1236;3
1237;5
1238;28
1239;88
1240;57
1241;35
1242;29
1243;3
1244;13
1245;68
1246;69
1247;33
1248;38
1249;7
1250;15
1251;17
1252;44
1253;44
1254;18
1255;13
1256;76
1257;44
1258;47
1259;57
1260;15
1261;13
1262;53
1263;21
1264;49
1265;42
1266;14
1267;70
1268;42
1269;49
1270;45
1271;26
1272;48
1273;58
1274;35
1275;20
1276;71
1277;22
1278;53
1279;22
1280;46
1281;31
1282;14
1283;11
1284;17
1285;47
1286;52
1287;86
1288;83
1289;75
1290;34
1291;31
1292;17
1293;66
1294;60
1295;48
1296;56
1297;50
1298;49
1299;35
1300;51
1301;46
1302;31
1303;59
1304;49
1305;72
1306;91
1307;54
1308;61
1309;42
1310;47
1311;39
1312;14
1313;13
1314;29
1315;37
1316;12
1317;14
1318;59
1319;37
1320;58
1321;28
1322;52
1323;19
1324;27
1325;30
1326;58
1327;31
1328;34
1329;57
1330;67
1331;52
1332;19
1333;67
1334;21
1335;42
1336;24
1337;38
1338;52
1339;21
1340;46
1341;17
1342;9
1343;53
1344;77
1345;80
1346;66
1347;59
1348;78
1349;54
1350;64
1351;68
1352;74
1353;61
1354;80
1355;42
1356;26
1357;5
1358;45
1359;71
1360;54
1361;88
1362;84
1363;45
1364;50
1365;74
1366;50
1367;26
1368;44
1369;19
1370;61
1371;74
1372;60
1373;55
1374;59
1375;56
1376;48
1377;17
1378;8
1379;33
1380;64
1381;46
1382;73
1383;67
1384;53
1385;49
1386;23
1387;37
1388;32
1389;5
1390;16
1391;1
1392;61
1393;38
1394;34
1395;16
1396;18
1397;3
1398;15
1399;4
1400;13
1401;55
1402;78
1403;28
1404;35
1405;0
1406;14
1407;75
1408;70
1409;33
1410;53
1411;7
1412;12
1413;22
1414;96
1415;34
1416;45
1417;66
1418;52
1419;49
1420;48
1421;46
1422;18
1423;57
1424;80
1425;59
1426;64
1427;54
1428;52
1429;58
1430;12
1431;64
1432;57
1433;52
1434;98
1435;50
1436;23
1437;65
1438;73
1439;68
1440;86
1441;46
1442;42
1443;54
1444;24
1445;41
1446;39
1447;5
1448;73
1449;39
1450;30
1451;17
1452;18
1453;57
1454;47
1455;38
1456;52
1457;63
1458;60
1459;75
1460;55
1461;63
1462;49
1463;38
1464;17
1465;12
1466;90
1467;70
1468;27
1469;36
1470;17
1471;5
1472;5
1473;42
1474;9
1475;4
1476;63
1477;63
1478;48
1479;73
1480;57
1481;62
1482;54
1483;28
1484;63
1485;66
1486;21
1487;81
1488;49
1489;64
1490;63
1491;54
1492;91
1493;73
1494;69
1495;22
1496;70
1497;62
1498;11
1499;10
1500;52
1501;83
1502;54
1503;44
1504;39
1505;14
1506;13
1507;67
1508;22
1509;56
1510;55
1511;7
1512;15
1513;33
1514;44
1515;3
1516;61
1517;37
1518;20
1519;2
1520;7
1521;6
1522;79
1523;54
1524;62
1525;66
1526;53
1527;57
1528;72
1529;41
1530;46
1531;47
1532;5
1533;11
1534;33
1535;81
1536;59
1537;51
1538;27
1539;35
1540;48
1541;16
1542;17
1543;11
1544;46
1545;15
1546;37
1547;21
1548;4
1549;5
1550;1
1551;43
1552;67
1553;65
1554;50
1555;42
1556;6
1557;9
1558;38
1559;27
1560;41
1561;14
1562;12
1563;49
1564;62
1565;9
1566;11
1567;28
1568;41
1569;16
1570;5
1571;38
1572;32
1573;18
1574;16
1575;89
1576;64
1577;23
1578;59
1579;89
1580;39
1581;76
1582;64
1583;62
1584;48
1585;49
1586;67
1587;57
1588;24
1589;59
1590;35
1591;19
1592;32
1593;42
1594;18
1595;6
1596;91
1597;72
1598;23
1599;38
1600;15
1601;6
1602;50
1603;92
1604;39
1605;47
1606;69
1607;62
1608;33
1609;75
1610;48
1611;29
1612;51
1613;30
1614;37
1615;9
1616;17
1617;64
1618;59
1619;52
1620;32
1621;67
1622;34
1623;7
1624;43
1625;7
1626;53
1627;52
1628;32
1629;11
1630;18
1631;35
1632;73
1633;49
1634;55
1635;24
1636;42
1637;47
1638;28
1639;52
1640;28
1641;8
1642;11
1643;38
1644;49
1645;16
1646;13
1647;48
1648;40
1649;44
1650;18
1651;10
1652;14
1653;62
1654;47
1655;73
1656;47
1657;62
1658;73
1659;74
1660;41
1661;55
1662;17
1663;6
1664;48
1665;60
1666;36
1667;13
1668;11
1669;41
1670;81
1671;64
1672;17
1673;17
1674;37
1675;93
1676;21
1677;79
1678;22
1679;64
1680;80
1681;78
1682;47
1683;25
1684;39
1685;32
1686;31
1687;39
1688;7
1689;11
1690;6
1691;87
1692;55
1693;69
1694;59
1695;70
1696;70
1697;31
1698;49
1699;45
1700;63
1701;82
1702;74
1703;76
1704;37
1705;38
1706;16
1707;12
1708;48
1709;68
1710;26
1711;45
1712;51
1713;10
1714;10
1715;37
1716;70
1717;48
1718;65
1719;64
1720;14
1721;25
1722;71
1723;42
1724;10
1725;58
1726;29
1727;56
1728;62
1729;54
1730;55
1731;57
1732;60
1733;71
1734;67
1735;77
1736;48
1737;11
1738;12
1739;53
1740;9
1741;61
1742;44
1743;69
1744;66
1745;49
1746;11
1747;65
1748;47
1749;79
1750;57
1751;61
1752;45
1753;13
1754;11
1755;41
1756;48
1757;0
1758;9
1759;71
1760;61
1761;21
1762;21
1763;21
1764;44
1765;3
1766;15
1767;2
1768;71
1769;75
1770;52
1771;50
1772;7
1773;7
1774;18
1775;66
1776;23
1777;85
1778;61
1779;51
1780;22
1781;29
1782;21
1783;42
1784;37
1785;59
1786;32
1787;3
1788;42
1789;37
1790;57
1791;83
1792;49
1793;66
1794;68
1795;65
1796;39
1797;7
1798;66
1799;54
1800;65
1801;47
1802;69
1803;33
1804;62
1805;78
1806;65
1807;50
1808;58
1809;79
1810;71
1811;65
1812;57
1813;53
1814;47
1815;49
1816;58
1817;60
1818;64
1819;58
1820;50
1821;41
1822;10
1823;17
1824;9
1825;11
1826;34
1827;41
1828;18
1829;11
1830;18
1831;72
1832;60
1833;58
1834;55
1835;61
1836;55
1837;57
1838;34
1839;12
1840;32
1841;46
1842;13
1843;10
1844;28
1845;26
1846;21
1847;4
1848;4
1849;44
1850;34
1851;16
1852;16
1853;30
1854;76
1855;82
1856;34
1857;79
1858;63
1859;83
1860;40
1861;37
1862;4
1863;17
1864;33
1865;17
1866;70
1867;24
1868;69
1869;49
1870;75
1871;20
1872;74
1873;68
1874;44
1875;64
1876;58
1877;17
1878;10
1879;55
1880;37
1881;10
1882;16
1883;57
1884;35
1885;54
1886;59
1887;61
1888;69
1889;24
1890;58
1891;74
1892;22
1893;67
1894;68
1895;48
1896;42
1897;46
1898;4
1899;15
1900;73
1901;44
1902;29
1903;6
1904;12
1905;8
1906;44
1907;55
1908;20
1909;23
1910;24
1911;31
1912;56
1913;45
1914;64
1915;37
1916;61
1917;18
1918;12
1919;36
1920;6
1921;62
1922;73
1923;74
1924;69
1925;33
1926;60
1927;82
1928;46
1929;58
1930;58
1931;55
1932;30
1933;48
1934;10
1935;50
1936;10
1937;13
1938;72
1939;79
1940;76
1941;58
1942;48
1943;34
1944;71
1945;77
1946;65
1947;48
1948;80
1949;27
1950;59
1951;41
1952;15
1953;6
1954;10
1955;46
1956;30
1957;13
1958;57
1959;46
1960;7
1961;6
1962;47
1963;46
1964;47
1965;16
1966;31
1967;57
1968;16
1969;42
1970;64
1971;59
1972;18
1973;10
1974;80
1975;25
1976;55
1977;8
1978;18
1979;20
1980;68
1981;75
1982;85
1983;61
1984;25
1985;25
1986;25
1987;48
1988;19
1989;74
1990;63
1991;22
1992;86
1993;31
1994;36
1995;7
1996;16
1997;25
1998;51
1999;57
2000;73
2001;56
2002;42
2003;11
2004;8
2005;54
2006;51
2007;84
2008;28
2009;33
2010;2
2011;9
2012;40
2013;26
2014;3
2015;9
2016;14
2017;76
2018;47
2019;60
2020;55
2021;70
2022;70
2023;33
2024;50
2025;83
2026;43
2027;53
2028;47
2029;62
2030;73
2031;25
2032;55
2033;65
2034;19
2035;82
2036;35
2037;13
2038;19
2039;20
2040;48
2041;21
2042;5
2043;44
2044;85
2045;42
2046;62
2047;33
2048;8
2049;13
2050;52
2051;69
2052;47
2053;60
2054;18
2055;31
2056;28
2057;25
2058;35
2059;18
2060;5
2061;40
2062;59
2063;60
2064;12
2065;56
2066;8
2067;12
2068;66
2069;75
2070;89
2071;78
2072;25
2073;48
2074;36
2075;52
2076;48
2077;40
2078;18
2079;51
2080;16
2081;15
2082;74
2083;49
2084;63
2085;72
2086;52
2087;71
2088;26
2089;30
2090;52
2091;7
2092;10
2093;7
2094;37
2095;43
2096;50
2097;60
2098;60
2099;91
2100;37
2101;69
2102;33
2103;31
2104;48
2105;10
2106;16
2107;6
2108;19
2109;31
2110;18
2111;4
2112;62
2113;79
2114;75
2115;67
2116;28
2117;57
2118;38
2119;14
2120;7
2121;54
2122;89
2123;73
2124;62
2125;47
2126;34
2127;7
2128;16
2129;27
2130;32
2131;11
2132;2
2133;27
2134;74
2135;52
2136;26
2137;39
2138;22
2139;4
2140;13
2141;17
2142;18
2143;34
2144;50
2145;60
2146;57
2147;68
2148;74
2149;64
2150;28
2151;19
2152;33
2153;71
2154;35
2155;39
2156;30
2157;1
2158;76
2159;48
2160;9
2161;50
2162;31
2163;64
2164;28
2165;18
2166;18
2167;71
2168;34
2169;62
2170;37
2171;36
2172;5
2173;13
2174;2
2175;55
2176;60
2177;63
2178;24
2179;64
2180;54
2181;58
2182;21
2183;30
2184;16
2185;8
2186;56
2187;61
2188;51
2189;49
2190;41
2191;13
2192;10
2193;30
2194;53
2195;17
2196;7
2197;16
2198;26
2199;52
2200;27
2201;27
2202;8
2203;7
2204;18
2205;15
2206;47
2207;85
2208;60
2209;63
2210;32
2211;12
2212;17
2213;11
2214;51
2215;43
2216;31
2217;56
2218;67
2219;37
2220;67
2221;70
2222;61
2223;73
2224;64
2225;50
2226;18
2227;63
2228;39
2229;48
2230;51
2231;18
2232;14
2233;41
2234;47
2235;3
2236;8
2237;2
2238;60
2239;89
2240;46
2241;27
2242;3
2243;42
2244;80
2245;58
2246;85
2247;26
2248;72
2249;46
2250;46
2251;7
2252;9
2253;13
2254;76
2255;24
2256;23
2257;46
2258;26
2259;14
2260;18
2261;7
2262;48
2263;32
2264;16
2265;9
2266;17
2267;26
2268;8
2269;11
2270;62
2271;58
2272;19
2273;64
2274;52
2275;73
2276;60
2277;46
2278;45
2279;53
2280;7
2281;31
2282;43
2283;10
2284;17
2285;11
2286;33
2287;42
2288;16
2289;38
2290;33
2291;13
2292;8
2293;65
2294;48
2295;54
2296;72
2297;64
2298;28
2299;48
2300;44
2301;49
2302;7
2303;9
2304;31
2305;44
2306;24
2307;44
2308;33
2309;46
2310;4
2311;5
2312;51
2313;34
2314;31
2315;14
2316;15
2317;74
2318;68
2319;76
2320;57
2321;42
2322;66
2323;59
2324;85
2325;61
2326;76
2327;73
2328;35
2329;74
2330;62
2331;67
2332;47
2333;42
2334;31
2335;8
2336;18
2337;57
2338;47
2339;61
2340;52
2341;47
2342;57
2343;52
2344;49
2345;22
2346;31
2347;72
2348;74
2349;56
2350;61
2351;7
2352;8
2353;7
2354;23
2355;40
2356;2
2357;2
2358;13
2359;2
2360;32
2361;49
2362;1
2363;3
2364;61
2365;30
2366;16
2367;14
2368;39
2369;32
2370;60
2371;60
2372;70
2373;71
2374;52
2375;48
2376;49
2377;52
2378;8
2379;16
2380;11
2381;60
2382;36
2383;48
2384;2
2385;6
2386;47
2387;41
2388;9
2389;11
2390;42
2391;48
2392;15
2393;15
2394;41
2395;48
2396;20
2397;24
2398;57
2399;47
2400;52
2401;69
2402;52
2403;50
2404;15
2405;7
2406;65
2407;52
2408;70
2409;34
2410;22
2411;39
2412;36
2413;58
2414;57
2415;8
2416;13
2417;29
2418;33
2419;40
2420;3
2421;58
2422;71
2423;33
2424;72
2425;44
2426;38
2427;68
2428;20
2429;19
2430;31
2431;14
2432;15
2433;59
2434;48
2435;9
2436;9
2437;91
2438;75
2439;36
2440;36
2441;21
2442;25
2443;19
2444;76
2445;22
2446;49
2447;55
2448;91
2449;62
2450;91
2451;55
2452;56
2453;83
2454;59
2455;74
2456;57
2457;67
2458;74
2459;21
2460;50
2461;79
2462;53
2463;19
2464;30
2465;5
2466;3
2467;24
2468;54
2469;64
2470;44
2471;86
2472;65
2473;71
2474;70
2475;46
2476;66
2477;54
2478;56
2479;43
2480;32
2481;12
2482;8
2483;45
2484;79
2485;40
2486;53
2487;13
2488;8
2489;52
2490;29
2491;44
2492;55
2493;85
2494;22
2495;45
2496;36
2497;4
2498;18
2499;10
2500;66
2501;57
2502;49
2503;41
2504;14
2505;27
2506;21
2507;4
2508;1
2509;58
2510;41
2511;58
2512;43
2513;42
2514;48
2515;74
2516;22
2517;41
2518;67
2519;44
2520;32
2521;36
2522;16
2523;31
2524;22
2525;83
2526;55
2527;34
2528;34
2529;9
2530;8
2531;63
2532;67
2533;48
2534;52
2535;67
2536;40
2537;68
2538;44
2539;52
2540;8
2541;16
2542;8
2543;76
2544;74
2545;42
2546;60
2547;16
2548;16
2549;47
2550;83
2551;48
2552;53
2553;10
2554;51
2555;63
2556;52
2557;47
2558;71
2559;54
2560;39
2561;49
2562;37
2563;12
2564;18
2565;64
2566;34
2567;6
2568;28
2569;30
2570;57
2571;30
2572;7
2573;10
2574;52
2575;43
2576;40
2577;0
2578;2
2579;84
2580;70
2581;46
2582;71
2583;25
2584;5
2585;47
2586;67
2587;26
2588;44
2589;32
2590;17
2591;3
2592;3
2593;76
2594;55
2595;44
2596;31
2597;2
2598;5
2599;3
2600;54
2601;86
2602;27
2603;28
2604;50
2605;14
2606;18
2607;72
2608;39
2609;40
2610;29
2611;7
2612;9
2613;27
2614;5
2615;67
2616;49
2617;9
2618;26
2619;46
2620;22
2621;20
2622;34
2623;58
2624;17
2625;6
2626;43
2627;30
2628;9
2629;17
2630;2
2631;26
2632;71
2633;50
2634;68
2635;61
2636;53
2637;37
2638;49
2639;39
2640;63
2641;59
2642;54
2643;29
2644;72
2645;48
2646;49
2647;31
2648;5
2649;80
2650;84
2651;47
2652;72
2653;56
2654;82
2655;60
2656;56
2657;35
2658;58
2659;58
2660;26
2661;37
2662;16
2663;17
2664;75
2665;54
2666;62
2667;24
2668;58
2669;41
2670;11
2671;34
2672;64
2673;23
2674;25
2675;24
2676;19
2677;19
2678;70
2679;79
2680;19
2681;86
2682;51
2683;65
2684;50
2685;33
2686;63
2687;64
2688;57
2689;60
2690;48
2691;18
2692;50
2693;68
2694;76
2695;58
2696;61
2697;60
2698;25
2699;23
2700;25
2701;64
2702;35
2703;38
2704;68
2705;48
2706;51
2707;7
2708;11
2709;66
2710;91
2711;56
2712;75
2713;49
2714;61
2715;56
2716;51
2717;50
2718;53
2719;49
2720;55
2721;28
2722;33
2723;3
2724;1
2725;54
2726;64
2727;42
2728;27
2729;80
2730;82
2731;36
2732;62
2733;71
2734;53
2735;70
2736;52
2737;56
2738;9
2739;18
2740;71
2741;97
2742;46
2743;65
2744;74
2745;23
2746;25
2747;62
2748;73
2749;63
2750;60
2751;83
2752;23
2753;70
2754;25
2755;23
2756;21
2757;20
2758;47
2759;31
2760;48
2761;4
2762;3
2763;5
2764;53
2765;52
2766;20
2767;24
2768;57
2769;30
2770;47
2771;5
2772;17
2773;4
2774;12
2775;10
2776;52
2777;43
2778;15
2779;76
2780;48
2781;39
2782;44
2783;14
2784;11
2785;52
2786;55
2787;54
2788;60
2789;56
2790;75
2791;25
2792;32
2793;38
2794;3
2795;2
2796;55
2797;32
2798;32
2799;10
2800;13
2801;49
2802;32
2803;0
2804;11
2805;37
2806;47
2807;47
2808;63
2809;28
2810;25
2811;6
2812;2
2813;30
2814;67
2815;45
2816;66
2817;38
2818;37
2819;5
2820;3
2821;73
2822;49
2823;28
2824;38
2825;6
2826;14
2827;48
2828;19
2829;16
2830;7
2831;48
2832;65
2833;22
2834;47
2835;31
2836;7
2837;9
2838;68
2839;37
2840;22
2841;13
2842;34
2843;59
2844;9
2845;13
2846;15
2847;33
2848;62
2849;75
2850;36
2851;55
2852;59
2853;60
2854;21
2855;27
2856;55
2857;22
2858;19
2859;52
2860;33
2861;16
2862;52
2863;65
2864;58
2865;28
2866;26
2867;69
2868;62
2869;17
2870;69
2871;76
2872;30
2873;17
2874;9
2875;41
2876;30
2877;4
2878;5
2879;10
2880;3
2881;55
2882;74
2883;66
2884;62
2885;54
2886;41
2887;44
2888;18
2889;21
2890;37
2891;37
2892;44
2893;46
2894;33
2895;12
2896;82
2897;26
2898;24
2899;19
2900;26
2901;62
2902;64
2903;83
2904;74
2905;64
2906;35
2907;52
2908;60
2909;33
2910;30
2911;3
2912;28
2913;46
2914;35
2915;29
2916;2
2917;10
2918;57
2919;50
2920;80
2921;83
2922;64
2923;37
2924;13
2925;11
2926;42
2927;15
2928;45
2929;50
2930;8
2931;8
2932;49
2933;46
2934;57
2935;33
2936;11
2937;19
2938;72
2939;23
2940;80
2941;44
2942;41
2943;5
2944;14
2945;51
2946;20
2947;22
2948;63
2949;59
2950;79
2951;76
2952;22
2953;56
2954;51
2955;34
2956;75
2957;59
2958;73
2959;25
2960;68
2961;80
2962;69
2963;66
2964;68
2965;32
2966;47
2967;33
2968;5
2969;4
2970;20
2971;20
2972;5
2973;1
2974;50
2975;62
2976;49
2977;35
2978;13
2979;16
2980;65
2981;74
2982;85
2983;41
2984;52
2985;66
2986;75
2987;49
2988;52
2989;86
2990;41
2991;20
2992;32
2993;34
2994;34
2995;2
2996;4
2997;63
2998;62
2999;69
3000;56
3001;36
3002;62
3003;70
3004;49
3005;31
3006;26
3007;46
3008;33
3009;8
3010;16
3011;56
3012;64
3013;71
3014;50
3015;30
3016;11
3017;18
3018;59
3019;61
3020;55
3021;66
3022;52
3023;79
3024;19
3025;49
3026;46
3027;10
3028;18
3029;25
3030;50
3031;66
3032;31
3033;24
3034;34
3035;52
3036;61
3037;63
3038;49
3039;36
3040;57
3041;55
3042;19
3043;30
3044;66
3045;68
3046;46
3047;64
3048;62
3049;9
3050;7
3051;94
3052;62
3053;33
3054;42
3055;5
3056;5
3057;4
3058;3
3059;40
3060;42
3061;7
3062;9
3063;12
3064;52
3065;90
3066;31
3067;56
3068;53
3069;76
3070;74
3071;65
3072;19
3073;21
3074;24
3075;78
3076;20
3077;27
3078;29
3079;39
3080;17
3081;3
3082;9
3083;26
3084;84
3085;48
3086;68
3087;41
3088;80
3089;53
3090;21
3091;24
3092;53
3093;65
3094;53
3095;66
3096;47
3097;6
3098;10
3099;31
3100;29
3101;51
3102;50
3103;46
3104;30
3105;45
3106;11
3107;3
3108;11
3109;31
3110;2
3111;9
3112;9
3113;69
3114;24
3115;25
3116;11
3117;6
3118;44
3119;52
3120;71
3121;83
3122;22
3123;39
3124;34
3125;8
3126;14
3127;38
3128;22
3129;19
3130;27
3131;44
3132;48
3133;56
3134;47
3135;85
3136;41
3137;49
3138;50
3139;53
3140;14
3141;26
3142;54
3143;50
3144;18
3145;13
3146;57
3147;43
3148;31
3149;65
3150;75
3151;33
3152;42
3153;2
3154;5
3155;51
3156;45
3157;70
3158;22
3159;67
3160;75
3161;38
3162;31
3163;2
3164;27
3165;30
3166;2
3167;48
3168;82
3169;69
3170;19
3171;22
3172;24
3173;73
3174;23
3175;65
3176;61
3177;60
3178;66
3179;35
3180;72
3181;30
3182;62
3183;7
3184;18
3185;57
3186;58
3187;11
3188;6
3189;45
3190;3
3191;2
3192;14
3193;45
3194;60
3195;8
3196;16
3197;25
3198;39
3199;4
3200;0
3201;19
3202;40
3203;46
3204;47
3205;18
3206;15
3207;41
3208;35
3209;17
3210;52
3211;51
3212;7
3213;46
3214;18
3215;83
3216;57
3217;63
3218;61
3219;71
3220;30
3221;45
3222;50
3223;72
3224;68
3225;73
3226;60
3227;59
3228;39
3229;46
3230;6
3231;16
3232;27
3233;26
3234;40
3235;35
3236;9
3237;13
3238;67
3239;63
3240;73
3241;59
3242;86
3243;21
3244;61
3245;70
3246;58
3247;66
3248;59
3249;61
3250;44
3251;9
3252;9
3253;10
3254;38
3255;34
3256;18
3257;3
3258;34
3259;52
3260;58
3261;30
3262;44
3263;2
3264;13
3265;52
3266;72
3267;62
3268;10
3269;9
3270;37
3271;24
3272;3
3273;0
3274;46
3275;52
3276;86
3277;63
3278;31
3279;82
3280;63
3281;50
3282;52
3283;63
3284;73
3285;55
3286;58
3287;82
3288;50
3289;52
3290;21
3291;34
3292;55
3293;15
3294;17
3295;32
3296;31
3297;53
3298;63
3299;70
3300;67
3301;49
3302;79
3303;57
3304;47
3305;63
3306;65
3307;71
3308;20
3309;64
3310;70
3311;43
3312;54
3313;56
3314;56
3315;8
3316;15
3317;39
3318;30
3319;38
3320;9
3321;4
3322;2
3323;1
3324;73
3325;44
3326;80
3327;59
3328;32
3329;34
3330;7
3331;70
3332;26
3333;35
3334;79
3335;42
3336;3
3337;0
3338;1
3339;69
3340;44
3341;33
3342;70
3343;71
3344;85
3345;33
3346;17
3347;8
3348;36
3349;41
3350;2
3351;2
3352;9
3353;38
3354;47
3355;13
3356;1
3357;67
3358;29
3359;15
3360;17
3361;30
3362;35
3363;10
3364;12
3365;72
3366;46
3367;50
3368;48
3369;64
3370;56
3371;13
3372;29
3373;30
3374;7
3375;17
3376;48
3377;22
3378;2
3379;1
3380;1
3381;29
3382;16
3383;51
3384;59
3385;16
3386;11
3387;11
3388;21
3389;28
3390;5
3391;2
3392;60
3393;22
3394;30
3395;81
3396;54
3397;63
3398;59
3399;56
3400;26
3401;71
3402;54
3403;47
3404;15
3405;10
3406;71
3407;36
3408;44
3409;13
3410;49
3411;23
3412;66
3413;49
3414;48
3415;64
3416;8
3417;9
3418;10
3419;35
3420;51
3421;50
3422;56
3423;58
3424;52
3425;59
3426;61
3427;54
3428;13
3429;9
3430;9
3431;82
3432;22
3433;69
3434;55
3435;36
3436;39
3437;57
3438;39
3439;54
3440;22
3441;52
3442;96
3443;41
3444;30
3445;41
3446;3
3447;13
3448;45
3449;37
3450;9
3451;6
3452;31
3453;29
3454;12
3455;13
3456;16
3457;11
3458;45
3459;32
3460;64
3461;51
3462;62
3463;40
3464;43
3465;7
3466;3
3467;30
3468;62
3469;46
3470;15
3471;16
3472;75
3473;62
3474;7
3475;11
3476;62
3477;52
3478;48
3479;57
3480;32
3481;14
3482;17
3483;69
3484;27
3485;21
3486;56
3487;71
3488;73
3489;31
3490;29
3491;39
3492;32
3493;68
3494;66
3495;82
3496;61
3497;77
3498;25
3499;32
3500;96
3501;32
3502;61
3503;51
3504;41
3505;43
3506;5
3507;60
3508;83
3509;50
3510;41
3511;38
3512;10
3513;7
3514;27
3515;63
3516;60
3517;14
3518;31
3519;23
3520;34
3521;50
3522;72
3523;45
3524;42
3525;45
3526;9
3527;4
3528;3
3529;4
3530;5
3531;5
3532;70
3533;71
3534;46
3535;51
3536;26
3537;31
3538;82
3539;58
3540;54
3541;68
3542;72
3543;74
3544;32
3545;72
3546;51
3547;45
3548;31
3549;32
3550;43
3551;33
3552;59
3553;62
3554;52
3555;21
3556;22
3557;49
3558;48
3559;17
3560;7
3561;55
3562;31
3563;23
3564;58
3565;19
3566;39
3567;52
3568;21
3569;37
3570;62
3571;32
3572;8
3573;65
3574;51
3575;43
3576;55
3577;14
3578;13
3579;53
3580;36
3581;8
3582;74
3583;66
3584;56
3585;48
3586;20
3587;63
3588;46
3589;64
3590;76
3591;44
3592;32
3593;6
3594;16
3595;11
3596;72
3597;57
3598;39
3599;35
3600;4
3601;10
3602;34
3603;5
3604;41
3605;80
3606;54
3607;61
3608;70
3609;47
3610;30
3611;24
3612;56
3613;70
3614;64
3615;50
3616;61
3617;67
3618;49
3619;49
3620;44
3621;61
3622;19
3623;30
3624;48
3625;11
3626;11
3627;6
3628;85
3629;58
3630;67
3631;46
3632;12
3633;9
3634;71
3635;49
3636;61
3637;10
3638;46
3639;57
3640;53
3641;32
3642;76
3643;64
3644;19
3645;58
3646;62
3647;39
3648;17
3649;9
3650;46
3651;23
3652;2
3653;5
3654;16
3655;25
3656;60
3657;22
3658;49
3659;27
3660;7
3661;6
3662;56
3663;38
3664;12
3665;16
3666;23
3667;51
3668;40
3669;33
3670;15
3671;16
3672;10
3673;45
3674;60
3675;69
3676;71
3677;38
3678;66
3679;65
3680;73
3681;46
3682;42
3683;26
3684;26
3685;68
3686;51
3687;77
3688;52
3689;48
3690;25
3691;15
3692;2
3693;48
3694;36
3695;12
3696;8
3697;50
3698;38
3699;10
3700;13
3701;6
3702;41
3703;10
3704;65
3705;51
3706;64
3707;39
3708;13
3709;34
3710;71
3711;45
3712;36
3713;18
3714;15
3715;25
3716;1
3717;7
3718;55
3719;37
3720;42
3721;37
3722;30
3723;10
3724;32
3725;25
3726;73
3727;61
3728;37
3729;45
3730;8
3731;8
3732;63
3733;60
3734;13
3735;29
3736;47
3737;8
3738;16
3739;31
3740;52
3741;69
3742;61
3743;46
3744;9
3745;21
3746;22
3747;26
3748;3
3749;3
3750;59
3751;48
3752;86
3753;44
3754;57
3755;55
3756;29
3757;48
3758;12
3759;5
3760;11
3761;75
3762;48
3763;31
3764;58
3765;53
3766;83
3767;36
3768;63
3769;11
3770;14
3771;10
3772;12
3773;42
3774;46
3775;17
3776;10
3777;32
3778;80
3779;67
3780;86
3781;65
3782;56
3783;54
3784;36
3785;60
3786;44
3787;22
3788;28
3789;39
3790;0
3791;3
3792;38
3793;54
3794;65
3795;40
3796;1
3797;5
3798;52
3799;19
3800;66
3801;74
3802;74
3803;53
3804;26
3805;12
3806;8
3807;15
3808;42
3809;47
3810;46
3811;73
3812;32
3813;9
3814;75
3815;31
3816;20
3817;37
3818;7
3819;59
3820;84
3821;57
3822;76
3823;27
3824;16
3825;53
3826;50
3827;9
3828;11
3829;26
3830;33
3831;4
3832;11
3833;72
3834;69
3835;59
3836;27
3837;51
3838;17
3839;13
3840;57
3841;77
3842;34
3843;73
3844;24
3845;69
3846;32
3847;27
3848;45
3849;44
3850;3
3851;14
3852;65
3853;76
3854;68
3855;74
3856;23
3857;63
3858;43
3859;61
3860;8
3861;17
3862;38
3863;38
3864;7
3865;9
3866;61
3867;74
3868;50
3869;42
3870;66
3871;69
3872;67
3873;65
3874;39
3875;31
3876;6
3877;2
3878;71
3879;23
3880;67
3881;20
3882;24
3883;21
3884;60
3885;77
3886;33
3887;51
3888;61
3889;62
3890;70
3891;76
3892;58
3893;39
3894;15
3895;50
3896;32
3897;43
3898;9
3899;9
3900;10
3901;50
3902;65
3903;28
3904;79
3905;41
3906;10
3907;15
3908;62
3909;74
3910;33
3911;44
3912;8
3913;4
3914;0
3915;8
3916;4
3917;63
3918;77
3919;75
3920;56
3921;10
3922;53
3923;55
3924;68
3925;48
3926;53
3927;62
3928;57
3929;48
3930;75
3931;65
3932;72
3933;56
3934;53
3935;46
3936;24
3937;75
3938;64
3939;51
3940;9
3941;9
3942;10
3943;9
3944;71
3945;51
3946;70
3947;55
3948;52
3949;26
3950;13
3951;13
3952;15
3953;15
3954;20
3955;67
3956;47
3957;15
3958;10
3959;44
3960;53
3961;20
3962;56
3963;65
3964;92
3965;66
3966;76
3967;41
3968;30
3969;18
3970;13
3971;84
3972;85
3973;53
3974;48
3975;55
3976;31
3977;31
3978;9
3979;11
3980;25
3981;31
3982;30
3983;22
3984;5
3985;3
3986;41
3987;3
3988;44
3989;84
3990;49
3991;64
3992;28
3993;52
3994;56
3995;25
3996;32
3997;10
3998;3
3999;12
4000;56
4001;20
4002;70
4003;60
4004;12
4005;18
4006;73
4007;40
4008;6
4009;20
4010;24
4011;68
4012;23
4013;19
4014;34
4015;57
4016;49
4017;62
4018;45
4019;36
4020;6
4021;17
4022;57
4023;33
4024;48
4025;15
4026;17
4027;48
4028;30
4029;12
4030;6
4031;16
4032;69
4033;19
4034;46
4035;39
4036;8
4037;59
4038;31
4039;17
4040;11
4041;11
4042;56
4043;76
4044;53
4045;43
4046;67
4047;31
4048;45
4049;7
4050;18
4051;80
4052;38
4053;82
4054;21
4055;50
4056;73
4057;24
4058;60
4059;63
4060;51
4061;73
4062;45
4063;22
4064;45
4065;78
4066;57
4067;43
4068;44
4069;32
4070;1
4071;5
4072;63
4073;10
4074;48
4075;27
4076;31
4077;38
4078;9
4079;12
4080;21
4081;19
4082;44
4083;48
4084;49
4085;17
4086;11
4087;12
4088;7
4089;51
4090;43
4091;49
4092;58
4093;7
4094;20
4095;56
4096;8
4097;57
4098;36
4099;52
4100;74
4101;61
4102;38
4103;48
4104;63
4105;14
4106;11
4107;36
4108;20
4109;22
4110;23
4111;43
4112;20
4113;51
4114;91
4115;31
4116;73
4117;53
4118;28
4119;22
4120;4
4121;48
4122;21
4123;61
4124;65
4125;68
4126;62
4127;57
4128;35
4129;55
4130;6
4131;9
4132;12
4133;43
4134;38
4135;0
4136;59
4137;57
4138;70
4139;60
4140;54
4141;27
4142;13
4143;13
4144;33
4145;37
4146;53
4147;8
4148;12
4149;64
4150;27
4151;48
4152;55
4153;60
4154;66
4155;89
4156;56
4157;34
4158;57
4159;49
4160;59
4161;70
4162;48
4163;24
4164;18
4165;16
4166;1
4167;41
4168;51
4169;12
4170;34
4171;32
4172;6
4173;9
4174;32
4175;67
4176;51
4177;59
4178;49
4179;53
4180;88
4181;46
4182;22
4183;46
4184;55
4185;43
4186;53
4187;6
4188;17
4189;17
4190;74
4191;53
4192;14
4193;14
4194;36
4195;25
4196;30
4197;57
4198;53
4199;52
4200;29
4201;16
4202;11
4203;47
4204;39
4205;63
4206;18
4207;11
4208;18
4209;75
4210;58
4211;68
4212;86
4213;25
4214;32
4215;21
4216;32
4217;44
4218;42
4219;0
4220;15
4221;53
4222;13
4223;7
4224;60
4225;21
4226;58
4227;19
4228;19
4229;17
4230;10
4231;51
4232;22
4233;5
4234;13
4235;36
4236;40
4237;10
4238;4
4239;45
4240;43
4241;52
4242;30
4243;11
4244;17
4245;12
4246;57
4247;50
4248;57
4249;36
4250;12
4251;1
4252;69
4253;64
4254;26
4255;30
4256;74
4257;69
4258;64
4259;49
4260;53
4261;60
4262;9
4263;13
4264;67
4265;47
4266;59
4267;59
4268;34
4269;18
4270;8
4271;16
4272;58
4273;73
4274;30
4275;38
4276;6
4277;15
4278;73
4279;51
4280;33
4281;20
4282;2
4283;2
4284;69
4285;19
4286;43
4287;54
4288;68
4289;51
4290;55
4291;23
4292;32
4293;38
4294;83
4295;79
4296;48
4297;6
4298;61
4299;71
4300;46
4301;55
4302;8
4303;6
4304;18
4305;23
4306;37
4307;27
4308;8
4309;3
4310;14
4311;38
4312;61
4313;42
4314;41
4315;10
4316;57
4317;70
4318;69
4319;55
4320;80
4321;19
4322;49
4323;38
4324;6
4325;43
4326;54
4327;26
4328;17
4329;10
4330;49
4331;53
4332;9
4333;7
4334;55
4335;63
4336;26
4337;13
4338;4
4339;42
4340;80
4341;82
4342;74
4343;24
4344;48
4345;21
4346;72
4347;60
4348;57
4349;82
4350;79
4351;54
4352;22
4353;90
4354;57
4355;49
4356;78
4357;36
4358;41
4359;47
4360;9
4361;8
4362;72
4363;66
4364;78
4365;62
4366;60
4367;52
4368;29
4369;63
4370;54
4371;11
4372;12
4373;31
4374;79
4375;48
4376;97
4377;68
4378;53
4379;51
4380;22
4381;55
4382;83
4383;35
4384;30
4385;18
4386;18
4387;68
4388;49
4389;34
4390;34
4391;1
4392;87
4393;67
4394;34
4395;59
4396;31
4397;75
4398;22
4399;51
4400;36
4401;49
4402;48
4403;52
4404;79
4405;50
4406;28
4407;51
4408;22
4409;29
4410;9
4411;2
4412;73
4413;62
4414;67
4415;89
4416;47
4417;44
4418;46
4419;18
4420;55
4421;70
4422;85
4423;59
4424;33
4425;46
4426;18
4427;81
4428;65
4429;51
4430;83
4431;35
4432;7
4433;73
4434;72
4435;55
4436;76
4437;34
4438;37
4439;22
4440;56
4441;53
4442;52
4443;59
4444;52
4445;61
4446;11
4447;17
4448;49
4449;88
4450;60
4451;66
4452;22
4453;23
4454;29
4455;8
4456;18
4457;35
4458;49
4459;5
4460;5
4461;0
4462;69
4463;38
4464;38
4465;9
4466;30
4467;69
4468;28
4469;59
4470;62
4471;57
4472;60
4473;47
4474;25
4475;5
4476;13
4477;2
4478;85
4479;57
4480;7
4481;52
4482;59
4483;65
4484;73
4485;74
4486;68
4487;31
4488;7
4489;64
4490;54
4491;28
4492;37
4493;57
4494;46
4495;71
4496;56
4497;73
4498;60
4499;38
4500;55
4501;14
4502;11
4503;14
4504;62
4505;64
4506;83
4507;78
4508;44
4509;50
4510;6
4511;9
4512;39
4513;54
4514;41
4515;30
4516;59
4517;48
4518;22
4519;3
4520;46
4521;63
4522;83
4523;63
4524;52
4525;61
4526;42
4527;15
4528;14
4529;17
4530;68
4531;20
4532;42
4533;62
4534;64
4535;23
4536;51
4537;43
4538;15
4539;6
4540;46
4541;55
4542;82
4543;51
4544;50
4545;80
4546;65
4547;20
4548;55
4549;74
4550;46
4551;32
4552;11
4553;6
4554;6
4555;44
4556;31
4557;13
4558;9
4559;55
4560;73
4561;46
4562;77
4563;73
4564;62
4565;19
4566;40
4567;22
4568;80
4569;20
4570;74
4571;46
4572;59
4573;37
4574;44
4575;30
4576;1
4577;65
4578;44
4579;70
4580;27
4581;12
4582;72
4583;52
4584;69
4585;30
4586;47
4587;29
4588;6
4589;41
4590;7
4591;19
4592;52
4593;49
4594;52
4595;71
4596;71
4597;77
4598;67
4599;61
4600;54
4601;39
4602;71
4603;72
4604;29
4605;64
4606;14
4607;6
4608;17
4609;60
4610;10
4611;10
4612;29
4613;39
4614;2
4615;3
4616;9
4617;3
4618;3
4619;3
4620;25
4621;38
4622;3
4623;55
4624;59
4625;25
4626;41
4627;48
4628;27
4629;24
4630;44
4631;80
4632;68
4633;67
4634;42
4635;56
4636;57
4637;31
4638;19
4639;49
4640;23
4641;75
4642;87
4643;32
4644;27
4645;38
4646;61
4647;34
4648;13
4649;70
4650;52
4651;26
4652;32
4653;16
4654;6
4655;21
4656;52
4657;12
4658;55
4659;86
4660;35
4661;67
4662;60
4663;53
4664;12
4665;16
4666;17
4667;24
4668;62
4669;21
4670;21
4671;31
4672;46
4673;12
4674;81
4675;51
4676;76
4677;60
4678;22
4679;88
4680;63
4681;86
4682;28
4683;52
4684;7
4685;17
4686;59
4687;54
4688;13
4689;80
4690;39
4691;55
4692;40
4693;70
4694;60
4695;35
4696;26
4697;52
4698;53
4699;40
4700;27
4701;4
4702;57
4703;53
4704;25
4705;33
4706;53
4707;14
4708;16
4709;59
4710;49
4711;12
4712;15
4713;12
4714;24
4715;82
4716;32
4717;29
4718;64
4719;68
4720;46
4721;23
4722;23
4723;52
4724;67
4725;51
4726;31
4727;39
4728;5
4729;10
4730;31
4731;52
4732;84
4733;45
4734;43
4735;2
4736;10
4737;5
4738;64
4739;70
4740;74
4741;23
4742;55
4743;37
4744;18
4745;15
4746;31
4747;49
4748;2
4749;2
4750;50
4751;12
4752;14
4753;57
4754;73
4755;19
4756;77
4757;63
4758;52
4759;34
4760;17
4761;49
4762;32
4763;5
4764;3
4765;83
4766;52
4767;59
4768;83
4769;54
4770;41
4771;80
4772;74
4773;39
4774;63
4775;7
4776;11
4777;50
4778;49
4779;6
4780;14
4781;16
4782;18
4783;28
4784;47
4785;34
4786;41
4787;37
4788;18
4789;12
4790;65
4791;71
4792;90
4793;56
4794;75
4795;28
4796;53
4797;70
4798;31
4799;53
4800;88
4801;55
4802;44
4803;71
4804;21
4805;88
4806;51
4807;44
4808;65
4809;61
4810;76
4811;46
4812;32
4813;56
4814;17
4815;9
4816;41
4817;30
4818;61
4819;27
4820;38
4821;1
4822;4
4823;3
4824;63
4825;53
4826;82
4827;59
4828;55
4829;60
4830;57
4831;28
4832;53
4833;60
4834;17
4835;14
4836;10
4837;48
4838;45
4839;51
4840;12
4841;57
4842;12
4843;73
4844;84
4845;48
4846;48
4847;3
4848;11
4849;23
4850;19
4851;6
4852;9
4853;49
4854;44
4855;58
4856;39
4857;13
4858;16
4859;52
4860;86
4861;37
4862;33
4863;10
4864;18
4865;71
4866;58
4867;38
4868;9
4869;8
4870;16
4871;28
4872;73
4873;76
4874;73
4875;78
4876;46
4877;61
4878;51
4879;76
4880;32
4881;42
4882;7
4883;14
4884;98
4885;64
4886;45
4887;67
4888;31
4889;38
4890;15
4891;52
4892;42
4893;58
4894;50
4895;58
4896;54
4897;47
4898;62
4899;17
4900;28
4901;39
4902;84
4903;39
4904;11
4905;45
4906;54
4907;26
4908;82
4909;87
4910;39
4911;36
4912;8
4913;52
4914;53
4915;57
4916;24
4917;48
4918;52
4919;9
4920;7
4921;16
4922;71
4923;65
4924;34
4925;40
4926;74
4927;35
4928;36
4929;75
4930;78
4931;58
4932;48
4933;77
4934;59
4935;48
4936;71
4937;55
4938;35
4939;14
4940;13
4941;60
4942;76
4943;28
4944;30
4945;60
4946;18
4947;17
4948;51
4949;26
4950;41
4951;31
4952;15
4953;18
4954;65
4955;66
4956;74
4957;65
4958;34
4959;43
4960;5
4961;45
4962;7
4963;13
4964;64
4965;73
4966;76
4967;61
4968;76
4969;58
4970;32
4971;41
4972;16
4973;5
4974;81
4975;22
4976;38
4977;40
4978;12
4979;3
4980;5
4981;67
4982;31
4983;39
4984;28
4985;11
4986;6
4987;44
4988;57
4989;26
4990;71
4991;80
4992;39
4993;61
4994;49
4995;57
4996;64
4997;51
4998;56
4999;64
5000;50
5001;49
5002;12
5003;7
5004;47
5005;6
5006;11
5007;46
5008;28
5009;10
5010;37
5011;37
5012;3
5013;39
5014;14
5015;6
5016;40
5017;29
5018;17
5019;5
5020;64
5021;67
5022;28
5023;53
5024;34
5025;25
5026;49
5027;31
5028;9
5029;22
5030;31
5031;55
5032;62
5033;19
5034;59
5035;48
5036;17
5037;6
5038;14
5039;61
5040;8
5041;40
5042;26
5043;1
5044;8
5045;19
5046;37
5047;10
5048;14
5049;59
5050;60
5051;47
5052;39
5053;46
5054;8
5055;17
5056;14
5057;15
5058;37
5059;57
5060;71
5061;60
5062;68
5063;78
5064;58
5065;28
5066;19
5067;9
5068;6
5069;2
5070;47
5071;62
5072;50
5073;21
5074;27
5075;17
5076;1
5077;11
5078;75
5079;27
5080;22
5081;63
5082;64
5083;36
5084;5
5085;5
5086;5
5087;66
5088;48
5089;31
5090;3
5091;38
5092;47
5093;36
5094;18
5095;12
5096;10
5097;11
5098;19
5099;23
5100;88
5101;43
5102;43
5103;1
5104;3
5105;30
5106;59
5107;71
5108;67
5109;58
5110;43
5111;33
5112;5
5113;1
5114;54
5115;19
5116;82
5117;61
5118;49
5119;42
5120;60
5121;39
5122;67
5123;33
5124;7
5125;20
5126;60
5127;85
5128;34
5129;52
5130;73
5131;31
5132;8
5133;79
5134;72
5135;42
5136;21
5137;53
5138;21
5139;61
5140;44
5141;53
5142;38
5143;57
5144;9
5145;16
5146;59
5147;30
5148;18
5149;7
5150;26
5151;3
5152;69
5153;29
5154;22
5155;69
5156;76
5157;47
5158;28
5159;49
5160;74
5161;58
5162;35
5163;36
5164;15
5165;15
5166;27
5167;7
5168;66
5169;46
5170;35
5171;36
5172;27
5173;0
5174;8
5175;74
5176;54
5177;70
5178;20
5179;23
5180;44
5181;50
5182;65
5183;36
5184;45
5185;15
5186;17
5187;50
5188;85
5189;24
5190;57
5191;7
5192;81
5193;67
5194;32
5195;60
5196;24
5197;39
5198;79
5199;27
5200;20
5201;10
5202;4
5203;88
5204;19
5205;68
5206;41
5207;32
5208;3
5209;4
5210;46
5211;25
5212;75
5213;75
5214;52
5215;48
5216;15
5217;18
5218;82
5219;70
5220;39
5221;85
5222;86
5223;33
5224;43
5225;40
5226;8
5227;28
5228;50
5229;66
5230;80
5231;86
5232;55
5233;31
5234;7
5235;18
5236;11
5237;9
5238;39
5239;43
5240;28
5241;4
5242;16
5243;28
5244;27
5245;53
5246;68
5247;52
5248;78
5249;52
5250;19
5251;54
5252;35
5253;37
5254;15
5255;6
5256;39
5257;6
5258;51
5259;76
5260;48
5261;69
5262;74
5263;74
5264;53
5265;80
5266;54
5267;73
5268;22
5269;52
5270;30
5271;51
5272;15
5273;8
5274;90
5275;65
5276;43
5277;40
5278;17
5279;17
5280;7
5281;49
5282;19
5283;22
5284;2
5285;49
5286;62
5287;27
5288;32
5289;0
5290;74
5291;59
5292;47
5293;48
5294;70
5295;69
5296;79
5297;19
5298;28
5299;27
5300;20
5301;68
5302;29
5303;63
5304;9
5305;11
5306;8
5307;75
5308;52
5309;50
5310;25
5311;25
5312;40
5313;64
5314;66
5315;62
5316;76
5317;48
5318;73
5319;54
5320;79
5321;73
5322;79
5323;92
5324;57
5325;79
5326;31
5327;22
5328;17
5329;34
5330;50
5331;51
5332;47
5333;8
5334;7
5335;16
5336;42
5337;93
5338;72
5339;25
5340;54
5341;42
5342;15
5343;17
5344;59
5345;47
5346;19
5347;29
5348;25
5349;31
5350;60
5351;19
5352;45
5353;22
5354;2
5355;16
5356;59
5357;10
5358;57
5359;97
5360;46
5361;68
5362;60
5363;90
5364;52
5365;78
5366;39
5367;72
5368;59
5369;51
5370;51
5371;30
5372;36
5373;7
5374;36
5375;35
5376;47
5377;7
5378;21
5379;74
5380;26
5381;57
5382;15
5383;17
5384;18
5385;50
5386;33
5387;18
5388;6
5389;57
5390;63
5391;66
5392;68
5393;32
5394;49
5395;7
5396;13
5397;45
5398;26
5399;10
5400;42
5401;28
5402;2
5403;2
5404;57
5405;41
5406;59
5407;33
5408;36
5409;87
5410;75
5411;23
5412;73
5413;62
5414;40
5415;47
5416;84
5417;55
5418;47
5419;25
5420;63
5421;73
5422;23
5423;72
5424;52
5425;47
5426;19
5427;9
5428;11
5429;46
5430;47
5431;40
5432;40
5433;7
5434;13
5435;27
5436;43
5437;17
5438;15
5439;39
5440;2
5441;56
5442;69
5443;69
5444;59
5445;67
5446;70
5447;60
5448;45
5449;8
5450;8
5451;76
5452;74
5453;49
5454;66
5455;35
5456;59
5457;55
5458;31
5459;54
5460;40
5461;71
5462;72
5463;35
5464;52
5465;15
5466;10
5467;40
5468;65
5469;22
5470;4
5471;13
5472;60
5473;58
5474;45
5475;64
5476;8
5477;49
5478;53
5479;60
5480;14
5481;13
5482;55
5483;85
5484;67
5485;87
5486;22
5487;26
5488;23
5489;66
5490;48
5491;22
5492;79
5493;22
5494;40
5495;55
5496;8
5497;50
5498;75
5499;31
5500;55
5501;8
5502;14
5503;63
5504;41
5505;40
5506;48
5507;4
5508;2
5509;70
5510;37
5511;54
5512;9
5513;8
5514;59
5515;24
5516;76
5517;53
5518;26
5519;54
5520;74
5521;31
5522;29
5523;46
5524;84
5525;43
5526;20
5527;66
5528;42
5529;45
5530;29
5531;18
5532;16
5533;44
5534;49
5535;36
5536;60
5537;66
5538;45
5539;80
5540;55
5541;71
5542;34
5543;1
5544;40
5545;23
5546;18
5547;6
5548;85
5549;72
5550;76
5551;43
5552;54
5553;45
5554;2
5555;2
5556;15
5557;52
5558;47
5559;57
5560;62
5561;31
5562;43
5563;14
5564;34
5565;51
5566;14
5567;16
5568;56
5569;66
5570;35
5571;39
5572;5
5573;5
5574;79
5575;50
5576;40
5577;14
5578;72
5579;75
5580;30
5581;15
5582;42
5583;35
5584;5
5585;5
5586;19
5587;56
5588;56
5589;52
5590;22
5591;44
5592;45
5593;54
5594;50
5595;13
5596;6
5597;53
5598;38
5599;94
5600;48
5601;52
5602;10
5603;15
5604;62
5605;65
5606;60
5607;37
5608;55
5609;32
5610;16
5611;15
5612;84
5613;48
5614;62
5615;39
5616;27
5617;5
5618;4
5619;5
5620;70
5621;61
5622;80
5623;72
5624;68
5625;24
5626;87
5627;62
5628;70
5629;42
5630;12
5631;22
5632;85
5633;40
5634;7
5635;9
5636;65
5637;66
5638;38
5639;48
5640;0
5641;3
5642;46
5643;23
5644;44
5645;2
5646;5
5647;12
5648;61
5649;23
5650;25
5651;57
5652;69
5653;28
5654;77
5655;86
5656;61
5657;39
5658;13
5659;9
5660;88
5661;70
5662;19
5663;39
5664;0
5665;35
5666;36
5667;52
5668;35
5669;9
5670;53
5671;24
5672;52
5673;76
5674;30
5675;43
5676;17
5677;42
5678;62
5679;8
5680;21
5681;40
5682;9
5683;4
5684;10
5685;69
5686;59
5687;27
5688;64
5689;16
5690;8
5691;28
5692;34
5693;13
5694;14
5695;85
5696;64
5697;46
5698;10
5699;6
5700;75
5701;62
5702;46
5703;32
5704;29
5705;8
5706;4
5707;1
5708;79
5709;53
5710;63
5711;41
5712;31
5713;7
5714;3
5715;5
5716;28
5717;34
5718;32
5719;12
5720;16
5721;13
5722;68
5723;62
5724;53
5725;72
5726;22
5727;57
5728;27
5729;70
5730;63
5731;25
5732;63
5733;30
5734;13
5735;13
5736;59
5737;56
5738;32
5739;69
5740;35
5741;21
5742;67
5743;47
5744;46
5745;16
5746;8
5747;48
5748;5
5749;58
5750;52
5751;28
5752;29
5753;62
5754;13
5755;15
5756;8
5757;58
5758;76
5759;36
5760;7
5761;44
5762;45
5763;7
5764;30
5765;60
5766;84
5767;54
5768;51
5769;88
5770;22
5771;30
5772;83
5773;62
5774;71
5775;20
5776;23
5777;54
5778;64
5779;27
5780;55
5781;48
5782;64
5783;51
5784;23
5785;32
5786;53
5787;29
5788;15
5789;83
5790;31
5791;21
5792;67
5793;56
5794;19
5795;25
5796;48
5797;48
5798;38
5799;71
5800;97
5801;35
5802;33
5803;5
5804;5
5805;56
5806;41
5807;13
5808;12
5809;29
5810;23
5811;13
5812;14
5813;45
5814;27
5815;57
5816;56
5817;63
5818;49
5819;44
5820;57
5821;8
5822;40
5823;39
5824;17
5825;12
5826;15
5827;38
5828;38
5829;6
5830;1
5831;1
5832;72
5833;30
5834;37
5835;33
5836;15
5837;76
5838;63
5839;27
5840;49
5841;38
5842;44
5843;65
5844;68
5845;60
5846;61
5847;64
5848;65
5849;46
5850;31
5851;7
5852;15
5853;44
5854;20
5855;62
5856;15
5857;10
5858;59
5859;60
5860;73
5861;32
5862;78
5863;75
5864;71
5865;44
5866;40
5867;3
5868;17
5869;15
5870;30
5871;29
5872;75
5873;53
5874;35
5875;61
5876;20
5877;54
5878;61
5879;52
5880;65
5881;44
5882;49
5883;13
5884;6
5885;45
5886;30
5887;12
5888;3
5889;60
5890;49
5891;73
5892;62
5893;25
5894;40
5895;36
5896;15
5897;7
5898;62
5899;71
5900;49
5901;19
5902;4
5903;1
5904;3
5905;46
5906;46
5907;76
5908;65
5909;52
5910;60
5911;49
5912;28
5913;4
5914;5
5915;5
5916;19
5917;63
5918;79
5919;60
5920;23
5921;52
5922;43
5923;71
5924;19
5925;75
5926;58
5927;57
5928;61
5929;75
5930;62
5931;43
5932;18
5933;7
5934;44
5935;30
5936;4
5937;4
5938;69
5939;25
5940;52
5941;31
5942;68
5943;37
5944;34
5945;10
5946;9
5947;10
5948;46
5949;18
5950;14
5951;55
5952;23
5953;49
5954;66
5955;52
5956;21
5957;36
5958;38
5959;4
5960;28
5961;13
5962;37
5963;32
5964;17
5965;11
5966;65
5967;60
5968;54
5969;44
5970;15
5971;9
5972;46
5973;47
5974;2
5975;16
5976;55
5977;43
5978;9
5979;71
5980;57
5981;31
5982;9
5983;10
5984;67
5985;63
5986;32
5987;66
5988;37
5989;39
5990;18
5991;45
5992;29
5993;3
5994;5
5995;26
5996;55
5997;10
5998;18
5999;41
6000;41
6001;12
6002;8
6003;19
6004;87
6005;49
6006;7
6007;48
6008;46
6009;55
6010;58
6011;15
6012;14
6013;33
6014;87
6015;55
6016;26
6017;53
6018;53
6019;33
6020;42
6021;9
6022;17
6023;68
6024;60
6025;54
6026;23
6027;23
6028;74
6029;20
6030;21
6031;22
6032;20
6033;55
6034;44
6035;14
6036;15
6037;17
6038;17
6039;46
6040;27
6041;4
6042;5
6043;57
6044;41
6045;76
6046;64
6047;49
6048;46
6049;55
6050;46
6051;37
6052;52
6053;61
6054;39
6055;23
6056;73
6057;51
6058;26
6059;87
6060;59
6061;71
6062;46
6063;44
6064;9
6065;13
6066;15
6067;47
6068;49
6069;16
6070;12
6071;14
6072;49
6073;58
6074;24
6075;43
6076;42
6077;0
6078;46
6079;30
6080;11
6081;9
6082;52
6083;59
6084;15
6085;46
6086;59
6087;48
6088;55
6089;23
6090;19
6091;2
6092;2
6093;27
6094;30
6095;39
6096;16
6097;5
6098;2
6099;32
6100;43
6101;0
6102;1
6103;9
6104;0
6105;55
6106;33
6107;31
6108;18
6109;12
6110;51
6111;46
6112;48
6113;45
6114;18
6115;0
6116;23
6117;56
6118;98
6119;46
6120;55
6121;42
6122;19
6123;81
6124;39
6125;42
6126;7
6127;29
6128;6
6129;31
6130;63
6131;16
6132;29
6133;51
6134;55
6135;63
6136;49
6137;22
6138;65
6139;70
6140;82
6141;33
6142;22
6143;1
6144;5
6145;71
6146;63
6147;53
6148;57
6149;45
6150;15
6151;9
6152;55
6153;32
6154;7
6155;14
6156;47
6157;20
6158;55
6159;23
6160;24
6161;77
6162;25
6163;55
6164;88
6165;48
6166;41
6167;14
6168;6
6169;73
6170;24
6171;30
6172;20
6173;66
6174;83
6175;49
6176;67
6177;59
6178;32
6179;54
6180;60
6181;13
6182;23
6183;22
6184;52
6185;30
6186;9
6187;9
6188;29
6189;35
6190;4
6191;4
6192;35
6193;63
6194;38
6195;59
6196;88
6197;74
6198;39
6199;38
6200;3
6201;5
6202;42
6203;48
6204;69
6205;80
6206;64
6207;41
6208;29
6209;34
6210;63
6211;65
6212;34
6213;44
6214;79
6215;52
6216;37
6217;18
6218;63
6219;29
6220;15
6221;13
6222;28
6223;74
6224;23
6225;4
6226;0
6227;24
6228;24
6229;43
6230;30
6231;16
6232;32
6233;30
6234;3
6235;10
6236;37
6237;30
6238;3
6239;41
6240;71
6241;73
6242;39
6243;27
6244;8
6245;14
6246;31
6247;49
6248;8
6249;8
6250;38
6251;61
6252;83
6253;62
6254;46
6255;17
6256;7
6257;43
6258;62
6259;10
6260;15
6261;11
6262;75
6263;58
6264;64
6265;34
6266;12
6267;7
6268;46
6269;77
6270;90
6271;53
6272;46
6273;56
6274;58
6275;77
6276;54
6277;78
6278;59
6279;50
6280;8
6281;11
6282;29
6283;48
6284;12
6285;14
6286;8
6287;13
6288;52
6289;67
6290;30
6291;46
6292;10
6293;44
6294;47
6295;18
6296;16
6297;13
6298;64
6299;52
6300;75
6301;75
6302;74
6303;58
6304;52
6305;65
6306;25
6307;23
6308;22
6309;41
6310;84
6311;50
6312;37
6313;51
6314;6
6315;51
6316;49
6317;49
6318;49
6319;26
6320;43
6321;18
6322;18
6323;13
6324;47
6325;23
6326;52
6327;68
6328;37
6329;62
6330;47
6331;35
6332;5
6333;4
6334;56
6335;56
6336;6
6337;9
6338;58
6339;48
6340;18
6341;7
6342;68
6343;68
6344;33
6345;45
6346;88
6347;55
6348;68
6349;85
6350;58
6351;28
6352;32
6353;1
6354;1
6355;5
6356;9
6357;69
6358;75
6359;34
6360;52
6361;64
6362;53
6363;45
6364;30
6365;7
6366;1
6367;10
6368;37
6369;58
6370;6
6371;6
6372;27
6373;41
6374;2
6375;17
6376;61
6377;46
6378;51
6379;32
6380;42
6381;0
6382;4
6383;79
6384;45
6385;45
6386;3
6387;3
6388;79
6389;53
6390;51
6391;11
6392;7
6393;53
6394;48
6395;74
6396;52
6397;56
6398;23
6399;58
6400;60
6401;56
6402;23
6403;22
6404;5
6405;11
6406;82
6407;82
6408;60
6409;42
6410;29
6411;48
6412;34
6413;1
6414;9
6415;52
6416;90
6417;31
6418;82
6419;65
6420;53
6421;40
6422;47
6423;61
6424;51
6425;56
6426;58
6427;83
6428;71
6429;47
6430;53
6431;23
6432;41
6433;40
6434;50
6435;6
6436;59
6437;37
6438;11
6439;14
6440;18
6441;49
6442;16
6443;16
6444;32
6445;2
6446;2
6447;16
6448;43
6449;77
6450;25
6451;31
6452;41
6453;7
6454;3
6455;42
6456;21
6457;12
6458;28
6459;23
6460;22
6461;17
6462;5
6463;32
6464;34
6465;6
6466;6
6467;58
6468;65
6469;45
6470;61
6471;35
6472;39
6473;16
6474;6
6475;59
6476;57
6477;52
6478;33
6479;17
6480;45
6481;51
6482;80
6483;44
6484;27
6485;18
6486;59
6487;88
6488;88
6489;60
6490;52
6491;67
6492;36
6493;44
6494;4
6495;2
6496;27
6497;11
6498;6
6499;19
6500;57
6501;39
6502;28
6503;22
6504;4
6505;33
6506;68
6507;49
6508;63
6509;59
6510;37
6511;33
6512;9
6513;9
6514;54
6515;30
6516;44
6517;55
6518;19
6519;49
6520;33
6521;58
6522;36
6523;39
6524;6
6525;1
6526;25
6527;51
6528;24
6529;74
6530;62
6531;49
6532;62
6533;56
6534;33
6535;55
6536;50
6537;46
6538;20
6539;10
6540;2
6541;72
6542;60
6543;80
6544;46
6545;65
6546;40
6547;55
6548;22
6549;48
6550;19
6551;24
6552;62
6553;58
6554;50
6555;50
6556;7
6557;8
6558;8
6559;40
6560;33
6561;44
6562;18
6563;16
6564;53
6565;49
6566;16
6567;6
6568;23
6569;65
6570;57
6571;57
6572;32
6573;8
6574;9
6575;39
6576;11
6577;71
6578;72
6579;54
6580;41
6581;23
6582;59
6583;57
6584;51
6585;20
6586;41
6587;21
6588;60
6589;46
6590;49
6591;37
6592;31
6593;11
6594;18
6595;3
6596;4
6597;3
6598;15
6599;54
6600;55
6601;45
6602;15
6603;10
6604;48
6605;51
6606;74
6607;42
6608;38
6609;66
6610;35
6611;46
6612;67
6613;47
6614;36
6615;15
6616;10
6617;15
6618;51
6619;53
6620;56
6621;76
6622;23
6623;63
6624;37
6625;53
6626;17
6627;8
6628;79
6629;47
6630;54
6631;59
6632;45
6633;49
6634;10
6635;12
6636;7
6637;47
6638;3
6639;91
6640;23
6641;19
6642;73
6643;23
6644;69
6645;70
6646;48
6647;74
6648;41
6649;53
6650;41
6651;50
6652;33
6653;47
6654;1
6655;1
6656;38
6657;49
6658;10
6659;48
6660;18
6661;17
6662;51
6663;47
6664;71
6665;38
6666;45
6667;3
6668;17
6669;58
6670;66
6671;37
6672;28
6673;7
6674;6
6675;53
6676;70
6677;52
6678;56
6679;38
6680;64
6681;48
6682;25
6683;60
6684;70
6685;76
6686;63
6687;48
6688;54
6689;73
6690;31
6691;1
6692;28
6693;38
6694;17
6695;12
6696;55
6697;27
6698;44
6699;41
6700;9
6701;7
6702;68
6703;51
6704;42
6705;59
6706;56
6707;48
6708;56
6709;61
6710;73
6711;57
6712;48
6713;47
6714;6
6715;7
6716;68
6717;54
6718;62
6719;57
6720;66
6721;72
6722;22
6723;75
6724;31
6725;23
6726;54
6727;69
6728;37
6729;55
6730;80
6731;33
6732;14
6733;30
6734;90
6735;26
6736;29
6737;22
6738;28
6739;15
6740;6
6741;69
6742;56
6743;82
6744;52
6745;57
6746;41
6747;36
6748;78
6749;51
6750;34
6751;63
6752;83
6753;59
6754;83
6755;22
6756;31
6757;51
6758;65
6759;40
6760;52
6761;12
6762;12
6763;13
6764;60
6765;28
6766;58
6767;57
6768;53
6769;16
6770;8
6771;47
6772;46
6773;11
6774;29
6775;35
6776;25
6777;60
6778;61
6779;56
6780;31
6781;39
6782;6
6783;43
6784;57
6785;38
6786;23
6787;10
6788;18
6789;59
6790;82
6791;50
6792;54
6793;13
6794;13
6795;62
6796;80
6797;78
6798;31
6799;49
6800;29
6801;12
6802;1
6803;9
6804;31
6805;65
6806;85
6807;98
6808;55
6809;33
6810;15
6811;8
6812;9
6813;39
6814;67
6815;43
6816;5
6817;8
6818;20
6819;82
6820;55
6821;63
6822;67
6823;52
6824;70
6825;26
6826;14
6827;10
6828;46
6829;6
6830;16
6831;50
6832;82
6833;50
6834;68
6835;53
6836;66
6837;26
6838;76
6839;63
6840;65
6841;26
6842;75
6843;42
6844;81
6845;49
6846;29
6847;59
6848;57
6849;15
6850;18
6851;38
6852;60
6853;57
6854;29
6855;57
6856;61
6857;56
6858;54
6859;55
6860;33
6861;35
6862;10
6863;2
6864;11
6865;2
6866;2
6867;34
6868;27
6869;6
6870;17
6871;79
6872;21
6873;66
6874;77
6875;29
6876;46
6877;14
6878;14
6879;57
6880;38
6881;68
6882;49
6883;62
6884;14
6885;15
6886;8
6887;64
6888;56
6889;46
6890;15
6891;37
6892;45
6893;16
6894;1
6895;78
6896;40
6897;41
6898;42
6899;15
6900;52
6901;57
6902;27
6903;85
6904;56
6905;61
6906;66
6907;63
6908;54
6909;44
6910;64
6911;26
6912;67
6913;62
6914;49
6915;33
6916;12
6917;7
6918;74
6919;24
6920;37
6921;9
6922;11
6923;28
6924;52
6925;77
6926;47
6927;35
6928;18
6929;50
6930;60
6931;67
6932;75
6933;27
6934;75
6935;73
6936;55
6937;81
6938;48
6939;66
6940;82
6941;57
6942;69
6943;23
6944;54
6945;53
6946;59
6947;19
6948;19
6949;69
6950;26
6951;64
6952;60
6953;82
6954;68
6955;52
6956;61
6957;46
6958;11
6959;50
6960;51
6961;14
6962;48
6963;36
6964;82
6965;49
6966;90
6967;83
6968;31
6969;43
6970;5
6971;15
6972;73
6973;25
6974;50
6975;38
6976;37
6977;2
6978;10
6979;11
6980;70
6981;81
6982;73
6983;34
6984;30
6985;23
6986;47
6987;18
6988;5
6989;72
6990;68
6991;68
6992;61
6993;42
6994;22
6995;46
6996;49
6997;9
6998;12
6999;65
7000;88
7001;55
7002;60
7003;72
7004;80
7005;66
7006;52
7007;49
7008;76
7009;54
7010;29
7011;38
7012;76
7013;66
7014;48
7015;46
7016;70
7017;56
7018;43
7019;76
7020;22
7021;59
7022;33
7023;35
7024;8
7025;43
7026;30
7027;18
7028;52
7029;65
7030;55
7031;24
7032;25
7033;69
7034;62
7035;51
7036;25
7037;41
7038;14
7039;38
7040;21
7041;61
7042;19
7043;19
7044;71
7045;57
7046;55
7047;76
7048;48
7049;56
7050;6
7051;17
7052;52
7053;47
7054;76
7055;29
7056;21
7057;75
7058;52
7059;42
7060;76
7061;71
7062;54
7063;52
7064;67
7065;90
7066;59
7067;68
7068;35
7069;54
7070;59
7071;46
7072;7
7073;7
7074;52
7075;51
7076;49
7077;43
7078;17
7079;39
7080;25
7081;25
7082;9
7083;3
7084;33
7085;28
7086;3
7087;3
7088;36
7089;60
7090;15
7091;8
7092;23
7093;58
7094;60
7095;84
7096;47
7097;76
7098;61
7099;56
7100;39
7101;47
7102;8
7103;17
7104;65
7105;84
7106;58
7107;48
7108;8
7109;12
7110;68
7111;54
7112;67
7113;30
7114;31
7115;52
7116;6
7117;15
7118;10
7119;36
7120;46
7121;9
7122;79
7123;70
7124;84
7125;74
7126;32
7127;39
7128;69
7129;96
7130;32
7131;28
7132;17
7133;58
7134;81
7135;48
7136;39
7137;11
7138;17
7139;28
7140;64
7141;66
7142;26
7143;69
7144;19
7145;49
7146;46
7147;35
7148;18
7149;50
7150;61
7151;12
7152;55
7153;16
7154;73
7155;74
7156;23
7157;74
7158;73
7159;20
7160;53
7161;27
7162;34
7163;3
7164;49
7165;58
7166;19
7167;53
7168;55
7169;48
7170;60
7171;64
7172;74
7173;75
7174;86
7175;75
7176;66
7177;36
7178;40
7179;17
7180;77
7181;57
7182;19
7183;57
7184;41
7185;46
7186;15
7187;56
7188;80
7189;35
7190;2
7191;54
7192;40
7193;21
7194;2
7195;31
7196;48
7197;14
7198;87
7199;57
7200;49
7201;30
7202;3
7203;2
7204;56
7205;73
7206;77
7207;40
7208;49
7209;34
7210;17
7211;71
7212;39
7213;26
7214;36
7215;12
7216;30
7217;13
7218;18
7219;29
7220;55
7221;67
7222;63
7223;27
7224;85
7225;73
7226;65
7227;85
7228;53
7229;20
7230;53
7231;44
7232;67
7233;48
7234;31
7235;5
7236;9
7237;72
7238;53
7239;32
7240;33
7241;15
7242;11
7243;64
7244;24
7245;41
7246;3
7247;16
7248;22
7249;56
7250;30
7251;20
7252;55
7253;53
7254;6
7255;13
7256;60
7257;67
7258;49
7259;19
7260;0
7261;2
7262;57
7263;58
7264;42
7265;25
7266;19
7267;60
7268;68
7269;53
7270;44
7271;34
7272;34
7273;46
7274;13
7275;7
7276;28
7277;28
7278;12
7279;12
7280;7
7281;59
7282;24
7283;61
7284;38
7285;51
7286;67
7287;24
7288;61
7289;31
7290;39
7291;1
7292;14
7293;40
7294;49
7295;64
7296;12
7297;8
7298;8
7299;88
7300;50
7301;48
7302;13
7303;14
7304;9
7305;22
7306;89
7307;48
7308;28
7309;18
7310;18
7311;61
7312;68
7313;63
7314;63
7315;89
7316;20
7317;23
7318;26
7319;22
7320;5
7321;15
7322;22
7323;82
7324;21
7325;26
7326;57
7327;29
7328;82
7329;60
7330;51
7331;73
7332;37
7333;61
7334;55
7335;49
7336;43
7337;14
7338;8
7339;10
7340;73
7341;48
7342;31
7343;48
7344;15
7345;15
7346;62
7347;55
7348;74
7349;53
7350;49
7351;42
7352;12
7353;14
7354;8
7355;43
7356;54
7357;23
7358;41
7359;29
7360;70
7361;54
7362;64
7363;48
7364;61
7365;44
7366;43
7367;48
7368;5
7369;51
7370;19
7371;52
7372;62
7373;64
7374;25
7375;49
7376;82
7377;58
7378;44
7379;35
7380;14
7381;10
7382;18
7383;28
7384;19
7385;24
7386;76
7387;44
7388;21
7389;19
7390;38
7391;8
7392;15
7393;31
7394;37
7395;9
7396;15
7397;28
7398;75
7399;49
7400;58
7401;17
7402;13
7403;49
7404;54
7405;39
7406;62
7407;66
7408;59
7409;51
7410;52
7411;9
7412;35
7413;83
7414;82
7415;66
7416;32
7417;58
7418;24
7419;48
7420;68
7421;76
7422;80
7423;35
7424;93
7425;94
7426;68
7427;85
7428;73
7429;95
7430;76
7431;89
7432;86
7433;81
7434;73
7435;87
7436;98
7437;73
7438;82
7439;87
7440;92
7441;80
7442;89
7443;82
7444;89
7445;86
7446;101
7447;83
7448;89
7449;105
7450;73
7451;70
7452;91
7453;89
7454;81
7455;103
7456;88
7457;84
7458;79
7459;79
7460;87
7461;80
7462;80
7463;96
7464;92
7465;79
7466;86
7467;86
7468;89
7469;83
7470;97
7471;85
7472;69
7473;95
7474;84
7475;70
7476;94
7477;80
7478;99
7479;82
7480;85
7481;90
7482;68
7483;86
7484;87
7485;103
7486;81
7487;87
7488;75
7489;93
7490;88
7491;87
7492;99
7493;76
