1;83
2;49
3;63
4;63
5;57
6;20
7;19
8;24
9;62
10;52
11;53
12;55
13;64
14;54
15;34
16;10
17;16
18;62
19;12
20;65
21;62
22;68
23;77
24;73
25;29
26;9
27;54
28;70
29;47
30;19
31;52
32;23
33;25
34;59
35;48
36;46
37;71
38;29
39;32
40;45
41;12
42;18
43;18
44;80
45;38
46;33
47;6
48;10
49;83
50;71
51;69
52;43
53;20
54;3
55;31
56;83
57;79
58;19
59;22
60;38
61;83
62;26
63;53
64;12
65;11
66;70
67;95
68;79
69;60
70;64
71;64
72;27
73;57
74;68
75;65
76;59
77;53
78;37
79;63
80;54
81;72
82;58
83;37
84;69
85;77
86;69
87;63
88;68
89;58
90;49
91;25
92;67
93;26
94;22
95;24
96;78
97;46
98;70
99;56
100;40
101;29
102;14
103;1
104;3
105;49
106;18
107;91
108;48
109;60
110;78
111;28
112;71
113;53
114;39
115;27
116;88
117;91
118;34
119;69
120;27
121;20
122;37
123;70
124;67
125;82
126;28
127;38
128;11
129;4
130;42
131;77
132;46
133;87
134;27
135;76
136;78
137;52
138;65
139;63
140;63
141;15
142;16
143;82
144;33
145;27
146;87
147;43
148;43
149;6
150;8
151;13
152;59
153;36
154;14
155;9
156;41
157;32
158;9
159;8
160;91
161;86
162;74
163;78
164;64
165;68
166;19
167;72
168;90
169;44
170;46
171;69
172;50
173;20
174;49
175;22
176;24
177;22
178;83
179;39
180;59
181;53
182;59
183;76
184;25
185;20
186;54
187;24
188;53
189;62
190;9
191;9
192;16
193;45
194;52
195;61
196;13
197;46
198;27
199;5
200;3
201;62
202;62
203;34
204;52
205;29
206;81
207;62
208;62
209;57
210;13
211;14
212;60
213;60
214;54
215;66
216;63
217;69
218;90
219;60
220;81
221;63
222;88
223;41
224;56
225;44
226;8
227;17
228;18
229;62
230;32
231;42
232;21
233;85
234;70
235;22
236;49
237;73
238;86
239;93
240;62
241;28
242;64
243;15
244;27
245;82
246;61
247;41
248;40
249;6
250;8
251;16
252;65
253;56
254;54
255;73
256;72
257;34
258;45
259;1
260;1
261;68
262;88
263;47
264;61
265;59
266;11
267;17
268;50
269;24
270;62
271;22
272;55
273;69
274;50
275;48
276;15
277;36
278;80
279;62
280;25
281;19
282;84
283;21
284;71
285;36
286;64
287;70
288;46
289;22
290;47
291;47
292;50
293;74
294;31
295;8
296;11
297;38
298;60
299;47
300;17
301;13
302;14
303;91
304;46
305;61
306;49
307;82
308;80
309;70
310;33
311;23
312;86
313;86
314;25
315;28
316;59
317;51
318;68
319;77
320;60
321;58
322;31
323;10
324;48
325;15
326;56
327;50
328;29
329;15
330;50
331;61
332;8
333;11
334;43
335;32
336;36
337;2
338;18
339;43
340;63
341;47
342;17
343;9
344;56
345;65
346;31
347;12
348;40
349;54
350;77
351;50
352;59
353;76
354;44
355;9
356;66
357;46
358;71
359;26
360;65
361;55
362;18
363;10
364;27
365;73
366;40
367;60
368;21
369;54
370;61
371;42
372;35
373;58
374;57
375;73
376;52
377;63
378;49
379;43
380;85
381;73
382;83
383;38
384;30
385;1
386;8
387;71
388;58
389;49
390;8
391;15
392;13
393;18
394;68
395;47
396;11
397;12
398;63
399;58
400;11
401;6
402;7
403;43
404;38
405;18
406;8
407;42
408;70
409;82
410;65
411;92
412;50
413;57
414;8
415;11
416;42
417;82
418;75
419;48
420;40
421;57
422;76
423;72
424;71
425;63
426;18
427;72
428;74
429;42
430;25
431;12
432;52
433;96
434;64
435;80
436;71
437;59
438;71
439;80
440;31
441;8
442;66
443;52
444;49
445;54
446;72
447;52
448;42
449;55
450;47
451;48
452;15
453;7
454;58
455;53
456;45
457;29
458;17
459;17
460;76
461;48
462;45
463;10
464;52
465;53
466;53
467;39
468;37
469;21
470;65
471;58
472;31
473;66
474;49
475;47
476;37
477;14
478;11
479;7
480;73
481;62
482;42
483;23
484;53
485;47
486;72
487;19
488;20
489;32
490;22
491;54
492;55
493;46
494;71
495;70
496;56
497;62
498;10
499;14
500;19
501;70
502;57
503;71
504;63
505;64
506;6
507;14
508;57
509;10
510;8
511;74
512;55
513;83
514;64
515;55
516;74
517;60
518;74
519;64
520;40
521;44
522;9
523;65
524;76
525;58
526;50
527;9
528;58
529;41
530;38
531;3
532;3
533;44
534;36
535;34
536;14
537;11
538;10
539;14
540;46
541;33
542;63
543;68
544;46
545;38
546;24
547;11
548;42
549;62
550;76
551;63
552;69
553;27
554;59
555;73
556;37
557;45
558;9
559;0
560;74
561;30
562;49
563;11
564;5
565;1
566;34
567;23
568;72
569;73
570;65
571;66
572;20
573;20
574;20
575;63
576;20
577;48
578;56
579;36
580;21
581;24
582;71
583;47
584;69
585;45
586;26
587;90
588;44
589;46
590;69
591;21
592;51
593;48
594;13
595;6
596;9
597;73
598;96
599;73
600;88
601;75
602;60
603;57
604;58
605;48
606;49
607;7
608;10
609;85
610;40
611;28
612;11
613;10
614;30
615;51
616;13
617;8
618;36
619;63
620;10
621;13
622;18
623;48
624;6
625;8
626;71
627;58
628;55
629;24
630;40
631;29
632;3
633;3
634;69
635;83
636;65
637;88
638;66
639;58
640;89
641;47
642;49
643;45
644;17
645;11
646;18
647;16
648;32
649;69
650;35
651;45
652;9
653;2
654;90
655;53
656;49
657;76
658;53
659;36
660;73
661;74
662;32
663;37
664;76
665;63
666;28
667;32
668;57
669;34
670;26
671;17
672;30
673;38
674;15
675;10
676;87
677;53
678;68
679;24
680;70
681;91
682;28
683;26
684;23
685;70
686;23
687;21
688;28
689;22
690;41
691;82
692;66
693;80
694;63
695;45
696;44
697;46
698;10
699;14
700;77
701;70
702;31
703;44
704;1
705;0
706;32
707;83
708;65
709;80
710;57
711;49
712;32
713;53
714;60
715;72
716;77
717;69
718;75
719;78
720;22
721;19
722;44
723;60
724;55
725;52
726;65
727;60
728;68
729;29
730;36
731;28
732;6
733;11
734;44
735;60
736;25
737;60
738;29
739;75
740;75
741;47
742;53
743;75
744;68
745;52
746;20
747;27
748;26
749;34
750;25
751;1
752;2
753;22
754;33
755;53
756;19
757;56
758;29
759;30
760;3
761;4
762;8
763;54
764;71
765;22
766;63
767;21
768;25
769;24
770;30
771;43
772;44
773;21
774;72
775;61
776;25
777;23
778;22
779;49
780;44
781;60
782;89
783;68
784;52
785;52
786;67
787;30
788;79
789;59
790;57
791;52
792;67
793;37
794;14
795;58
796;43
797;38
798;18
799;11
800;59
801;85
802;71
803;77
804;44
805;75
806;56
807;23
808;34
809;75
810;21
811;64
812;29
813;8
814;88
815;62
816;67
817;52
818;75
819;77
820;65
821;60
822;40
823;35
824;10
825;34
826;36
827;10
828;5
829;3
830;46
831;29
832;64
833;12
834;32
835;43
836;6
837;7
838;52
839;23
840;65
841;75
842;44
843;40
844;23
845;51
846;79
847;48
848;42
849;7
850;10
851;44
852;38
853;14
854;18
855;62
856;73
857;61
858;45
859;15
860;18
861;19
862;32
863;11
864;4
865;45
866;20
867;13
868;14
869;13
870;81
871;56
872;33
873;34
874;45
875;15
876;12
877;76
878;65
879;72
880;59
881;10
882;74
883;22
884;65
885;84
886;46
887;16
888;43
889;47
890;18
891;4
892;53
893;71
894;41
895;32
896;58
897;46
898;45
899;21
900;3
901;4
902;35
903;49
904;9
905;28
906;82
907;19
908;86
909;25
910;63
911;61
912;48
913;39
914;14
915;35
916;64
917;18
918;16
919;50
920;46
921;50
922;44
923;18
924;16
925;59
926;49
927;60
928;46
929;73
930;86
931;89
932;50
933;65
934;67
935;91
936;67
937;62
938;39
939;84
940;59
941;38
942;66
943;36
944;64
945;24
946;88
947;28
948;74
949;62
950;67
951;56
952;70
953;66
954;75
955;19
956;20
957;28
958;38
959;10
960;2
961;34
962;66
963;42
964;58
965;42
966;15
967;58
968;78
969;20
970;37
971;28
972;55
973;31
974;71
975;66
976;55
977;19
978;38
979;26
980;12
981;16
982;33
983;33
984;31
985;7
986;59
987;91
988;55
989;33
990;80
991;50
992;73
993;57
994;48
995;16
996;7
997;68
998;32
999;54
1000;88
1001;66
1002;47
1003;34
1004;15
1005;17
1006;10
1007;57
1008;32
1009;63
1010;74
1011;52
1012;60
1013;38
1014;45
1015;12
1016;14
1017;50
1018;67
1019;64
1020;31
1021;39
1022;18
1023;16
1024;16
1025;59
1026;60
1027;11
1028;10
1029;9
1030;16
1031;88
1032;58
1033;62
1034;28
1035;49
1036;15
1037;6
1038;41
1039;43
1040;45
1041;5
1042;61
1043;78
1044;27
1045;56
1046;35
1047;18
1048;9
1049;6
1050;15
1051;50
1052;47
1053;12
1054;18
1055;48
1056;42
1057;2
1058;2
1059;51
1060;46
1061;49
1062;43
1063;69
1064;81
1065;71
1066;59
1067;52
1068;30
1069;19
1070;20
1071;68
1072;76
1073;60
1074;60
1075;26
1076;70
1077;72
1078;54
1079;47
1080;57
1081;59
1082;76
1083;25
1084;27
1085;3
1086;45
1087;68
1088;76
1089;43
1090;58
1091;28
1092;24
1093;23
1094;26
1095;61
1096;59
1097;15
1098;9
1099;61
1100;34
1101;40
1102;85
1103;50
1104;42
1105;42
1106;17
1107;8
1108;62
1109;39
1110;52
1111;64
1112;52
1113;53
1114;53
1115;70
1116;86
1117;42
1118;75
1119;31
1120;39
1121;3
1122;5
1123;53
1124;18
1125;71
1126;69
1127;51
1128;75
1129;57
1130;74
1131;35
1132;34
1133;27
1134;5
1135;17
1136;37
1137;37
1138;46
1139;14
1140;13
1141;64
1142;20
1143;67
1144;66
1145;56
1146;22
1147;71
1148;64
1149;85
1150;74
1151;20
1152;52
1153;50
1154;35
1155;44
1156;82
1157;21
1158;45
1159;56
1160;63
1161;16
1162;9
1163;56
1164;43
1165;48
1166;46
1167;12
1168;4
1169;19
1170;22
1171;22
1172;55
1173;50
1174;53
1175;49
1176;52
1177;54
1178;64
1179;76
1180;27
1181;49
1182;18
1183;43
1184;54
1185;87
1186;44
1187;47
1188;70
1189;22
1190;24
1191;57
1192;80
1193;66
1194;72
1195;35
1196;17
1197;78
1198;63
1199;57
1200;57
1201;32
1202;18
1203;7
1204;20
1205;56
1206;52
1207;34
1208;15
1209;18
1210;12
1211;44
1212;52
1213;56
1214;58
1215;74
1216;21
1217;19
1218;67
1219;40
1220;45
1221;62
1222;52
1223;81
1224;24
1225;46
1226;50
1227;62
1228;12
1229;60
1230;69
1231;53
1232;59
1233;35
1234;9
1235;6
1236;64
1237;65
1238;64
1239;64
1240;44
1241;64
1242;19
1243;38
1244;22
1245;23
1246;42
1247;40
1248;65
1249;63
1250;64
1251;63
1252;70
1253;91
1254;72
1255;49
1256;74
1257;59
1258;56
1259;52
1260;41
1261;12
1262;10
1263;12
1264;60
1265;75
1266;50
1267;33
1268;31
1269;78
1270;29
1271;50
1272;77
1273;25
1274;74
1275;58
1276;55
1277;49
1278;19
1279;62
1280;72
1281;56
1282;31
1283;6
1284;9
1285;18
1286;33
1287;33
1288;73
1289;47
1290;56
1291;35
1292;12
1293;16
1294;60
1295;64
1296;63
1297;30
1298;2
1299;68
1300;75
1301;49
1302;9
1303;20
1304;41
1305;30
1306;49
1307;5
1308;13
1309;46
1310;30
1311;15
1312;14
1313;63
1314;35
1315;14
1316;29
1317;59
1318;8
1319;6
1320;69
1321;58
1322;56
1323;69
1324;23
1325;81
1326;48
1327;42
1328;64
1329;8
1330;6
1331;70
1332;61
1333;47
1334;59
1335;19
1336;55
1337;91
1338;78
1339;38
1340;12
1341;60
1342;60
1343;21
1344;82
1345;30
1346;26
1347;61
1348;27
1349;54
1350;26
1351;33
1352;11
1353;8
1354;10
1355;36
1356;20
1357;2
1358;3
1359;52
1360;37
1361;53
1362;52
1363;18
1364;61
1365;21
1366;24
1367;28
1368;3
1369;5
1370;20
1371;71
1372;38
1373;35
1374;66
1375;64
1376;20
1377;48
1378;6
1379;10
1380;2
1381;62
1382;28
1383;53
1384;14
1385;14
1386;22
1387;25
1388;6
1389;14
1390;8
1391;14
1392;66
1393;66
1394;63
1395;63
1396;36
1397;56
1398;48
1399;74
1400;19
1401;37
1402;20
1403;34
1404;0
1405;1
1406;5
1407;89
1408;32
1409;67
1410;56
1411;63
1412;42
1413;12
1414;59
1415;36
1416;30
1417;57
1418;35
1419;59
1420;32
1421;52
1422;22
1423;41
1424;60
1425;95
1426;56
1427;47
1428;57
1429;69
1430;57
1431;37
1432;31
1433;0
1434;48
1435;51
1436;61
1437;13
1438;13
1439;18
1440;59
1441;66
1442;52
1443;54
1444;60
1445;41
1446;77
1447;31
1448;44
1449;3
1450;16
1451;5
1452;61
1453;69
1454;22
1455;42
1456;23
1457;75
1458;81
1459;85
1460;65
1461;57
1462;37
1463;30
1464;10
1465;9
1466;15
1467;22
1468;90
1469;32
1470;43
1471;10
1472;17
1473;39
1474;3
1475;4
1476;39
1477;62
1478;50
1479;16
1480;14
1481;47
1482;52
1483;74
1484;40
1485;40
1486;47
1487;15
1488;1
1489;72
1490;60
1491;72
1492;48
1493;38
1494;64
1495;46
1496;55
1497;78
1498;46
1499;47
1500;17
1501;32
1502;26
1503;28
1504;44
1505;4
1506;2
1507;52
1508;49
1509;23
1510;40
1511;65
1512;51
1513;36
1514;8
1515;28
1516;33
1517;5
1518;18
1519;58
1520;67
1521;85
1522;21
1523;21
1524;22
1525;49
1526;57
1527;75
1528;51
1529;48
1530;34
1531;10
1532;12
1533;72
1534;70
1535;71
1536;54
1537;49
1538;45
1539;4
1540;13
1541;65
1542;40
1543;13
1544;64
1545;72
1546;54
1547;77
1548;57
1549;60
1550;42
1551;68
1552;88
1553;57
1554;41
1555;68
1556;23
1557;25
1558;69
1559;47
1560;49
1561;85
1562;40
1563;31
1564;8
1565;18
1566;44
1567;34
1568;42
1569;3
1570;18
1571;67
1572;54
1573;42
1574;45
1575;2
1576;4
1577;90
1578;72
1579;62
1580;62
1581;21
1582;44
1583;2
1584;12
1585;60
1586;25
1587;65
1588;69
1589;33
1590;49
1591;71
1592;65
1593;51
1594;29
1595;61
1596;37
1597;71
1598;69
1599;54
1600;60
1601;32
1602;37
1603;18
1604;10
1605;45
1606;45
1607;15
1608;55
1609;50
1610;66
1611;45
1612;74
1613;26
1614;43
1615;56
1616;43
1617;27
1618;2
1619;1
1620;37
1621;12
1622;13
1623;78
1624;20
1625;59
1626;63
1627;51
1628;61
1629;59
1630;32
1631;32
1632;32
1633;11
1634;3
1635;3
1636;76
1637;46
1638;8
1639;35
1640;28
1641;1
1642;3
1643;11
1644;68
1645;20
1646;45
1647;13
1648;3
1649;1
1650;87
1651;76
1652;74
1653;52
1654;69
1655;47
1656;30
1657;91
1658;46
1659;43
1660;15
1661;18
1662;67
1663;86
1664;31
1665;29
1666;55
1667;49
1668;48
1669;62
1670;62
1671;15
1672;12
1673;52
1674;72
1675;74
1676;56
1677;56
1678;17
1679;31
1680;72
1681;51
1682;74
1683;74
1684;56
1685;49
1686;7
1687;15
1688;31
1689;48
1690;2
1691;13
1692;66
1693;35
1694;43
1695;5
1696;78
1697;75
1698;70
1699;74
1700;85
1701;54
1702;47
1703;53
1704;66
1705;47
1706;66
1707;51
1708;74
1709;74
1710;40
1711;27
1712;2
1713;0
1714;74
1715;65
1716;61
1717;60
1718;27
1719;82
1720;68
1721;58
1722;78
1723;80
1724;80
1725;66
1726;76
1727;62
1728;46
1729;92
1730;69
1731;66
1732;39
1733;39
1734;87
1735;69
1736;51
1737;36
1738;10
1739;18
1740;39
1741;55
1742;51
1743;53
1744;91
1745;62
1746;18
1747;82
1748;48
1749;82
1750;72
1751;59
1752;38
1753;49
1754;7
1755;10
1756;41
1757;72
1758;64
1759;59
1760;50
1761;12
1762;16
1763;9
1764;81
1765;24
1766;46
1767;9
1768;18
1769;28
1770;41
1771;13
1772;11
1773;9
1774;27
1775;40
1776;2
1777;1
1778;78
1779;61
1780;11
1781;12
1782;90
1783;63
1784;34
1785;72
1786;56
1787;21
1788;74
1789;81
1790;24
1791;53
1792;20
1793;63
1794;65
1795;50
1796;33
1797;9
1798;46
1799;71
1800;40
1801;36
1802;30
1803;56
1804;36
1805;22
1806;41
1807;59
1808;43
1809;22
1810;12
1811;27
1812;66
1813;54
1814;65
1815;26
1816;19
1817;55
1818;57
1819;70
1820;88
1821;27
1822;42
1823;13
1824;0
1825;54
1826;53
1827;8
1828;6
1829;24
1830;51
1831;25
1832;40
1833;9
1834;3
1835;93
1836;77
1837;72
1838;53
1839;28
1840;56
1841;15
1842;68
1843;26
1844;33
1845;76
1846;55
1847;48
1848;15
1849;8
1850;39
1851;8
1852;15
1853;31
1854;35
1855;13
1856;56
1857;56
1858;56
1859;46
1860;56
1861;46
1862;64
1863;87
1864;52
1865;23
1866;92
1867;60
1868;56
1869;19
1870;19
1871;85
1872;20
1873;57
1874;70
1875;76
1876;57
1877;54
1878;52
1879;60
1880;34
1881;97
1882;34
1883;78
1884;25
1885;61
1886;61
1887;53
1888;58
1889;30
1890;36
1891;46
1892;61
1893;28
1894;6
1895;16
1896;55
1897;44
1898;8
1899;19
1900;19
1901;63
1902;69
1903;56
1904;91
1905;35
1906;31
1907;3
1908;0
1909;76
1910;19
1911;45
1912;26
1913;51
1914;44
1915;40
1916;13
1917;28
1918;13
1919;11
1920;54
1921;46
1922;9
1923;14
1924;60
1925;55
1926;28
1927;57
1928;90
1929;71
1930;68
1931;56
1932;79
1933;29
1934;46
1935;20
1936;72
1937;66
1938;23
1939;55
1940;30
1941;11
1942;71
1943;78
1944;63
1945;55
1946;62
1947;58
1948;48
1949;20
1950;78
1951;49
1952;38
1953;3
1954;55
1955;59
1956;6
1957;15
1958;25
1959;67
1960;38
1961;28
1962;40
1963;21
1964;15
1965;14
1966;40
1967;87
1968;61
1969;54
1970;50
1971;53
1972;78
1973;63
1974;42
1975;46
1976;4
1977;40
1978;31
1979;17
1980;33
1981;53
1982;39
1983;63
1984;68
1985;82
1986;52
1987;27
1988;22
1989;4
1990;7
1991;49
1992;20
1993;50
1994;75
1995;39
1996;32
1997;31
1998;47
1999;27
2000;57
2001;7
2002;8
2003;72
2004;41
2005;64
2006;72
2007;48
2008;75
2009;49
2010;51
2011;67
2012;63
2013;63
2014;58
2015;18
2016;8
2017;41
2018;72
2019;43
2020;66
2021;79
2022;70
2023;69
2024;59
2025;59
2026;80
2027;60
2028;32
2029;32
2030;0
2031;1
2032;46
2033;74
2034;25
2035;49
2036;75
2037;62
2038;59
2039;79
2040;54
2041;28
2042;30
2043;5
2044;1
2045;56
2046;55
2047;60
2048;23
2049;49
2050;58
2051;60
2052;41
2053;76
2054;93
2055;69
2056;45
2057;67
2058;57
2059;72
2060;25
2061;70
2062;62
2063;24
2064;41
2065;32
2066;20
2067;45
2068;33
2069;33
2070;5
2071;9
2072;64
2073;87
2074;50
2075;90
2076;63
2077;51
2078;50
2079;88
2080;27
2081;40
2082;3
2083;4
2084;76
2085;62
2086;46
2087;80
2088;76
2089;22
2090;58
2091;69
2092;68
2093;19
2094;36
2095;2
2096;5
2097;53
2098;63
2099;7
2100;50
2101;75
2102;44
2103;49
2104;27
2105;31
2106;3
2107;18
2108;0
2109;32
2110;48
2111;2
2112;3
2113;64
2114;57
2115;36
2116;55
2117;39
2118;12
2119;15
2120;58
2121;50
2122;64
2123;45
2124;22
2125;49
2126;49
2127;42
2128;6
2129;7
2130;18
2131;30
2132;44
2133;5
2134;1
2135;12
2136;80
2137;51
2138;60
2139;40
2140;63
2141;52
2142;7
2143;12
2144;18
2145;85
2146;48
2147;65
2148;22
2149;73
2150;47
2151;78
2152;64
2153;73
2154;44
2155;55
2156;64
2157;46
2158;10
2159;18
2160;86
2161;62
2162;68
2163;25
2164;68
2165;75
2166;61
2167;26
2168;13
2169;60
2170;53
2171;78
2172;56
2173;54
2174;57
2175;67
2176;37
2177;47
2178;16
2179;8
2180;75
2181;31
2182;61
2183;49
2184;10
2185;8
2186;34
2187;53
2188;18
2189;6
2190;57
2191;43
2192;75
2193;63
2194;80
2195;75
2196;56
2197;21
2198;21
2199;28
2200;58
2201;49
2202;13
2203;18
2204;9
2205;58
2206;38
2207;17
2208;29
2209;18
2210;62
2211;75
2212;32
2213;71
2214;88
2215;78
2216;74
2217;62
2218;67
2219;49
2220;30
2221;17
2222;54
2223;54
2224;27
2225;64
2226;80
2227;52
2228;45
2229;26
2230;46
2231;49
2232;15
2233;14
2234;50
2235;63
2236;10
2237;18
2238;40
2239;19
2240;22
2241;51
2242;22
2243;34
2244;62
2245;29
2246;61
2247;35
2248;70
2249;38
2250;47
2251;16
2252;17
2253;48
2254;72
2255;24
2256;37
2257;1
2258;60
2259;58
2260;78
2261;42
2262;54
2263;46
2264;23
2265;67
2266;63
2267;11
2268;11
2269;37
2270;14
2271;12
2272;29
2273;70
2274;64
2275;70
2276;76
2277;64
2278;53
2279;18
2280;8
2281;30
2282;49
2283;58
2284;24
2285;49
2286;24
2287;61
2288;39
2289;64
2290;24
2291;56
2292;45
2293;36
2294;2
2295;24
2296;58
2297;42
2298;27
2299;8
2300;2
2301;53
2302;46
2303;40
2304;14
2305;17
2306;42
2307;6
2308;50
2309;69
2310;23
2311;33
2312;82
2313;72
2314;74
2315;62
2316;84
2317;37
2318;28
2319;12
2320;6
2321;8
2322;38
2323;42
2324;32
2325;14
2326;10
2327;64
2328;59
2329;11
2330;10
2331;38
2332;31
2333;73
2334;51
2335;23
2336;49
2337;57
2338;26
2339;51
2340;26
2341;18
2342;9
2343;12
2344;58
2345;28
2346;23
2347;22
2348;60
2349;58
2350;70
2351;63
2352;71
2353;70
2354;50
2355;38
2356;28
2357;52
2358;43
2359;34
2360;98
2361;35
2362;51
2363;20
2364;30
2365;19
2366;60
2367;24
2368;28
2369;49
2370;47
2371;67
2372;73
2373;41
2374;60
2375;44
2376;19
2377;24
2378;66
2379;66
2380;60
2381;70
2382;28
2383;22
2384;22
2385;19
2386;42
2387;29
2388;49
2389;9
2390;70
2391;70
2392;57
2393;33
2394;59
2395;77
2396;25
2397;64
2398;47
2399;76
2400;19
2401;26
2402;32
2403;34
2404;17
2405;12
2406;31
2407;31
2408;3
2409;3
2410;66
2411;35
2412;48
2413;15
2414;9
2415;32
2416;34
2417;13
2418;2
2419;5
2420;6
2421;38
2422;73
2423;68
2424;47
2425;85
2426;59
2427;82
2428;47
2429;47
2430;18
2431;72
2432;81
2433;49
2434;53
2435;74
2436;68
2437;67
2438;66
2439;58
2440;34
2441;48
2442;18
2443;1
2444;11
2445;1
2446;73
2447;70
2448;43
2449;32
2450;1
2451;4
2452;34
2453;52
2454;16
2455;7
2456;59
2457;63
2458;70
2459;77
2460;79
2461;85
2462;64
2463;47
2464;20
2465;50
2466;72
2467;45
2468;54
2469;40
2470;35
2471;28
2472;6
2473;41
2474;46
2475;40
2476;18
2477;13
2478;60
2479;71
2480;31
2481;71
2482;60
2483;33
2484;20
2485;1
2486;5
2487;1
2488;53
2489;74
2490;59
2491;55
2492;6
2493;68
2494;23
2495;24
2496;3
2497;3
2498;54
2499;58
2500;70
2501;64
2502;58
2503;66
2504;21
2505;42
2506;44
2507;18
2508;16
2509;91
2510;62
2511;32
2512;41
2513;6
2514;83
2515;27
2516;64
2517;68
2518;24
2519;56
2520;70
2521;72
2522;57
2523;22
2524;78
2525;81
2526;49
2527;24
2528;73
2529;32
2530;43
2531;7
2532;18
2533;58
2534;61
2535;50
2536;62
2537;26
2538;45
2539;44
2540;10
2541;16
2542;38
2543;9
2544;78
2545;20
2546;21
2547;63
2548;63
2549;62
2550;61
2551;8
2552;17
2553;63
2554;64
2555;73
2556;69
2557;80
2558;67
2559;56
2560;58
2561;62
2562;49
2563;64
2564;27
2565;22
2566;29
2567;10
2568;57
2569;91
2570;22
2571;63
2572;27
2573;59
2574;12
2575;18
2576;40
2577;8
2578;14
2579;75
2580;24
2581;29
2582;22
2583;21
2584;70
2585;37
2586;60
2587;20
2588;22
2589;40
2590;23
2591;80
2592;42
2593;12
2594;23
2595;34
2596;3
2597;12
2598;24
2599;35
2600;3
2601;1
2602;5
2603;53
2604;63
2605;80
2606;25
2607;60
2608;55
2609;34
2610;70
2611;55
2612;59
2613;46
2614;13
2615;6
2616;6
2617;20
2618;64
2619;58
2620;74
2621;22
2622;87
2623;47
2624;30
2625;75
2626;72
2627;64
2628;67
2629;19
2630;28
2631;4
2632;3
2633;49
2634;50
2635;13
2636;18
2637;15
2638;49
2639;49
2640;42
2641;40
2642;4
2643;73
2644;61
2645;51
2646;15
2647;59
2648;49
2649;42
2650;63
2651;28
2652;53
2653;79
2654;70
2655;32
2656;51
2657;46
2658;36
2659;50
2660;18
2661;9
2662;52
2663;61
2664;38
2665;73
2666;72
2667;67
2668;51
2669;61
2670;30
2671;81
2672;85
2673;87
2674;40
2675;59
2676;37
2677;53
2678;11
2679;13
2680;47
2681;37
2682;15
2683;10
2684;51
2685;50
2686;32
2687;50
2688;59
2689;17
2690;6
2691;70
2692;60
2693;27
2694;17
2695;16
2696;36
2697;40
2698;2
2699;0
2700;69
2701;74
2702;36
2703;49
2704;52
2705;75
2706;61
2707;35
2708;19
2709;2
2710;4
2711;86
2712;72
2713;97
2714;87
2715;53
2716;34
2717;76
2718;74
2719;70
2720;39
2721;49
2722;16
2723;6
2724;29
2725;29
2726;17
2727;16
2728;34
2729;3
2730;70
2731;79
2732;30
2733;36
2734;60
2735;50
2736;24
2737;36
2738;5
2739;0
2740;19
2741;54
2742;51
2743;38
2744;49
2745;66
2746;56
2747;29
2748;50
2749;21
2750;56
2751;8
2752;55
2753;56
2754;6
2755;48
2756;65
2757;36
2758;36
2759;12
2760;86
2761;72
2762;63
2763;32
2764;36
2765;14
2766;17
2767;44
2768;33
2769;50
2770;12
2771;12
2772;63
2773;54
2774;51
2775;85
2776;77
2777;20
2778;70
2779;47
2780;8
2781;72
2782;29
2783;59
2784;56
2785;53
2786;33
2787;11
2788;10
2789;71
2790;61
2791;36
2792;48
2793;30
2794;18
2795;71
2796;56
2797;48
2798;42
2799;6
2800;2
2801;5
2802;21
2803;65
2804;71
2805;54
2806;49
2807;73
2808;22
2809;36
2810;41
2811;75
2812;60
2813;43
2814;50
2815;8
2816;17
2817;48
2818;46
2819;16
2820;9
2821;77
2822;48
2823;64
2824;41
2825;49
2826;1
2827;2
2828;21
2829;23
2830;15
2831;27
2832;75
2833;32
2834;33
2835;2
2836;0
2837;29
2838;57
2839;21
2840;35
2841;37
2842;50
2843;46
2844;56
2845;32
2846;36
2847;0
2848;3
2849;8
2850;74
2851;19
2852;61
2853;61
2854;23
2855;71
2856;26
2857;56
2858;52
2859;73
2860;62
2861;79
2862;85
2863;71
2864;66
2865;44
2866;30
2867;27
2868;4
2869;6
2870;7
2871;23
2872;26
2873;3
2874;3
2875;65
2876;38
2877;24
2878;72
2879;40
2880;20
2881;2
2882;70
2883;48
2884;39
2885;52
2886;30
2887;37
2888;2
2889;13
2890;71
2891;83
2892;27
2893;1
2894;12
2895;62
2896;65
2897;54
2898;53
2899;34
2900;53
2901;56
2902;70
2903;36
2904;73
2905;28
2906;36
2907;71
2908;66
2909;65
2910;36
2911;62
2912;60
2913;7
2914;12
2915;55
2916;60
2917;7
2918;13
2919;48
2920;49
2921;43
2922;17
2923;54
2924;60
2925;65
2926;62
2927;86
2928;66
2929;72
2930;65
2931;71
2932;80
2933;68
2934;40
2935;63
2936;34
2937;42
2938;12
2939;56
2940;50
2941;60
2942;43
2943;67
2944;45
2945;23
2946;18
2947;9
2948;66
2949;62
2950;77
2951;69
2952;59
2953;15
2954;76
2955;54
2956;76
2957;74
2958;39
2959;61
2960;10
2961;18
2962;75
2963;65
2964;57
2965;38
2966;69
2967;55
2968;52
2969;58
2970;24
2971;59
2972;52
2973;8
2974;7
2975;48
2976;49
2977;72
2978;58
2979;39
2980;44
2981;47
2982;6
2983;16
2984;53
2985;58
2986;29
2987;61
2988;61
2989;10
2990;12
2991;73
2992;67
2993;74
2994;60
2995;69
2996;35
2997;58
2998;39
2999;43
3000;38
3001;9
3002;17
3003;81
3004;58
3005;67
3006;40
3007;65
3008;62
3009;90
3010;65
3011;69
3012;28
3013;22
3014;15
3015;9
3016;10
3017;61
3018;69
3019;52
3020;17
3021;61
3022;49
3023;19
3024;20
3025;24
3026;31
3027;25
3028;48
3029;84
3030;96
3031;77
3032;87
3033;68
3034;28
3035;63
3036;7
3037;15
3038;51
3039;46
3040;44
3041;43
3042;3
3043;18
3044;43
3045;45
3046;12
3047;11
3048;68
3049;28
3050;72
3051;66
3052;62
3053;56
3054;18
3055;16
3056;47
3057;36
3058;13
3059;12
3060;56
3061;25
3062;52
3063;50
3064;38
3065;22
3066;40
3067;20
3068;19
3069;31
3070;50
3071;61
3072;46
3073;13
3074;7
3075;7
3076;32
3077;22
3078;22
3079;44
3080;55
3081;67
3082;32
3083;54
3084;66
3085;62
3086;52
3087;65
3088;62
3089;53
3090;49
3091;41
3092;8
3093;13
3094;22
3095;70
3096;46
3097;30
3098;50
3099;72
3100;73
3101;57
3102;36
3103;8
3104;0
3105;26
3106;29
3107;55
3108;48
3109;64
3110;59
3111;53
3112;42
3113;15
3114;46
3115;67
3116;81
3117;68
3118;75
3119;69
3120;21
3121;2
3122;77
3123;87
3124;68
3125;83
3126;63
3127;58
3128;73
3129;58
3130;19
3131;58
3132;53
3133;28
3134;19
3135;74
3136;67
3137;42
3138;8
3139;40
3140;24
3141;0
3142;0
3143;18
3144;92
3145;72
3146;38
3147;39
3148;69
3149;54
3150;68
3151;43
3152;33
3153;18
3154;5
3155;69
3156;74
3157;32
3158;55
3159;10
3160;15
3161;86
3162;93
3163;82
3164;67
3165;75
3166;43
3167;25
3168;39
3169;24
3170;50
3171;46
3172;9
3173;9
3174;10
3175;51
3176;61
3177;53
3178;41
3179;25
3180;13
3181;0
3182;62
3183;47
3184;64
3185;42
3186;96
3187;52
3188;58
3189;45
3190;29
3191;1
3192;3
3193;9
3194;75
3195;71
3196;31
3197;32
3198;15
3199;14
3200;49
3201;31
3202;32
3203;8
3204;7
3205;11
3206;69
3207;69
3208;77
3209;87
3210;66
3211;21
3212;70
3213;46
3214;23
3215;94
3216;29
3217;68
3218;35
3219;80
3220;92
3221;28
3222;34
3223;9
3224;51
3225;58
3226;24
3227;23
3228;41
3229;34
3230;15
3231;18
3232;18
3233;58
3234;74
3235;56
3236;33
3237;34
3238;13
3239;18
3240;69
3241;64
3242;38
3243;12
3244;12
3245;82
3246;76
3247;50
3248;31
3249;23
3250;2
3251;11
3252;92
3253;34
3254;63
3255;34
3256;16
3257;51
3258;56
3259;10
3260;62
3261;39
3262;10
3263;25
3264;20
3265;49
3266;62
3267;19
3268;90
3269;22
3270;74
3271;53
3272;83
3273;30
3274;35
3275;13
3276;4
3277;52
3278;70
3279;37
3280;60
3281;64
3282;63
3283;23
3284;86
3285;66
3286;27
3287;37
3288;3
3289;12
3290;50
3291;79
3292;60
3293;41
3294;13
3295;49
3296;13
3297;6
3298;55
3299;52
3300;58
3301;16
3302;18
3303;74
3304;82
3305;85
3306;46
3307;22
3308;23
3309;70
3310;49
3311;6
3312;49
3313;87
3314;32
3315;58
3316;47
3317;27
3318;1
3319;1
3320;16
3321;27
3322;26
3323;9
3324;46
3325;37
3326;1
3327;46
3328;59
3329;51
3330;67
3331;33
3332;38
3333;2
3334;5
3335;70
3336;52
3337;38
3338;53
3339;22
3340;55
3341;21
3342;52
3343;72
3344;19
3345;62
3346;57
3347;78
3348;35
3349;61
3350;19
3351;72
3352;19
3353;27
3354;3
3355;1
3356;83
3357;54
3358;63
3359;77
3360;20
3361;59
3362;54
3363;76
3364;59
3365;80
3366;70
3367;36
3368;62
3369;69
3370;69
3371;62
3372;35
3373;17
3374;16
3375;12
3376;30
3377;64
3378;68
3379;32
3380;59
3381;92
3382;31
3383;71
3384;76
3385;50
3386;41
3387;30
3388;12
3389;7
3390;59
3391;72
3392;40
3393;32
3394;0
3395;1
3396;55
3397;53
3398;73
3399;53
3400;39
3401;62
3402;34
3403;39
3404;1
3405;2
3406;67
3407;52
3408;52
3409;58
3410;49
3411;53
3412;17
3413;13
3414;46
3415;21
3416;42
3417;12
3418;27
3419;90
3420;25
3421;37
3422;68
3423;83
3424;56
3425;29
3426;10
3427;14
3428;14
3429;9
3430;53
3431;34
3432;38
3433;49
3434;40
3435;94
3436;71
3437;36
3438;38
3439;5
3440;4
3441;18
3442;57
3443;59
3444;24
3445;41
3446;4
3447;18
3448;31
3449;11
3450;57
3451;43
3452;15
3453;15
3454;59
3455;25
3456;66
3457;21
3458;34
3459;31
3460;27
3461;13
3462;17
3463;15
3464;43
3465;24
3466;86
3467;31
3468;64
3469;51
3470;15
3471;18
3472;64
3473;29
3474;20
3475;39
3476;52
3477;52
3478;56
3479;73
3480;57
3481;70
3482;69
3483;62
3484;36
3485;31
3486;8
3487;18
3488;29
3489;69
3490;58
3491;21
3492;53
3493;19
3494;48
3495;46
3496;10
3497;15
3498;7
3499;23
3500;71
3501;60
3502;76
3503;57
3504;39
3505;30
3506;10
3507;8
3508;74
3509;63
3510;40
3511;50
3512;17
3513;32
3514;60
3515;16
3516;12
3517;46
3518;51
3519;65
3520;25
3521;19
3522;46
3523;88
3524;71
3525;56
3526;33
3527;10
3528;14
3529;11
3530;76
3531;24
3532;86
3533;66
3534;67
3535;66
3536;81
3537;57
3538;48
3539;36
3540;47
3541;68
3542;78
3543;20
3544;27
3545;12
3546;4
3547;43
3548;45
3549;4
3550;32
3551;32
3552;48
3553;50
3554;12
3555;67
3556;59
3557;15
3558;17
3559;31
3560;8
3561;62
3562;74
3563;19
3564;64
3565;36
3566;35
3567;42
3568;2
3569;0
3570;10
3571;4
3572;1
3573;7
3574;70
3575;48
3576;81
3577;58
3578;49
3579;62
3580;48
3581;30
3582;18
3583;2
3584;5
3585;14
3586;17
3587;34
3588;35
3589;33
3590;51
3591;80
3592;90
3593;83
3594;59
3595;70
3596;56
3597;54
3598;61
3599;51
3600;69
3601;41
3602;75
3603;64
3604;28
3605;88
3606;58
3607;28
3608;61
3609;22
3610;23
3611;66
3612;60
3613;51
3614;72
3615;61
3616;64
3617;56
3618;64
3619;46
3620;10
3621;14
3622;65
3623;19
3624;54
3625;66
3626;62
3627;65
3628;61
3629;26
3630;20
3631;38
3632;45
3633;61
3634;30
3635;15
3636;61
3637;64
3638;52
3639;9
3640;8
3641;51
3642;92
3643;65
3644;90
3645;64
3646;51
3647;73
3648;53
3649;78
3650;65
3651;55
3652;52
3653;85
3654;63
3655;72
3656;58
3657;82
3658;71
3659;68
3660;64
3661;67
3662;25
3663;58
3664;77
3665;61
3666;76
3667;80
3668;73
3669;54
3670;47
3671;32
3672;16
3673;6
3674;37
3675;6
3676;14
3677;82
3678;58
3679;28
3680;16
3681;7
3682;41
3683;62
3684;72
3685;82
3686;43
3687;30
3688;10
3689;18
3690;38
3691;50
3692;85
3693;58
3694;44
3695;5
3696;75
3697;45
3698;52
3699;51
3700;69
3701;90
3702;84
3703;88
3704;44
3705;66
3706;79
3707;75
3708;44
3709;70
3710;31
3711;58
3712;34
3713;18
3714;9
3715;14
3716;75
3717;78
3718;51
3719;32
3720;57
3721;28
3722;63
3723;10
3724;16
3725;64
3726;48
3727;39
3728;13
3729;7
3730;63
3731;72
3732;71
3733;75
3734;29
3735;36
3736;3
3737;2
3738;0
3739;57
3740;84
3741;79
3742;51
3743;34
3744;20
3745;2
3746;12
3747;57
3748;74
3749;26
3750;38
3751;33
3752;1
3753;14
3754;0
3755;69
3756;39
3757;50
3758;18
3759;7
3760;29
3761;22
3762;2
3763;11
3764;72
3765;65
3766;70
3767;47
3768;60
3769;48
3770;50
3771;18
3772;9
3773;33
3774;53
3775;12
3776;10
3777;55
3778;59
3779;68
3780;21
3781;53
3782;47
3783;90
3784;68
3785;19
3786;64
3787;52
3788;73
3789;66
3790;50
3791;40
3792;0
3793;14
3794;30
3795;57
3796;13
3797;8
3798;45
3799;36
3800;6
3801;32
3802;60
3803;69
3804;68
3805;65
3806;87
3807;35
3808;44
3809;11
3810;9
3811;33
3812;71
3813;72
3814;81
3815;81
3816;77
3817;48
3818;63
3819;64
3820;46
3821;17
3822;15
3823;54
3824;68
3825;72
3826;35
3827;30
3828;0
3829;28
3830;63
3831;75
3832;66
3833;57
3834;22
3835;58
3836;59
3837;77
3838;65
3839;76
3840;59
3841;52
3842;76
3843;50
3844;57
3845;85
3846;34
3847;74
3848;50
3849;52
3850;16
3851;6
3852;15
3853;43
3854;31
3855;15
3856;8
3857;60
3858;68
3859;31
3860;47
3861;25
3862;10
3863;5
3864;39
3865;47
3866;3
3867;22
3868;66
3869;64
3870;61
3871;35
3872;63
3873;6
3874;15
3875;46
3876;74
3877;60
3878;25
3879;54
3880;62
3881;58
3882;62
3883;53
3884;23
3885;56
3886;58
3887;83
3888;68
3889;35
3890;14
3891;14
3892;35
3893;45
3894;22
3895;64
3896;49
3897;8
3898;7
3899;18
3900;46
3901;46
3902;13
3903;12
3904;50
3905;27
3906;38
3907;9
3908;67
3909;42
3910;22
3911;21
3912;85
3913;60
3914;68
3915;69
3916;96
3917;40
3918;29
3919;18
3920;12
3921;35
3922;69
3923;83
3924;77
3925;56
3926;36
3927;49
3928;18
3929;2
3930;42
3931;68
3932;57
3933;36
3934;37
3935;29
3936;16
3937;9
3938;29
3939;61
3940;58
3941;63
3942;53
3943;63
3944;78
3945;25
3946;62
3947;27
3948;48
3949;59
3950;45
3951;80
3952;70
3953;20
3954;24
3955;1
3956;4
3957;16
3958;2
3959;16
3960;2
3961;69
3962;52
3963;54
3964;78
3965;80
3966;44
3967;98
3968;48
3969;54
3970;93
3971;59
3972;48
3973;28
3974;62
3975;60
3976;62
3977;65
3978;49
3979;32
3980;62
3981;41
3982;26
3983;19
3984;45
3985;5
3986;0
3987;62
3988;54
3989;15
3990;19
3991;24
3992;1
3993;3
3994;48
3995;70
3996;43
3997;64
3998;15
3999;47
4000;62
4001;32
4002;45
4003;62
4004;63
4005;19
4006;76
4007;54
4008;42
4009;22
4010;5
4011;9
4012;6
4013;20
4014;47
4015;1
4016;6
4017;30
4018;27
4019;7
4020;12
4021;62
4022;24
4023;69
4024;24
4025;66
4026;38
4027;48
4028;1
4029;15
4030;70
4031;56
4032;65
4033;64
4034;59
4035;43
4036;78
4037;60
4038;47
4039;13
4040;14
4041;52
4042;63
4043;38
4044;47
4045;80
4046;80
4047;30
4048;61
4049;26
4050;46
4051;13
4052;9
4053;18
4054;77
4055;66
4056;58
4057;44
4058;6
4059;8
4060;87
4061;71
4062;47
4063;34
4064;13
4065;17
4066;15
4067;36
4068;26
4069;44
4070;16
4071;80
4072;65
4073;69
4074;54
4075;68
4076;50
4077;66
4078;21
4079;29
4080;56
4081;63
4082;24
4083;24
4084;59
4085;69
4086;19
4087;71
4088;48
4089;60
4090;83
4091;72
4092;20
4093;44
4094;42
4095;79
4096;22
4097;44
4098;52
4099;70
4100;82
4101;60
4102;50
4103;8
4104;60
4105;53
4106;50
4107;52
4108;14
4109;10
4110;73
4111;81
4112;64
4113;51
4114;88
4115;87
4116;50
4117;47
4118;88
4119;59
4120;84
4121;47
4122;52
4123;77
4124;41
4125;25
4126;57
4127;38
4128;76
4129;56
4130;11
4131;9
4132;68
4133;90
4134;88
4135;71
4136;37
4137;85
4138;66
4139;61
4140;53
4141;57
4142;8
4143;18
4144;61
4145;33
4146;19
4147;73
4148;81
4149;49
4150;53
4151;29
4152;40
4153;4
4154;0
4155;55
4156;78
4157;61
4158;57
4159;56
4160;88
4161;26
4162;53
4163;17
4164;6
4165;7
4166;68
4167;64
4168;55
4169;32
4170;15
4171;15
4172;40
4173;64
4174;60
4175;28
4176;18
4177;73
4178;59
4179;84
4180;55
4181;26
4182;43
4183;45
4184;78
4185;70
4186;31
4187;45
4188;15
4189;28
4190;46
4191;20
4192;23
4193;83
4194;67
4195;56
4196;54
4197;73
4198;65
4199;28
4200;83
4201;80
4202;45
4203;42
4204;9
4205;4
4206;44
4207;5
4208;1
4209;1
4210;72
4211;65
4212;85
4213;48
4214;65
4215;50
4216;13
4217;6
4218;62
4219;49
4220;67
4221;35
4222;40
4223;3
4224;5
4225;49
4226;31
4227;11
4228;8
4229;18
4230;50
4231;32
4232;18
4233;12
4234;36
4235;58
4236;55
4237;79
4238;85
4239;70
4240;19
4241;62
4242;62
4243;82
4244;68
4245;40
4246;73
4247;59
4248;18
4249;15
4250;53
4251;33
4252;47
4253;18
4254;7
4255;84
4256;32
4257;80
4258;36
4259;49
4260;69
4261;78
4262;63
4263;55
4264;51
4265;41
4266;52
4267;45
4268;42
4269;7
4270;2
4271;16
4272;47
4273;50
4274;9
4275;87
4276;29
4277;80
4278;50
4279;44
4280;38
4281;29
4282;59
4283;21
4284;84
4285;45
4286;14
4287;29
4288;62
4289;8
4290;8
4291;12
4292;58
4293;51
4294;17
4295;15
4296;39
4297;56
4298;22
4299;63
4300;38
4301;66
4302;47
4303;27
4304;83
4305;66
4306;72
4307;60
4308;44
4309;39
4310;69
4311;61
4312;41
4313;8
4314;13
4315;45
4316;64
4317;7
4318;91
4319;81
4320;47
4321;22
4322;19
4323;58
4324;82
4325;67
4326;43
4327;66
4328;72
4329;44
4330;59
4331;14
4332;9
4333;11
4334;67
4335;69
4336;39
4337;44
4338;5
4339;2
4340;1
4341;55
4342;44
4343;52
4344;45
4345;69
4346;55
4347;34
4348;6
4349;10
4350;60
4351;36
4352;10
4353;12
4354;18
4355;18
4356;72
4357;20
4358;49
4359;32
4360;23
4361;22
4362;18
4363;0
4364;89
4365;59
4366;62
4367;68
4368;35
4369;26
4370;8
4371;7
4372;75
4373;65
4374;49
4375;23
4376;49
4377;74
4378;78
4379;55
4380;92
4381;34
4382;55
4383;54
4384;18
4385;51
4386;26
4387;69
4388;63
4389;77
4390;74
4391;64
4392;52
4393;68
4394;52
4395;23
4396;74
4397;67
4398;26
4399;57
4400;52
4401;45
4402;32
4403;22
4404;40
4405;44
4406;62
4407;7
4408;14
4409;42
4410;48
4411;17
4412;0
4413;2
4414;57
4415;80
4416;42
4417;54
4418;56
4419;60
4420;26
4421;8
4422;10
4423;12
4424;40
4425;21
4426;77
4427;75
4428;69
4429;25
4430;62
4431;54
4432;13
4433;10
4434;70
4435;86
4436;63
4437;34
4438;52
4439;46
4440;14
4441;9
4442;54
4443;38
4444;19
4445;36
4446;15
4447;58
4448;61
4449;25
4450;31
4451;11
4452;11
4453;16
4454;90
4455;71
4456;74
4457;55
4458;72
4459;55
4460;89
4461;76
4462;54
4463;44
4464;26
4465;39
4466;62
4467;19
4468;37
4469;57
4470;8
4471;16
4472;66
4473;52
4474;31
4475;14
4476;9
4477;50
4478;68
4479;27
4480;39
4481;12
4482;16
4483;43
4484;30
4485;18
4486;12
4487;6
4488;61
4489;96
4490;31
4491;9
4492;70
4493;50
4494;66
4495;64
4496;59
4497;58
4498;61
4499;83
4500;68
4501;54
4502;31
4503;38
4504;18
4505;10
4506;63
4507;91
4508;35
4509;26
4510;7
4511;16
4512;75
4513;65
4514;74
4515;72
4516;91
4517;68
4518;57
4519;64
4520;38
4521;31
4522;75
4523;68
4524;54
4525;71
4526;38
4527;55
4528;47
4529;14
4530;59
4531;41
4532;60
4533;53
4534;53
4535;55
4536;27
4537;75
4538;36
4539;36
4540;14
4541;16
4542;53
4543;88
4544;19
4545;58
4546;34
4547;14
4548;58
4549;36
4550;8
4551;25
4552;56
4553;53
4554;85
4555;32
4556;62
4557;16
4558;16
4559;57
4560;90
4561;56
4562;70
4563;27
4564;83
4565;86
4566;70
4567;68
4568;41
4569;32
4570;63
4571;8
4572;11
4573;12
4574;18
4575;85
4576;72
4577;39
4578;74
4579;48
4580;69
4581;64
4582;39
4583;27
4584;13
4585;3
4586;29
4587;69
4588;71
4589;36
4590;51
4591;59
4592;65
4593;85
4594;31
4595;76
4596;61
4597;64
4598;77
4599;32
4600;25
4601;19
4602;24
4603;36
4604;20
4605;35
4606;22
4607;46
4608;64
4609;36
4610;50
4611;67
4612;27
4613;66
4614;46
4615;33
4616;15
4617;10
4618;63
4619;63
4620;84
4621;74
4622;63
4623;74
4624;91
4625;78
4626;63
4627;73
4628;59
4629;82
4630;73
4631;67
4632;40
4633;51
4634;66
4635;50
4636;39
4637;59
4638;10
4639;10
4640;19
4641;34
4642;39
4643;43
4644;28
4645;29
4646;17
4647;0
4648;28
4649;68
4650;60
4651;54
4652;23
4653;48
4654;57
4655;25
4656;49
4657;22
4658;68
4659;76
4660;54
4661;49
4662;59
4663;60
4664;53
4665;59
4666;49
4667;44
4668;39
4669;65
4670;83
4671;77
4672;38
4673;20
4674;12
4675;3
4676;1
4677;51
4678;56
4679;63
4680;62
4681;54
4682;28
4683;44
4684;3
4685;4
4686;49
4687;19
4688;62
4689;22
4690;63
4691;75
4692;50
4693;22
4694;30
4695;48
4696;26
4697;17
4698;12
4699;68
4700;72
4701;46
4702;30
4703;35
4704;59
4705;29
4706;80
4707;53
4708;52
4709;66
4710;48
4711;24
4712;47
4713;60
4714;7
4715;76
4716;19
4717;28
4718;12
4719;67
4720;67
4721;84
4722;76
4723;72
4724;68
4725;57
4726;33
4727;52
4728;71
4729;53
4730;59
4731;49
4732;18
4733;12
4734;53
4735;70
4736;45
4737;33
4738;76
4739;53
4740;74
4741;28
4742;79
4743;76
4744;65
4745;78
4746;75
4747;24
4748;62
4749;30
4750;97
4751;73
4752;56
4753;22
4754;42
4755;23
4756;21
4757;69
4758;54
4759;64
4760;30
4761;9
4762;17
4763;36
4764;89
4765;84
4766;66
4767;70
4768;20
4769;50
4770;31
4771;42
4772;18
4773;11
4774;10
4775;48
4776;36
4777;10
4778;18
4779;13
4780;60
4781;37
4782;58
4783;67
4784;42
4785;28
4786;9
4787;7
4788;64
4789;29
4790;13
4791;19
4792;62
4793;45
4794;17
4795;85
4796;26
4797;59
4798;74
4799;63
4800;42
4801;8
4802;18
4803;38
4804;93
4805;58
4806;54
4807;8
4808;12
4809;29
4810;40
4811;13
4812;4
4813;13
4814;78
4815;52
4816;80
4817;66
4818;60
4819;28
4820;18
4821;12
4822;6
4823;18
4824;47
4825;58
4826;10
4827;16
4828;66
4829;53
4830;75
4831;23
4832;48
4833;40
4834;18
4835;7
4836;47
4837;61
4838;27
4839;16
4840;44
4841;51
4842;74
4843;23
4844;72
4845;45
4846;42
4847;48
4848;54
4849;15
4850;17
4851;64
4852;45
4853;49
4854;49
4855;17
4856;10
4857;39
4858;60
4859;18
4860;8
4861;79
4862;63
4863;42
4864;29
4865;4
4866;10
4867;37
4868;44
4869;13
4870;10
4871;6
4872;54
4873;61
4874;29
4875;65
4876;50
4877;45
4878;73
4879;54
4880;79
4881;54
4882;46
4883;46
4884;83
4885;59
4886;57
4887;68
4888;57
4889;21
4890;49
4891;79
4892;39
4893;53
4894;38
4895;36
4896;0
4897;6
4898;1
4899;80
4900;64
4901;63
4902;53
4903;32
4904;59
4905;63
4906;26
4907;53
4908;58
4909;57
4910;76
4911;35
4912;20
4913;47
4914;65
4915;69
4916;19
4917;3
4918;61
4919;66
4920;54
4921;52
4922;25
4923;24
4924;25
4925;71
4926;24
4927;49
4928;77
4929;60
4930;32
4931;51
4932;47
4933;55
4934;69
4935;81
4936;38
4937;60
4938;68
4939;79
4940;59
4941;68
4942;72
4943;27
4944;50
4945;80
4946;51
4947;56
4948;69
4949;67
4950;52
4951;32
4952;50
4953;9
4954;17
4955;78
4956;64
4957;53
4958;47
4959;74
4960;64
4961;19
4962;60
4963;33
4964;28
4965;2
4966;2
4967;23
4968;71
4969;38
4970;35
4971;17
4972;17
4973;10
4974;80
4975;70
4976;52
4977;88
4978;29
4979;37
4980;1
4981;50
4982;43
4983;43
4984;3
4985;0
4986;17
4987;44
4988;40
4989;12
4990;11
4991;54
4992;39
4993;42
4994;8
4995;63
4996;23
4997;51
4998;64
4999;58
5000;56
5001;42
5002;17
5003;9
5004;9
5005;59
5006;19
5007;22
5008;46
5009;51
5010;58
5011;63
5012;69
5013;64
5014;67
5015;61
5016;62
5017;58
5018;75
5019;33
5020;18
5021;52
5022;64
5023;37
5024;11
5025;7
5026;41
5027;42
5028;28
5029;9
5030;17
5031;28
5032;75
5033;76
5034;22
5035;25
5036;22
5037;43
5038;11
5039;5
5040;73
5041;33
5042;59
5043;38
5044;22
5045;77
5046;60
5047;52
5048;52
5049;21
5050;70
5051;90
5052;69
5053;50
5054;82
5055;84
5056;78
5057;34
5058;34
5059;1
5060;3
5061;70
5062;44
5063;76
5064;43
5065;50
5066;58
5067;15
5068;35
5069;53
5070;80
5071;72
5072;88
5073;67
5074;62
5075;46
5076;79
5077;40
5078;40
5079;7
5080;7
5081;61
5082;19
5083;75
5084;70
5085;42
5086;40
5087;44
5088;65
5089;22
5090;44
5091;63
5092;63
5093;22
5094;62
5095;88
5096;70
5097;86
5098;59
5099;50
5100;90
5101;62
5102;86
5103;69
5104;52
5105;32
5106;44
5107;16
5108;56
5109;33
5110;12
5111;69
5112;26
5113;45
5114;23
5115;37
5116;0
5117;1
5118;16
5119;81
5120;84
5121;29
5122;56
5123;85
5124;22
5125;41
5126;48
5127;47
5128;74
5129;20
5130;61
5131;53
5132;26
5133;60
5134;52
5135;57
5136;19
5137;19
5138;15
5139;12
5140;1
5141;55
5142;80
5143;55
5144;60
5145;59
5146;36
5147;79
5148;78
5149;23
5150;38
5151;66
5152;46
5153;53
5154;27
5155;27
5156;60
5157;55
5158;9
5159;8
5160;14
5161;45
5162;36
5163;2
5164;4
5165;28
5166;51
5167;94
5168;32
5169;35
5170;60
5171;49
5172;7
5173;8
5174;47
5175;60
5176;14
5177;12
5178;36
5179;34
5180;13
5181;7
5182;64
5183;30
5184;30
5185;52
5186;42
5187;7
5188;68
5189;48
5190;19
5191;1
5192;2
5193;47
5194;83
5195;76
5196;89
5197;51
5198;21
5199;22
5200;60
5201;36
5202;35
5203;10
5204;5
5205;9
5206;37
5207;56
5208;23
5209;19
5210;78
5211;46
5212;38
5213;30
5214;70
5215;72
5216;57
5217;47
5218;52
5219;70
5220;72
5221;76
5222;54
5223;48
5224;78
5225;26
5226;21
5227;44
5228;59
5229;64
5230;32
5231;46
5232;43
5233;17
5234;18
5235;70
5236;59
5237;53
5238;60
5239;44
5240;31
5241;4
5242;3
5243;64
5244;87
5245;68
5246;69
5247;21
5248;56
5249;63
5250;19
5251;30
5252;35
5253;41
5254;22
5255;23
5256;36
5257;16
5258;1
5259;1
5260;11
5261;2
5262;2
5263;52
5264;50
5265;42
5266;7
5267;18
5268;76
5269;55
5270;35
5271;39
5272;6
5273;10
5274;5
5275;60
5276;10
5277;29
5278;44
5279;10
5280;17
5281;90
5282;78
5283;80
5284;73
5285;74
5286;68
5287;80
5288;72
5289;87
5290;99
5291;92
5292;84
5293;101
5294;100
5295;92
5296;89
5297;72
5298;71
5299;82
5300;70
5301;92
5302;81
5303;99
5304;68
5305;89
5306;68
5307;84
5308;84
5309;70
5310;82
