1;28
2;22
3;55
4;19
5;29
6;74
7;55
8;78
9;72
10;68
11;67
12;54
13;78
14;42
15;41
16;3
17;11
18;1
19;2
20;35
21;38
22;15
23;15
24;36
25;53
26;6
27;50
28;52
29;40
30;35
31;1
32;10
33;50
34;32
35;17
36;8
37;38
38;46
39;48
40;39
41;54
42;13
43;14
44;32
45;27
46;29
47;2
48;4
49;0
50;74
51;79
52;49
53;72
54;20
55;65
56;85
57;71
58;65
59;40
60;37
61;0
62;74
63;48
64;86
65;45
66;45
67;11
68;12
69;55
70;64
71;52
72;71
73;81
74;81
75;57
76;20
77;56
78;59
79;67
80;64
81;79
82;52
83;50
84;29
85;20
86;4
87;13
88;5
89;47
90;90
91;78
92;19
93;28
94;24
95;6
96;5
97;58
98;64
99;58
100;42
101;40
102;16
103;5
104;46
105;49
106;10
107;33
108;38
109;24
110;55
111;74
112;41
113;5
114;11
115;24
116;3
117;52
118;71
119;41
120;37
121;4
122;5
123;38
124;38
125;2
126;3
127;56
128;35
129;14
130;38
131;46
132;13
133;13
134;26
135;34
136;23
137;21
138;63
139;40
140;55
141;68
142;34
143;36
144;30
145;73
146;24
147;88
148;26
149;69
150;64
151;69
152;50
153;40
154;43
155;16
156;53
157;32
158;35
159;40
160;3
161;1
162;78
163;55
164;25
165;27
166;9
167;8
168;41
169;49
170;17
171;6
172;72
173;69
174;64
175;38
176;45
177;47
178;10
179;73
180;57
181;50
182;62
183;45
184;28
185;6
186;11
187;54
188;55
189;64
190;21
191;45
192;42
193;62
194;32
195;29
196;13
197;1
198;40
199;67
200;60
201;21
202;25
203;6
204;11
205;17
206;36
207;24
208;31
209;33
210;63
211;13
212;18
213;77
214;94
215;85
216;30
217;50
218;22
219;24
220;5
221;2
222;2
223;42
224;31
225;48
226;13
227;15
228;0
229;57
230;37
231;16
232;6
233;13
234;11
235;67
236;37
237;42
238;10
239;8
240;47
241;46
242;67
243;28
244;27
245;9
246;20
247;23
248;47
249;54
250;18
251;14
252;42
253;41
254;36
255;7
256;0
257;65
258;60
259;38
260;27
261;12
262;3
263;34
264;37
265;17
266;5
267;4
268;54
269;52
270;11
271;9
272;29
273;22
274;3
275;1
276;0
277;58
278;18
279;17
280;30
281;20
282;65
283;20
284;23
285;49
286;49
287;36
288;35
289;11
290;11
291;7
292;37
293;42
294;1
295;0
296;45
297;29
298;14
299;16
300;41
301;59
302;59
303;61
304;30
305;48
306;2
307;3
308;49
309;54
310;55
311;35
312;22
313;51
314;61
315;55
316;55
317;76
318;67
319;42
320;30
321;2
322;44
323;26
324;8
325;17
326;18
327;53
328;43
329;14
330;7
331;28
332;49
333;6
334;17
335;68
336;38
337;55
338;57
339;20
340;33
341;4
342;1
343;42
344;15
345;1
346;48
347;39
348;10
349;5
350;83
351;91
352;69
353;59
354;57
355;19
356;38
357;40
358;35
359;10
360;3
361;58
362;40
363;11
364;17
365;45
366;43
367;49
368;17
369;0
370;15
371;34
372;61
373;54
374;10
375;10
376;50
377;12
378;87
379;25
380;64
381;37
382;29
383;28
384;8
385;76
386;31
387;47
388;86
389;21
390;20
391;23
392;44
393;20
394;87
395;70
396;40
397;45
398;49
399;7
400;17
401;33
402;7
403;73
404;53
405;62
406;60
407;41
408;35
409;51
410;64
411;38
412;48
413;66
414;51
415;53
416;39
417;82
418;49
419;45
420;13
421;17
422;29
423;53
424;80
425;51
426;89
427;45
428;19
429;22
430;22
431;41
432;8
433;5
434;1
435;49
436;82
437;34
438;74
439;73
440;91
441;38
442;35
443;39
444;14
445;18
446;28
447;58
448;52
449;24
450;42
451;49
452;56
453;77
454;73
455;74
456;69
457;81
458;39
459;40
460;17
461;61
462;43
463;12
464;70
465;61
466;58
467;67
468;47
469;48
470;66
471;35
472;44
473;25
474;36
475;73
476;51
477;20
478;36
479;39
480;16
481;12
482;64
483;75
484;36
485;67
486;22
487;26
488;37
489;18
490;47
491;74
492;51
493;55
494;8
495;14
496;21
497;67
498;68
499;57
500;52
501;49
502;54
503;71
504;23
505;52
506;69
507;55
508;56
509;60
510;8
511;16
512;31
513;48
514;14
515;11
516;12
517;49
518;49
519;14
520;17
521;33
522;43
523;9
524;7
525;45
526;60
527;55
528;57
529;64
530;76
531;58
532;55
533;76
534;71
535;70
536;46
537;23
538;46
539;60
540;38
541;8
542;10
543;66
544;20
545;25
546;58
547;56
548;45
549;25
550;71
551;42
552;35
553;1
554;4
555;78
556;55
557;74
558;33
559;27
560;16
561;18
562;75
563;50
564;27
565;16
566;11
567;49
568;29
569;47
570;45
571;30
572;32
573;16
574;7
575;44
576;91
577;86
578;26
579;20
580;50
581;40
582;62
583;67
584;34
585;53
586;48
587;11
588;18
589;60
590;21
591;23
592;33
593;36
594;20
595;80
596;19
597;37
598;7
599;17
600;7
601;24
602;43
603;59
604;21
605;22
606;89
607;90
608;48
609;42
610;49
611;4
612;4
613;44
614;65
615;46
616;48
617;21
618;49
619;57
620;80
621;68
622;71
623;82
624;71
625;93
626;23
627;21
628;0
629;1
630;37
631;37
632;17
633;11
634;38
635;62
636;13
637;15
638;65
639;82
640;35
641;42
642;45
643;8
644;70
645;19
646;47
647;66
648;74
649;36
650;78
651;58
652;29
653;59
654;9
655;17
656;65
657;62
658;21
659;22
660;47
661;85
662;47
663;56
664;66
665;79
666;29
667;74
668;46
669;40
670;27
671;9
672;8
673;34
674;30
675;14
676;14
677;67
678;92
679;52
680;60
681;62
682;35
683;48
684;3
685;5
686;71
687;36
688;22
689;62
690;57
691;78
692;50
693;43
694;36
695;38
696;16
697;13
698;45
699;36
700;2
701;5
702;80
703;71
704;32
705;55
706;90
707;64
708;39
709;13
710;44
711;33
712;30
713;17
714;13
715;73
716;93
717;67
718;93
719;33
720;30
721;35
722;8
723;17
724;14
725;78
726;57
727;50
728;79
729;28
730;92
731;44
732;28
733;1
734;11
735;49
736;60
737;80
738;66
739;65
740;82
741;45
742;45
743;15
744;14
745;11
746;87
747;24
748;59
749;23
750;53
751;27
752;53
753;33
754;14
755;9
756;74
757;65
758;50
759;47
760;24
761;96
762;58
763;45
764;51
765;17
766;9
767;59
768;54
769;14
770;57
771;71
772;47
773;57
774;48
775;74
776;62
777;59
778;21
779;29
780;57
781;12
782;41
783;52
784;52
785;69
786;24
787;47
788;33
789;1
790;49
791;28
792;8
793;15
794;2
795;40
796;32
797;9
798;2
799;1
800;45
801;22
802;32
803;53
804;19
805;51
806;49
807;64
808;47
809;73
810;21
811;49
812;3
813;0
814;65
815;65
816;64
817;88
818;70
819;23
820;36
821;59
822;27
823;22
824;48
825;54
826;64
827;14
828;66
829;30
830;62
831;13
832;18
833;51
834;68
835;19
836;35
837;34
838;72
839;23
840;27
841;39
842;26
843;17
844;11
845;45
846;36
847;17
848;14
849;13
850;34
851;25
852;69
853;25
854;42
855;47
856;2
857;12
858;44
859;14
860;7
861;49
862;40
863;33
864;51
865;14
866;73
867;25
868;21
869;79
870;41
871;44
872;11
873;5
874;42
875;16
876;14
877;51
878;71
879;86
880;53
881;24
882;20
883;44
884;4
885;13
886;76
887;19
888;37
889;11
890;41
891;35
892;42
893;2
894;3
895;66
896;59
897;47
898;27
899;54
900;33
901;45
902;0
903;42
904;49
905;69
906;74
907;36
908;62
909;56
910;57
911;38
912;39
913;51
914;43
915;11
916;7
917;84
918;47
919;37
920;48
921;1
922;0
923;47
924;44
925;12
926;34
927;20
928;60
929;72
930;69
931;60
932;48
933;53
934;26
935;43
936;38
937;17
938;17
939;65
940;71
941;26
942;36
943;43
944;31
945;1
946;4
947;3
948;34
949;30
950;4
951;4
952;71
953;34
954;26
955;65
956;27
957;78
958;43
959;61
960;37
961;77
962;60
963;26
964;15
965;14
966;12
967;10
968;35
969;64
970;48
971;10
972;7
973;43
974;42
975;4
976;9
977;47
978;19
979;73
980;83
981;55
982;43
983;24
984;39
985;1
986;1
987;45
988;51
989;7
990;11
991;58
992;70
993;53
994;71
995;25
996;19
997;21
998;66
999;25
1000;72
1001;79
1002;25
1003;55
1004;63
1005;51
1006;30
1007;17
1008;32
1009;37
1010;0
1011;1
1012;54
1013;65
1014;39
1015;55
1016;9
1017;8
1018;35
1019;19
1020;33
1021;54
1022;38
1023;23
1024;50
1025;55
1026;8
1027;16
1028;49
1029;81
1030;76
1031;39
1032;67
1033;86
1034;63
1035;64
1036;29
1037;41
1038;5
1039;8
1040;28
1041;21
1042;19
1043;21
1044;51
1045;67
1046;55
1047;71
1048;72
1049;51
1050;61
1051;91
1052;23
1053;89
1054;67
1055;47
1056;88
1057;58
1058;66
1059;52
1060;34
1061;32
1062;30
1063;3
1064;7
1065;40
1066;33
1067;35
1068;36
1069;15
1070;55
1071;40
1072;7
1073;58
1074;35
1075;9
1076;11
1077;15
1078;49
1079;71
1080;44
1081;88
1082;31
1083;32
1084;24
1085;58
1086;39
1087;36
1088;44
1089;35
1090;11
1091;17
1092;2
1093;65
1094;70
1095;54
1096;56
1097;66
1098;20
1099;34
1100;10
1101;7
1102;13
1103;36
1104;80
1105;62
1106;47
1107;63
1108;97
1109;46
1110;47
1111;17
1112;1
1113;44
1114;44
1115;14
1116;6
1117;39
1118;35
1119;31
1120;40
1121;41
1122;13
1123;17
1124;79
1125;52
1126;55
1127;55
1128;27
1129;12
1130;40
1131;63
1132;6
1133;6
1134;56
1135;66
1136;74
1137;37
1138;71
1139;72
1140;73
1141;66
1142;61
1143;44
1144;64
1145;66
1146;69
1147;80
1148;42
1149;59
1150;40
1151;19
1152;66
1153;67
1154;34
1155;54
1156;9
1157;15
1158;17
1159;65
1160;59
1161;32
1162;34
1163;0
1164;2
1165;1
1166;48
1167;38
1168;11
1169;10
1170;36
1171;41
1172;9
1173;18
1174;74
1175;60
1176;23
1177;53
1178;53
1179;40
1180;30
1181;54
1182;8
1183;18
1184;8
1185;44
1186;51
1187;7
1188;35
1189;13
1190;80
1191;32
1192;49
1193;58
1194;13
1195;16
1196;11
1197;12
1198;29
1199;42
1200;1
1201;61
1202;20
1203;68
1204;89
1205;65
1206;46
1207;40
1208;9
1209;5
1210;79
1211;56
1212;23
1213;53
1214;45
1215;58
1216;34
1217;22
1218;34
1219;71
1220;38
1221;53
1222;11
1223;33
1224;41
1225;41
1226;3
1227;4
1228;30
1229;32
1230;13
1231;8
1232;45
1233;30
1234;4
1235;14
1236;81
1237;24
1238;42
1239;40
1240;9
1241;51
1242;41
1243;14
1244;34
1245;26
1246;47
1247;31
1248;39
1249;6
1250;18
1251;47
1252;19
1253;38
1254;5
1255;9
1256;43
1257;26
1258;18
1259;6
1260;34
1261;35
1262;4
1263;3
1264;51
1265;62
1266;32
1267;73
1268;33
1269;54
1270;12
1271;16
1272;65
1273;67
1274;52
1275;69
1276;75
1277;48
1278;62
1279;42
1280;12
1281;10
1282;11
1283;42
1284;45
1285;0
1286;5
1287;4
1288;62
1289;23
1290;36
1291;39
1292;20
1293;3
1294;17
1295;86
1296;43
1297;83
1298;47
1299;50
1300;29
1301;63
1302;30
1303;28
1304;14
1305;17
1306;48
1307;49
1308;5
1309;1
1310;2
1311;47
1312;44
1313;7
1314;11
1315;10
1316;67
1317;53
1318;89
1319;86
1320;68
1321;33
1322;40
1323;14
1324;8
1325;94
1326;59
1327;53
1328;48
1329;33
1330;11
1331;9
1332;12
1333;36
1334;32
1335;14
1336;4
1337;42
1338;44
1339;21
1340;23
1341;79
1342;59
1343;36
1344;27
1345;61
1346;69
1347;37
1348;30
1349;15
1350;18
1351;43
1352;52
1353;44
1354;62
1355;98
1356;61
1357;33
1358;84
1359;78
1360;55
1361;45
1362;61
1363;61
1364;13
1365;11
1366;41
1367;35
1368;69
1369;60
1370;8
1371;28
1372;28
1373;11
1374;13
1375;24
1376;65
1377;67
1378;32
1379;15
1380;88
1381;26
1382;20
1383;24
1384;58
1385;65
1386;61
1387;64
1388;17
1389;7
1390;12
1391;51
1392;68
1393;32
1394;35
1395;18
1396;17
1397;14
1398;54
1399;53
1400;21
1401;71
1402;87
1403;47
1404;46
1405;6
1406;20
1407;20
1408;38
1409;31
1410;5
1411;37
1412;42
1413;16
1414;6
1415;34
1416;21
1417;10
1418;17
1419;67
1420;70
1421;42
1422;54
1423;52
1424;72
1425;38
1426;12
1427;63
1428;16
1429;8
1430;41
1431;52
1432;11
1433;52
1434;19
1435;33
1436;28
1437;38
1438;23
1439;35
1440;44
1441;2
1442;20
1443;80
1444;64
1445;53
1446;55
1447;73
1448;70
1449;56
1450;87
1451;27
1452;20
1453;36
1454;47
1455;54
1456;36
1457;68
1458;54
1459;90
1460;47
1461;20
1462;27
1463;34
1464;65
1465;39
1466;37
1467;15
1468;76
1469;64
1470;87
1471;83
1472;43
1473;1
1474;47
1475;37
1476;31
1477;39
1478;20
1479;45
1480;35
1481;17
1482;7
1483;42
1484;56
1485;7
1486;15
1487;13
1488;33
1489;46
1490;10
1491;12
1492;67
1493;50
1494;39
1495;14
1496;13
1497;64
1498;22
1499;36
1500;53
1501;63
1502;45
1503;25
1504;5
1505;17
1506;22
1507;22
1508;31
1509;11
1510;23
1511;55
1512;60
1513;8
1514;40
1515;40
1516;86
1517;30
1518;36
1519;39
1520;10
1521;86
1522;19
1523;44
1524;26
1525;17
1526;1
1527;43
1528;63
1529;17
1530;76
1531;44
1532;44
1533;4
1534;16
1535;47
1536;46
1537;70
1538;23
1539;48
1540;20
1541;30
1542;4
1543;10
1544;39
1545;61
1546;49
1547;8
1548;14
1549;36
1550;60
1551;19
1552;19
1553;8
1554;34
1555;44
1556;49
1557;15
1558;38
1559;38
1560;5
1561;17
1562;79
1563;55
1564;63
1565;62
1566;25
1567;57
1568;51
1569;50
1570;24
1571;62
1572;60
1573;61
1574;35
1575;28
1576;0
1577;5
1578;30
1579;28
1580;5
1581;61
1582;40
1583;33
1584;22
1585;13
1586;3
1587;86
1588;45
1589;14
1590;39
1591;60
1592;91
1593;50
1594;66
1595;73
1596;26
1597;48
1598;18
1599;7
1600;60
1601;65
1602;32
1603;66
1604;36
1605;34
1606;4
1607;3
1608;9
1609;51
1610;47
1611;42
1612;26
1613;10
1614;13
1615;15
1616;42
1617;55
1618;81
1619;63
1620;15
1621;18
1622;38
1623;26
1624;39
1625;64
1626;31
1627;42
1628;30
1629;0
1630;4
1631;50
1632;46
1633;45
1634;16
1635;48
1636;50
1637;13
1638;14
1639;45
1640;45
1641;29
1642;12
1643;6
1644;25
1645;58
1646;71
1647;24
1648;54
1649;73
1650;35
1651;28
1652;46
1653;18
1654;0
1655;10
1656;1
1657;41
1658;43
1659;18
1660;33
1661;29
1662;12
1663;33
1664;45
1665;0
1666;4
1667;29
1668;48
1669;52
1670;17
1671;17
1672;9
1673;49
1674;12
1675;23
1676;79
1677;52
1678;51
1679;59
1680;51
1681;46
1682;64
1683;45
1684;23
1685;37
1686;5
1687;18
1688;19
1689;52
1690;65
1691;54
1692;6
1693;12
1694;57
1695;51
1696;30
1697;98
1698;69
1699;87
1700;58
1701;55
1702;70
1703;87
1704;60
1705;65
1706;68
1707;41
1708;20
1709;25
1710;4
1711;54
1712;15
1713;7
1714;45
1715;23
1716;3
1717;3
1718;35
1719;44
1720;15
1721;17
1722;29
1723;60
1724;12
1725;16
1726;8
1727;18
1728;80
1729;19
1730;21
1731;90
1732;20
1733;24
1734;66
1735;48
1736;68
1737;39
1738;30
1739;64
1740;12
1741;6
1742;7
1743;47
1744;40
1745;9
1746;15
1747;13
1748;40
1749;5
1750;4
1751;0
1752;32
1753;40
1754;41
1755;0
1756;18
1757;60
1758;79
1759;30
1760;80
1761;68
1762;87
1763;23
1764;79
1765;31
1766;30
1767;62
1768;45
1769;7
1770;16
1771;42
1772;35
1773;1
1774;10
1775;10
1776;26
1777;24
1778;77
1779;39
1780;58
1781;22
1782;67
1783;42
1784;38
1785;1
1786;1
1787;58
1788;57
1789;39
1790;34
1791;14
1792;4
1793;60
1794;33
1795;27
1796;55
1797;92
1798;87
1799;25
1800;56
1801;60
1802;20
1803;19
1804;31
1805;49
1806;37
1807;33
1808;6
1809;1
1810;38
1811;41
1812;7
1813;15
1814;20
1815;40
1816;10
1817;2
1818;73
1819;60
1820;32
1821;31
1822;8
1823;3
1824;21
1825;31
1826;17
1827;65
1828;62
1829;22
1830;47
1831;56
1832;61
1833;63
1834;70
1835;43
1836;33
1837;10
1838;10
1839;42
1840;43
1841;17
1842;12
1843;17
1844;58
1845;19
1846;47
1847;33
1848;37
1849;14
1850;12
1851;12
1852;69
1853;83
1854;29
1855;32
1856;68
1857;21
1858;36
1859;56
1860;21
1861;38
1862;21
1863;89
1864;71
1865;36
1866;45
1867;34
1868;9
1869;2
1870;65
1871;46
1872;23
1873;3
1874;5
1875;41
1876;74
1877;54
1878;53
1879;60
1880;70
1881;27
1882;27
1883;17
1884;10
1885;18
1886;19
1887;33
1888;37
1889;9
1890;9
1891;23
1892;24
1893;49
1894;45
1895;7
1896;15
1897;37
1898;17
1899;18
1900;58
1901;24
1902;66
1903;21
1904;43
1905;5
1906;22
1907;40
1908;38
1909;80
1910;51
1911;53
1912;18
1913;10
1914;31
1915;29
1916;34
1917;29
1918;14
1919;36
1920;43
1921;5
1922;1
1923;53
1924;59
1925;12
1926;51
1927;42
1928;36
1929;15
1930;10
1931;30
1932;66
1933;69
1934;30
1935;28
1936;0
1937;3
1938;35
1939;61
1940;34
1941;16
1942;11
1943;59
1944;35
1945;34
1946;8
1947;9
1948;67
1949;72
1950;33
1951;16
1952;6
1953;51
1954;59
1955;45
1956;26
1957;74
1958;87
1959;46
1960;50
1961;47
1962;35
1963;2
1964;5
1965;68
1966;54
1967;55
1968;42
1969;32
1970;15
1971;7
1972;21
1973;46
1974;3
1975;18
1976;83
1977;67
1978;30
1979;42
1980;8
1981;16
1982;45
1983;33
1984;10
1985;15
1986;8
1987;47
1988;43
1989;41
1990;17
1991;17
1992;12
1993;63
1994;51
1995;67
1996;73
1997;80
1998;38
1999;30
2000;9
2001;6
2002;7
2003;49
2004;43
2005;13
2006;59
2007;29
2008;35
2009;36
2010;9
2011;1
2012;27
2013;48
2014;17
2015;3
2016;42
2017;44
2018;48
2019;14
2020;14
2021;32
2022;44
2023;3
2024;3
2025;53
2026;38
2027;61
2028;13
2029;6
2030;11
2031;47
2032;28
2033;51
2034;53
2035;25
2036;69
2037;73
2038;38
2039;54
2040;18
2041;16
2042;74
2043;80
2044;86
2045;64
2046;32
2047;27
2048;17
2049;56
2050;52
2051;11
2052;15
2053;54
2054;54
2055;8
2056;17
2057;49
2058;21
2059;3
2060;16
2061;26
2062;62
2063;20
2064;38
2065;65
2066;34
2067;54
2068;93
2069;46
2070;79
2071;25
2072;36
2073;7
2074;63
2075;28
2076;25
2077;33
2078;25
2079;35
2080;25
2081;40
2082;23
2083;80
2084;48
2085;27
2086;3
2087;4
2088;18
2089;55
2090;42
2091;18
2092;48
2093;26
2094;37
2095;3
2096;3
2097;65
2098;60
2099;63
2100;67
2101;25
2102;23
2103;37
2104;50
2105;74
2106;24
2107;69
2108;43
2109;50
2110;35
2111;14
2112;12
2113;62
2114;45
2115;45
2116;62
2117;10
2118;18
2119;49
2120;72
2121;39
2122;31
2123;17
2124;16
2125;63
2126;71
2127;51
2128;20
2129;46
2130;56
2131;42
2132;6
2133;2
2134;28
2135;41
2136;7
2137;13
2138;1
2139;18
2140;49
2141;31
2142;70
2143;66
2144;46
2145;25
2146;31
2147;22
2148;0
2149;5
2150;73
2151;30
2152;65
2153;19
2154;45
2155;41
2156;27
2157;65
2158;52
2159;57
2160;55
2161;52
2162;56
2163;17
2164;14
2165;13
2166;48
2167;45
2168;16
2169;10
2170;48
2171;40
2172;38
2173;10
2174;15
2175;52
2176;28
2177;40
2178;33
2179;5
2180;15
2181;30
2182;52
2183;14
2184;66
2185;40
2186;36
2187;9
2188;16
2189;4
2190;35
2191;5
2192;2
2193;2
2194;49
2195;100
2196;55
2197;47
2198;92
2199;33
2200;44
2201;45
2202;11
2203;81
2204;70
2205;34
2206;59
2207;54
2208;86
2209;54
2210;80
2211;63
2212;77
2213;59
2214;40
2215;48
2216;17
2217;10
2218;10
2219;42
2220;49
2221;2
2222;5
2223;42
2224;16
2225;10
2226;54
2227;35
2228;44
2229;64
2230;10
2231;6
2232;59
2233;62
2234;11
2235;40
2236;33
2237;17
2238;8
2239;14
2240;28
2241;35
2242;21
2243;64
2244;87
2245;65
2246;36
2247;52
2248;8
2249;16
2250;65
2251;46
2252;75
2253;67
2254;21
2255;37
2256;29
2257;29
2258;63
2259;77
2260;30
2261;54
2262;10
2263;24
2264;25
2265;19
2266;27
2267;40
2268;32
2269;28
2270;19
2271;24
2272;48
2273;26
2274;13
2275;5
2276;88
2277;49
2278;40
2279;11
2280;13
2281;8
2282;31
2283;21
2284;9
2285;13
2286;50
2287;50
2288;17
2289;18
2290;11
2291;57
2292;65
2293;36
2294;50
2295;17
2296;12
2297;15
2298;36
2299;32
2300;1
2301;14
2302;72
2303;82
2304;32
2305;39
2306;6
2307;5
2308;69
2309;21
2310;81
2311;34
2312;52
2313;42
2314;28
2315;55
2316;17
2317;10
2318;20
2319;20
2320;59
2321;58
2322;46
2323;11
2324;12
2325;40
2326;24
2327;29
2328;20
2329;25
2330;23
2331;53
2332;51
2333;64
2334;53
2335;54
2336;62
2337;40
2338;31
2339;51
2340;17
2341;14
2342;11
2343;75
2344;49
2345;57
2346;40
2347;43
2348;2
2349;11
2350;62
2351;56
2352;46
2353;52
2354;8
2355;39
2356;5
2357;61
2358;47
2359;44
2360;22
2361;20
2362;42
2363;61
2364;85
2365;64
2366;35
2367;60
2368;70
2369;80
2370;42
2371;52
2372;18
2373;70
2374;53
2375;43
2376;28
2377;8
2378;57
2379;53
2380;44
2381;26
2382;14
2383;3
2384;10
2385;73
2386;48
2387;61
2388;51
2389;65
2390;38
2391;26
2392;10
2393;80
2394;61
2395;22
2396;22
2397;75
2398;19
2399;54
2400;18
2401;61
2402;28
2403;48
2404;87
2405;71
2406;55
2407;35
2408;75
2409;25
2410;53
2411;49
2412;50
2413;35
2414;36
2415;68
2416;76
2417;53
2418;49
2419;7
2420;11
2421;53
2422;64
2423;34
2424;44
2425;16
2426;16
2427;18
2428;9
2429;53
2430;34
2431;50
2432;31
2433;57
2434;46
2435;77
2436;49
2437;37
2438;31
2439;20
2440;35
2441;1
2442;3
2443;54
2444;44
2445;5
2446;3
2447;37
2448;28
2449;35
2450;3
2451;1
2452;5
2453;44
2454;33
2455;11
2456;33
2457;18
2458;48
2459;51
2460;13
2461;28
2462;48
2463;3
2464;9
2465;0
2466;27
2467;75
2468;67
2469;85
2470;24
2471;64
2472;76
2473;70
2474;67
2475;50
2476;30
2477;55
2478;44
2479;13
2480;9
2481;46
2482;38
2483;27
2484;4
2485;3
2486;10
2487;67
2488;70
2489;66
2490;60
2491;44
2492;68
2493;65
2494;36
2495;41
2496;55
2497;47
2498;17
2499;6
2500;10
2501;47
2502;48
2503;35
2504;28
2505;5
2506;54
2507;35
2508;7
2509;54
2510;28
2511;31
2512;44
2513;6
2514;9
2515;24
2516;51
2517;47
2518;19
2519;26
2520;45
2521;21
2522;22
2523;24
2524;39
2525;54
2526;71
2527;51
2528;54
2529;16
2530;13
2531;67
2532;51
2533;30
2534;16
2535;18
2536;72
2537;25
2538;71
2539;65
2540;31
2541;49
2542;12
2543;61
2544;72
2545;58
2546;24
2547;68
2548;67
2549;45
2550;34
2551;4
2552;5
2553;33
2554;57
2555;43
2556;27
2557;0
2558;12
2559;39
2560;39
2561;13
2562;40
2563;47
2564;63
2565;18
2566;11
2567;48
2568;23
2569;38
2570;45
2571;4
2572;5
2573;56
2574;54
2575;80
2576;26
2577;20
2578;62
2579;30
2580;41
2581;9
2582;38
2583;29
2584;0
2585;3
2586;25
2587;57
2588;51
2589;48
2590;11
2591;93
2592;55
2593;35
2594;15
2595;9
2596;56
2597;58
2598;45
2599;7
2600;14
2601;42
2602;41
2603;16
2604;10
2605;36
2606;48
2607;33
2608;0
2609;3
2610;28
2611;42
2612;36
2613;14
2614;2
2615;44
2616;38
2617;9
2618;12
2619;7
2620;10
2621;38
2622;57
2623;14
2624;16
2625;11
2626;9
2627;43
2628;9
2629;39
2630;54
2631;60
2632;36
2633;29
2634;6
2635;7
2636;17
2637;32
2638;56
2639;12
2640;63
2641;78
2642;53
2643;40
2644;14
2645;7
2646;35
2647;37
2648;41
2649;37
2650;5
2651;17
2652;18
2653;51
2654;52
2655;51
2656;47
2657;10
2658;9
2659;18
2660;19
2661;26
2662;38
2663;5
2664;14
2665;92
2666;21
2667;89
2668;94
2669;50
2670;20
2671;79
2672;68
2673;23
2674;72
2675;96
2676;26
2677;59
2678;29
2679;19
2680;79
2681;33
2682;62
2683;59
2684;49
2685;22
2686;39
2687;40
2688;17
2689;9
2690;58
2691;44
2692;15
2693;6
2694;31
2695;23
2696;2
2697;13
2698;24
2699;56
2700;68
2701;53
2702;35
2703;7
2704;18
2705;48
2706;68
2707;35
2708;43
2709;58
2710;46
2711;69
2712;39
2713;10
2714;17
2715;3
2716;38
2717;34
2718;4
2719;64
2720;45
2721;8
2722;13
2723;61
2724;20
2725;22
2726;71
2727;27
2728;61
2729;31
2730;41
2731;6
2732;2
2733;80
2734;46
2735;87
2736;60
2737;61
2738;43
2739;61
2740;16
2741;8
2742;61
2743;65
2744;72
2745;64
2746;29
2747;34
2748;43
2749;5
2750;66
2751;70
2752;29
2753;47
2754;4
2755;0
2756;1
2757;69
2758;88
2759;56
2760;30
2761;61
2762;71
2763;40
2764;40
2765;18
2766;17
2767;11
2768;17
2769;63
2770;60
2771;11
2772;17
2773;34
2774;41
2775;3
2776;14
2777;0
2778;31
2779;46
2780;14
2781;6
2782;49
2783;32
2784;48
2785;18
2786;4
2787;13
2788;13
2789;42
2790;36
2791;14
2792;7
2793;42
2794;28
2795;8
2796;5
2797;18
2798;59
2799;27
2800;17
2801;13
2802;37
2803;13
2804;8
2805;26
2806;33
2807;8
2808;2
2809;17
2810;5
2811;78
2812;53
2813;58
2814;66
2815;38
2816;62
2817;42
2818;36
2819;58
2820;12
2821;16
2822;15
2823;57
2824;79
2825;64
2826;42
2827;72
2828;62
2829;61
2830;65
2831;41
2832;52
2833;81
2834;57
2835;87
2836;30
2837;29
2838;5
2839;6
2840;38
2841;34
2842;3
2843;0
2844;0
2845;34
2846;50
2847;12
2848;10
2849;36
2850;44
2851;7
2852;17
2853;15
2854;68
2855;73
2856;55
2857;52
2858;79
2859;68
2860;28
2861;41
2862;31
2863;1
2864;5
2865;73
2866;58
2867;34
2868;45
2869;24
2870;36
2871;15
2872;17
2873;31
2874;33
2875;35
2876;0
2877;2
2878;47
2879;19
2880;77
2881;66
2882;25
2883;37
2884;21
2885;89
2886;50
2887;53
2888;60
2889;43
2890;36
2891;6
2892;18
2893;7
2894;19
2895;66
2896;57
2897;36
2898;31
2899;39
2900;7
2901;17
2902;8
2903;15
2904;79
2905;87
2906;60
2907;38
2908;6
2909;9
2910;76
2911;57
2912;72
2913;88
2914;53
2915;37
2916;7
2917;16
2918;43
2919;17
2920;19
2921;59
2922;61
2923;39
2924;12
2925;7
2926;31
2927;61
2928;60
2929;60
2930;79
2931;33
2932;42
2933;12
2934;13
2935;48
2936;69
2937;43
2938;21
2939;55
2940;92
2941;70
2942;62
2943;56
2944;40
2945;14
2946;12
2947;11
2948;53
2949;57
2950;35
2951;55
2952;9
2953;10
2954;52
2955;44
2956;52
2957;16
2958;14
2959;54
2960;32
2961;13
2962;40
2963;49
2964;31
2965;67
2966;34
2967;87
2968;90
2969;31
2970;68
2971;72
2972;34
2973;58
2974;62
2975;26
2976;57
2977;61
2978;21
2979;49
2980;1
2981;43
2982;44
2983;55
2984;73
2985;48
2986;46
2987;1
2988;3
2989;4
2990;62
2991;17
2992;15
2993;54
2994;58
2995;26
2996;24
2997;63
2998;26
2999;47
3000;56
3001;26
3002;14
3003;15
3004;25
3005;30
3006;10
3007;12
3008;5
3009;39
3010;36
3011;15
3012;26
3013;57
3014;44
3015;65
3016;46
3017;46
3018;22
3019;11
3020;1
3021;2
3022;74
3023;53
3024;67
3025;33
3026;37
3027;2
3028;5
3029;5
3030;24
3031;21
3032;87
3033;19
3034;29
3035;51
3036;46
3037;74
3038;28
3039;35
3040;4
3041;3
3042;9
3043;68
3044;52
3045;90
3046;57
3047;72
3048;68
3049;31
3050;37
3051;3
3052;1
3053;69
3054;45
3055;69
3056;54
3057;53
3058;36
3059;17
3060;58
3061;74
3062;60
3063;70
3064;38
3065;39
3066;47
3067;83
3068;46
3069;37
3070;74
3071;40
3072;28
3073;7
3074;9
3075;14
3076;77
3077;19
3078;63
3079;43
3080;11
3081;6
3082;34
3083;31
3084;63
3085;57
3086;34
3087;31
3088;57
3089;9
3090;6
3091;48
3092;79
3093;78
3094;63
3095;46
3096;62
3097;69
3098;64
3099;22
3100;89
3101;39
3102;44
3103;1
3104;5
3105;74
3106;26
3107;71
3108;39
3109;59
3110;70
3111;66
3112;36
3113;23
3114;65
3115;44
3116;41
3117;53
3118;43
3119;11
3120;9
3121;37
3122;42
3123;4
3124;13
3125;33
3126;46
3127;14
3128;11
3129;63
3130;75
3131;47
3132;39
3133;24
3134;18
3135;46
3136;31
3137;39
3138;5
3139;3
3140;50
3141;44
3142;13
3143;13
3144;72
3145;73
3146;74
3147;49
3148;37
3149;10
3150;12
3151;27
3152;40
3153;16
3154;72
3155;88
3156;23
3157;37
3158;25
3159;41
3160;53
3161;7
3162;7
3163;14
3164;51
3165;7
3166;65
3167;75
3168;69
3169;64
3170;56
3171;58
3172;31
3173;55
3174;11
3175;8
3176;53
3177;62
3178;17
3179;31
3180;35
3181;73
3182;51
3183;72
3184;22
3185;29
3186;10
3187;4
3188;26
3189;51
3190;39
3191;45
3192;16
3193;0
3194;22
3195;1
3196;1
3197;10
3198;10
3199;25
3200;72
3201;39
3202;42
3203;62
3204;53
3205;20
3206;38
3207;4
3208;2
3209;40
3210;32
3211;2
3212;4
3213;65
3214;79
3215;55
3216;19
3217;71
3218;53
3219;59
3220;45
3221;74
3222;52
3223;42
3224;73
3225;19
3226;45
3227;35
3228;62
3229;15
3230;16
3231;9
3232;46
3233;23
3234;73
3235;65
3236;31
3237;38
3238;54
3239;8
3240;73
3241;63
3242;37
3243;0
3244;5
3245;29
3246;60
3247;72
3248;76
3249;51
3250;65
3251;66
3252;34
3253;23
3254;64
3255;47
3256;33
3257;1
3258;3
3259;59
3260;35
3261;11
3262;61
3263;42
3264;46
3265;22
3266;1
3267;2
3268;65
3269;88
3270;47
3271;30
3272;16
3273;8
3274;55
3275;50
3276;51
3277;66
3278;57
3279;20
3280;36
3281;30
3282;35
3283;42
3284;30
3285;10
3286;12
3287;69
3288;82
3289;88
3290;34
3291;40
3292;12
3293;9
3294;18
3295;58
3296;54
3297;34
3298;15
3299;1
3300;73
3301;53
3302;23
3303;62
3304;21
3305;34
3306;65
3307;68
3308;42
3309;81
3310;55
3311;67
3312;21
3313;83
3314;78
3315;24
3316;69
3317;73
3318;63
3319;26
3320;69
3321;36
3322;42
3323;11
3324;7
3325;18
3326;55
3327;57
3328;71
3329;60
3330;19
3331;71
3332;42
3333;53
3334;10
3335;12
3336;14
3337;36
3338;23
3339;4
3340;2
3341;52
3342;84
3343;42
3344;34
3345;2
3346;15
3347;5
3348;28
3349;11
3350;18
3351;64
3352;54
3353;38
3354;16
3355;26
3356;38
3357;48
3358;54
3359;15
3360;12
3361;58
3362;64
3363;7
3364;63
3365;11
3366;76
3367;66
3368;53
3369;67
3370;50
3371;49
3372;41
3373;6
3374;8
3375;48
3376;42
3377;6
3378;16
3379;53
3380;31
3381;28
3382;14
3383;6
3384;26
3385;7
3386;34
3387;20
3388;18
3389;57
3390;20
3391;75
3392;94
3393;47
3394;39
3395;0
3396;1
3397;14
3398;20
3399;80
3400;51
3401;61
3402;9
3403;15
3404;62
3405;60
3406;47
3407;40
3408;30
3409;5
3410;36
3411;12
3412;11
3413;40
3414;44
3415;3
3416;24
3417;54
3418;83
3419;63
3420;47
3421;44
3422;22
3423;90
3424;87
3425;56
3426;58
3427;44
3428;48
3429;1
3430;39
3431;47
3432;15
3433;12
3434;12
3435;78
3436;81
3437;71
3438;28
3439;21
3440;0
3441;14
3442;55
3443;52
3444;61
3445;61
3446;60
3447;63
3448;25
3449;44
3450;82
3451;78
3452;55
3453;47
3454;36
3455;57
3456;25
3457;22
3458;31
3459;73
3460;50
3461;38
3462;15
3463;8
3464;45
3465;3
3466;59
3467;66
3468;49
3469;36
3470;41
3471;18
3472;1
3473;2
3474;49
3475;50
3476;16
3477;78
3478;78
3479;51
3480;21
3481;32
3482;31
3483;7
3484;56
3485;45
3486;65
3487;67
3488;68
3489;36
3490;7
3491;70
3492;19
3493;36
3494;7
3495;64
3496;41
3497;29
3498;59
3499;16
3500;26
3501;60
3502;10
3503;68
3504;53
3505;29
3506;50
3507;40
3508;8
3509;82
3510;67
3511;48
3512;37
3513;34
3514;39
3515;17
3516;55
3517;65
3518;38
3519;0
3520;14
3521;10
3522;60
3523;65
3524;32
3525;81
3526;75
3527;24
3528;42
3529;35
3530;15
3531;44
3532;12
3533;46
3534;45
3535;4
3536;14
3537;54
3538;31
3539;13
3540;11
3541;24
3542;20
3543;46
3544;10
3545;15
3546;20
3547;45
3548;0
3549;5
3550;38
3551;18
3552;6
3553;79
3554;34
3555;43
3556;58
3557;12
3558;9
3559;12
3560;53
3561;46
3562;24
3563;40
3564;4
3565;7
3566;11
3567;1
3568;50
3569;36
3570;9
3571;11
3572;18
3573;45
3574;23
3575;44
3576;2
3577;16
3578;2
3579;83
3580;44
3581;20
3582;32
3583;38
3584;19
3585;21
3586;31
3587;27
3588;71
3589;91
3590;49
3591;60
3592;34
3593;15
3594;17
3595;33
3596;59
3597;69
3598;54
3599;57
3600;32
3601;52
3602;55
3603;23
3604;40
3605;2
3606;3
3607;0
3608;37
3609;8
3610;33
3611;41
3612;11
3613;18
3614;49
3615;65
3616;67
3617;61
3618;58
3619;9
3620;15
3621;49
3622;48
3623;13
3624;7
3625;12
3626;54
3627;33
3628;10
3629;14
3630;45
3631;80
3632;41
3633;58
3634;9
3635;17
3636;35
3637;70
3638;28
3639;97
3640;65
3641;27
3642;42
3643;62
3644;39
3645;80
3646;43
3647;67
3648;75
3649;42
3650;69
3651;61
3652;60
3653;42
3654;9
3655;62
3656;80
3657;39
3658;9
3659;9
3660;20
3661;54
3662;21
3663;57
3664;38
3665;58
3666;84
3667;58
3668;41
3669;29
3670;18
3671;9
3672;18
3673;21
3674;52
3675;32
3676;29
3677;35
3678;13
3679;41
3680;36
3681;12
3682;4
3683;53
3684;65
3685;57
3686;41
3687;6
3688;11
3689;51
3690;49
3691;52
3692;43
3693;42
3694;13
3695;10
3696;48
3697;63
3698;14
3699;18
3700;74
3701;41
3702;82
3703;27
3704;22
3705;72
3706;22
3707;42
3708;40
3709;10
3710;17
3711;57
3712;53
3713;28
3714;72
3715;69
3716;69
3717;97
3718;31
3719;39
3720;4
3721;4
3722;1
3723;79
3724;22
3725;89
3726;26
3727;23
3728;36
3729;22
3730;25
3731;17
3732;69
3733;51
3734;50
3735;33
3736;40
3737;8
3738;7
3739;31
3740;23
3741;74
3742;68
3743;61
3744;31
3745;28
3746;12
3747;18
3748;10
3749;27
3750;45
3751;39
3752;65
3753;40
3754;85
3755;73
3756;37
3757;19
3758;24
3759;20
3760;37
3761;25
3762;37
3763;32
3764;2
3765;0
3766;79
3767;38
3768;56
3769;59
3770;57
3771;39
3772;46
3773;40
3774;70
3775;71
3776;67
3777;49
3778;56
3779;24
3780;42
3781;9
3782;4
3783;54
3784;50
3785;53
3786;49
3787;65
3788;57
3789;57
3790;59
3791;52
3792;21
3793;59
3794;26
3795;26
3796;55
3797;31
3798;18
3799;13
3800;16
3801;58
3802;47
3803;26
3804;73
3805;60
3806;42
3807;13
3808;6
3809;69
3810;68
3811;62
3812;38
3813;60
3814;10
3815;10
3816;44
3817;28
3818;47
3819;80
3820;82
3821;27
3822;39
3823;36
3824;70
3825;74
3826;57
3827;49
3828;75
3829;33
3830;30
3831;71
3832;65
3833;22
3834;44
3835;19
3836;21
3837;22
3838;45
3839;58
3840;73
3841;72
3842;40
3843;32
3844;14
3845;59
3846;36
3847;35
3848;21
3849;12
3850;1
3851;36
3852;53
3853;33
3854;41
3855;25
3856;7
3857;11
3858;50
3859;37
3860;23
3861;16
3862;10
3863;27
3864;64
3865;39
3866;98
3867;60
3868;42
3869;20
3870;1
3871;51
3872;24
3873;39
3874;31
3875;2
3876;18
3877;43
3878;22
3879;43
3880;31
3881;3
3882;14
3883;29
3884;57
3885;34
3886;26
3887;3
3888;37
3889;39
3890;19
3891;75
3892;21
3893;83
3894;44
3895;48
3896;49
3897;19
3898;81
3899;19
3900;51
3901;13
3902;8
3903;71
3904;39
3905;20
3906;58
3907;22
3908;53
3909;67
3910;30
3911;36
3912;2
3913;30
3914;14
3915;56
3916;23
3917;49
3918;50
3919;29
3920;37
3921;18
3922;58
3923;35
3924;16
3925;14
3926;31
3927;34
3928;7
3929;16
3930;72
3931;53
3932;41
3933;10
3934;7
3935;10
3936;23
3937;76
3938;23
3939;69
3940;64
3941;82
3942;19
3943;65
3944;65
3945;70
3946;32
3947;25
3948;31
3949;1
3950;7
3951;5
3952;73
3953;78
3954;31
3955;22
3956;3
3957;4
3958;64
3959;49
3960;18
3961;6
3962;17
3963;44
3964;41
3965;0
3966;0
3967;37
3968;64
3969;62
3970;21
3971;79
3972;65
3973;84
3974;51
3975;21
3976;74
3977;38
3978;41
3979;32
3980;33
3981;5
3982;20
3983;46
3984;26
3985;21
3986;63
3987;61
3988;66
3989;21
3990;37
3991;5
3992;2
3993;19
3994;67
3995;53
3996;19
3997;21
3998;0
3999;31
4000;39
4001;0
4002;18
4003;75
4004;74
4005;31
4006;62
4007;9
4008;51
4009;25
4010;19
4011;5
4012;3
4013;12
4014;67
4015;49
4016;53
4017;34
4018;48
4019;72
4020;68
4021;26
4022;29
4023;41
4024;6
4025;14
4026;19
4027;61
4028;68
4029;66
4030;29
4031;53
4032;42
4033;41
4034;12
4035;64
4036;44
4037;43
4038;4
4039;2
4040;21
4041;71
4042;34
4043;64
4044;48
4045;41
4046;9
4047;10
4048;52
4049;44
4050;13
4051;52
4052;42
4053;9
4054;9
4055;64
4056;26
4057;63
4058;19
4059;19
4060;36
4061;5
4062;4
4063;4
4064;34
4065;19
4066;39
4067;1
4068;59
4069;36
4070;24
4071;22
4072;67
4073;61
4074;62
4075;61
4076;54
4077;27
4078;57
4079;78
4080;38
4081;40
4082;5
4083;13
4084;19
4085;33
4086;42
4087;38
4088;0
4089;10
4090;76
4091;71
4092;77
4093;68
4094;40
4095;55
4096;16
4097;12
4098;70
4099;43
4100;46
4101;10
4102;9
4103;54
4104;65
4105;21
4106;23
4107;71
4108;67
4109;74
4110;80
4111;49
4112;38
4113;23
4114;10
4115;10
4116;0
4117;64
4118;31
4119;46
4120;9
4121;10
4122;26
4123;76
4124;49
4125;47
4126;13
4127;7
4128;17
4129;42
4130;35
4131;28
4132;39
4133;8
4134;17
4135;68
4136;59
4137;50
4138;9
4139;42
4140;64
4141;40
4142;75
4143;42
4144;35
4145;49
4146;18
4147;8
4148;13
4149;22
4150;2
4151;13
4152;22
4153;57
4154;21
4155;21
4156;47
4157;41
4158;18
4159;17
4160;78
4161;68
4162;45
4163;39
4164;18
4165;13
4166;80
4167;26
4168;42
4169;18
4170;70
4171;86
4172;55
4173;46
4174;31
4175;62
4176;63
4177;79
4178;26
4179;86
4180;45
4181;35
4182;5
4183;62
4184;53
4185;52
4186;22
4187;24
4188;54
4189;27
4190;34
4191;3
4192;13
4193;6
4194;70
4195;83
4196;82
4197;65
4198;54
4199;14
4200;11
4201;48
4202;51
4203;50
4204;48
4205;67
4206;20
4207;64
4208;58
4209;66
4210;60
4211;24
4212;74
4213;77
4214;64
4215;64
4216;7
4217;14
4218;38
4219;34
4220;4
4221;3
4222;39
4223;26
4224;11
4225;16
4226;92
4227;39
4228;51
4229;82
4230;70
4231;27
4232;40
4233;0
4234;2
4235;6
4236;49
4237;34
4238;46
4239;62
4240;68
4241;25
4242;22
4243;33
4244;23
4245;55
4246;70
4247;24
4248;22
4249;45
4250;44
4251;13
4252;9
4253;40
4254;11
4255;29
4256;23
4257;18
4258;6
4259;42
4260;87
4261;91
4262;52
4263;64
4264;51
4265;51
4266;34
4267;15
4268;29
4269;51
4270;66
4271;23
4272;64
4273;30
4274;42
4275;6
4276;52
4277;22
4278;32
4279;81
4280;67
4281;78
4282;40
4283;32
4284;7
4285;8
4286;7
4287;63
4288;78
4289;68
4290;60
4291;81
4292;42
4293;53
4294;52
4295;46
4296;49
4297;11
4298;15
4299;36
4300;64
4301;61
4302;58
4303;41
4304;39
4305;2
4306;2
4307;52
4308;79
4309;29
4310;36
4311;69
4312;28
4313;31
4314;50
4315;14
4316;35
4317;42
4318;6
4319;65
4320;67
4321;59
4322;54
4323;41
4324;64
4325;15
4326;30
4327;44
4328;58
4329;79
4330;36
4331;25
4332;0
4333;6
4334;71
4335;57
4336;66
4337;34
4338;50
4339;8
4340;41
4341;35
4342;0
4343;18
4344;3
4345;32
4346;47
4347;11
4348;30
4349;45
4350;18
4351;33
4352;42
4353;5
4354;16
4355;68
4356;49
4357;42
4358;29
4359;37
4360;43
4361;12
4362;7
4363;74
4364;42
4365;46
4366;1
4367;3
4368;1
4369;48
4370;40
4371;4
4372;6
4373;12
4374;31
4375;19
4376;39
4377;80
4378;23
4379;30
4380;68
4381;56
4382;70
4383;60
4384;41
4385;17
4386;10
4387;69
4388;21
4389;21
4390;53
4391;56
4392;51
4393;32
4394;25
4395;2
4396;5
4397;73
4398;90
4399;48
4400;30
4401;5
4402;37
4403;45
4404;15
4405;21
4406;30
4407;11
4408;3
4409;41
4410;8
4411;18
4412;38
4413;31
4414;16
4415;11
4416;73
4417;26
4418;73
4419;60
4420;53
4421;64
4422;47
4423;29
4424;60
4425;64
4426;50
4427;37
4428;33
4429;43
4430;31
4431;41
4432;65
4433;43
4434;31
4435;49
4436;7
4437;64
4438;53
4439;49
4440;21
4441;42
4442;2
4443;11
4444;19
4445;73
4446;60
4447;23
4448;30
4449;67
4450;60
4451;47
4452;23
4453;19
4454;33
4455;32
4456;32
4457;52
4458;60
4459;17
4460;23
4461;31
4462;42
4463;18
4464;1
4465;3
4466;34
4467;36
4468;2
4469;9
4470;4
4471;3
4472;0
4473;17
4474;41
4475;66
4476;48
4477;65
4478;55
4479;21
4480;32
4481;48
4482;55
4483;35
4484;41
4485;69
4486;74
4487;67
4488;66
4489;55
4490;44
4491;79
4492;49
4493;64
4494;61
4495;48
4496;43
4497;58
4498;14
4499;10
4500;46
4501;58
4502;80
4503;50
4504;30
4505;40
4506;44
4507;17
4508;62
4509;48
4510;72
4511;56
4512;19
4513;24
4514;53
4515;57
4516;80
4517;30
4518;37
4519;13
4520;15
4521;47
4522;65
4523;65
4524;48
4525;64
4526;42
4527;14
4528;10
4529;31
4530;12
4531;66
4532;53
4533;36
4534;48
4535;7
4536;50
4537;60
4538;52
4539;32
4540;28
4541;37
4542;9
4543;17
4544;14
4545;10
4546;33
4547;17
4548;41
4549;52
4550;41
4551;68
4552;71
4553;64
4554;6
4555;8
4556;53
4557;52
4558;69
4559;53
4560;64
4561;48
4562;90
4563;50
4564;47
4565;67
4566;42
4567;54
4568;70
4569;39
4570;1
4571;26
4572;19
4573;21
4574;71
4575;64
4576;44
4577;7
4578;11
4579;11
4580;31
4581;22
4582;0
4583;13
4584;3
4585;76
4586;47
4587;80
4588;37
4589;51
4590;46
4591;8
4592;67
4593;66
4594;89
4595;30
4596;54
4597;51
4598;60
4599;18
4600;16
4601;49
4602;56
4603;25
4604;60
4605;72
4606;75
4607;70
4608;54
4609;53
4610;19
4611;32
4612;29
4613;19
4614;18
4615;69
4616;50
4617;44
4618;62
4619;15
4620;16
4621;10
4622;42
4623;65
4624;60
4625;20
4626;44
4627;60
4628;45
4629;71
4630;66
4631;48
4632;32
4633;37
4634;9
4635;8
4636;39
4637;44
4638;13
4639;15
4640;73
4641;20
4642;62
4643;40
4644;7
4645;11
4646;11
4647;74
4648;34
4649;30
4650;6
4651;41
4652;31
4653;12
4654;9
4655;70
4656;29
4657;53
4658;46
4659;29
4660;60
4661;61
4662;19
4663;36
4664;68
4665;20
4666;37
4667;48
4668;1
4669;38
4670;34
4671;14
4672;10
4673;41
4674;57
4675;18
4676;45
4677;61
4678;65
4679;44
4680;64
4681;30
4682;80
4683;50
4684;48
4685;18
4686;15
4687;12
4688;19
4689;61
4690;75
4691;34
4692;66
4693;72
4694;28
4695;2
4696;3
4697;4
4698;36
4699;56
4700;10
4701;8
4702;31
4703;46
4704;34
4705;72
4706;22
4707;49
4708;39
4709;64
4710;80
4711;59
4712;65
4713;67
4714;46
4715;69
4716;64
4717;60
4718;35
4719;63
4720;51
4721;20
4722;22
4723;59
4724;73
4725;64
4726;31
4727;88
4728;25
4729;3
4730;3
4731;59
4732;50
4733;7
4734;18
4735;6
4736;17
4737;25
4738;67
4739;73
4740;49
4741;57
4742;16
4743;46
4744;49
4745;35
4746;76
4747;23
4748;75
4749;40
4750;38
4751;9
4752;56
4753;42
4754;40
4755;49
4756;3
4757;12
4758;27
4759;52
4760;9
4761;6
4762;37
4763;48
4764;15
4765;30
4766;32
4767;49
4768;47
4769;67
4770;49
4771;44
4772;27
4773;4
4774;12
4775;39
4776;35
4777;2
4778;13
4779;2
4780;28
4781;29
4782;5
4783;4
4784;69
4785;41
4786;24
4787;42
4788;20
4789;16
4790;22
4791;42
4792;9
4793;72
4794;88
4795;46
4796;3
4797;16
4798;45
4799;16
4800;2
4801;37
4802;30
4803;15
4804;30
4805;39
4806;12
4807;17
4808;61
4809;16
4810;36
4811;9
4812;50
4813;33
4814;49
4815;0
4816;36
4817;36
4818;10
4819;7
4820;12
4821;53
4822;19
4823;25
4824;60
4825;22
4826;49
4827;53
4828;34
4829;43
4830;12
4831;44
4832;46
4833;14
4834;57
4835;30
4836;64
4837;43
4838;33
4839;18
4840;30
4841;86
4842;29
4843;74
4844;76
4845;90
4846;51
4847;46
4848;59
4849;64
4850;39
4851;26
4852;16
4853;13
4854;47
4855;46
4856;86
4857;59
4858;41
4859;11
4860;80
4861;60
4862;57
4863;65
4864;76
4865;54
4866;52
4867;64
4868;38
4869;25
4870;23
4871;56
4872;38
4873;9
4874;20
4875;27
4876;36
4877;10
4878;13
4879;83
4880;51
4881;50
4882;75
4883;47
4884;22
4885;4
4886;12
4887;4
4888;54
4889;70
4890;39
4891;58
4892;64
4893;8
4894;14
4895;28
4896;34
4897;23
4898;40
4899;9
4900;1
4901;16
4902;25
4903;69
4904;67
4905;42
4906;48
4907;43
4908;45
4909;26
4910;17
4911;0
4912;79
4913;43
4914;37
4915;14
4916;0
4917;11
4918;30
4919;60
4920;35
4921;79
4922;73
4923;53
4924;36
4925;14
4926;16
4927;14
4928;61
4929;54
4930;45
4931;35
4932;1
4933;3
4934;15
4935;47
4936;22
4937;27
4938;44
4939;24
4940;21
4941;32
4942;2
4943;21
4944;63
4945;46
4946;18
4947;18
4948;47
4949;53
4950;76
4951;79
4952;68
4953;68
4954;55
4955;35
4956;9
4957;4
4958;27
4959;53
4960;17
4961;13
4962;26
4963;35
4964;10
4965;12
4966;74
4967;48
4968;41
4969;66
4970;29
4971;31
4972;37
4973;3
4974;1
4975;22
4976;21
4977;21
4978;46
4979;64
4980;47
4981;40
4982;15
4983;7
4984;11
4985;36
4986;49
4987;34
4988;9
4989;14
4990;17
4991;50
4992;84
4993;45
4994;55
4995;61
4996;43
4997;17
4998;18
4999;16
5000;28
5001;30
5002;13
5003;9
5004;67
5005;59
5006;39
5007;55
5008;29
5009;44
5010;10
5011;3
5012;64
5013;26
5014;17
5015;12
5016;59
5017;35
5018;16
5019;37
5020;22
5021;26
5022;22
5023;58
5024;84
5025;46
5026;25
5027;5
5028;1
5029;37
5030;60
5031;38
5032;27
5033;35
5034;9
5035;3
5036;46
5037;35
5038;46
5039;6
5040;14
5041;54
5042;31
5043;39
5044;0
5045;1
5046;21
5047;86
5048;26
5049;27
5050;13
5051;17
5052;10
5053;21
5054;42
5055;62
5056;33
5057;72
5058;53
5059;28
5060;27
5061;53
5062;69
5063;46
5064;31
5065;9
5066;56
5067;65
5068;47
5069;25
5070;5
5071;3
5072;58
5073;73
5074;54
5075;31
5076;9
5077;53
5078;50
5079;39
5080;8
5081;16
5082;64
5083;50
5084;73
5085;67
5086;36
5087;48
5088;14
5089;83
5090;35
5091;50
5092;6
5093;18
5094;73
5095;65
5096;58
5097;54
5098;84
5099;29
5100;45
5101;0
5102;4
5103;15
5104;70
5105;48
5106;70
5107;34
5108;47
5109;8
5110;27
5111;32
5112;1
5113;91
5114;41
5115;47
5116;4
5117;17
5118;66
5119;46
5120;55
5121;75
5122;49
5123;66
5124;76
5125;44
5126;29
5127;3
5128;48
5129;49
5130;49
5131;65
5132;53
5133;69
5134;39
5135;34
5136;16
5137;5
5138;47
5139;53
5140;13
5141;45
5142;43
5143;11
5144;12
5145;28
5146;19
5147;3
5148;5
5149;15
5150;2
5151;4
5152;85
5153;87
5154;65
5155;70
5156;19
5157;81
5158;22
5159;21
5160;47
5161;64
5162;30
5163;36
5164;6
5165;14
5166;39
5167;49
5168;1
5169;4
5170;35
5171;48
5172;53
5173;23
5174;20
5175;30
5176;67
5177;29
5178;78
5179;50
5180;72
5181;58
5182;64
5183;9
5184;7
5185;9
5186;35
5187;28
5188;54
5189;55
5190;47
5191;55
5192;75
5193;19
5194;27
5195;46
5196;6
5197;14
5198;29
5199;30
5200;51
5201;80
5202;46
5203;44
5204;49
5205;17
5206;18
5207;66
5208;39
5209;3
5210;19
5211;44
5212;7
5213;13
5214;44
5215;42
5216;3
5217;2
5218;0
5219;3
5220;23
5221;29
5222;5
5223;5
5224;15
5225;46
5226;32
5227;41
5228;2
5229;3
5230;9
5231;0
5232;65
5233;51
5234;69
5235;81
5236;32
5237;68
5238;35
5239;73
5240;80
5241;34
5242;38
5243;2
5244;47
5245;29
5246;35
5247;9
5248;18
5249;21
5250;67
5251;33
5252;16
5253;10
5254;20
5255;55
5256;32
5257;32
5258;10
5259;51
5260;46
5261;72
5262;57
5263;36
5264;42
5265;3
5266;4
5267;49
5268;65
5269;53
5270;54
5271;36
5272;11
5273;8
5274;47
5275;39
5276;10
5277;49
5278;82
5279;79
5280;75
5281;37
5282;57
5283;48
5284;17
5285;20
5286;34
5287;62
5288;26
5289;8
5290;10
5291;47
5292;78
5293;68
5294;37
5295;41
5296;5
5297;14
5298;13
5299;55
5300;24
5301;21
5302;54
5303;43
5304;60
5305;69
5306;70
5307;77
5308;53
5309;47
5310;69
5311;58
5312;58
5313;38
5314;32
5315;18
5316;60
5317;32
5318;16
5319;18
5320;32
5321;0
5322;2
5323;6
5324;39
5325;62
5326;15
5327;18
5328;31
5329;72
5330;38
5331;33
5332;11
5333;18
5334;11
5335;64
5336;53
5337;59
5338;29
5339;46
5340;2
5341;13
5342;13
5343;12
5344;54
5345;36
5346;16
5347;3
5348;55
5349;47
5350;8
5351;13
5352;60
5353;35
5354;64
5355;31
5356;53
5357;25
5358;66
5359;62
5360;74
5361;23
5362;66
5363;20
5364;50
5365;62
5366;47
5367;10
5368;11
5369;11
5370;50
5371;48
5372;40
5373;54
5374;42
5375;18
5376;75
5377;52
5378;62
5379;68
5380;23
5381;45
5382;57
5383;29
5384;24
5385;50
5386;51
5387;59
5388;12
5389;38
5390;52
5391;57
5392;24
5393;61
5394;41
5395;8
5396;46
5397;23
5398;69
5399;55
5400;47
5401;85
5402;25
5403;77
5404;71
5405;24
5406;42
5407;61
5408;25
5409;78
5410;82
5411;25
5412;24
5413;5
5414;14
5415;65
5416;40
5417;47
5418;41
5419;17
5420;33
5421;27
5422;6
5423;12
5424;55
5425;28
5426;55
5427;12
5428;52
5429;74
5430;35
5431;81
5432;33
5433;18
5434;67
5435;27
5436;50
5437;29
5438;43
5439;14
5440;11
5441;11
5442;9
5443;64
5444;9
5445;9
5446;55
5447;65
5448;44
5449;12
5450;7
5451;1
5452;71
5453;49
5454;72
5455;62
5456;53
5457;71
5458;59
5459;43
5460;15
5461;18
5462;52
5463;58
5464;51
5465;39
5466;23
5467;35
5468;27
5469;30
5470;33
5471;32
5472;30
5473;88
5474;64
5475;93
5476;72
5477;19
5478;51
5479;35
5480;16
5481;18
5482;48
5483;61
5484;53
5485;86
5486;25
5487;54
5488;49
5489;83
5490;55
5491;87
5492;55
5493;41
5494;61
5495;26
5496;84
5497;46
5498;45
5499;20
5500;15
5501;14
5502;56
5503;37
5504;44
5505;1
5506;3
5507;12
5508;52
5509;49
5510;14
5511;70
5512;77
5513;48
5514;34
5515;14
5516;10
5517;18
5518;10
5519;37
5520;26
5521;7
5522;17
5523;70
5524;46
5525;41
5526;44
5527;2
5528;6
5529;46
5530;57
5531;40
5532;44
5533;4
5534;11
5535;13
5536;14
5537;37
5538;49
5539;57
5540;18
5541;13
5542;49
5543;49
5544;39
5545;10
5546;9
5547;36
5548;47
5549;55
5550;58
5551;73
5552;45
5553;72
5554;39
5555;38
5556;32
5557;16
5558;1
5559;43
5560;61
5561;43
5562;12
5563;11
5564;29
5565;38
5566;54
5567;46
5568;64
5569;36
5570;44
5571;2
5572;1
5573;63
5574;44
5575;27
5576;1
5577;7
5578;3
5579;75
5580;65
5581;91
5582;25
5583;54
5584;20
5585;32
5586;49
5587;46
5588;15
5589;18
5590;34
5591;41
5592;6
5593;16
5594;11
5595;53
5596;76
5597;58
5598;72
5599;41
5600;36
5601;6
5602;13
5603;46
5604;37
5605;15
5606;66
5607;23
5608;52
5609;48
5610;12
5611;31
5612;67
5613;36
5614;28
5615;26
5616;4
5617;2
5618;76
5619;42
5620;49
5621;7
5622;18
5623;48
5624;30
5625;71
5626;35
5627;47
5628;38
5629;5
5630;2
5631;71
5632;57
5633;54
5634;11
5635;11
5636;53
5637;52
5638;13
5639;14
5640;47
5641;74
5642;44
5643;52
5644;35
5645;33
5646;0
5647;10
5648;65
5649;59
5650;61
5651;39
5652;13
5653;41
5654;37
5655;38
5656;12
5657;14
5658;53
5659;78
5660;54
5661;27
5662;37
5663;44
5664;8
5665;12
5666;67
5667;63
5668;50
5669;65
5670;85
5671;56
5672;26
5673;51
5674;38
5675;73
5676;33
5677;54
5678;34
5679;43
5680;3
5681;2
5682;47
5683;46
5684;18
5685;10
5686;42
5687;83
5688;30
5689;37
5690;35
5691;17
5692;18
5693;33
5694;48
5695;18
5696;15
5697;65
5698;24
5699;62
5700;31
5701;14
5702;10
5703;46
5704;41
5705;13
5706;74
5707;57
5708;47
5709;34
5710;64
5711;12
5712;6
5713;18
5714;50
5715;30
5716;78
5717;78
5718;29
5719;68
5720;31
5721;51
5722;24
5723;53
5724;55
5725;74
5726;72
5727;45
5728;60
5729;7
5730;17
5731;89
5732;62
5733;31
5734;37
5735;18
5736;42
5737;0
5738;58
5739;38
5740;45
5741;2
5742;55
5743;70
5744;74
5745;71
5746;74
5747;60
5748;52
5749;18
5750;46
5751;48
5752;62
5753;65
5754;26
5755;94
5756;81
5757;32
5758;26
5759;32
5760;2
5761;4
5762;2
5763;34
5764;44
5765;6
5766;1
5767;51
5768;40
5769;25
5770;64
5771;76
5772;50
5773;73
5774;59
5775;35
5776;43
5777;40
5778;18
5779;7
5780;29
5781;35
5782;55
5783;35
5784;55
5785;36
5786;44
5787;5
5788;35
5789;43
5790;35
5791;30
5792;19
5793;36
5794;19
5795;31
5796;68
5797;42
5798;32
5799;4
5800;4
5801;32
5802;46
5803;80
5804;74
5805;75
5806;41
5807;43
5808;8
5809;8
5810;54
5811;58
5812;83
5813;52
5814;27
5815;28
5816;9
5817;4
5818;65
5819;71
5820;49
5821;58
5822;24
5823;78
5824;52
5825;81
5826;28
5827;14
5828;50
5829;16
5830;6
5831;34
5832;38
5833;3
5834;7
5835;4
5836;53
5837;29
5838;35
5839;51
5840;12
5841;39
5842;11
5843;13
5844;67
5845;39
5846;38
5847;3
5848;4
5849;4
5850;48
5851;64
5852;65
5853;82
5854;60
5855;76
5856;67
5857;24
5858;74
5859;38
5860;46
5861;70
5862;62
5863;26
5864;31
5865;43
5866;11
5867;6
5868;15
5869;53
5870;30
5871;48
5872;16
5873;42
5874;63
5875;28
5876;2
5877;40
5878;49
5879;12
5880;12
5881;57
5882;9
5883;53
5884;72
5885;21
5886;21
5887;23
5888;58
5889;26
5890;45
5891;2
5892;12
5893;40
5894;11
5895;67
5896;51
5897;24
5898;20
5899;39
5900;10
5901;18
5902;34
5903;1
5904;3
5905;48
5906;52
5907;22
5908;28
5909;43
5910;21
5911;73
5912;46
5913;43
5914;46
5915;8
5916;15
5917;70
5918;67
5919;60
5920;23
5921;48
5922;67
5923;62
5924;49
5925;67
5926;64
5927;30
5928;41
5929;22
5930;18
5931;16
5932;60
5933;47
5934;47
5935;26
5936;51
5937;24
5938;27
5939;2
5940;86
5941;74
5942;32
5943;21
5944;2
5945;16
5946;55
5947;77
5948;37
5949;56
5950;68
5951;42
5952;67
5953;33
5954;26
5955;6
5956;16
5957;63
5958;67
5959;20
5960;46
5961;49
5962;49
5963;52
5964;49
5965;12
5966;42
5967;67
5968;60
5969;41
5970;32
5971;0
5972;6
5973;65
5974;19
5975;64
5976;49
5977;57
5978;72
5979;31
5980;37
5981;5
5982;11
5983;70
5984;67
5985;38
5986;55
5987;71
5988;61
5989;41
5990;40
5991;4
5992;5
5993;47
5994;54
5995;9
5996;45
5997;45
5998;12
5999;6
6000;65
6001;38
6002;42
6003;57
6004;11
6005;11
6006;23
6007;39
6008;69
6009;24
6010;27
6011;20
6012;72
6013;42
6014;25
6015;3
6016;2
6017;34
6018;10
6019;62
6020;68
6021;59
6022;52
6023;50
6024;51
6025;62
6026;30
6027;6
6028;13
6029;6
6030;22
6031;49
6032;25
6033;19
6034;46
6035;53
6036;17
6037;10
6038;18
6039;13
6040;53
6041;72
6042;34
6043;36
6044;11
6045;5
6046;40
6047;43
6048;16
6049;7
6050;70
6051;47
6052;32
6053;35
6054;34
6055;14
6056;3
6057;0
6058;79
6059;48
6060;45
6061;12
6062;15
6063;17
6064;27
6065;43
6066;20
6067;35
6068;73
6069;32
6070;4
6071;2
6072;72
6073;53
6074;57
6075;22
6076;48
6077;44
6078;6
6079;40
6080;46
6081;16
6082;12
6083;37
6084;77
6085;49
6086;94
6087;42
6088;51
6089;36
6090;7
6091;26
6092;57
6093;37
6094;8
6095;12
6096;21
6097;37
6098;93
6099;56
6100;21
6101;23
6102;21
6103;72
6104;64
6105;56
6106;55
6107;67
6108;49
6109;47
6110;8
6111;7
6112;53
6113;19
6114;70
6115;55
6116;22
6117;58
6118;40
6119;26
6120;38
6121;6
6122;18
6123;54
6124;48
6125;70
6126;44
6127;42
6128;1
6129;40
6130;62
6131;13
6132;8
6133;74
6134;20
6135;28
6136;68
6137;42
6138;76
6139;35
6140;10
6141;51
6142;52
6143;41
6144;11
6145;17
6146;44
6147;55
6148;8
6149;58
6150;56
6151;14
6152;15
6153;9
6154;60
6155;54
6156;62
6157;28
6158;25
6159;15
6160;4
6161;12
6162;80
6163;98
6164;30
6165;75
6166;61
6167;55
6168;24
6169;98
6170;58
6171;35
6172;52
6173;39
6174;10
6175;7
6176;27
6177;47
6178;91
6179;91
6180;47
6181;37
6182;35
6183;75
6184;64
6185;68
6186;44
6187;61
6188;43
6189;33
6190;2
6191;34
6192;12
6193;15
6194;69
6195;65
6196;54
6197;72
6198;47
6199;70
6200;73
6201;43
6202;21
6203;23
6204;74
6205;29
6206;44
6207;9
6208;12
6209;18
6210;24
6211;59
6212;57
6213;85
6214;71
6215;34
6216;46
6217;16
6218;34
6219;24
6220;53
6221;27
6222;30
6223;8
6224;64
6225;71
6226;58
6227;75
6228;34
6229;52
6230;31
6231;45
6232;19
6233;3
6234;1
6235;17
6236;4
6237;50
6238;60
6239;74
6240;24
6241;69
6242;34
6243;69
6244;37
6245;75
6246;25
6247;46
6248;45
6249;47
6250;3
6251;7
6252;11
6253;47
6254;49
6255;66
6256;80
6257;56
6258;40
6259;23
6260;21
6261;25
6262;38
6263;0
6264;18
6265;3
6266;20
6267;38
6268;63
6269;80
6270;34
6271;40
6272;12
6273;18
6274;58
6275;18
6276;21
6277;35
6278;62
6279;37
6280;35
6281;10
6282;6
6283;37
6284;21
6285;33
6286;0
6287;10
6288;48
6289;74
6290;67
6291;57
6292;59
6293;37
6294;47
6295;7
6296;62
6297;52
6298;42
6299;20
6300;28
6301;4
6302;2
6303;51
6304;54
6305;11
6306;31
6307;34
6308;19
6309;8
6310;49
6311;41
6312;54
6313;15
6314;9
6315;47
6316;64
6317;33
6318;55
6319;94
6320;59
6321;30
6322;35
6323;18
6324;46
6325;56
6326;55
6327;17
6328;74
6329;38
6330;91
6331;53
6332;55
6333;22
6334;38
6335;45
6336;1
6337;4
6338;2
6339;46
6340;76
6341;92
6342;42
6343;16
6344;69
6345;37
6346;26
6347;21
6348;40
6349;7
6350;18
6351;37
6352;74
6353;46
6354;48
6355;10
6356;14
6357;10
6358;9
6359;79
6360;39
6361;27
6362;6
6363;8
6364;31
6365;33
6366;0
6367;0
6368;10
6369;54
6370;33
6371;29
6372;62
6373;17
6374;13
6375;7
6376;7
6377;45
6378;16
6379;28
6380;31
6381;64
6382;8
6383;18
6384;44
6385;48
6386;30
6387;16
6388;1
6389;47
6390;33
6391;67
6392;92
6393;79
6394;72
6395;22
6396;43
6397;60
6398;65
6399;44
6400;54
6401;9
6402;59
6403;39
6404;31
6405;16
6406;4
6407;16
6408;4
6409;18
6410;3
6411;62
6412;48
6413;6
6414;6
6415;32
6416;55
6417;70
6418;76
6419;71
6420;27
6421;53
6422;70
6423;65
6424;40
6425;38
6426;5
6427;0
6428;5
6429;57
6430;20
6431;24
6432;29
6433;38
6434;21
6435;34
6436;90
6437;50
6438;62
6439;20
6440;67
6441;64
6442;47
6443;42
6444;59
6445;45
6446;20
6447;39
6448;45
6449;11
6450;7
6451;61
6452;43
6453;42
6454;41
6455;80
6456;19
6457;39
6458;4
6459;41
6460;0
6461;17
6462;75
6463;94
6464;49
6465;31
6466;48
6467;7
6468;10
6469;38
6470;39
6471;8
6472;37
6473;40
6474;12
6475;14
6476;27
6477;78
6478;42
6479;18
6480;9
6481;56
6482;36
6483;35
6484;27
6485;46
6486;2
6487;10
6488;5
6489;64
6490;80
6491;31
6492;74
6493;35
6494;61
6495;31
6496;33
6497;41
6498;14
6499;55
6500;32
6501;55
6502;41
6503;13
6504;71
6505;32
6506;28
6507;11
6508;4
6509;60
6510;53
6511;47
6512;53
6513;39
6514;27
6515;38
6516;55
6517;54
6518;64
6519;72
6520;67
6521;53
6522;71
6523;33
6524;15
6525;14
6526;46
6527;58
6528;91
6529;49
6530;48
6531;13
6532;13
6533;9
6534;74
6535;55
6536;69
6537;53
6538;52
6539;35
6540;23
6541;3
6542;32
6543;14
6544;70
6545;74
6546;37
6547;41
6548;14
6549;8
6550;22
6551;54
6552;55
6553;75
6554;46
6555;24
6556;3
6557;18
6558;13
6559;53
6560;37
6561;53
6562;13
6563;8
6564;30
6565;37
6566;3
6567;4
6568;3
6569;34
6570;76
6571;19
6572;44
6573;75
6574;48
6575;67
6576;51
6577;27
6578;20
6579;1
6580;68
6581;56
6582;68
6583;48
6584;73
6585;70
6586;31
6587;42
6588;19
6589;57
6590;78
6591;65
6592;41
6593;39
6594;42
6595;0
6596;0
6597;10
6598;42
6599;22
6600;2
6601;2
6602;74
6603;26
6604;48
6605;29
6606;56
6607;30
6608;16
6609;9
6610;17
6611;51
6612;68
6613;40
6614;34
6615;15
6616;16
6617;22
6618;58
6619;28
6620;48
6621;13
6622;71
6623;20
6624;58
6625;48
6626;29
6627;80
6628;33
6629;32
6630;2
6631;46
6632;45
6633;6
6634;18
6635;36
6636;40
6637;16
6638;6
6639;38
6640;8
6641;10
6642;41
6643;35
6644;13
6645;0
6646;32
6647;16
6648;9
6649;68
6650;82
6651;58
6652;60
6653;63
6654;34
6655;61
6656;14
6657;13
6658;50
6659;52
6660;50
6661;42
6662;36
6663;7
6664;4
6665;38
6666;55
6667;10
6668;12
6669;20
6670;61
6671;47
6672;46
6673;25
6674;53
6675;53
6676;74
6677;19
6678;22
6679;31
6680;47
6681;21
6682;34
6683;70
6684;32
6685;47
6686;9
6687;17
6688;38
6689;30
6690;37
6691;10
6692;9
6693;65
6694;47
6695;23
6696;63
6697;21
6698;32
6699;22
6700;24
6701;24
6702;49
6703;25
6704;22
6705;68
6706;67
6707;42
6708;38
6709;3
6710;17
6711;63
6712;18
6713;51
6714;51
6715;45
6716;8
6717;8
6718;48
6719;80
6720;55
6721;27
6722;86
6723;24
6724;64
6725;19
6726;40
6727;37
6728;57
6729;37
6730;55
6731;35
6732;42
6733;57
6734;60
6735;22
6736;56
6737;82
6738;83
6739;60
6740;31
6741;29
6742;6
6743;14
6744;17
6745;63
6746;65
6747;69
6748;51
6749;60
6750;14
6751;7
6752;80
6753;42
6754;58
6755;18
6756;12
6757;83
6758;53
6759;56
6760;23
6761;35
6762;1
6763;4
6764;45
6765;36
6766;12
6767;11
6768;29
6769;47
6770;11
6771;6
6772;50
6773;57
6774;44
6775;46
6776;75
6777;58
6778;61
6779;55
6780;42
6781;59
6782;55
6783;11
6784;11
6785;56
6786;54
6787;56
6788;78
6789;36
6790;57
6791;7
6792;19
6793;77
6794;77
6795;74
6796;45
6797;34
6798;31
6799;17
6800;15
6801;79
6802;81
6803;72
6804;30
6805;63
6806;69
6807;22
6808;20
6809;6
6810;0
6811;42
6812;41
6813;11
6814;45
6815;30
6816;1
6817;76
6818;75
6819;26
6820;74
6821;29
6822;26
6823;3
6824;17
6825;42
6826;28
6827;21
6828;44
6829;35
6830;3
6831;5
6832;62
6833;61
6834;8
6835;48
6836;39
6837;15
6838;15
6839;18
6840;83
6841;32
6842;42
6843;7
6844;60
6845;58
6846;77
6847;57
6848;37
6849;54
6850;6
6851;6
6852;55
6853;33
6854;19
6855;49
6856;20
6857;22
6858;37
6859;2
6860;8
6861;38
6862;21
6863;7
6864;1
6865;37
6866;30
6867;0
6868;4
6869;2
6870;24
6871;24
6872;86
6873;45
6874;58
6875;9
6876;18
6877;75
6878;37
6879;60
6880;10
6881;10
6882;63
6883;56
6884;58
6885;54
6886;33
6887;35
6888;30
6889;50
6890;10
6891;34
6892;15
6893;79
6894;69
6895;38
6896;66
6897;48
6898;55
6899;50
6900;50
6901;16
6902;32
6903;82
6904;70
6905;36
6906;31
6907;70
6908;76
6909;40
6910;66
6911;75
6912;51
6913;74
6914;65
6915;66
6916;46
6917;52
6918;14
6919;11
6920;48
6921;82
6922;65
6923;63
6924;27
6925;19
6926;41
6927;50
6928;52
6929;52
6930;46
6931;22
6932;2
6933;13
6934;18
6935;25
6936;48
6937;37
6938;70
6939;21
6940;73
6941;36
6942;38
6943;0
6944;64
6945;49
6946;71
6947;31
6948;53
6949;58
6950;35
6951;78
6952;24
6953;76
6954;24
6955;33
6956;40
6957;80
6958;67
6959;25
6960;93
6961;45
6962;42
6963;7
6964;8
6965;30
6966;64
6967;46
6968;12
6969;17
6970;68
6971;74
6972;46
6973;37
6974;3
6975;57
6976;43
6977;35
6978;4
6979;17
6980;58
6981;68
6982;61
6983;16
6984;12
6985;39
6986;47
6987;16
6988;25
6989;56
6990;28
6991;58
6992;82
6993;30
6994;53
6995;54
6996;65
6997;48
6998;25
6999;50
7000;58
7001;80
7002;20
7003;24
7004;24
7005;39
7006;54
7007;50
7008;26
7009;25
7010;69
7011;32
7012;36
7013;16
7014;2
7015;87
7016;56
7017;43
7018;45
7019;2
7020;17
7021;14
7022;10
7023;30
7024;24
7025;60
7026;70
7027;31
7028;32
7029;6
7030;9
7031;81
7032;22
7033;63
7034;33
7035;50
7036;9
7037;13
7038;15
7039;65
7040;64
7041;86
7042;21
7043;23
7044;67
7045;46
7046;52
7047;20
7048;21
7049;23
7050;19
7051;22
7052;23
7053;64
7054;31
7055;30
7056;36
7057;33
7058;11
7059;32
7060;14
7061;16
7062;34
7063;21
7064;4
7065;3
7066;1
7067;9
7068;58
7069;20
7070;51
7071;60
7072;49
7073;53
7074;15
7075;55
7076;59
7077;18
7078;15
7079;47
7080;44
7081;6
7082;11
7083;11
7084;44
7085;19
7086;76
7087;71
7088;35
7089;50
7090;43
7091;13
7092;18
7093;87
7094;24
7095;21
7096;25
7097;36
7098;12
7099;1
7100;82
7101;32
7102;33
7103;38
7104;12
7105;46
7106;43
7107;23
7108;69
7109;60
7110;30
7111;31
7112;31
7113;17
7114;15
7115;72
7116;66
7117;44
7118;71
7119;26
7120;25
7121;13
7122;7
7123;5
7124;48
7125;61
7126;41
7127;31
7128;74
7129;42
7130;50
7131;13
7132;28
7133;37
7134;36
7135;15
7136;5
7137;27
7138;86
7139;25
7140;48
7141;74
7142;75
7143;59
7144;26
7145;51
7146;60
7147;6
7148;18
7149;8
7150;53
7151;68
7152;47
7153;34
7154;6
7155;16
7156;34
7157;44
7158;5
7159;33
7160;42
7161;3
7162;12
7163;41
7164;42
7165;10
7166;97
7167;54
7168;72
7169;71
7170;60
7171;45
7172;26
7173;5
7174;14
7175;50
7176;51
7177;48
7178;39
7179;1
7180;7
7181;20
7182;72
7183;56
7184;42
7185;7
7186;51
7187;89
7188;47
7189;36
7190;52
7191;18
7192;70
7193;65
7194;59
7195;21
7196;34
7197;22
7198;50
7199;29
7200;34
7201;73
7202;83
7203;60
7204;8
7205;77
7206;23
7207;39
7208;43
7209;2
7210;0
7211;53
7212;50
7213;42
7214;33
7215;9
7216;15
7217;73
7218;55
7219;65
7220;58
7221;66
7222;41
7223;41
7224;15
7225;15
7226;89
7227;23
7228;41
7229;32
7230;19
7231;5
7232;5
7233;29
7234;31
7235;8
7236;17
7237;63
7238;64
7239;73
7240;80
7241;45
7242;74
7243;82
7244;29
7245;45
7246;3
7247;4
7248;13
7249;83
7250;66
7251;57
7252;43
7253;28
7254;24
7255;25
7256;25
7257;42
7258;64
7259;23
7260;35
7261;21
7262;26
7263;21
7264;19
7265;47
7266;33
7267;13
7268;44
7269;52
7270;6
7271;17
7272;73
7273;85
7274;39
7275;56
7276;64
7277;40
7278;64
7279;70
7280;34
7281;58
7282;61
7283;75
7284;59
7285;53
7286;29
7287;59
7288;81
7289;56
7290;89
7291;29
7292;28
7293;0
7294;15
7295;69
7296;80
7297;81
7298;25
7299;40
7300;8
7301;15
7302;74
7303;26
7304;32
7305;26
7306;46
7307;7
7308;18
7309;69
7310;53
7311;41
7312;15
7313;36
7314;63
7315;11
7316;45
7317;74
7318;68
7319;36
7320;8
7321;42
7322;44
7323;13
7324;3
7325;68
7326;47
7327;77
7328;20
7329;89
7330;33
7331;55
7332;22
7333;46
7334;38
7335;62
7336;67
7337;60
7338;52
7339;39
7340;54
7341;25
7342;35
7343;44
7344;30
7345;4
7346;3
7347;0
7348;51
7349;70
7350;64
7351;41
7352;57
7353;81
7354;77
7355;58
7356;23
7357;56
7358;31
7359;18
7360;13
7361;13
7362;55
7363;32
7364;87
7365;38
7366;56
7367;26
7368;56
7369;26
7370;23
7371;45
7372;67
7373;45
7374;35
7375;12
7376;17
7377;37
7378;10
7379;57
7380;63
7381;20
7382;24
7383;78
7384;85
7385;27
7386;39
7387;33
7388;40
7389;45
7390;6
7391;7
7392;12
7393;28
7394;54
7395;21
7396;65
7397;63
7398;58
7399;45
7400;53
7401;8
7402;38
7403;2
7404;29
7405;61
7406;59
7407;53
7408;35
7409;16
7410;11
7411;6
7412;41
7413;23
7414;24
7415;21
7416;59
7417;31
7418;58
7419;51
7420;49
7421;19
7422;60
7423;39
7424;57
7425;40
7426;61
7427;50
7428;18
7429;24
7430;46
7431;3
7432;8
7433;3
7434;40
7435;27
7436;89
7437;37
7438;70
7439;30
7440;35
7441;59
7442;52
7443;37
7444;27
7445;17
7446;7
7447;44
7448;51
7449;63
7450;38
7451;58
7452;20
7453;20
7454;53
7455;48
7456;39
7457;42
7458;15
7459;12
7460;4
7461;57
7462;26
7463;9
7464;10
7465;13
7466;41
7467;34
7468;18
7469;16
7470;8
7471;40
7472;53
7473;18
7474;77
7475;65
7476;69
7477;44
7478;45
7479;8
7480;6
7481;22
7482;33
7483;58
7484;7
7485;11
7486;54
7487;35
7488;73
7489;72
7490;76
7491;84
7492;26
7493;27
7494;1
7495;11
7496;2
7497;22
7498;42
7499;12
7500;18
7501;47
7502;53
7503;21
7504;31
7505;47
7506;72
7507;63
7508;46
7509;24
7510;25
7511;35
7512;47
7513;25
7514;23
7515;43
7516;4
7517;11
7518;42
7519;36
7520;15
7521;17
7522;7
7523;56
7524;58
7525;21
7526;48
7527;58
7528;16
7529;9
7530;58
7531;48
7532;6
7533;8
7534;18
7535;48
7536;37
7537;8
7538;5
7539;41
7540;36
7541;13
7542;52
7543;25
7544;59
7545;67
7546;23
7547;3
7548;17
7549;72
7550;30
7551;7
7552;7
7553;79
7554;51
7555;55
7556;59
7557;51
7558;21
7559;39
7560;25
7561;3
7562;14
7563;65
7564;45
7565;42
7566;9
7567;10
7568;44
7569;30
7570;21
7571;69
7572;64
7573;38
7574;17
7575;54
7576;40
7577;52
7578;49
7579;8
7580;15
7581;21
7582;52
7583;62
7584;48
7585;15
7586;18
7587;92
7588;30
7589;49
7590;28
7591;8
7592;16
7593;38
7594;26
7595;35
7596;45
7597;34
7598;13
7599;38
7600;24
7601;17
7602;1
7603;7
7604;14
7605;23
7606;37
7607;50
7608;64
7609;22
7610;40
7611;48
7612;74
7613;81
7614;38
7615;48
7616;7
7617;46
7618;20
7619;45
7620;6
7621;6
7622;22
7623;82
7624;62
7625;59
7626;41
7627;38
7628;3
7629;53
7630;54
7631;73
7632;19
7633;64
7634;40
7635;47
7636;60
7637;69
7638;30
7639;80
7640;66
7641;65
7642;64
7643;72
7644;41
7645;71
7646;74
7647;60
7648;75
7649;80
7650;68
7651;51
7652;73
7653;31
7654;39
7655;3
7656;71
7657;20
7658;67
7659;61
7660;66
7661;48
7662;71
7663;20
7664;69
7665;27
7666;74
7667;26
7668;27
7669;11
7670;54
7671;30
7672;26
7673;6
7674;9
7675;61
7676;40
7677;49
7678;31
7679;21
7680;1
7681;6
7682;1
7683;45
7684;44
7685;1
7686;21
7687;20
7688;85
7689;51
7690;53
7691;54
7692;45
7693;30
7694;40
7695;13
7696;6
7697;36
7698;58
7699;50
7700;15
7701;82
7702;49
7703;54
7704;60
7705;51
7706;8
7707;12
7708;33
7709;28
7710;11
7711;18
7712;48
7713;87
7714;74
7715;70
7716;59
7717;89
7718;50
7719;28
7720;52
7721;47
7722;37
7723;44
7724;19
7725;30
7726;52
7727;89
7728;82
7729;60
7730;36
7731;35
7732;2
7733;8
7734;49
7735;34
7736;4
7737;8
7738;12
7739;88
7740;57
7741;74
7742;26
7743;48
7744;47
7745;20
7746;33
7747;46
7748;19
7749;24
7750;44
7751;50
7752;14
7753;11
7754;32
7755;45
7756;26
7757;34
7758;60
7759;42
7760;26
7761;5
7762;18
7763;17
7764;3
7765;59
7766;54
7767;42
7768;16
7769;15
7770;79
7771;39
7772;69
7773;70
7774;86
7775;60
7776;55
7777;31
7778;47
7779;10
7780;14
7781;84
7782;75
7783;62
7784;38
7785;71
7786;55
7787;37
7788;37
7789;46
7790;32
7791;11
7792;22
7793;59
7794;23
7795;46
7796;28
7797;42
7798;73
7799;34
7800;20
7801;0
7802;10
7803;16
7804;8
7805;74
7806;38
7807;52
7808;17
7809;7
7810;10
7811;27
7812;2
7813;27
7814;42
7815;18
7816;3
7817;50
7818;63
7819;9
7820;16
7821;63
7822;53
7823;87
7824;35
7825;64
7826;45
7827;27
7828;58
7829;51
7830;53
7831;93
7832;67
7833;61
7834;60
7835;13
7836;10
7837;54
7838;76
7839;30
7840;35
7841;18
7842;58
7843;53
7844;33
7845;41
7846;13
7847;14
7848;76
7849;69
7850;44
7851;31
7852;18
7853;18
7854;31
7855;34
7856;54
7857;22
7858;41
7859;29
7860;14
7861;4
7862;50
7863;67
7864;67
7865;38
7866;37
7867;56
7868;78
7869;51
7870;41
7871;64
7872;28
7873;18
7874;13
7875;35
7876;14
7877;33
7878;40
7879;17
7880;13
7881;61
7882;69
7883;42
7884;29
7885;6
7886;55
7887;20
7888;39
7889;48
7890;46
7891;26
7892;21
7893;8
7894;13
7895;49
7896;65
7897;51
7898;20
7899;30
7900;6
7901;75
7902;52
7903;54
7904;49
7905;11
7906;14
7907;65
7908;20
7909;69
7910;24
7911;59
7912;44
7913;14
7914;48
7915;41
7916;38
7917;5
7918;2
7919;30
7920;54
7921;31
7922;61
7923;70
7924;30
7925;46
7926;6
7927;63
7928;73
7929;28
7930;78
7931;68
7932;67
7933;64
7934;80
7935;49
7936;34
7937;9
7938;43
7939;50
7940;68
7941;58
7942;27
7943;30
7944;51
7945;15
7946;11
7947;51
7948;70
7949;20
7950;55
7951;21
7952;24
7953;78
7954;62
7955;46
7956;56
7957;6
7958;27
7959;58
7960;11
7961;16
7962;33
