1;39
2;34
3;58
4;8
5;7
6;18
7;42
8;85
9;40
10;58
11;47
12;11
13;18
14;17
15;48
16;68
17;53
18;37
19;19
20;38
21;41
22;16
23;7
24;11
25;62
26;55
27;55
28;71
29;75
30;64
31;95
32;58
33;68
34;28
35;18
36;10
37;19
38;63
39;35
40;28
41;4
42;7
43;23
44;52
45;38
46;27
47;9
48;5
49;19
50;50
51;33
52;23
53;55
54;51
55;61
56;66
57;29
58;41
59;16
60;18
61;40
62;43
63;10
64;14
65;15
66;74
67;72
68;20
69;55
70;55
71;58
72;63
73;67
74;43
75;44
76;26
77;41
78;66
79;24
80;72
81;70
82;71
83;88
84;20
85;78
86;24
87;56
88;57
89;61
90;56
91;19
92;34
93;8
94;16
95;3
96;61
97;37
98;48
99;17
100;8
101;19
102;53
103;68
104;19
105;20
106;24
107;4
108;2
109;39
110;52
111;67
112;44
113;45
114;33
115;17
116;14
117;35
118;56
119;91
120;50
121;41
122;62
123;50
124;10
125;11
126;72
127;57
128;59
129;44
130;25
131;44
132;13
133;32
134;30
135;2
136;7
137;48
138;58
139;44
140;39
141;74
142;87
143;24
144;45
145;29
146;38
147;7
148;17
149;33
150;44
151;2
152;4
153;21
154;9
155;37
156;48
157;53
158;18
159;10
160;33
161;9
162;74
163;47
164;61
165;83
166;69
167;38
168;54
169;76
170;27
171;31
172;1
173;14
174;21
175;76
176;29
177;27
178;18
179;59
180;44
181;32
182;11
183;12
184;73
185;48
186;64
187;23
188;54
189;23
190;88
191;72
192;75
193;19
194;79
195;82
196;47
197;53
198;65
199;67
200;41
201;58
202;72
203;58
204;61
205;45
206;32
207;6
208;1
209;75
210;23
211;80
212;73
213;74
214;59
215;38
216;67
217;75
218;38
219;51
220;75
221;47
222;44
223;0
224;72
225;58
226;80
227;75
228;73
229;32
230;59
231;56
232;48
233;38
234;10
235;14
236;68
237;56
238;59
239;59
240;83
241;42
242;41
243;5
244;4
245;0
246;61
247;29
248;42
249;2
250;17
251;77
252;23
253;29
254;52
255;70
256;37
257;33
258;2
259;4
260;14
261;83
262;72
263;39
264;25
265;5
266;9
267;24
268;58
269;69
270;64
271;55
272;71
273;63
274;65
275;54
276;45
277;13
278;8
279;59
280;63
281;13
282;12
283;33
284;29
285;13
286;94
287;61
288;67
289;70
290;52
291;42
292;41
293;17
294;21
295;62
296;26
297;42
298;15
299;12
300;24
301;40
302;34
303;68
304;91
305;58
306;52
307;54
308;38
309;18
310;80
311;31
312;22
313;1
314;3
315;5
316;90
317;75
318;25
319;33
320;5
321;42
322;54
323;14
324;9
325;75
326;54
327;35
328;31
329;33
330;3
331;2
332;17
333;66
334;43
335;32
336;2
337;5
338;63
339;62
340;8
341;15
342;46
343;67
344;88
345;55
346;64
347;49
348;82
349;74
350;59
351;26
352;54
353;56
354;14
355;56
356;38
357;14
358;15
359;20
360;29
361;2
362;44
363;72
364;67
365;20
366;69
367;53
368;49
369;36
370;16
371;2
372;48
373;57
374;12
375;15
376;60
377;58
378;39
379;9
380;48
381;48
382;68
383;69
384;36
385;19
386;20
387;4
388;4
389;1
390;72
391;53
392;40
393;31
394;3
395;5
396;82
397;73
398;22
399;67
400;50
401;31
402;29
403;21
404;8
405;8
406;4
407;69
408;42
409;46
410;52
411;85
412;55
413;45
414;26
415;45
416;38
417;39
418;16
419;3
420;44
421;38
422;0
423;7
424;35
425;29
426;9
427;11
428;93
429;64
430;49
431;55
432;57
433;61
434;53
435;63
436;52
437;61
438;16
439;8
440;37
441;11
442;48
443;15
444;34
445;53
446;51
447;43
448;64
449;37
450;54
451;62
452;67
453;52
454;84
455;77
456;72
457;27
458;66
459;70
460;90
461;51
462;63
463;60
464;58
465;32
466;55
467;9
468;7
469;9
470;42
471;34
472;10
473;8
474;48
475;70
476;64
477;55
478;30
479;49
480;16
481;12
482;17
483;55
484;31
485;33
486;12
487;26
488;95
489;69
490;47
491;6
492;40
493;31
494;15
495;15
496;11
497;49
498;80
499;61
500;78
501;43
502;63
503;24
504;54
505;61
506;39
507;23
508;5
509;12
510;8
511;7
512;36
513;30
514;16
515;15
516;71
517;49
518;73
519;75
520;62
521;23
522;44
523;1
524;13
525;13
526;3
527;55
528;68
529;66
530;77
531;61
532;57
533;35
534;43
535;15
536;35
537;31
538;1
539;8
540;13
541;62
542;38
543;45
544;4
545;2
546;22
547;23
548;27
549;9
550;29
551;60
552;11
553;62
554;41
555;41
556;40
557;59
558;80
559;61
560;65
561;82
562;55
563;70
564;24
565;33
566;58
567;62
568;62
569;27
570;6
571;55
572;60
573;62
574;8
575;6
576;39
577;44
578;59
579;61
580;45
581;49
582;44
583;15
584;10
585;44
586;12
587;8
588;30
589;94
590;40
591;42
592;0
593;0
594;25
595;42
596;37
597;12
598;13
599;68
600;57
601;69
602;82
603;61
604;64
605;61
606;58
607;68
608;68
609;60
610;39
611;39
612;37
613;14
614;11
615;13
616;58
617;75
618;66
619;71
620;26
621;58
622;72
623;49
624;64
625;66
626;35
627;40
628;5
629;9
630;37
631;79
632;35
633;47
634;13
635;18
636;31
637;17
638;12
639;51
640;40
641;79
642;56
643;38
644;45
645;55
646;23
647;20
648;20
649;69
650;60
651;30
652;64
653;51
654;25
655;67
656;51
657;35
658;51
659;83
660;66
661;65
662;52
663;66
664;59
665;97
666;66
667;48
668;43
669;17
670;9
671;35
672;47
673;17
674;8
675;74
676;39
677;20
678;10
679;17
680;23
681;21
682;22
683;54
684;56
685;79
686;53
687;82
688;28
689;50
690;67
691;76
692;21
693;90
694;66
695;66
696;30
697;64
698;72
699;42
700;44
701;6
702;3
703;39
704;28
705;14
706;37
707;7
708;70
709;74
710;36
711;25
712;2
713;18
714;29
715;28
716;1
717;81
718;53
719;48
720;75
721;94
722;65
723;55
724;72
725;78
726;27
727;23
728;30
729;76
730;46
731;29
732;90
733;37
734;54
735;10
736;50
737;37
738;16
739;11
740;50
741;71
742;36
743;41
744;3
745;4
746;42
747;59
748;13
749;9
750;18
751;76
752;87
753;37
754;22
755;4
756;5
757;50
758;63
759;32
760;70
761;40
762;48
763;5
764;3
765;56
766;23
767;83
768;19
769;71
770;29
771;30
772;29
773;11
774;7
775;14
776;71
777;53
778;53
779;64
780;52
781;54
782;52
783;14
784;6
785;18
786;23
787;63
788;8
789;13
790;27
791;37
792;23
793;2
794;76
795;62
796;23
797;30
798;2
799;3
800;22
801;49
802;5
803;0
804;47
805;38
806;62
807;95
808;65
809;63
810;35
811;48
812;13
813;5
814;66
815;82
816;22
817;89
818;67
819;69
820;74
821;61
822;58
823;33
824;17
825;6
826;53
827;66
828;47
829;39
830;14
831;58
832;56
833;72
834;50
835;50
836;71
837;72
838;72
839;53
840;44
841;41
842;16
843;11
844;69
845;81
846;85
847;50
848;17
849;56
850;26
851;22
852;36
853;20
854;41
855;85
856;38
857;57
858;26
859;74
860;43
861;63
862;62
863;95
864;26
865;45
866;14
867;13
868;41
869;23
870;51
871;41
872;66
873;32
874;5
875;53
876;78
877;57
878;24
879;52
880;30
881;22
882;35
883;19
884;24
885;76
886;72
887;56
888;61
889;62
890;54
891;69
892;67
893;61
894;34
895;61
896;65
897;88
898;63
899;85
900;51
901;46
902;52
903;17
904;7
905;26
906;54
907;57
908;20
909;23
910;25
911;40
912;35
913;64
914;34
915;43
916;67
917;24
918;40
919;60
920;8
921;15
922;47
923;80
924;70
925;22
926;25
927;30
928;0
929;0
930;72
931;39
932;57
933;34
934;38
935;0
936;3
937;6
938;27
939;61
940;52
941;56
942;51
943;43
944;69
945;56
946;39
947;61
948;74
949;41
950;85
951;40
952;19
953;3
954;4
955;9
956;28
957;47
958;8
959;10
960;20
961;24
962;10
963;71
964;72
965;52
966;69
967;37
968;31
969;65
970;97
971;50
972;65
973;59
974;63
975;56
976;47
977;82
978;69
979;71
980;20
981;52
982;74
983;61
984;22
985;20
986;40
987;45
988;17
989;14
990;44
991;38
992;0
993;5
994;81
995;51
996;93
997;74
998;54
999;68
1000;64
1001;79
1002;28
1003;20
1004;2
1005;1
1006;34
1007;44
1008;3
1009;4
1010;39
1011;33
1012;70
1013;27
1014;23
1015;50
1016;60
1017;55
1018;56
1019;62
1020;54
1021;14
1022;15
1023;72
1024;34
1025;74
1026;63
1027;32
1028;32
1029;10
1030;16
1031;22
1032;58
1033;67
1034;29
1035;22
1036;75
1037;69
1038;39
1039;81
1040;50
1041;57
1042;30
1043;24
1044;19
1045;53
1046;21
1047;48
1048;22
1049;28
1050;19
1051;90
1052;27
1053;31
1054;49
1055;60
1056;68
1057;67
1058;56
1059;43
1060;31
1061;13
1062;49
1063;74
1064;87
1065;32
1066;22
1067;49
1068;70
1069;22
1070;49
1071;29
1072;44
1073;0
1074;1
1075;10
1076;48
1077;46
1078;0
1079;68
1080;57
1081;39
1082;23
1083;15
1084;4
1085;35
1086;42
1087;40
1088;49
1089;18
1090;6
1091;55
1092;56
1093;64
1094;20
1095;37
1096;68
1097;71
1098;70
1099;33
1100;47
1101;49
1102;7
1103;12
1104;68
1105;56
1106;63
1107;37
1108;50
1109;64
1110;50
1111;15
1112;51
1113;36
1114;60
1115;34
1116;14
1117;16
1118;75
1119;80
1120;49
1121;14
1122;10
1123;51
1124;24
1125;56
1126;21
1127;50
1128;41
1129;43
1130;32
1131;4
1132;3
1133;74
1134;32
1135;36
1136;0
1137;74
1138;71
1139;64
1140;59
1141;23
1142;57
1143;57
1144;49
1145;21
1146;52
1147;55
1148;79
1149;47
1150;23
1151;93
1152;60
1153;62
1154;42
1155;17
1156;10
1157;17
1158;61
1159;72
1160;61
1161;38
1162;39
1163;32
1164;69
1165;46
1166;57
1167;56
1168;76
1169;38
1170;46
1171;32
1172;10
1173;15
1174;76
1175;73
1176;22
1177;68
1178;40
1179;80
1180;43
1181;1
1182;5
1183;1
1184;12
1185;3
1186;79
1187;44
1188;33
1189;10
1190;17
1191;50
1192;40
1193;10
1194;11
1195;44
1196;72
1197;47
1198;7
1199;55
1200;98
1201;59
1202;43
1203;51
1204;43
1205;13
1206;17
1207;19
1208;33
1209;9
1210;7
1211;34
1212;40
1213;12
1214;72
1215;28
1216;13
1217;81
1218;68
1219;31
1220;24
1221;57
1222;64
1223;28
1224;81
1225;25
1226;19
1227;3
1228;7
1229;33
1230;51
1231;67
1232;58
1233;34
1234;49
1235;58
1236;71
1237;49
1238;38
1239;8
1240;11
1241;53
1242;22
1243;60
1244;77
1245;40
1246;21
1247;0
1248;2
1249;13
1250;44
1251;20
1252;1
1253;51
1254;77
1255;51
1256;28
1257;32
1258;28
1259;1
1260;14
1261;40
1262;28
1263;47
1264;15
1265;3
1266;72
1267;41
1268;26
1269;8
1270;61
1271;49
1272;31
1273;44
1274;4
1275;0
1276;41
1277;27
1278;10
1279;11
1280;51
1281;61
1282;11
1283;18
1284;58
1285;51
1286;95
1287;26
1288;48
1289;27
1290;24
1291;23
1292;54
1293;21
1294;37
1295;39
1296;35
1297;11
1298;40
1299;47
1300;48
1301;81
1302;79
1303;87
1304;66
1305;40
1306;68
1307;31
1308;12
1309;83
1310;51
1311;36
1312;73
1313;49
1314;72
1315;62
1316;35
1317;58
1318;11
1319;12
1320;41
1321;72
1322;72
1323;28
1324;22
1325;69
1326;39
1327;31
1328;50
1329;29
1330;13
1331;18
1332;40
1333;34
1334;16
1335;56
1336;22
1337;58
1338;64
1339;61
1340;33
1341;9
1342;15
1343;9
1344;40
1345;22
1346;3
1347;2
1348;85
1349;24
1350;46
1351;51
1352;65
1353;25
1354;37
1355;50
1356;57
1357;26
1358;14
1359;52
1360;57
1361;56
1362;68
1363;68
1364;34
1365;25
1366;9
1367;1
1368;9
1369;63
1370;18
1371;48
1372;94
1373;55
1374;52
1375;42
1376;48
1377;16
1378;14
1379;17
1380;60
1381;68
1382;39
1383;21
1384;66
1385;34
1386;36
1387;13
1388;8
1389;58
1390;66
1391;75
1392;74
1393;60
1394;49
1395;15
1396;13
1397;7
1398;20
1399;22
1400;54
1401;31
1402;11
1403;4
1404;23
1405;28
1406;9
1407;0
1408;70
1409;72
1410;42
1411;21
1412;22
1413;42
1414;25
1415;32
1416;25
1417;48
1418;5
1419;4
1420;1
1421;0
1422;33
1423;20
1424;13
1425;0
1426;71
1427;48
1428;47
1429;35
1430;58
1431;9
1432;31
1433;36
1434;18
1435;5
1436;61
1437;75
1438;42
1439;37
1440;13
1441;0
1442;12
1443;84
1444;19
1445;28
1446;34
1447;7
1448;33
1449;15
1450;16
1451;31
1452;58
1453;11
1454;11
1455;48
1456;57
1457;11
1458;13
1459;12
1460;54
1461;59
1462;64
1463;54
1464;72
1465;61
1466;71
1467;63
1468;59
1469;76
1470;76
1471;65
1472;47
1473;64
1474;65
1475;49
1476;33
1477;4
1478;49
1479;76
1480;61
1481;15
1482;7
1483;68
1484;67
1485;27
1486;44
1487;17
1488;18
1489;17
1490;44
1491;77
1492;30
1493;26
1494;4
1495;26
1496;64
1497;15
1498;16
1499;13
1500;45
1501;32
1502;15
1503;16
1504;59
1505;55
1506;49
1507;26
1508;41
1509;71
1510;83
1511;75
1512;37
1513;66
1514;19
1515;68
1516;54
1517;81
1518;55
1519;59
1520;45
1521;9
1522;38
1523;51
1524;66
1525;76
1526;50
1527;26
1528;43
1529;48
1530;11
1531;68
1532;51
1533;26
1534;67
1535;61
1536;56
1537;69
1538;35
1539;59
1540;10
1541;16
1542;70
1543;40
1544;54
1545;66
1546;70
1547;56
1548;73
1549;62
1550;42
1551;54
1552;8
1553;18
1554;86
1555;29
1556;58
1557;77
1558;51
1559;77
1560;53
1561;69
1562;36
1563;84
1564;79
1565;63
1566;36
1567;64
1568;66
1569;20
1570;60
1571;72
1572;33
1573;16
1574;16
1575;51
1576;23
1577;58
1578;29
1579;48
1580;31
1581;1
1582;4
1583;52
1584;72
1585;19
1586;34
1587;33
1588;35
1589;11
1590;6
1591;26
1592;78
1593;23
1594;58
1595;22
1596;56
1597;42
1598;24
1599;29
1600;52
1601;88
1602;36
1603;50
1604;11
1605;6
1606;63
1607;63
1608;39
1609;36
1610;5
1611;15
1612;50
1613;55
1614;11
1615;65
1616;89
1617;41
1618;85
1619;75
1620;34
1621;9
1622;10
1623;68
1624;62
1625;52
1626;84
1627;74
1628;55
1629;47
1630;41
1631;49
1632;4
1633;9
1634;46
1635;50
1636;18
1637;15
1638;45
1639;61
1640;73
1641;43
1642;43
1643;17
1644;64
1645;57
1646;16
1647;13
1648;15
1649;16
1650;66
1651;71
1652;56
1653;15
1654;10
1655;38
1656;15
1657;18
1658;64
1659;34
1660;65
1661;37
1662;27
1663;28
1664;5
1665;11
1666;30
1667;25
1668;4
1669;8
1670;57
1671;25
1672;21
1673;25
1674;67
1675;35
1676;84
1677;50
1678;80
1679;27
1680;35
1681;0
1682;1
1683;60
1684;68
1685;64
1686;46
1687;15
1688;14
1689;54
1690;48
1691;37
1692;57
1693;42
1694;42
1695;7
1696;37
1697;26
1698;16
1699;57
1700;38
1701;6
1702;71
1703;68
1704;65
1705;72
1706;57
1707;46
1708;62
1709;74
1710;63
1711;34
1712;63
1713;13
1714;6
1715;52
1716;60
1717;62
1718;8
1719;7
1720;32
1721;72
1722;32
1723;19
1724;5
1725;16
1726;32
1727;26
1728;11
1729;28
1730;25
1731;67
1732;42
1733;87
1734;37
1735;46
1736;43
1737;3
1738;10
1739;50
1740;52
1741;72
1742;52
1743;76
1744;51
1745;47
1746;11
1747;68
1748;25
1749;21
1750;31
1751;69
1752;78
1753;26
1754;45
1755;57
1756;77
1757;55
1758;58
1759;37
1760;11
1761;13
1762;23
1763;20
1764;78
1765;66
1766;74
1767;77
1768;69
1769;39
1770;48
1771;18
1772;16
1773;31
1774;51
1775;34
1776;6
1777;17
1778;54
1779;80
1780;69
1781;35
1782;30
1783;4
1784;13
1785;29
1786;60
1787;67
1788;71
1789;82
1790;63
1791;95
1792;68
1793;56
1794;21
1795;20
1796;36
1797;73
1798;49
1799;36
1800;62
1801;54
1802;34
1803;33
1804;32
1805;16
1806;7
1807;10
1808;34
1809;22
1810;63
1811;38
1812;70
1813;47
1814;20
1815;71
1816;35
1817;23
1818;50
1819;6
1820;12
1821;54
1822;38
1823;53
1824;81
1825;27
1826;28
1827;32
1828;14
1829;9
1830;69
1831;47
1832;27
1833;1
1834;18
1835;87
1836;48
1837;49
1838;27
1839;16
1840;1
1841;71
1842;53
1843;19
1844;62
1845;31
1846;41
1847;31
1848;2
1849;5
1850;5
1851;21
1852;45
1853;29
1854;16
1855;26
1856;62
1857;58
1858;63
1859;71
1860;71
1861;75
1862;44
1863;83
1864;46
1865;9
1866;15
1867;41
1868;64
1869;18
1870;13
1871;84
1872;37
1873;59
1874;63
1875;26
1876;37
1877;1
1878;14
1879;39
1880;47
1881;12
1882;21
1883;37
1884;12
1885;10
1886;41
1887;82
1888;75
1889;62
1890;54
1891;65
1892;27
1893;56
1894;56
1895;55
1896;70
1897;60
1898;69
1899;75
1900;47
1901;45
1902;83
1903;81
1904;72
1905;49
1906;20
1907;13
1908;4
1909;44
1910;11
1911;36
1912;26
1913;17
1914;17
1915;9
1916;49
1917;37
1918;18
1919;14
1920;32
1921;64
1922;52
1923;54
1924;14
1925;13
1926;53
1927;57
1928;24
1929;23
1930;41
1931;50
1932;14
1933;6
1934;16
1935;71
1936;53
1937;52
1938;71
1939;64
1940;67
1941;54
1942;19
1943;24
1944;25
1945;56
1946;72
1947;87
1948;47
1949;13
1950;36
1951;20
1952;63
1953;31
1954;78
1955;52
1956;70
1957;71
1958;62
1959;42
1960;55
1961;9
1962;11
1963;62
1964;25
1965;35
1966;2
1967;83
1968;36
1969;87
1970;39
1971;58
1972;64
1973;60
1974;47
1975;45
1976;13
1977;66
1978;41
1979;37
1980;9
1981;7
1982;66
1983;72
1984;20
1985;27
1986;10
1987;16
1988;16
1989;66
1990;57
1991;53
1992;74
1993;62
1994;20
1995;23
1996;69
1997;45
1998;59
1999;16
2000;9
2001;43
2002;33
2003;7
2004;43
2005;58
2006;11
2007;11
2008;58
2009;72
2010;39
2011;18
2012;7
2013;60
2014;66
2015;20
2016;56
2017;44
2018;23
2019;6
2020;17
2021;5
2022;42
2023;51
2024;15
2025;9
2026;24
2027;53
2028;61
2029;32
2030;8
2031;10
2032;51
2033;66
2034;68
2035;82
2036;33
2037;54
2038;61
2039;8
2040;15
2041;15
2042;82
2043;83
2044;61
2045;23
2046;21
2047;24
2048;36
2049;51
2050;65
2051;66
2052;70
2053;84
2054;72
2055;48
2056;56
2057;36
2058;10
2059;13
2060;13
2061;55
2062;64
2063;49
2064;57
2065;52
2066;20
2067;38
2068;43
2069;68
2070;61
2071;24
2072;91
2073;38
2074;25
2075;61
2076;23
2077;22
2078;60
2079;62
2080;14
2081;79
2082;68
2083;38
2084;55
2085;12
2086;16
2087;79
2088;30
2089;42
2090;51
2091;29
2092;31
2093;5
2094;74
2095;53
2096;23
2097;68
2098;30
2099;56
2100;6
2101;12
2102;38
2103;41
2104;36
2105;1
2106;6
2107;73
2108;58
2109;73
2110;55
2111;52
2112;58
2113;43
2114;61
2115;62
2116;50
2117;66
2118;72
2119;55
2120;46
2121;58
2122;30
2123;72
2124;29
2125;72
2126;82
2127;66
2128;84
2129;43
2130;31
2131;18
2132;6
2133;62
2134;48
2135;8
2136;12
2137;13
2138;46
2139;5
2140;3
2141;58
2142;65
2143;61
2144;78
2145;96
2146;33
2147;60
2148;54
2149;61
2150;27
2151;75
2152;48
2153;85
2154;33
2155;25
2156;29
2157;5
2158;0
2159;54
2160;22
2161;49
2162;27
2163;13
2164;9
2165;52
2166;71
2167;66
2168;85
2169;65
2170;35
2171;82
2172;47
2173;25
2174;32
2175;18
2176;13
2177;5
2178;32
2179;39
2180;35
2181;78
2182;51
2183;56
2184;88
2185;49
2186;34
2187;3
2188;0
2189;54
2190;25
2191;83
2192;62
2193;21
2194;51
2195;81
2196;33
2197;28
2198;73
2199;82
2200;35
2201;73
2202;65
2203;24
2204;86
2205;24
2206;83
2207;55
2208;49
2209;58
2210;61
2211;19
2212;31
2213;62
2214;82
2215;73
2216;38
2217;48
2218;10
2219;13
2220;39
2221;34
2222;17
2223;13
2224;7
2225;15
2226;54
2227;66
2228;26
2229;28
2230;10
2231;17
2232;47
2233;84
2234;39
2235;31
2236;16
2237;9
2238;65
2239;22
2240;63
2241;28
2242;64
2243;6
2244;55
2245;21
2246;38
2247;37
2248;13
2249;17
2250;60
2251;52
2252;21
2253;20
2254;48
2255;47
2256;12
2257;10
2258;47
2259;57
2260;79
2261;49
2262;59
2263;9
2264;18
2265;63
2266;47
2267;48
2268;4
2269;62
2270;59
2271;51
2272;54
2273;7
2274;10
2275;10
2276;71
2277;42
2278;38
2279;73
2280;52
2281;29
2282;23
2283;21
2284;57
2285;67
2286;64
2287;44
2288;55
2289;16
2290;38
2291;39
2292;7
2293;19
2294;51
2295;72
2296;68
2297;40
2298;14
2299;12
2300;48
2301;46
2302;11
2303;13
2304;85
2305;74
2306;58
2307;70
2308;69
2309;66
2310;52
2311;57
2312;82
2313;64
2314;46
2315;60
2316;20
2317;66
2318;23
2319;21
2320;87
2321;21
2322;21
2323;66
2324;51
2325;25
2326;41
2327;16
2328;64
2329;30
2330;38
2331;3
2332;48
2333;13
2334;32
2335;35
2336;4
2337;1
2338;54
2339;74
2340;38
2341;46
2342;50
2343;9
2344;16
2345;53
2346;33
2347;14
2348;15
2349;41
2350;34
2351;7
2352;41
2353;32
2354;52
2355;61
2356;87
2357;78
2358;61
2359;67
2360;74
2361;37
2362;51
2363;49
2364;18
2365;16
2366;70
2367;78
2368;34
2369;49
2370;46
2371;73
2372;24
2373;38
2374;2
2375;0
2376;69
2377;53
2378;33
2379;69
2380;73
2381;65
2382;56
2383;62
2384;34
2385;59
2386;10
2387;9
2388;36
2389;41
2390;17
2391;67
2392;34
2393;30
2394;41
2395;32
2396;18
2397;22
2398;67
2399;28
2400;21
2401;23
2402;45
2403;27
2404;38
2405;84
2406;52
2407;23
2408;62
2409;56
2410;47
2411;47
2412;12
2413;13
2414;57
2415;85
2416;93
2417;44
2418;53
2419;24
2420;59
2421;71
2422;66
2423;47
2424;73
2425;59
2426;74
2427;49
2428;88
2429;69
2430;33
2431;31
2432;10
2433;41
2434;50
2435;60
2436;14
2437;18
2438;57
2439;25
2440;57
2441;38
2442;66
2443;64
2444;72
2445;50
2446;28
2447;33
2448;1
2449;1
2450;29
2451;39
2452;62
2453;55
2454;58
2455;53
2456;50
2457;49
2458;6
2459;64
2460;55
2461;52
2462;57
2463;50
2464;25
2465;46
2466;72
2467;20
2468;61
2469;75
2470;51
2471;75
2472;56
2473;54
2474;28
2475;54
2476;10
2477;17
2478;33
2479;74
2480;49
2481;31
2482;76
2483;81
2484;59
2485;91
2486;53
2487;38
2488;23
2489;5
2490;14
2491;51
2492;67
2493;55
2494;48
2495;59
2496;37
2497;39
2498;19
2499;19
2500;62
2501;53
2502;23
2503;68
2504;66
2505;36
2506;68
2507;21
2508;43
2509;57
2510;11
2511;39
2512;37
2513;10
2514;1
2515;53
2516;39
2517;27
2518;4
2519;5
2520;77
2521;25
2522;24
2523;37
2524;36
2525;5
2526;2
2527;70
2528;22
2529;63
2530;61
2531;58
2532;79
2533;24
2534;23
2535;54
2536;69
2537;83
2538;59
2539;32
2540;41
2541;5
2542;1
2543;56
2544;48
2545;13
2546;53
2547;82
2548;69
2549;26
2550;67
2551;22
2552;51
2553;33
2554;51
2555;37
2556;33
2557;68
2558;58
2559;47
2560;59
2561;27
2562;29
2563;65
2564;60
2565;36
2566;29
2567;11
2568;34
2569;52
2570;13
2571;46
2572;58
2573;57
2574;59
2575;57
2576;70
2577;65
2578;25
2579;27
2580;23
2581;24
2582;24
2583;91
2584;57
2585;63
2586;73
2587;74
2588;68
2589;19
2590;24
2591;1
2592;67
2593;64
2594;19
2595;52
2596;82
2597;29
2598;55
2599;70
2600;75
2601;46
2602;70
2603;71
2604;51
2605;75
2606;20
2607;32
2608;66
2609;36
2610;64
2611;52
2612;32
2613;47
2614;31
2615;5
2616;8
2617;3
2618;22
2619;48
2620;56
2621;35
2622;7
2623;11
2624;12
2625;35
2626;29
2627;28
2628;32
2629;4
2630;17
2631;13
2632;27
2633;42
2634;4
2635;67
2636;55
2637;41
2638;28
2639;47
2640;61
2641;28
2642;65
2643;62
2644;59
2645;7
2646;10
2647;82
2648;67
2649;31
2650;27
2651;13
2652;14
2653;29
2654;82
2655;51
2656;58
2657;22
2658;43
2659;45
2660;19
2661;57
2662;47
2663;27
2664;33
2665;59
2666;16
2667;13
2668;30
2669;9
2670;38
2671;27
2672;16
2673;35
2674;72
2675;82
2676;20
2677;66
2678;90
2679;75
2680;68
2681;56
2682;84
2683;53
2684;58
2685;42
2686;7
2687;15
2688;42
2689;11
2690;58
2691;11
2692;64
2693;82
2694;70
2695;73
2696;63
2697;42
2698;65
2699;44
2700;39
2701;18
2702;13
2703;47
2704;21
2705;88
2706;28
2707;18
2708;9
2709;19
2710;23
2711;90
2712;28
2713;37
2714;9
2715;11
2716;72
2717;56
2718;52
2719;27
2720;29
2721;38
2722;1
2723;35
2724;42
2725;44
2726;62
2727;10
2728;18
2729;43
2730;14
2731;60
2732;47
2733;9
2734;16
2735;22
2736;45
2737;59
2738;15
2739;8
2740;58
2741;46
2742;59
2743;16
2744;16
2745;12
2746;54
2747;26
2748;46
2749;27
2750;12
2751;46
2752;63
2753;37
2754;49
2755;53
2756;22
2757;54
2758;27
2759;27
2760;44
2761;0
2762;10
2763;13
2764;31
2765;53
2766;75
2767;72
2768;51
2769;31
2770;51
2771;46
2772;56
2773;79
2774;91
2775;83
2776;32
2777;72
2778;47
2779;34
2780;40
2781;53
2782;17
2783;26
2784;51
2785;18
2786;8
2787;13
2788;11
2789;65
2790;57
2791;22
2792;20
2793;62
2794;38
2795;60
2796;38
2797;50
2798;8
2799;12
2800;47
2801;56
2802;75
2803;19
2804;29
2805;6
2806;14
2807;40
2808;58
2809;55
2810;46
2811;53
2812;65
2813;53
2814;35
2815;24
2816;3
2817;2
2818;84
2819;69
2820;42
2821;38
2822;2
2823;3
2824;13
2825;80
2826;65
2827;47
2828;62
2829;27
2830;38
2831;18
2832;3
2833;58
2834;52
2835;53
2836;82
2837;70
2838;56
2839;64
2840;30
2841;62
2842;35
2843;12
2844;9
2845;47
2846;24
2847;68
2848;69
2849;40
2850;58
2851;43
2852;46
2853;5
2854;2
2855;9
2856;68
2857;46
2858;43
2859;39
2860;7
2861;11
2862;16
2863;18
2864;66
2865;58
2866;59
2867;74
2868;87
2869;55
2870;63
2871;50
2872;78
2873;35
2874;56
2875;63
2876;61
2877;36
2878;17
2879;18
2880;61
2881;70
2882;72
2883;26
2884;58
2885;48
2886;24
2887;48
2888;92
2889;20
2890;31
2891;83
2892;73
2893;51
2894;66
2895;72
2896;72
2897;62
2898;88
2899;49
2900;57
2901;11
2902;12
2903;33
2904;32
2905;1
2906;5
2907;32
2908;37
2909;1
2910;54
2911;68
2912;42
2913;77
2914;47
2915;10
2916;8
2917;81
2918;54
2919;19
2920;75
2921;57
2922;56
2923;24
2924;32
2925;4
2926;12
2927;43
2928;37
2929;0
2930;65
2931;49
2932;73
2933;39
2934;51
2935;43
2936;17
2937;16
2938;63
2939;64
2940;39
2941;35
2942;15
2943;6
2944;27
2945;64
2946;66
2947;55
2948;40
2949;36
2950;5
2951;11
2952;61
2953;22
2954;61
2955;19
2956;25
2957;52
2958;36
2959;45
2960;38
2961;5
2962;46
2963;63
2964;63
2965;16
2966;52
2967;67
2968;65
2969;50
2970;60
2971;16
2972;18
2973;14
2974;14
2975;61
2976;67
2977;19
2978;30
2979;0
2980;1
2981;53
2982;21
2983;74
2984;28
2985;63
2986;60
2987;67
2988;72
2989;54
2990;71
2991;79
2992;57
2993;34
2994;9
2995;14
2996;63
2997;47
2998;53
2999;81
3000;77
3001;41
3002;30
3003;4
3004;19
3005;24
3006;21
3007;25
3008;22
3009;35
3010;46
3011;6
3012;1
3013;68
3014;31
3015;52
3016;27
3017;10
3018;6
3019;56
3020;44
3021;16
3022;18
3023;32
3024;44
3025;7
3026;11
3027;27
3028;21
3029;12
3030;1
3031;9
3032;57
3033;17
3034;13
3035;72
3036;50
3037;74
3038;63
3039;23
3040;25
3041;65
3042;61
3043;63
3044;40
3045;47
3046;59
3047;52
3048;50
3049;8
3050;13
3051;64
3052;29
3053;17
3054;11
3055;11
3056;53
3057;56
3058;61
3059;35
3060;46
3061;49
3062;46
3063;0
3064;54
3065;62
3066;90
3067;45
3068;41
3069;44
3070;14
3071;14
3072;27
3073;85
3074;52
3075;33
3076;62
3077;12
3078;8
3079;68
3080;45
3081;29
3082;56
3083;40
3084;28
3085;4
3086;62
3087;21
3088;37
3089;27
3090;68
3091;32
3092;44
3093;23
3094;20
3095;49
3096;38
3097;63
3098;7
3099;60
3100;88
3101;68
3102;52
3103;58
3104;23
3105;20
3106;2
3107;5
3108;0
3109;51
3110;72
3111;29
3112;38
3113;9
3114;17
3115;44
3116;34
3117;29
3118;35
3119;17
3120;3
3121;3
3122;43
3123;82
3124;74
3125;34
3126;34
3127;68
3128;43
3129;61
3130;73
3131;35
3132;75
3133;67
3134;48
3135;15
3136;34
3137;58
3138;58
3139;68
3140;45
3141;41
3142;9
3143;2
3144;7
3145;63
3146;80
3147;34
3148;35
3149;15
3150;8
3151;83
3152;22
3153;52
3154;54
3155;79
3156;49
3157;32
3158;74
3159;60
3160;71
3161;52
3162;44
3163;22
3164;71
3165;49
3166;70
3167;19
3168;50
3169;11
3170;81
3171;49
3172;47
3173;56
3174;67
3175;55
3176;23
3177;59
3178;31
3179;16
3180;18
3181;60
3182;65
3183;52
3184;35
3185;43
3186;14
3187;3
3188;11
3189;81
3190;74
3191;88
3192;68
3193;63
3194;68
3195;33
3196;39
3197;50
3198;40
3199;36
3200;10
3201;11
3202;27
3203;40
3204;5
3205;17
3206;0
3207;29
3208;22
3209;5
3210;13
3211;43
3212;44
3213;33
3214;11
3215;3
3216;76
3217;35
3218;49
3219;55
3220;34
3221;44
3222;4
3223;5
3224;0
3225;27
3226;20
3227;5
3228;0
3229;49
3230;70
3231;75
3232;34
3233;29
3234;5
3235;12
3236;13
3237;0
3238;50
3239;57
3240;16
3241;8
3242;75
3243;63
3244;56
3245;79
3246;53
3247;33
3248;49
3249;40
3250;13
3251;1
3252;76
3253;61
3254;82
3255;28
3256;78
3257;68
3258;54
3259;76
3260;67
3261;30
3262;37
3263;5
3264;14
3265;66
3266;73
3267;58
3268;49
3269;24
3270;68
3271;24
3272;64
3273;35
3274;21
3275;31
3276;27
3277;28
3278;29
3279;17
3280;68
3281;22
3282;32
3283;62
3284;44
3285;46
3286;14
3287;61
3288;13
3289;75
3290;72
3291;34
3292;19
3293;1
3294;26
3295;14
3296;73
3297;48
3298;74
3299;33
3300;39
3301;1
3302;10
3303;3
3304;19
3305;80
3306;52
3307;57
3308;55
3309;58
3310;81
3311;76
3312;70
3313;51
3314;57
3315;75
3316;34
3317;21
3318;10
3319;8
3320;83
3321;78
3322;23
3323;50
3324;72
3325;20
3326;19
3327;78
3328;80
3329;22
3330;33
3331;17
3332;10
3333;60
3334;16
3335;6
3336;49
3337;12
3338;15
3339;44
3340;62
3341;15
3342;47
3343;57
3344;91
3345;20
3346;48
3347;62
3348;65
3349;49
3350;35
3351;91
3352;20
3353;54
3354;51
3355;79
3356;29
3357;32
3358;12
3359;41
3360;63
3361;7
3362;46
3363;10
3364;41
3365;63
3366;58
3367;23
3368;61
3369;51
3370;21
3371;45
3372;29
3373;17
3374;6
3375;67
3376;52
3377;56
3378;33
3379;60
3380;44
3381;35
3382;2
3383;6
3384;74
3385;42
3386;44
3387;17
3388;13
3389;49
3390;42
3391;45
3392;18
3393;79
3394;73
3395;77
3396;56
3397;51
3398;19
3399;49
3400;65
3401;42
3402;24
3403;19
3404;19
3405;68
3406;72
3407;66
3408;39
3409;28
3410;3
3411;16
3412;43
3413;27
3414;39
3415;20
3416;31
3417;34
3418;3
3419;42
3420;77
3421;27
3422;61
3423;14
3424;46
3425;19
3426;33
3427;68
3428;74
3429;52
3430;13
3431;71
3432;40
3433;42
3434;36
3435;4
3436;1
3437;15
3438;66
3439;19
3440;56
3441;28
3442;29
3443;82
3444;62
3445;28
3446;34
3447;56
3448;24
3449;59
3450;59
3451;15
3452;7
3453;8
3454;12
3455;34
3456;40
3457;15
3458;32
3459;19
3460;65
3461;35
3462;38
3463;38
3464;10
3465;4
3466;4
3467;61
3468;18
3469;18
3470;37
3471;54
3472;35
3473;71
3474;76
3475;67
3476;60
3477;25
3478;68
3479;59
3480;25
3481;53
3482;49
3483;68
3484;79
3485;72
3486;50
3487;63
3488;36
3489;38
3490;39
3491;37
3492;37
3493;69
3494;65
3495;42
3496;60
3497;71
3498;49
3499;25
3500;3
3501;37
3502;30
3503;15
3504;63
3505;53
3506;10
3507;67
3508;29
3509;58
3510;63
3511;58
3512;66
3513;46
3514;50
3515;70
3516;60
3517;81
3518;76
3519;56
3520;84
3521;67
3522;31
3523;37
3524;9
3525;16
3526;52
3527;70
3528;64
3529;68
3530;19
3531;81
3532;59
3533;50
3534;37
3535;64
3536;10
3537;9
3538;72
3539;70
3540;71
3541;55
3542;56
3543;11
3544;35
3545;49
3546;36
3547;11
3548;31
3549;57
3550;48
3551;17
3552;8
3553;46
3554;16
3555;26
3556;53
3557;8
3558;7
3559;80
3560;51
3561;72
3562;53
3563;19
3564;21
3565;70
3566;44
3567;21
3568;6
3569;3
3570;1
3571;55
3572;69
3573;47
3574;68
3575;28
3576;63
3577;55
3578;55
3579;56
3580;13
3581;11
3582;72
3583;54
3584;58
3585;33
3586;15
3587;64
3588;43
3589;52
3590;54
3591;72
3592;31
3593;36
3594;62
3595;59
3596;54
3597;26
3598;69
3599;32
3600;30
3601;17
3602;13
3603;13
3604;18
3605;4
3606;49
3607;60
3608;57
3609;45
3610;11
3611;9
3612;53
3613;25
3614;66
3615;54
3616;64
3617;33
3618;15
3619;47
3620;50
3621;18
3622;9
3623;72
3624;64
3625;76
3626;65
3627;38
3628;56
3629;32
3630;17
3631;16
3632;29
3633;29
3634;64
3635;69
3636;23
3637;62
3638;45
3639;46
3640;7
3641;8
3642;44
3643;63
3644;25
3645;52
3646;74
3647;97
3648;86
3649;67
3650;79
3651;25
3652;29
3653;54
3654;21
3655;61
3656;87
3657;33
3658;30
3659;30
3660;43
3661;2
3662;0
3663;32
3664;21
3665;18
3666;7
3667;50
3668;45
3669;10
3670;13
3671;94
3672;47
3673;33
3674;0
3675;3
3676;70
3677;74
3678;66
3679;23
3680;55
3681;43
3682;33
3683;16
3684;15
3685;52
3686;71
3687;24
3688;45
3689;30
3690;9
3691;14
3692;26
3693;85
3694;56
3695;82
3696;78
3697;63
3698;42
3699;79
3700;59
3701;68
3702;86
3703;23
3704;29
3705;71
3706;21
3707;27
3708;18
3709;50
3710;28
3711;17
3712;16
3713;18
3714;23
3715;61
3716;91
3717;26
3718;24
3719;61
3720;34
3721;29
3722;3
3723;0
3724;11
3725;49
3726;56
3727;33
3728;6
3729;7
3730;52
3731;39
3732;29
3733;30
3734;6
3735;8
3736;27
3737;8
3738;33
3739;62
3740;55
3741;62
3742;62
3743;41
3744;39
3745;36
3746;33
3747;3
3748;1
3749;62
3750;60
3751;33
3752;33
3753;14
3754;51
3755;30
3756;17
3757;13
3758;74
3759;74
3760;65
3761;37
3762;64
3763;71
3764;23
3765;63
3766;66
3767;20
3768;49
3769;22
3770;72
3771;73
3772;70
3773;77
3774;60
3775;41
3776;6
3777;6
3778;68
3779;83
3780;93
3781;45
3782;53
3783;47
3784;43
3785;12
3786;15
3787;65
3788;74
3789;21
3790;41
3791;44
3792;12
3793;33
3794;44
3795;12
3796;18
3797;6
3798;67
3799;53
3800;70
3801;77
3802;55
3803;42
3804;58
3805;43
3806;32
3807;13
3808;60
3809;60
3810;76
3811;79
3812;93
3813;78
3814;62
3815;58
3816;17
3817;18
3818;71
3819;72
3820;81
3821;62
3822;34
3823;29
3824;65
3825;86
3826;30
3827;60
3828;56
3829;19
3830;71
3831;69
3832;40
3833;63
3834;8
3835;71
3836;75
3837;65
3838;61
3839;65
3840;86
3841;68
3842;46
3843;77
3844;51
3845;28
3846;24
3847;17
3848;5
3849;69
3850;26
3851;46
3852;5
3853;28
3854;21
3855;28
3856;34
3857;30
3858;6
3859;6
3860;61
3861;32
3862;74
3863;68
3864;33
3865;36
3866;11
3867;12
3868;1
3869;44
3870;80
3871;31
3872;67
3873;46
3874;37
3875;5
3876;4
3877;6
3878;3
3879;29
3880;62
3881;55
3882;59
3883;32
3884;63
3885;15
3886;16
3887;8
3888;13
3889;28
3890;71
3891;39
3892;43
3893;6
3894;57
3895;38
3896;45
3897;17
3898;40
3899;54
3900;26
3901;33
3902;8
3903;13
3904;74
3905;44
3906;85
3907;66
3908;71
3909;81
3910;64
3911;39
3912;18
3913;11
3914;16
3915;52
3916;17
3917;48
3918;44
3919;11
3920;5
3921;5
3922;75
3923;20
3924;33
3925;55
3926;23
3927;38
3928;61
3929;55
3930;29
3931;34
3932;47
3933;74
3934;51
3935;42
3936;31
3937;0
3938;0
3939;57
3940;28
3941;48
3942;8
3943;7
3944;22
3945;56
3946;68
3947;63
3948;83
3949;55
3950;47
3951;46
3952;28
3953;13
3954;43
3955;55
3956;10
3957;9
3958;22
3959;63
3960;63
3961;40
3962;51
3963;69
3964;81
3965;57
3966;58
3967;59
3968;67
3969;48
3970;56
3971;16
3972;6
3973;41
3974;38
3975;17
3976;16
3977;59
3978;62
3979;25
3980;19
3981;2
3982;20
3983;55
3984;59
3985;53
3986;56
3987;62
3988;12
3989;18
3990;41
3991;57
3992;74
3993;29
3994;28
3995;3
3996;26
3997;23
3998;45
3999;82
4000;81
4001;84
4002;53
4003;91
4004;35
4005;53
4006;14
4007;62
4008;65
4009;70
4010;41
4011;32
4012;9
4013;0
4014;61
4015;70
4016;56
4017;55
4018;16
4019;8
4020;31
4021;32
4022;1
4023;11
4024;63
4025;51
4026;31
4027;32
4028;17
4029;10
4030;23
4031;59
4032;56
4033;58
4034;10
4035;51
4036;28
4037;29
4038;23
4039;46
4040;37
4041;39
4042;16
4043;52
4044;59
4045;14
4046;10
4047;22
4048;26
4049;51
4050;51
4051;38
4052;54
4053;59
4054;60
4055;68
4056;52
4057;22
4058;39
4059;21
4060;9
4061;17
4062;28
4063;37
4064;18
4065;18
4066;56
4067;23
4068;63
4069;53
4070;30
4071;39
4072;12
4073;10
4074;32
4075;17
4076;60
4077;73
4078;53
4079;47
4080;15
4081;7
4082;35
4083;29
4084;4
4085;5
4086;53
4087;19
4088;75
4089;51
4090;50
4091;45
4092;16
4093;6
4094;64
4095;31
4096;85
4097;20
4098;71
4099;51
4100;56
4101;76
4102;45
4103;60
4104;15
4105;7
4106;56
4107;73
4108;96
4109;55
4110;34
4111;18
4112;7
4113;15
4114;53
4115;48
4116;10
4117;8
4118;34
4119;74
4120;70
4121;51
4122;60
4123;50
4124;32
4125;12
4126;9
4127;42
4128;9
4129;37
4130;56
4131;14
4132;9
4133;35
4134;54
4135;17
4136;13
4137;19
4138;58
4139;61
4140;62
4141;56
4142;22
4143;53
4144;68
4145;26
4146;68
4147;77
4148;21
4149;69
4150;31
4151;56
4152;21
4153;80
4154;68
4155;38
4156;47
4157;11
4158;14
4159;8
4160;26
4161;58
4162;36
4163;24
4164;7
4165;3
4166;53
4167;78
4168;44
4169;31
4170;35
4171;3
4172;1
4173;61
4174;54
4175;73
4176;52
4177;81
4178;71
4179;23
4180;37
4181;1
4182;5
4183;33
4184;20
4185;16
4186;3
4187;37
4188;66
4189;66
4190;75
4191;61
4192;47
4193;32
4194;18
4195;17
4196;9
4197;32
4198;50
4199;67
4200;47
4201;61
4202;8
4203;6
4204;10
4205;17
4206;72
4207;57
4208;36
4209;50
4210;15
4211;16
4212;55
4213;74
4214;71
4215;54
4216;49
4217;13
4218;31
4219;46
4220;17
4221;12
4222;30
4223;9
4224;56
4225;45
4226;34
4227;51
4228;6
4229;9
4230;65
4231;59
4232;21
4233;60
4234;68
4235;24
4236;66
4237;19
4238;47
4239;49
4240;33
4241;24
4242;59
4243;26
4244;60
4245;33
4246;8
4247;6
4248;39
4249;57
4250;13
4251;7
4252;34
4253;50
4254;50
4255;10
4256;29
4257;65
4258;66
4259;81
4260;66
4261;52
4262;78
4263;49
4264;43
4265;13
4266;5
4267;66
4268;67
4269;53
4270;57
4271;51
4272;45
4273;47
4274;18
4275;23
4276;21
4277;19
4278;92
4279;81
4280;50
4281;48
4282;76
4283;33
4284;32
4285;2
4286;8
4287;4
4288;68
4289;64
4290;12
4291;35
4292;50
4293;17
4294;6
4295;48
4296;71
4297;69
4298;84
4299;49
4300;29
4301;32
4302;17
4303;10
4304;58
4305;24
4306;47
4307;37
4308;25
4309;58
4310;34
4311;13
4312;7
4313;72
4314;69
4315;65
4316;32
4317;60
4318;59
4319;38
4320;39
4321;2
4322;3
4323;12
4324;73
4325;73
4326;37
4327;39
4328;18
4329;11
4330;44
4331;20
4332;20
4333;19
4334;38
4335;1
4336;93
4337;59
4338;71
4339;60
4340;70
4341;84
4342;64
4343;44
4344;42
4345;16
4346;69
4347;69
4348;38
4349;42
4350;51
4351;74
4352;52
4353;26
4354;45
4355;59
4356;49
4357;6
4358;68
4359;57
4360;35
4361;51
4362;30
4363;56
4364;7
4365;17
4366;31
4367;63
4368;39
4369;44
4370;16
4371;6
4372;16
4373;57
4374;58
4375;38
4376;9
4377;8
4378;13
4379;29
4380;38
4381;13
4382;9
4383;64
4384;81
4385;68
4386;23
4387;44
4388;20
4389;69
4390;31
4391;69
4392;72
4393;20
4394;59
4395;57
4396;53
4397;49
4398;15
4399;14
4400;19
4401;26
4402;58
4403;50
4404;49
4405;51
4406;21
4407;58
4408;62
4409;19
4410;56
4411;23
4412;30
4413;54
4414;50
4415;14
4416;11
4417;63
4418;55
4419;57
4420;18
4421;13
4422;39
4423;61
4424;41
4425;18
4426;77
4427;42
4428;60
4429;13
4430;6
4431;55
4432;82
4433;65
4434;89
4435;19
4436;66
4437;41
4438;50
4439;37
4440;9
4441;10
4442;43
4443;64
4444;52
4445;51
4446;57
4447;19
4448;27
4449;33
4450;18
4451;14
4452;26
4453;82
4454;47
4455;67
4456;90
4457;53
4458;50
4459;72
4460;33
4461;47
4462;45
4463;43
4464;16
4465;14
4466;30
4467;42
4468;4
4469;8
4470;16
4471;49
4472;23
4473;40
4474;61
4475;32
4476;6
4477;14
4478;7
4479;43
4480;12
4481;18
4482;65
4483;36
4484;44
4485;10
4486;12
4487;51
4488;39
4489;32
4490;25
4491;56
4492;70
4493;47
4494;12
4495;63
4496;90
4497;52
4498;48
4499;18
4500;15
4501;18
4502;42
4503;69
4504;67
4505;24
4506;63
4507;47
4508;42
4509;6
4510;4
4511;4
4512;8
4513;26
4514;35
4515;52
4516;70
4517;22
4518;65
4519;59
4520;29
4521;15
4522;17
4523;24
4524;69
4525;28
4526;2
4527;5
4528;50
4529;87
4530;64
4531;55
4532;23
4533;71
4534;21
4535;36
4536;22
4537;21
4538;24
4539;70
4540;19
4541;20
4542;82
4543;38
4544;54
4545;17
4546;18
4547;92
4548;54
4549;50
4550;17
4551;9
4552;81
4553;58
4554;48
4555;32
4556;5
4557;3
4558;14
4559;51
4560;51
4561;55
4562;62
4563;8
4564;10
4565;70
4566;57
4567;62
4568;72
4569;26
4570;1
4571;0
4572;5
4573;67
4574;72
4575;48
4576;53
4577;11
4578;16
4579;67
4580;61
4581;83
4582;25
4583;57
4584;43
4585;75
4586;61
4587;60
4588;19
4589;29
4590;26
4591;39
4592;12
4593;11
4594;47
4595;75
4596;49
4597;29
4598;4
4599;2
4600;59
4601;57
4602;26
4603;41
4604;13
4605;3
4606;77
4607;57
4608;31
4609;24
4610;68
4611;68
4612;37
4613;44
4614;66
4615;60
4616;75
4617;90
4618;54
4619;66
4620;61
4621;35
4622;22
4623;55
4624;52
4625;47
4626;26
4627;24
4628;2
4629;12
4630;63
4631;91
4632;41
4633;34
4634;17
4635;16
4636;59
4637;35
4638;43
4639;22
4640;1
4641;6
4642;28
4643;53
4644;77
4645;60
4646;34
4647;39
4648;9
4649;6
4650;44
4651;13
4652;18
4653;66
4654;19
4655;32
4656;52
4657;8
4658;18
4659;32
4660;35
4661;3
4662;2
4663;34
4664;19
4665;61
4666;24
4667;46
4668;75
4669;55
4670;47
4671;46
4672;68
4673;49
4674;75
4675;53
4676;34
4677;58
4678;66
4679;63
4680;59
4681;64
4682;37
4683;14
4684;9
4685;9
4686;6
4687;68
4688;71
4689;42
4690;60
4691;64
4692;71
4693;71
4694;56
4695;30
4696;10
4697;10
4698;11
4699;10
4700;32
4701;68
4702;62
4703;55
4704;10
4705;12
4706;18
4707;42
4708;53
4709;47
4710;32
4711;15
4712;16
4713;9
4714;61
4715;25
4716;52
4717;25
4718;43
4719;50
4720;8
4721;9
4722;16
4723;62
4724;41
4725;22
4726;9
4727;14
4728;35
4729;9
4730;21
4731;68
4732;82
4733;68
4734;54
4735;66
4736;47
4737;33
4738;58
4739;76
4740;76
4741;72
4742;23
4743;63
4744;45
4745;72
4746;55
4747;32
4748;8
4749;17
4750;14
4751;21
4752;26
4753;1
4754;1
4755;64
4756;62
4757;81
4758;48
4759;33
4760;30
4761;5
4762;18
4763;14
4764;79
4765;48
4766;49
4767;91
4768;69
4769;49
4770;48
4771;11
4772;3
4773;61
4774;57
4775;76
4776;42
4777;44
4778;58
4779;6
4780;18
4781;17
4782;34
4783;13
4784;15
4785;69
4786;32
4787;9
4788;51
4789;57
4790;18
4791;36
4792;43
4793;0
4794;7
4795;81
4796;70
4797;60
4798;70
4799;76
4800;94
4801;32
4802;42
4803;1
4804;0
4805;2
4806;1
4807;37
4808;26
4809;12
4810;10
4811;62
4812;29
4813;7
4814;11
4815;63
4816;62
4817;47
4818;33
4819;3
4820;5
4821;31
4822;33
4823;7
4824;64
4825;39
4826;9
4827;9
4828;79
4829;72
4830;43
4831;55
4832;57
4833;45
4834;43
4835;71
4836;56
4837;36
4838;14
4839;18
4840;16
4841;37
4842;49
4843;11
4844;9
4845;32
4846;20
4847;45
4848;5
4849;13
4850;37
4851;63
4852;35
4853;43
4854;5
4855;8
4856;37
4857;44
4858;72
4859;51
4860;24
4861;36
4862;35
4863;12
4864;9
4865;17
4866;23
4867;39
4868;8
4869;2
4870;45
4871;28
4872;2
4873;18
4874;3
4875;43
4876;38
4877;60
4878;40
4879;55
4880;73
4881;69
4882;51
4883;74
4884;42
4885;14
4886;30
4887;30
4888;16
4889;5
4890;50
4891;36
4892;9
4893;10
4894;69
4895;63
4896;73
4897;34
4898;32
4899;17
4900;54
4901;37
4902;10
4903;18
4904;29
4905;65
4906;42
4907;62
4908;16
4909;62
4910;53
4911;38
4912;58
4913;54
4914;14
4915;13
4916;74
4917;31
4918;24
4919;10
4920;4
4921;3
4922;66
4923;19
4924;59
4925;53
4926;72
4927;51
4928;54
4929;41
4930;30
4931;52
4932;66
4933;32
4934;64
4935;14
4936;16
4937;39
4938;62
4939;18
4940;13
4941;26
4942;60
4943;8
4944;13
4945;46
4946;75
4947;38
4948;12
4949;31
4950;43
4951;24
4952;23
4953;47
4954;41
4955;38
4956;3
4957;58
4958;38
4959;47
4960;9
4961;14
4962;22
4963;31
4964;63
4965;69
4966;44
4967;33
4968;17
4969;29
4970;54
4971;6
4972;10
4973;26
4974;76
4975;69
4976;68
4977;24
4978;23
4979;33
4980;68
4981;76
4982;44
4983;51
4984;70
4985;48
4986;19
4987;50
4988;47
4989;73
4990;64
4991;68
4992;66
4993;32
4994;22
4995;0
4996;5
4997;40
4998;76
4999;50
5000;68
5001;69
5002;20
5003;37
5004;24
5005;43
5006;18
5007;1
5008;76
5009;26
5010;70
5011;67
5012;63
5013;69
5014;23
5015;21
5016;51
5017;33
5018;37
5019;18
5020;15
5021;7
5022;43
5023;46
5024;4
5025;4
5026;30
5027;16
5028;34
5029;22
5030;19
5031;29
5032;26
5033;3
5034;0
5035;50
5036;66
5037;37
5038;52
5039;13
5040;57
5041;19
5042;63
5043;20
5044;24
5045;91
5046;21
5047;28
5048;1
5049;12
5050;2
5051;46
5052;63
5053;8
5054;31
5055;30
5056;35
5057;2
5058;3
5059;82
5060;67
5061;51
5062;14
5063;62
5064;67
5065;64
5066;70
5067;51
5068;75
5069;68
5070;59
5071;68
5072;71
5073;70
5074;37
5075;52
5076;22
5077;58
5078;49
5079;81
5080;67
5081;42
5082;50
5083;63
5084;72
5085;26
5086;73
5087;22
5088;60
5089;56
5090;43
5091;34
5092;34
5093;4
5094;6
5095;61
5096;65
5097;64
5098;57
5099;39
5100;36
5101;17
5102;18
5103;27
5104;68
5105;47
5106;69
5107;30
5108;17
5109;15
5110;3
5111;3
5112;0
5113;53
5114;14
5115;22
5116;12
5117;67
5118;32
5119;29
5120;24
5121;38
5122;41
5123;17
5124;12
5125;82
5126;21
5127;65
5128;81
5129;39
5130;65
5131;55
5132;69
5133;23
5134;53
5135;64
5136;38
5137;6
5138;13
5139;51
5140;49
5141;49
5142;48
5143;54
5144;33
5145;12
5146;21
5147;47
5148;36
5149;38
5150;6
5151;5
5152;27
5153;43
5154;2
5155;0
5156;38
5157;22
5158;70
5159;49
5160;57
5161;44
5162;16
5163;38
5164;14
5165;13
5166;37
5167;71
5168;36
5169;19
5170;17
5171;66
5172;72
5173;55
5174;39
5175;65
5176;65
5177;73
5178;47
5179;60
5180;56
5181;64
5182;67
5183;54
5184;22
5185;23
5186;73
5187;23
5188;57
5189;52
5190;16
5191;49
5192;38
5193;4
5194;13
5195;22
5196;31
5197;0
5198;39
5199;41
5200;18
5201;12
5202;55
5203;61
5204;31
5205;49
5206;22
5207;62
5208;52
5209;56
5210;6
5211;72
5212;68
5213;67
5214;66
5215;54
5216;53
5217;67
5218;63
5219;40
5220;26
5221;7
5222;18
5223;46
5224;55
5225;85
5226;71
5227;59
5228;33
5229;47
5230;10
5231;14
5232;8
5233;33
5234;13
5235;73
5236;55
5237;28
5238;33
5239;16
5240;6
5241;67
5242;70
5243;74
5244;76
5245;74
5246;32
5247;59
5248;13
5249;7
5250;60
5251;73
5252;23
5253;64
5254;54
5255;19
5256;20
5257;19
5258;70
5259;39
5260;56
5261;38
5262;64
5263;53
5264;80
5265;24
5266;1
5267;2
5268;1
5269;63
5270;53
5271;34
5272;58
5273;43
5274;45
5275;76
5276;19
5277;38
5278;0
5279;32
5280;20
5281;10
5282;0
5283;63
5284;57
5285;28
5286;38
5287;4
5288;17
5289;8
5290;37
5291;53
5292;7
5293;44
5294;39
5295;8
5296;9
5297;68
5298;57
5299;68
5300;69
5301;48
5302;59
5303;78
5304;42
5305;87
5306;43
5307;54
5308;67
5309;57
5310;70
5311;86
5312;46
5313;56
5314;53
5315;72
5316;65
5317;94
5318;27
5319;27
5320;2
5321;3
5322;44
5323;48
5324;3
5325;3
5326;56
5327;66
5328;21
5329;66
5330;60
5331;38
5332;13
5333;45
5334;46
5335;15
5336;17
5337;7
5338;45
5339;6
5340;68
5341;24
5342;25
5343;22
5344;53
5345;45
5346;36
5347;18
5348;2
5349;57
5350;17
5351;11
5352;57
5353;55
5354;45
5355;20
5356;4
5357;0
5358;59
5359;22
5360;59
5361;38
5362;44
5363;13
5364;14
5365;29
5366;40
5367;1
5368;1
5369;0
5370;54
5371;57
5372;64
5373;13
5374;45
5375;32
5376;8
5377;6
5378;68
5379;61
5380;79
5381;46
5382;70
5383;47
5384;42
5385;31
5386;5
5387;18
5388;25
5389;64
5390;65
5391;39
5392;53
5393;23
5394;21
5395;53
5396;78
5397;34
5398;50
5399;11
5400;7
5401;45
5402;49
5403;62
5404;60
5405;22
5406;51
5407;26
5408;59
5409;16
5410;8
5411;13
5412;70
5413;62
5414;68
5415;52
5416;61
5417;40
5418;32
5419;8
5420;50
5421;46
5422;16
5423;16
5424;61
5425;31
5426;12
5427;16
5428;39
5429;35
5430;4
5431;3
5432;2
5433;65
5434;64
5435;30
5436;38
5437;13
5438;0
5439;63
5440;66
5441;60
5442;45
5443;18
5444;38
5445;41
5446;10
5447;2
5448;0
5449;5
5450;55
5451;51
5452;78
5453;73
5454;49
5455;43
5456;37
5457;74
5458;29
5459;42
5460;9
5461;80
5462;72
5463;34
5464;38
5465;2
5466;3
5467;5
5468;46
5469;39
5470;7
5471;57
5472;62
5473;25
5474;48
5475;48
5476;93
5477;28
5478;29
5479;5
5480;1
5481;72
5482;52
5483;37
5484;25
5485;1
5486;2
5487;4
5488;3
5489;65
5490;55
5491;28
5492;37
5493;49
5494;14
5495;50
5496;57
5497;18
5498;53
5499;60
5500;60
5501;47
5502;64
5503;58
5504;13
5505;7
5506;47
5507;47
5508;54
5509;27
5510;42
5511;15
5512;46
5513;35
5514;47
5515;25
5516;7
5517;0
5518;66
5519;32
5520;41
5521;40
5522;17
5523;10
5524;12
5525;10
5526;63
5527;59
5528;42
5529;20
5530;12
5531;35
5532;68
5533;66
5534;58
5535;22
5536;29
5537;0
5538;5
5539;32
5540;68
5541;20
5542;53
5543;31
5544;37
5545;25
5546;67
5547;23
5548;69
5549;57
5550;25
5551;51
5552;62
5553;26
5554;17
5555;78
5556;52
5557;57
5558;30
5559;50
5560;22
5561;32
5562;61
5563;22
5564;25
5565;32
5566;2
5567;4
5568;5
5569;2
5570;13
5571;1
5572;80
5573;61
5574;79
5575;36
5576;68
5577;47
5578;29
5579;2
5580;12
5581;47
5582;47
5583;68
5584;46
5585;47
5586;6
5587;8
5588;43
5589;7
5590;14
5591;71
5592;55
5593;27
5594;21
5595;39
5596;25
5597;19
5598;25
5599;24
5600;38
5601;35
5602;39
5603;4
5604;0
5605;4
5606;3
5607;63
5608;38
5609;15
5610;15
5611;60
5612;24
5613;23
5614;26
5615;19
5616;74
5617;68
5618;65
5619;30
5620;55
5621;63
5622;46
5623;40
5624;4
5625;8
5626;63
5627;41
5628;42
5629;15
5630;1
5631;76
5632;84
5633;66
5634;58
5635;89
5636;70
5637;70
5638;90
5639;23
5640;44
5641;88
5642;77
5643;64
5644;47
5645;9
5646;46
5647;9
5648;8
5649;38
5650;48
5651;13
5652;59
5653;47
5654;8
5655;9
5656;67
5657;79
5658;59
5659;68
5660;58
5661;43
5662;42
5663;13
5664;28
5665;59
5666;57
5667;68
5668;79
5669;96
5670;41
5671;62
5672;31
5673;28
5674;1
5675;4
5676;61
5677;41
5678;57
5679;45
5680;22
5681;61
5682;19
5683;64
5684;62
5685;6
5686;12
5687;42
5688;33
5689;1
5690;41
5691;55
5692;18
5693;9
5694;10
5695;29
5696;45
5697;9
5698;1
5699;77
5700;51
5701;47
5702;52
5703;64
5704;64
5705;83
5706;39
5707;30
5708;48
5709;11
5710;10
5711;8
5712;16
5713;86
5714;59
5715;67
5716;23
5717;19
5718;52
5719;43
5720;91
5721;51
5722;40
5723;63
5724;53
5725;98
5726;75
5727;55
5728;20
5729;59
5730;86
5731;65
5732;19
5733;39
5734;44
5735;55
5736;45
5737;69
5738;72
5739;64
5740;69
5741;32
5742;55
5743;67
5744;54
5745;63
5746;40
5747;34
5748;18
5749;2
5750;61
5751;7
5752;13
5753;30
5754;33
5755;18
5756;9
5757;42
5758;25
5759;67
5760;63
5761;57
5762;55
5763;25
5764;25
5765;26
5766;85
5767;40
5768;7
5769;57
5770;55
5771;69
5772;70
5773;61
5774;45
5775;41
5776;16
5777;0
5778;57
5779;40
5780;8
5781;10
5782;60
5783;35
5784;60
5785;58
5786;41
5787;44
5788;7
5789;42
5790;64
5791;15
5792;7
5793;17
5794;60
5795;70
5796;19
5797;84
5798;64
5799;48
5800;63
5801;23
5802;26
5803;25
5804;5
5805;5
5806;3
5807;24
5808;47
5809;75
5810;69
5811;48
5812;28
5813;6
5814;6
5815;40
5816;19
5817;3
5818;2
5819;48
5820;52
5821;74
5822;64
5823;43
5824;59
5825;29
5826;76
5827;33
5828;85
5829;45
5830;17
5831;22
5832;80
5833;32
5834;38
5835;55
5836;17
5837;16
5838;17
5839;79
5840;58
5841;65
5842;42
5843;38
5844;55
5845;6
5846;48
5847;59
5848;11
5849;36
5850;13
5851;18
5852;57
5853;40
5854;8
5855;17
5856;55
5857;21
5858;40
5859;63
5860;63
5861;19
5862;47
5863;52
5864;46
5865;50
5866;13
5867;9
5868;37
5869;68
5870;51
5871;81
5872;96
5873;47
5874;60
5875;70
5876;29
5877;58
5878;60
5879;11
5880;33
5881;18
5882;48
5883;33
5884;54
5885;12
5886;18
5887;52
5888;14
5889;49
5890;88
5891;24
5892;19
5893;67
5894;19
5895;50
5896;41
5897;8
5898;14
5899;12
5900;16
5901;24
5902;44
5903;78
5904;87
5905;41
5906;35
5907;3
5908;10
5909;45
5910;56
5911;56
5912;33
5913;4
5914;5
5915;16
5916;3
5917;4
5918;66
5919;59
5920;55
5921;20
5922;68
5923;30
5924;78
5925;67
5926;36
5927;19
5928;2
5929;4
5930;54
5931;51
5932;78
5933;51
5934;52
5935;50
5936;17
5937;44
5938;30
5939;5
5940;51
5941;90
5942;20
5943;33
5944;21
5945;31
5946;32
5947;28
5948;9
5949;4
5950;5
5951;49
5952;69
5953;39
5954;45
5955;3
5956;7
5957;5
5958;45
5959;21
5960;13
5961;16
5962;57
5963;34
5964;10
5965;15
5966;40
5967;19
5968;22
5969;48
5970;53
5971;10
5972;11
5973;59
5974;40
5975;53
5976;27
5977;36
5978;2
5979;41
5980;47
5981;8
5982;12
5983;26
5984;38
5985;46
5986;49
5987;25
5988;68
5989;68
5990;70
5991;94
5992;19
5993;49
5994;35
5995;4
5996;59
5997;71
5998;29
5999;92
6000;47
6001;38
6002;11
6003;13
6004;47
6005;51
6006;63
6007;23
6008;72
6009;83
6010;68
6011;52
6012;48
6013;45
6014;17
6015;11
6016;9
6017;74
6018;67
6019;66
6020;73
6021;46
6022;70
6023;86
6024;92
6025;30
6026;67
6027;54
6028;25
6029;62
6030;59
6031;51
6032;28
6033;57
6034;58
6035;58
6036;11
6037;10
6038;11
6039;27
6040;54
6041;58
6042;11
6043;13
6044;6
6045;69
6046;59
6047;13
6048;49
6049;52
6050;69
6051;84
6052;81
6053;88
6054;71
6055;78
6056;47
6057;66
6058;40
6059;21
6060;52
6061;40
6062;59
6063;77
6064;76
6065;54
6066;78
6067;38
6068;82
6069;76
6070;37
6071;53
6072;18
6073;6
6074;18
6075;57
6076;56
6077;74
6078;48
6079;62
6080;36
6081;10
6082;17
6083;61
6084;77
6085;29
6086;23
6087;4
6088;15
6089;71
6090;60
6091;75
6092;57
6093;76
6094;46
6095;66
6096;64
6097;14
6098;8
6099;54
6100;56
6101;42
6102;26
6103;45
6104;18
6105;10
6106;50
6107;77
6108;61
6109;57
6110;23
6111;42
6112;44
6113;57
6114;45
6115;25
6116;50
6117;71
6118;56
6119;37
6120;1
6121;5
6122;44
6123;28
6124;17
6125;11
6126;7
6127;47
6128;5
6129;0
6130;5
6131;24
6132;25
6133;72
6134;57
6135;75
6136;77
6137;21
6138;78
6139;31
6140;46
6141;25
6142;34
6143;37
6144;60
6145;22
6146;80
6147;36
6148;43
6149;11
6150;15
6151;2
6152;95
6153;38
6154;33
6155;0
6156;0
6157;5
6158;27
6159;55
6160;64
6161;75
6162;56
6163;53
6164;59
6165;36
6166;9
6167;11
6168;18
6169;40
6170;33
6171;11
6172;94
6173;46
6174;19
6175;58
6176;58
6177;81
6178;32
6179;37
6180;17
6181;11
6182;53
6183;68
6184;90
6185;52
6186;49
6187;67
6188;44
6189;60
6190;62
6191;35
6192;6
6193;16
6194;70
6195;69
6196;69
6197;48
6198;43
6199;4
6200;37
6201;36
6202;35
6203;1
6204;1
6205;0
6206;42
6207;16
6208;51
6209;66
6210;55
6211;62
6212;67
6213;69
6214;89
6215;71
6216;51
6217;72
6218;92
6219;55
6220;78
6221;62
6222;38
6223;29
6224;4
6225;30
6226;43
6227;1
6228;5
6229;37
6230;18
6231;72
6232;71
6233;70
6234;72
6235;41
6236;39
6237;3
6238;4
6239;28
6240;31
6241;62
6242;53
6243;44
6244;50
6245;46
6246;11
6247;17
6248;9
6249;79
6250;49
6251;35
6252;31
6253;81
6254;20
6255;45
6256;32
6257;10
6258;18
6259;68
6260;51
6261;19
6262;51
6263;54
6264;8
6265;37
6266;51
6267;41
6268;53
6269;7
6270;14
6271;26
6272;29
6273;5
6274;14
6275;3
6276;66
6277;19
6278;68
6279;53
6280;27
6281;75
6282;72
6283;56
6284;45
6285;75
6286;56
6287;21
6288;19
6289;23
6290;24
6291;28
6292;43
6293;51
6294;17
6295;53
6296;91
6297;59
6298;6
6299;56
6300;44
6301;73
6302;69
6303;35
6304;61
6305;43
6306;45
6307;18
6308;16
6309;37
6310;16
6311;79
6312;51
6313;62
6314;31
6315;15
6316;26
6317;50
6318;8
6319;17
6320;53
6321;74
6322;66
6323;23
6324;44
6325;46
6326;41
6327;7
6328;80
6329;85
6330;73
6331;76
6332;86
6333;86
6334;101
6335;105
6336;68
6337;87
6338;74
6339;101
6340;89
6341;100
6342;87
6343;99
6344;88
6345;101
6346;69
6347;89
6348;96
6349;86
6350;69
6351;70
6352;74
6353;92
6354;93
6355;68
6356;82
6357;97
6358;92
6359;92
6360;80
6361;74
6362;89
6363;101
6364;105
6365;74
6366;85
6367;105
6368;67
6369;91
6370;92
6371;98
6372;84
6373;96
6374;99
6375;99
6376;88
6377;88
6378;91
6379;79
6380;86
6381;80
6382;85
6383;85
6384;80
6385;97
6386;71
6387;85
6388;93
6389;94
6390;87
6391;88
6392;80
6393;77
6394;93
6395;71
6396;89
6397;76
6398;93
6399;86
6400;73
6401;83
6402;96
6403;84
6404;81
