1;38
2;27
3;1
4;1
5;34
6;62
7;67
8;28
9;46
10;87
11;27
12;55
13;27
14;75
15;34
16;57
17;14
18;23
19;24
20;103
21;31
22;30
23;49
24;4
25;70
26;86
27;31
28;51
29;18
30;8
31;48
32;84
33;55
34;41
35;80
36;30
37;23
38;43
39;55
40;71
41;23
42;21
43;65
44;27
45;79
46;79
47;24
48;66
49;81
50;60
51;48
52;46
53;8
54;9
55;68
56;30
57;68
58;78
59;68
60;20
61;63
62;54
63;48
64;57
65;64
66;33
67;13
68;12
69;43
70;40
71;8
72;6
73;57
74;42
75;60
76;27
77;13
78;7
79;66
80;51
81;58
82;17
83;39
84;26
85;59
86;16
87;58
88;54
89;53
90;64
91;78
92;48
93;45
94;47
95;71
96;68
97;54
98;71
99;53
100;45
101;62
102;8
103;7
104;11
105;36
106;48
107;75
108;27
109;8
110;9
111;52
112;47
113;54
114;20
115;28
116;26
117;56
118;69
119;69
120;44
121;0
122;14
123;52
124;35
125;94
126;22
127;70
128;61
129;24
130;48
131;53
132;68
133;51
134;77
135;67
136;49
137;80
138;43
139;69
140;24
141;30
142;5
143;0
144;14
145;9
146;53
147;47
148;34
149;70
150;81
151;60
152;12
153;73
154;83
155;53
156;34
157;31
158;22
159;24
160;51
161;31
162;39
163;16
164;14
165;12
166;58
167;58
168;16
169;6
170;60
171;22
172;71
173;71
174;29
175;40
176;36
177;27
178;58
179;73
180;49
181;50
182;47
183;41
184;71
185;28
186;48
187;10
188;18
189;54
190;64
191;67
192;24
193;34
194;25
195;60
196;34
197;32
198;15
199;16
200;51
201;29
202;12
203;18
204;13
205;64
206;103
207;34
208;58
209;17
210;9
211;77
212;60
213;58
214;60
215;44
216;22
217;0
218;11
219;31
220;62
221;71
222;59
223;71
224;69
225;19
226;53
227;84
228;31
229;50
230;30
231;48
232;23
233;69
234;51
235;32
236;65
237;67
238;69
239;52
240;32
241;8
242;12
243;40
244;43
245;27
246;40
247;10
248;9
249;86
250;81
251;56
252;22
253;60
254;62
255;51
256;55
257;35
258;46
259;7
260;18
261;67
262;27
263;47
264;10
265;8
266;72
267;32
268;38
269;1
270;8
271;69
272;60
273;45
274;86
275;28
276;35
277;25
278;25
279;67
280;73
281;34
282;46
283;9
284;18
285;51
286;68
287;57
288;62
289;63
290;59
291;47
292;71
293;37
294;57
295;10
296;18
297;7
298;53
299;47
300;64
301;35
302;62
303;7
304;9
305;59
306;45
307;85
308;66
309;72
310;70
311;66
312;49
313;46
314;6
315;5
316;17
317;63
318;69
319;36
320;28
321;6
322;72
323;55
324;62
325;67
326;62
327;31
328;58
329;65
330;50
331;36
332;62
333;51
334;16
335;16
336;69
337;48
338;18
339;41
340;45
341;11
342;0
343;54
344;64
345;72
346;63
347;26
348;34
349;15
350;8
351;87
352;55
353;58
354;50
355;34
356;64
357;10
358;11
359;12
360;49
361;29
362;71
363;89
364;50
365;26
366;61
367;51
368;24
369;37
370;60
371;58
372;71
373;103
374;55
375;54
376;28
377;99
378;23
379;73
380;46
381;53
382;51
383;23
384;47
385;30
386;11
387;13
388;6
389;54
390;94
391;55
392;76
393;60
394;51
395;41
396;71
397;39
398;27
399;9
400;15
401;0
402;16
403;27
404;26
405;3
406;2
407;63
408;66
409;58
410;27
411;42
412;38
413;87
414;66
415;45
416;62
417;41
418;44
419;30
420;24
421;20
422;34
423;51
424;50
425;37
426;21
427;31
428;26
429;71
430;28
431;65
432;52
433;36
434;46
435;30
436;4
437;18
438;3
439;5
440;47
441;37
442;62
443;44
444;6
445;8
446;12
447;61
448;55
449;67
450;82
451;75
452;72
453;20
454;55
455;81
456;23
457;22
458;23
459;68
460;58
461;33
462;80
463;64
464;53
465;34
466;29
467;17
468;60
469;46
470;61
471;11
472;6
473;46
474;29
475;2
476;49
477;61
478;22
479;52
480;70
481;55
482;75
483;64
484;40
485;15
486;10
487;40
488;30
489;12
490;24
491;42
492;48
493;4
494;5
495;5
496;35
497;36
498;48
499;22
500;91
501;28
502;36
503;15
504;45
505;46
506;48
507;42
508;10
509;26
510;33
511;3
512;28
513;58
514;34
515;15
516;93
517;71
518;58
519;49
520;58
521;39
522;22
523;38
524;52
525;52
526;60
527;57
528;35
529;27
530;5
531;1
532;85
533;42
534;42
535;9
536;18
537;53
538;69
539;38
540;40
541;45
542;3
543;18
544;40
545;48
546;85
547;72
548;58
549;57
550;26
551;20
552;73
553;56
554;29
555;18
556;36
557;48
558;42
559;62
560;68
561;53
562;27
563;39
564;11
565;9
566;55
567;64
568;32
569;14
570;13
571;6
572;62
573;75
574;35
575;14
576;68
577;54
578;81
579;93
580;27
581;24
582;22
583;73
584;72
585;58
586;30
587;47
588;18
589;37
590;51
591;24
592;34
593;90
594;48
595;27
596;43
597;44
598;64
599;56
600;63
601;58
602;34
603;44
604;10
605;18
606;11
607;36
608;39
609;12
610;44
611;54
612;71
613;54
614;41
615;77
616;33
617;87
618;55
619;59
620;83
621;66
622;42
623;48
624;16
625;6
626;62
627;64
628;14
629;6
630;13
631;12
632;57
633;71
634;41
635;41
636;18
637;13
638;39
639;27
640;4
641;16
642;10
643;69
644;81
645;25
646;19
647;30
648;47
649;67
650;28
651;69
652;81
653;42
654;44
655;48
656;29
657;3
658;3
659;40
660;60
661;77
662;25
663;24
664;40
665;34
666;56
667;33
668;18
669;12
670;57
671;62
672;72
673;73
674;86
675;66
676;72
677;59
678;21
679;29
680;65
681;38
682;31
683;16
684;18
685;52
686;64
687;65
688;79
689;64
690;34
691;49
692;7
693;29
694;35
695;4
696;13
697;31
698;51
699;27
700;9
701;16
702;55
703;62
704;72
705;35
706;32
707;4
708;16
709;42
710;40
711;61
712;47
713;55
714;12
715;9
716;48
717;31
718;14
719;72
720;60
721;29
722;35
723;16
724;12
725;55
726;53
727;61
728;48
729;11
730;14
731;49
732;7
733;36
734;48
735;62
736;68
737;51
738;69
739;42
740;48
741;50
742;84
743;25
744;28
745;45
746;63
747;30
748;35
749;9
750;2
751;4
752;1
753;66
754;88
755;58
756;48
757;63
758;32
759;6
760;13
761;7
762;58
763;59
764;66
765;50
766;52
767;9
768;13
769;9
770;31
771;34
772;0
773;2
774;66
775;51
776;26
777;30
778;38
779;8
780;9
781;92
782;55
783;48
784;31
785;5
786;9
787;55
788;58
789;34
790;91
791;44
792;41
793;9
794;44
795;43
796;5
797;18
798;7
799;2
800;0
801;4
802;53
803;67
804;60
805;28
806;9
807;17
808;14
809;24
810;48
811;91
812;58
813;54
814;46
815;32
816;17
817;11
818;75
819;66
820;26
821;31
822;16
823;14
824;50
825;64
826;24
827;46
828;72
829;24
830;51
831;58
832;61
833;44
834;46
835;75
836;44
837;77
838;72
839;36
840;51
841;77
842;64
843;16
844;9
845;68
846;87
847;35
848;26
849;18
850;13
851;56
852;61
853;27
854;34
855;1
856;4
857;34
858;13
859;43
860;72
861;71
862;26
863;41
864;48
865;27
866;0
867;7
868;80
869;45
870;49
871;9
872;47
873;70
874;43
875;62
876;58
877;30
878;57
879;72
880;62
881;71
882;45
883;54
884;28
885;59
886;28
887;41
888;34
889;32
890;10
891;12
892;10
893;42
894;50
895;16
896;7
897;73
898;22
899;30
900;47
901;93
902;20
903;79
904;54
905;54
906;48
907;53
908;55
909;69
910;57
911;53
912;89
913;54
914;53
915;32
916;39
917;4
918;3
919;38
920;9
921;55
922;62
923;61
924;19
925;55
926;57
927;27
928;13
929;71
930;26
931;50
932;33
933;16
934;29
935;25
936;35
937;5
938;6
939;54
940;94
941;46
942;70
943;68
944;51
945;32
946;31
947;8
948;8
949;16
950;65
951;87
952;25
953;53
954;21
955;68
956;85
957;41
958;54
959;66
960;79
961;22
962;22
963;50
964;66
965;69
966;25
967;69
968;34
969;71
970;32
971;27
972;3
973;14
974;53
975;51
976;16
977;8
978;25
979;39
980;68
981;71
982;27
983;60
984;13
985;30
986;71
987;46
988;75
989;46
990;26
991;37
992;6
993;9
994;11
995;61
996;25
997;70
998;68
999;72
1000;27
1001;50
1002;15
1003;29
1004;21
1005;61
1006;85
1007;38
1008;75
1009;27
1010;62
1011;18
1012;7
1013;12
1014;55
1015;82
1016;26
1017;64
1018;16
1019;60
1020;25
1021;59
1022;27
1023;46
1024;6
1025;3
1026;32
1027;45
1028;51
1029;81
1030;53
1031;68
1032;46
1033;56
1034;48
1035;38
1036;28
1037;2
1038;15
1039;22
1040;30
1041;32
1042;59
1043;47
1044;15
1045;70
1046;26
1047;90
1048;56
1049;32
1050;81
1051;23
1052;43
1053;49
1054;0
1055;83
1056;52
1057;70
1058;49
1059;23
1060;33
1061;26
1062;54
1063;27
1064;27
1065;10
1066;2
1067;3
1068;3
1069;46
1070;51
1071;23
1072;19
1073;58
1074;84
1075;94
1076;75
1077;77
1078;65
1079;61
1080;71
1081;22
1082;23
1083;39
1084;34
1085;0
1086;42
1087;25
1088;22
1089;27
1090;22
1091;53
1092;27
1093;61
1094;64
1095;51
1096;58
1097;14
1098;11
1099;66
1100;53
1101;62
1102;26
1103;23
1104;24
1105;25
1106;36
1107;7
1108;48
1109;63
1110;40
1111;49
1112;44
1113;26
1114;63
1115;51
1116;28
1117;41
1118;6
1119;62
1120;19
1121;68
1122;65
1123;63
1124;26
1125;14
1126;25
1127;19
1128;16
1129;12
1130;36
1131;49
1132;87
1133;47
1134;62
1135;71
1136;59
1137;43
1138;40
1139;11
1140;18
1141;36
1142;66
1143;37
1144;31
1145;22
1146;21
1147;47
1148;54
1149;16
1150;30
1151;56
1152;45
1153;70
1154;69
1155;74
1156;71
1157;39
1158;27
1159;16
1160;6
1161;10
1162;6
1163;73
1164;25
1165;55
1166;49
1167;83
1168;32
1169;57
1170;87
1171;67
1172;29
1173;36
1174;40
1175;18
1176;26
1177;42
1178;15
1179;60
1180;58
1181;72
1182;56
1183;24
1184;59
1185;34
1186;51
1187;27
1188;9
1189;22
1190;67
1191;22
1192;67
1193;24
1194;63
1195;55
1196;68
1197;66
1198;51
1199;56
1200;69
1201;64
1202;59
1203;24
1204;25
1205;42
1206;67
1207;27
1208;20
1209;60
1210;35
1211;57
1212;28
1213;50
1214;24
1215;51
1216;48
1217;6
1218;17
1219;46
1220;30
1221;11
1222;7
1223;53
1224;38
1225;21
1226;19
1227;62
1228;56
1229;63
1230;49
1231;74
1232;57
1233;35
1234;15
1235;16
1236;33
1237;29
1238;60
1239;24
1240;58
1241;20
1242;20
1243;55
1244;58
1245;22
1246;36
1247;52
1248;70
1249;93
1250;62
1251;68
1252;70
1253;60
1254;68
1255;54
1256;31
1257;52
1258;54
1259;54
1260;28
1261;18
1262;12
1263;14
1264;46
1265;45
1266;12
1267;11
1268;9
1269;78
1270;61
1271;27
1272;41
1273;14
1274;13
1275;46
1276;29
1277;71
1278;36
1279;63
1280;62
1281;60
1282;59
1283;22
1284;74
1285;29
1286;42
1287;77
1288;20
1289;32
1290;40
1291;22
1292;30
1293;47
1294;55
1295;58
1296;29
1297;24
1298;1
1299;48
1300;57
1301;62
1302;30
1303;8
1304;18
1305;16
1306;33
1307;50
1308;13
1309;9
1310;66
1311;26
1312;25
1313;57
1314;47
1315;47
1316;55
1317;30
1318;50
1319;46
1320;27
1321;29
1322;52
1323;9
1324;14
1325;23
1326;71
1327;52
1328;58
1329;57
1330;87
1331;88
1332;87
1333;71
1334;25
1335;94
1336;68
1337;39
1338;65
1339;19
1340;41
1341;45
1342;49
1343;14
1344;38
1345;32
1346;25
1347;63
1348;26
1349;60
1350;27
1351;31
1352;8
1353;7
1354;24
1355;59
1356;71
1357;71
1358;50
1359;67
1360;28
1361;25
1362;70
1363;64
1364;71
1365;72
1366;67
1367;21
1368;19
1369;25
1370;67
1371;63
1372;51
1373;35
1374;66
1375;23
1376;54
1377;57
1378;31
1379;30
1380;17
1381;5
1382;12
1383;74
1384;60
1385;61
1386;66
1387;26
1388;67
1389;81
1390;22
1391;23
1392;30
1393;41
1394;48
1395;68
1396;69
1397;57
1398;53
1399;53
1400;26
1401;23
1402;29
1403;60
1404;63
1405;28
1406;2
1407;59
1408;31
1409;58
1410;56
1411;78
1412;59
1413;42
1414;60
1415;23
1416;20
1417;24
1418;51
1419;32
1420;42
1421;67
1422;39
1423;19
1424;77
1425;55
1426;55
1427;27
1428;52
1429;76
1430;49
1431;69
1432;68
1433;30
1434;11
1435;56
1436;60
1437;60
1438;22
1439;23
1440;51
1441;55
1442;28
1443;71
1444;60
1445;56
1446;28
1447;20
1448;51
1449;87
1450;39
1451;82
1452;46
1453;59
1454;86
1455;50
1456;45
1457;34
1458;30
1459;0
1460;70
1461;68
1462;23
1463;36
1464;33
1465;5
1466;11
1467;57
1468;85
1469;26
1470;63
1471;30
1472;45
1473;12
1474;8
1475;52
1476;62
1477;66
1478;51
1479;78
1480;19
1481;74
1482;72
1483;48
1484;31
1485;59
1486;57
1487;30
1488;43
1489;51
1490;46
1491;34
1492;47
1493;49
1494;69
1495;85
1496;48
1497;59
1498;29
1499;75
1500;55
1501;30
1502;24
1503;28
1504;54
1505;58
1506;34
1507;36
1508;26
1509;0
1510;3
1511;34
1512;60
1513;8
1514;11
1515;40
1516;51
1517;53
1518;70
1519;68
1520;58
1521;60
1522;51
1523;61
1524;61
1525;53
1526;70
1527;24
1528;87
1529;35
1530;61
1531;55
1532;9
1533;18
1534;89
1535;57
1536;20
1537;36
1538;50
1539;6
1540;10
1541;6
1542;28
1543;49
1544;10
1545;16
1546;14
1547;30
1548;47
1549;4
1550;5
1551;12
1552;61
1553;31
1554;12
1555;12
1556;13
1557;56
1558;63
1559;48
1560;48
1561;17
1562;16
1563;22
1564;27
1565;38
1566;24
1567;22
1568;58
1569;51
1570;31
1571;19
1572;76
1573;50
1574;52
1575;46
1576;9
1577;19
1578;55
1579;67
1580;63
1581;49
1582;55
1583;59
1584;30
1585;35
1586;6
1587;10
1588;14
1589;53
1590;35
1591;46
1592;8
1593;51
