1;70
2;37
3;68
4;32
5;47
6;12
7;8
8;62
9;68
10;42
11;41
12;18
13;5
14;2
15;6
16;60
17;51
18;16
19;24
20;72
21;21
22;71
23;39
24;43
25;13
26;17
27;19
28;67
29;61
30;23
31;28
32;7
33;4
34;41
35;57
36;15
37;8
38;64
39;58
40;53
41;63
42;56
43;71
44;63
45;68
46;61
47;39
48;49
49;64
50;9
51;6
52;68
53;100
54;71
55;49
56;6
57;6
58;70
59;64
60;66
61;43
62;36
63;21
64;60
65;72
66;23
67;24
68;82
69;71
70;36
71;65
72;64
73;56
74;20
75;22
76;29
77;23
78;86
79;67
80;50
81;72
82;72
83;74
84;52
85;51
86;41
87;64
88;43
89;1
90;13
91;7
92;63
93;31
94;13
95;16
96;55
97;25
98;68
99;70
100;52
101;57
102;51
103;49
104;45
105;13
106;64
107;43
108;49
109;20
110;37
111;55
112;63
113;71
114;61
115;62
116;65
117;54
118;56
119;86
120;63
121;33
122;61
123;36
124;16
125;77
126;38
127;19
128;4
129;13
130;43
131;43
132;4
133;0
134;35
135;35
136;5
137;48
138;90
139;44
140;59
141;39
142;15
143;31
144;80
145;71
146;57
147;53
148;13
149;14
150;63
151;78
152;61
153;64
154;54
155;69
156;42
157;43
158;10
159;4
160;70
161;47
162;28
163;21
164;14
165;0
166;29
167;38
168;32
169;32
170;83
171;53
172;41
173;46
174;23
175;76
176;36
177;59
178;60
179;10
180;17
181;12
182;69
183;69
184;41
185;48
186;6
187;18
188;71
189;21
190;49
191;29
192;2
193;31
194;65
195;21
196;21
197;62
198;79
199;69
200;63
201;75
202;65
203;65
204;78
205;43
206;70
207;66
208;43
209;52
210;63
211;51
212;17
213;15
214;64
215;63
216;72
217;59
218;45
219;25
220;68
221;70
222;28
223;74
224;39
225;26
226;13
227;14
228;52
229;75
230;64
231;61
232;70
233;76
234;45
235;71
236;74
237;68
238;61
239;75
240;80
241;69
242;53
243;55
244;61
245;29
246;38
247;20
248;29
249;54
250;65
251;58
252;89
253;71
254;61
255;54
256;58
257;98
258;23
259;19
260;74
261;74
262;58
263;76
264;68
265;70
266;45
267;59
268;51
269;57
270;26
271;21
272;60
273;54
274;76
275;77
276;64
277;37
278;62
279;88
280;45
281;83
282;40
283;44
284;16
285;10
286;65
287;94
288;79
289;36
290;64
291;12
292;67
293;53
294;60
295;60
296;34
297;78
298;49
299;74
300;44
301;60
302;75
303;51
304;62
305;7
306;15
307;55
308;71
309;49
310;47
311;63
312;24
313;70
314;74
315;62
316;77
317;39
318;43
319;14
320;12
321;5
322;16
323;42
324;62
325;8
326;60
327;56
328;43
329;46
330;55
331;67
332;69
333;64
334;52
335;28
336;46
337;61
338;58
339;61
340;49
341;14
342;65
343;25
344;54
345;32
346;58
347;62
348;46
349;54
350;17
351;17
352;17
353;98
354;82
355;47
356;53
357;33
358;64
359;69
360;63
361;59
362;43
363;40
364;72
365;43
366;84
367;67
368;53
369;32
370;80
371;20
372;46
373;35
374;54
375;77
376;64
377;50
378;64
379;64
380;47
381;8
382;71
383;48
384;72
385;64
386;29
387;40
388;4
389;3
390;18
391;34
392;47
393;16
394;3
395;58
396;68
397;61
398;49
399;10
400;6
401;32
402;31
403;72
404;72
405;54
406;55
407;29
408;61
409;41
410;69
411;74
412;51
413;72
414;28
415;72
416;32
417;49
418;42
419;23
420;73
421;51
422;48
423;7
424;18
425;6
426;69
427;72
428;57
429;12
430;9
431;33
432;58
433;39
434;43
435;15
436;58
437;69
438;73
439;63
440;13
441;9
442;33
443;51
444;8
445;12
446;25
447;30
448;48
449;14
450;15
451;72
452;62
453;54
454;31
455;9
456;16
457;59
458;30
459;60
460;20
461;64
462;51
463;77
464;68
465;53
466;54
467;13
468;82
469;74
470;36
471;33
472;14
473;7
474;52
475;49
476;69
477;55
478;59
479;6
480;12
481;15
482;63
483;65
484;66
485;71
486;34
487;35
488;11
489;68
490;60
491;44
492;47
493;2
494;2
495;2
496;47
497;61
498;40
499;50
500;10
501;8
502;87
503;59
504;28
505;67
506;71
507;54
508;66
509;62
510;68
511;32
512;72
513;65
514;52
515;58
516;39
517;71
518;82
519;24
520;55
521;52
522;71
523;71
524;54
525;54
526;39
527;72
528;77
529;73
530;64
531;39
532;9
533;6
534;58
535;19
536;53
537;61
538;19
539;42
540;52
541;54
542;66
543;54
544;29
545;43
546;16
547;1
548;1
549;77
550;72
551;55
552;62
553;43
554;52
555;8
556;9
557;18
558;58
559;60
560;68
561;65
562;88
563;64
564;63
565;44
566;65
567;27
568;32
569;20
570;62
571;52
572;90
573;75
574;74
575;26
576;40
577;6
578;58
579;69
580;47
581;52
582;18
583;11
584;59
585;58
586;74
587;25
588;60
589;96
590;59
591;64
592;12
593;9
594;61
595;68
596;75
597;26
598;21
599;69
600;54
601;31
602;40
603;14
604;66
605;58
606;32
607;39
608;10
609;12
610;15
611;80
612;79
613;74
614;53
615;19
616;44
617;66
618;49
619;66
620;54
621;67
622;68
623;81
624;63
625;71
626;51
627;68
628;56
629;64
630;57
631;88
632;38
633;40
634;58
635;6
636;15
637;68
638;63
639;58
640;96
641;23
642;30
643;56
644;49
645;36
646;61
647;22
648;84
649;69
650;23
651;68
652;23
653;70
654;25
655;60
656;68
657;68
658;70
659;66
660;73
661;33
662;60
663;73
664;53
665;60
666;59
667;64
668;60
669;54
670;57
671;60
672;75
673;37
674;60
675;10
676;13
677;56
678;43
679;74
680;77
681;68
682;77
683;71
684;41
685;67
686;41
687;41
688;15
689;68
690;36
691;48
692;4
693;0
694;0
695;58
696;79
697;52
698;77
699;60
700;58
701;25
702;19
703;68
704;58
705;65
706;65
707;20
708;53
709;59
710;48
711;45
712;74
713;45
714;81
715;56
716;63
717;37
718;73
719;51
720;44
721;52
722;63
723;79
724;28
725;66
726;69
727;23
728;66
729;76
730;79
731;56
732;38
733;47
734;45
735;5
736;2
737;63
738;56
739;18
740;6
741;64
742;59
743;73
744;21
745;62
746;72
747;60
748;63
749;34
750;47
751;49
752;34
753;43
754;8
755;3
756;68
757;67
758;64
759;57
760;69
761;44
762;51
763;26
764;53
765;57
766;49
767;39
768;73
769;26
770;43
771;80
772;62
773;56
774;15
775;63
776;27
777;43
778;13
779;5
780;45
781;57
782;44
783;37
784;34
785;29
786;44
787;5
788;1
789;73
790;54
791;68
792;60
793;68
794;23
795;51
796;64
797;54
798;65
799;60
800;72
801;53
802;65
803;41
804;2
805;67
806;85
807;72
808;61
809;54
810;47
811;8
812;7
813;9
814;65
815;62
816;53
817;24
818;72
819;56
820;60
821;52
822;13
823;14
824;59
825;44
826;18
827;6
828;17
829;29
830;71
831;31
832;6
833;16
834;64
835;67
836;66
837;54
838;63
839;71
840;85
841;59
842;44
843;67
844;73
845;72
846;30
847;58
848;79
849;58
850;35
851;17
852;15
853;19
854;50
855;59
856;59
857;72
858;73
859;29
860;54
861;57
862;7
863;12
864;13
865;68
866;70
867;55
868;41
869;56
870;54
871;38
872;72
873;73
874;69
875;23
876;49
877;67
878;59
879;24
880;20
881;36
882;32
883;0
884;3
885;26
886;41
887;7
888;18
889;65
890;36
891;25
892;57
893;58
894;59
895;59
896;43
897;64
898;57
899;42
900;43
901;33
902;7
903;11
904;17
905;6
906;65
907;71
908;36
909;66
910;71
911;70
912;66
913;63
914;46
915;60
916;42
917;40
918;2
919;0
920;62
921;66
922;40
923;69
924;59
925;67
926;44
927;34
928;1
929;0
930;49
931;14
932;30
933;33
934;60
935;64
936;64
937;47
938;22
939;69
940;64
941;40
942;53
943;67
944;71
945;66
946;22
947;74
948;78
949;56
950;34
951;80
952;52
953;79
954;59
955;71
956;50
957;62
958;45
959;47
960;5
961;11
962;67
963;65
964;68
965;64
966;65
967;74
968;71
969;74
970;60
971;73
972;67
973;52
974;43
975;33
976;24
977;1
978;10
979;5
980;46
981;61
982;58
983;48
984;60
985;50
986;46
987;15
988;8
989;40
990;12
991;22
992;80
993;46
994;49
995;17
996;8
997;64
998;22
999;58
1000;87
1001;54
1002;60
1003;46
1004;59
1005;50
1006;49
1007;50
1008;60
1009;22
1010;23
1011;52
1012;47
1013;23
1014;25
1015;98
1016;34
1017;49
1018;15
1019;67
1020;78
1021;58
1022;37
1023;12
1024;54
1025;67
1026;56
1027;34
1028;15
1029;13
1030;10
1031;17
1032;80
1033;61
1034;81
1035;74
1036;79
1037;78
1038;61
1039;61
1040;19
1041;76
1042;53
1043;35
1044;15
1045;65
1046;62
1047;52
1048;25
1049;44
1050;52
1051;68
1052;47
1053;57
1054;14
1055;6
1056;16
1057;9
1058;53
1059;68
1060;25
1061;71
1062;43
1063;32
1064;12
1065;4
1066;67
1067;54
1068;66
1069;25
1070;20
1071;79
1072;19
1073;71
1074;66
1075;74
1076;60
1077;74
1078;49
1079;49
1080;59
1081;11
1082;14
1083;49
1084;12
1085;14
1086;46
1087;23
1088;70
1089;58
1090;84
1091;37
1092;36
1093;16
1094;10
1095;66
1096;68
1097;62
1098;44
1099;43
1100;7
1101;48
1102;43
1103;3
1104;3
1105;66
1106;65
1107;72
1108;54
1109;66
1110;44
1111;73
1112;54
1113;38
1114;37
1115;2
1116;4
1117;83
1118;73
1119;36
1120;82
1121;66
1122;58
1123;25
1124;43
1125;55
1126;57
1127;53
1128;90
1129;60
1130;70
1131;59
1132;79
1133;81
1134;36
1135;58
1136;59
1137;75
1138;21
1139;71
1140;46
1141;80
1142;19
1143;65
1144;50
1145;53
1146;73
1147;68
1148;88
1149;63
1150;47
1151;36
1152;44
1153;33
1154;9
1155;17
1156;18
1157;43
1158;73
1159;64
1160;71
1161;48
1162;49
1163;13
1164;70
1165;63
1166;60
1167;53
1168;37
1169;49
1170;15
1171;13
1172;40
1173;6
1174;15
1175;22
1176;47
1177;85
1178;73
1179;66
1180;64
1181;90
1182;51
1183;21
1184;44
1185;4
1186;6
1187;71
1188;71
1189;90
1190;28
1191;36
1192;12
1193;16
1194;47
1195;67
1196;70
1197;45
1198;39
1199;10
1200;13
1201;10
1202;59
1203;56
1204;60
1205;70
1206;78
1207;44
1208;76
1209;60
1210;38
1211;64
1212;44
1213;38
1214;19
1215;13
1216;66
1217;82
1218;64
1219;21
1220;25
1221;49
1222;2
1223;5
1224;68
1225;21
1226;73
1227;26
1228;54
1229;72
1230;71
1231;51
1232;65
1233;71
1234;68
1235;72
1236;65
1237;23
1238;58
1239;74
1240;37
1241;50
1242;19
1243;62
1244;61
1245;69
1246;40
1247;78
1248;61
1249;56
1250;84
1251;70
1252;62
1253;28
1254;48
1255;3
1256;0
1257;1
1258;20
1259;32
1260;70
1261;58
1262;67
1263;74
1264;60
1265;30
1266;12
1267;10
1268;44
1269;75
1270;57
1271;42
1272;17
1273;17
1274;13
1275;54
1276;62
1277;63
1278;54
1279;37
1280;63
1281;68
1282;72
1283;74
1284;58
1285;56
1286;58
1287;29
1288;47
1289;58
1290;32
1291;38
1292;69
1293;56
1294;74
1295;68
1296;52
1297;56
1298;10
1299;42
1300;42
1301;14
1302;100
1303;60
1304;49
1305;43
1306;56
1307;7
1308;13
1309;77
1310;37
1311;38
1312;3
1313;14
1314;4
1315;59
1316;53
1317;51
1318;39
1319;13
1320;15
1321;51
1322;20
1323;76
1324;20
1325;64
1326;48
1327;31
1328;35
1329;39
1330;22
1331;2
1332;17
1333;48
1334;40
1335;13
1336;55
1337;63
1338;42
1339;6
1340;18
1341;68
1342;53
1343;60
1344;27
1345;67
1346;67
1347;35
1348;43
1349;1
1350;16
1351;32
1352;50
1353;6
1354;17
1355;73
1356;83
1357;43
1358;71
1359;45
1360;36
1361;1
1362;1
1363;46
1364;69
1365;38
1366;61
1367;11
1368;13
1369;11
1370;29
1371;45
1372;16
1373;4
1374;5
1375;14
1376;60
1377;80
1378;52
1379;12
1380;12
1381;74
1382;62
1383;49
1384;45
1385;44
1386;5
1387;3
1388;1
1389;74
1390;51
1391;77
1392;61
1393;79
1394;68
1395;60
1396;8
1397;9
1398;63
1399;65
1400;63
1401;73
1402;62
1403;64
1404;28
1405;70
1406;41
1407;31
1408;70
1409;58
1410;43
1411;67
1412;51
1413;26
1414;63
1415;69
1416;55
1417;66
1418;40
1419;55
1420;24
1421;67
1422;71
1423;66
1424;54
1425;58
1426;72
1427;67
1428;58
1429;41
1430;16
1431;6
1432;17
1433;61
1434;68
1435;60
1436;73
1437;72
1438;53
1439;57
1440;58
1441;59
1442;63
1443;38
1444;52
1445;67
1446;39
1447;68
1448;51
1449;86
1450;38
1451;42
1452;17
1453;11
1454;54
1455;55
1456;82
1457;61
1458;25
1459;64
1460;63
1461;15
1462;10
1463;67
1464;69
1465;67
1466;60
1467;70
1468;70
1469;68
1470;50
1471;58
1472;75
1473;73
1474;62
1475;59
1476;55
1477;67
1478;40
1479;8
1480;24
1481;60
1482;42
1483;37
1484;2
1485;3
1486;74
1487;37
1488;69
1489;20
1490;47
1491;47
1492;1
1493;67
1494;93
1495;49
1496;39
1497;12
1498;62
1499;58
1500;61
1501;71
1502;72
1503;49
1504;68
1505;50
1506;64
1507;60
1508;60
1509;72
1510;76
1511;48
1512;32
1513;45
1514;18
1515;4
1516;16
1517;33
1518;45
1519;14
1520;8
1521;85
1522;43
1523;34
1524;12
1525;62
1526;59
1527;61
1528;26
1529;65
1530;65
1531;65
1532;60
1533;76
1534;62
1535;49
1536;57
1537;37
1538;62
1539;35
1540;59
1541;54
1542;66
1543;53
1544;55
1545;69
1546;59
1547;52
1548;42
1549;43
1550;43
1551;16
1552;65
1553;73
1554;41
1555;80
1556;21
1557;62
1558;58
1559;34
1560;12
1561;8
1562;96
1563;25
1564;28
1565;35
1566;10
1567;10
1568;76
1569;72
1570;36
1571;60
1572;6
1573;12
1574;61
1575;61
1576;28
1577;65
1578;60
1579;17
1580;14
1581;41
1582;38
1583;2
1584;11
1585;72
1586;62
1587;75
1588;24
1589;19
1590;27
1591;74
1592;83
1593;39
1594;59
1595;20
1596;54
1597;63
1598;49
1599;51
1600;31
1601;59
1602;10
1603;38
1604;49
1605;30
1606;5
1607;47
1608;57
1609;59
1610;47
1611;46
1612;38
1613;9
1614;16
1615;19
1616;25
1617;62
1618;19
1619;43
1620;1
1621;3
1622;46
1623;65
1624;78
1625;81
1626;32
1627;70
1628;25
1629;61
1630;69
1631;85
1632;19
1633;62
1634;66
1635;73
1636;47
1637;55
1638;83
1639;78
1640;80
1641;65
1642;53
1643;75
1644;46
1645;40
1646;33
1647;71
1648;68
1649;80
1650;50
1651;59
1652;69
1653;43
1654;37
1655;16
1656;12
1657;70
1658;51
1659;65
1660;39
1661;54
1662;59
1663;83
1664;59
1665;21
1666;23
1667;12
1668;18
1669;56
1670;58
1671;31
1672;55
1673;31
1674;10
1675;18
1676;43
1677;44
1678;8
1679;3
1680;30
1681;11
1682;71
1683;63
1684;48
1685;58
1686;65
1687;50
1688;62
1689;79
1690;68
1691;43
1692;68
1693;77
1694;30
1695;54
1696;74
1697;61
1698;68
1699;67
1700;69
1701;62
1702;53
1703;42
1704;41
1705;12
1706;17
1707;74
1708;27
1709;55
1710;55
1711;19
1712;59
1713;42
1714;12
1715;54
1716;52
1717;58
1718;54
1719;43
1720;44
1721;26
1722;5
1723;8
1724;65
1725;65
1726;72
1727;28
1728;43
1729;17
1730;9
1731;1
1732;31
1733;44
1734;0
1735;2
1736;27
1737;37
1738;18
1739;14
1740;67
1741;78
1742;24
1743;43
1744;31
1745;17
1746;31
1747;31
1748;10
1749;18
1750;9
1751;75
1752;22
1753;65
1754;28
1755;75
1756;73
1757;67
1758;41
1759;47
1760;8
1761;14
1762;46
1763;75
1764;21
1765;83
1766;19
1767;34
1768;70
1769;57
1770;50
1771;17
1772;48
1773;62
1774;13
1775;7
1776;43
1777;36
1778;7
1779;53
1780;74
1781;20
1782;76
1783;58
1784;47
1785;69
1786;71
1787;62
1788;43
1789;80
1790;72
1791;74
1792;60
1793;22
1794;49
1795;66
1796;26
1797;14
1798;75
1799;43
1800;94
1801;20
1802;36
1803;56
1804;31
1805;60
1806;60
1807;52
1808;52
1809;67
1810;45
1811;67
1812;60
1813;58
1814;69
1815;43
1816;38
1817;14
1818;17
1819;12
1820;36
1821;37
1822;7
1823;9
1824;39
1825;71
1826;68
1827;63
1828;28
1829;10
1830;10
1831;19
1832;74
1833;26
1834;46
1835;10
1836;18
1837;53
1838;50
1839;60
1840;47
1841;72
1842;39
1843;10
1844;14
1845;71
1846;83
1847;53
1848;17
1849;15
1850;61
1851;19
1852;58
1853;87
1854;34
1855;31
1856;4
1857;61
1858;85
1859;43
1860;14
1861;12
1862;62
1863;48
1864;47
1865;77
1866;79
1867;69
1868;57
1869;61
1870;39
1871;58
1872;19
1873;60
1874;44
1875;30
1876;36
1877;3
1878;0
1879;50
1880;72
1881;67
1882;56
1883;23
1884;51
1885;24
1886;58
1887;68
1888;71
1889;94
1890;46
1891;56
1892;68
1893;73
1894;69
1895;64
1896;53
1897;71
1898;90
1899;42
1900;58
1901;6
1902;12
1903;66
1904;68
1905;47
1906;37
1907;45
1908;12
1909;15
1910;77
1911;26
1912;55
1913;48
1914;25
1915;48
1916;72
1917;65
1918;65
1919;68
1920;49
1921;48
1922;74
1923;75
1924;62
1925;75
1926;39
1927;47
1928;73
1929;63
1930;64
1931;19
1932;25
1933;70
1934;49
1935;68
1936;21
1937;71
1938;66
1939;56
1940;76
1941;57
1942;19
1943;49
1944;72
1945;44
1946;43
1947;5
1948;2
1949;51
1950;61
1951;61
1952;81
1953;65
1954;60
1955;68
1956;57
1957;53
1958;38
1959;46
1960;45
1961;47
1962;10
1963;12
1964;56
1965;81
1966;65
1967;41
1968;48
1969;16
1970;7
1971;53
1972;76
1973;76
1974;23
1975;19
1976;60
1977;66
1978;61
1979;69
1980;45
1981;74
1982;68
1983;35
1984;24
1985;43
1986;10
1987;7
1988;68
1989;74
1990;40
1991;58
1992;61
1993;88
1994;43
1995;64
1996;16
1997;8
1998;65
1999;59
2000;58
2001;42
2002;32
2003;3
2004;4
2005;55
2006;43
2007;14
2008;24
2009;73
2010;42
2011;51
2012;57
2013;75
2014;57
2015;54
2016;48
2017;64
2018;72
2019;26
2020;23
2021;67
2022;41
2023;23
2024;37
2025;5
2026;3
2027;72
2028;20
2029;41
2030;28
2031;1
2032;7
2033;69
2034;70
2035;50
2036;51
2037;80
2038;67
2039;72
2040;19
2041;76
2042;53
2043;21
2044;31
2045;1
2046;13
2047;4
2048;25
2049;67
2050;43
2051;74
2052;50
2053;41
2054;33
2055;0
2056;14
2057;51
2058;57
2059;59
2060;77
2061;32
2062;71
2063;69
2064;74
2065;51
2066;8
2067;49
2068;15
2069;13
2070;53
2071;74
2072;60
2073;60
2074;18
2075;15
2076;18
2077;49
2078;54
2079;19
2080;65
2081;69
2082;49
2083;40
2084;16
2085;15
2086;47
2087;63
2088;40
2089;38
2090;10
2091;1
2092;9
2093;35
2094;64
2095;73
2096;22
2097;58
2098;57
2099;44
2100;53
2101;58
2102;23
2103;36
2104;61
2105;64
2106;6
2107;54
2108;54
2109;62
2110;65
2111;29
2112;36
2113;8
2114;64
2115;78
2116;42
2117;75
2118;71
2119;71
2120;54
2121;69
2122;23
2123;64
2124;74
2125;60
2126;64
2127;54
2128;62
2129;56
2130;56
2131;72
2132;54
2133;58
2134;52
2135;35
2136;69
2137;19
2138;73
2139;68
2140;78
2141;72
2142;53
2143;39
2144;48
2145;60
2146;8
2147;16
2148;76
2149;35
2150;39
2151;41
2152;59
2153;26
2154;67
2155;73
2156;71
2157;53
2158;30
2159;33
2160;61
2161;14
2162;7
2163;74
2164;33
2165;25
2166;19
2167;67
2168;55
2169;65
2170;72
2171;88
2172;47
2173;28
2174;55
2175;58
2176;68
2177;51
2178;56
2179;60
2180;56
2181;13
2182;17
2183;76
2184;69
2185;74
2186;50
2187;62
2188;56
2189;48
2190;39
2191;67
2192;66
2193;46
2194;40
2195;72
2196;65
2197;47
2198;59
2199;61
2200;74
2201;72
2202;79
2203;49
2204;66
2205;48
2206;75
2207;72
2208;51
2209;61
2210;67
2211;65
2212;44
2213;66
2214;78
2215;20
2216;59
2217;59
2218;9
2219;7
2220;59
2221;73
2222;56
2223;73
2224;36
2225;60
2226;10
2227;9
2228;69
2229;54
2230;21
2231;42
2232;53
2233;47
2234;8
2235;15
2236;39
2237;16
2238;20
2239;45
2240;5
2241;10
2242;68
2243;64
2244;59
2245;38
2246;53
2247;10
2248;17
2249;56
2250;72
2251;74
2252;77
2253;64
2254;60
2255;51
2256;48
2257;44
2258;15
2259;14
2260;6
2261;70
2262;79
2263;62
2264;65
2265;38
2266;60
2267;39
2268;63
2269;63
2270;66
2271;68
2272;43
2273;49
2274;12
2275;17
2276;61
2277;61
2278;24
2279;56
2280;31
2281;5
2282;8
2283;9
2284;44
2285;27
2286;9
2287;34
2288;51
2289;87
2290;51
2291;58
2292;10
2293;60
2294;23
2295;58
2296;32
2297;43
2298;12
2299;7
2300;14
2301;70
2302;82
2303;68
2304;66
2305;59
2306;22
2307;30
2308;54
2309;60
2310;67
2311;60
2312;23
2313;73
2314;69
2315;44
2316;55
2317;72
2318;37
2319;45
2320;7
2321;8
2322;82
2323;52
2324;87
2325;28
2326;65
2327;54
2328;37
2329;12
2330;33
2331;32
2332;13
2333;82
2334;60
2335;51
2336;43
2337;45
2338;3
2339;1
2340;57
2341;76
2342;62
2343;67
2344;42
2345;86
2346;55
2347;32
2348;38
2349;4
2350;0
2351;23
2352;25
2353;22
2354;54
2355;96
2356;50
2357;59
2358;60
2359;69
2360;68
2361;39
2362;47
2363;17
2364;9
2365;65
2366;65
2367;57
2368;67
2369;80
2370;43
2371;31
2372;17
2373;5
2374;46
2375;45
2376;44
2377;31
2378;63
2379;12
2380;13
2381;72
2382;74
2383;72
2384;38
2385;89
2386;66
2387;60
2388;62
2389;71
2390;58
2391;53
2392;54
2393;70
2394;64
2395;45
2396;57
2397;30
2398;11
2399;12
2400;60
2401;8
2402;11
2403;65
2404;67
2405;48
2406;63
2407;11
2408;9
2409;57
2410;35
2411;18
2412;11
2413;56
2414;29
2415;65
2416;52
2417;31
2418;16
2419;8
2420;18
2421;17
2422;89
2423;64
2424;37
2425;60
2426;72
2427;44
2428;51
2429;54
2430;43
2431;45
2432;2
2433;7
2434;8
2435;59
2436;20
2437;34
2438;4
2439;5
2440;57
2441;62
2442;46
2443;51
2444;40
2445;59
2446;40
2447;14
2448;18
2449;7
2450;61
2451;63
2452;65
2453;66
2454;71
2455;59
2456;22
2457;21
2458;72
2459;61
2460;73
2461;53
2462;87
2463;53
2464;38
2465;59
2466;55
2467;34
2468;30
2469;47
2470;61
2471;40
2472;74
2473;76
2474;39
2475;64
2476;71
2477;72
2478;25
2479;66
2480;70
2481;52
2482;38
2483;39
2484;12
2485;2
2486;67
2487;76
2488;73
2489;70
2490;71
2491;58
2492;23
2493;27
2494;37
2495;6
2496;6
2497;15
2498;49
2499;71
2500;73
2501;79
2502;55
2503;64
2504;44
2505;63
2506;46
2507;60
2508;62
2509;38
2510;36
2511;15
2512;73
2513;68
2514;69
2515;34
2516;27
2517;51
2518;65
2519;37
2520;64
2521;58
2522;70
2523;32
2524;71
2525;70
2526;58
2527;66
2528;28
2529;54
2530;29
2531;47
2532;64
2533;67
2534;58
2535;61
2536;45
2537;53
2538;6
2539;13
2540;18
2541;17
2542;84
2543;47
2544;83
2545;54
2546;65
2547;20
2548;31
2549;12
2550;33
2551;52
2552;68
2553;19
2554;61
2555;55
2556;51
2557;53
2558;23
2559;75
2560;63
2561;56
2562;35
2563;36
2564;17
2565;74
2566;19
2567;48
2568;47
2569;2
2570;74
2571;69
2572;75
2573;73
2574;38
2575;64
2576;42
2577;39
2578;3
2579;4
2580;5
2581;65
2582;74
2583;61
2584;23
2585;74
2586;50
2587;58
2588;38
2589;74
2590;19
2591;80
2592;58
2593;28
2594;37
2595;0
2596;71
2597;63
2598;34
2599;51
2600;41
2601;63
2602;72
2603;57
2604;19
2605;70
2606;58
2607;54
2608;34
2609;56
2610;52
2611;25
2612;56
2613;45
2614;18
2615;17
2616;67
2617;71
2618;68
2619;82
2620;25
2621;25
2622;21
2623;51
2624;20
2625;28
2626;22
2627;59
2628;59
2629;32
2630;78
2631;61
2632;74
2633;30
2634;69
2635;59
2636;44
2637;41
2638;13
2639;14
2640;13
2641;66
2642;20
2643;71
2644;23
2645;45
2646;38
2647;27
2648;6
2649;13
2650;16
2651;71
2652;65
2653;65
2654;58
2655;33
2656;77
2657;54
2658;62
2659;30
2660;67
2661;44
2662;16
2663;63
2664;60
2665;63
2666;65
2667;73
2668;41
2669;34
2670;13
2671;17
2672;72
2673;72
2674;59
2675;78
2676;53
2677;73
2678;39
2679;10
2680;74
2681;69
2682;63
2683;32
2684;59
2685;79
2686;54
2687;56
2688;83
2689;29
2690;58
2691;18
2692;66
2693;76
2694;51
2695;70
2696;68
2697;74
2698;35
2699;80
2700;48
2701;28
2702;47
2703;13
2704;39
2705;44
2706;2
2707;1
2708;2
2709;63
2710;71
2711;67
2712;32
2713;45
2714;17
2715;12
2716;68
2717;55
2718;66
2719;84
2720;57
2721;73
2722;67
2723;25
2724;53
2725;66
2726;72
2727;69
2728;69
2729;24
2730;34
2731;67
2732;53
2733;67
2734;63
2735;68
2736;40
2737;70
2738;27
2739;42
2740;4
2741;0
2742;60
2743;71
2744;68
2745;73
2746;70
2747;55
2748;54
2749;36
2750;56
2751;64
2752;87
2753;43
2754;32
2755;15
2756;12
2757;76
2758;48
2759;73
2760;91
2761;69
2762;55
2763;25
2764;60
2765;61
2766;73
2767;50
2768;37
2769;48
2770;0
2771;47
2772;67
2773;61
2774;59
2775;46
2776;84
2777;68
2778;52
2779;39
2780;33
2781;2
2782;2
2783;5
2784;66
2785;55
2786;43
2787;26
2788;6
2789;67
2790;75
2791;85
2792;55
2793;25
2794;54
2795;52
2796;73
2797;75
2798;58
2799;78
2800;82
2801;47
2802;59
2803;46
2804;61
2805;20
2806;20
2807;73
2808;20
2809;20
2810;58
2811;62
2812;8
2813;14
2814;87
2815;32
2816;38
2817;6
2818;17
2819;37
2820;42
2821;3
2822;0
2823;69
2824;74
2825;39
2826;41
2827;11
2828;13
2829;59
2830;52
2831;49
2832;50
2833;63
2834;68
2835;72
2836;76
2837;45
2838;39
2839;10
2840;79
2841;65
2842;82
2843;67
2844;60
2845;57
2846;12
2847;60
2848;82
2849;64
2850;53
2851;70
2852;55
2853;59
2854;71
2855;25
2856;52
2857;57
2858;17
2859;16
2860;8
2861;11
2862;62
2863;74
2864;62
2865;53
2866;42
2867;67
2868;35
2869;63
2870;61
2871;71
2872;59
2873;66
2874;29
2875;40
2876;71
2877;51
2878;69
2879;75
2880;46
2881;30
2882;55
2883;20
2884;21
2885;49
2886;65
2887;56
2888;62
2889;52
2890;59
2891;51
2892;57
2893;69
2894;44
2895;69
2896;63
2897;66
2898;64
2899;50
2900;49
2901;49
2902;30
2903;1
2904;74
2905;47
2906;35
2907;41
2908;6
2909;17
2910;58
2911;38
2912;42
2913;18
2914;5
2915;23
2916;46
2917;0
2918;8
2919;21
2920;53
2921;49
2922;3
2923;38
2924;53
2925;66
2926;24
2927;68
2928;54
2929;23
2930;73
2931;61
2932;49
2933;68
2934;88
2935;62
2936;80
2937;56
2938;67
2939;63
2940;61
2941;23
2942;48
2943;61
2944;53
2945;75
2946;29
2947;56
2948;57
2949;53
2950;56
2951;40
2952;52
2953;56
2954;42
2955;55
2956;74
2957;50
2958;49
2959;48
2960;43
2961;58
2962;52
2963;87
2964;47
2965;69
2966;72
2967;48
2968;59
2969;62
2970;76
2971;20
2972;25
2973;75
2974;45
2975;55
2976;75
2977;73
2978;75
2979;45
2980;53
2981;61
2982;71
2983;57
2984;10
2985;74
2986;37
2987;60
2988;6
2989;14
2990;37
2991;43
2992;17
2993;4
2994;18
2995;66
2996;26
2997;45
2998;69
2999;71
3000;95
3001;41
3002;53
3003;11
3004;74
3005;42
3006;66
3007;40
3008;65
3009;83
3010;78
3011;59
3012;40
3013;66
3014;43
3015;31
3016;31
3017;11
3018;14
3019;56
3020;64
3021;54
3022;62
3023;77
3024;55
3025;53
3026;67
3027;60
3028;64
3029;55
3030;34
3031;27
3032;60
3033;34
3034;75
3035;62
3036;52
3037;64
3038;70
3039;52
3040;70
3041;71
3042;55
3043;80
3044;27
3045;18
3046;17
3047;44
3048;17
3049;59
3050;42
3051;45
3052;4
3053;5
3054;16
3055;65
3056;68
3057;37
3058;42
3059;14
3060;8
3061;62
3062;86
3063;42
3064;25
3065;53
3066;64
3067;55
3068;59
3069;44
3070;45
3071;37
3072;63
3073;12
3074;35
3075;7
3076;90
3077;54
3078;74
3079;19
3080;78
3081;72
3082;53
3083;61
3084;63
3085;68
3086;41
3087;64
3088;13
3089;13
3090;58
3091;51
3092;68
3093;70
3094;41
3095;31
3096;10
3097;17
3098;59
3099;64
3100;69
3101;37
3102;45
3103;14
3104;28
3105;9
3106;83
3107;31
3108;55
3109;72
3110;79
3111;68
3112;21
3113;67
3114;61
3115;54
3116;33
3117;72
3118;72
3119;52
3120;59
3121;38
3122;35
3123;72
3124;46
3125;60
3126;59
3127;64
3128;66
3129;67
3130;75
3131;72
3132;52
3133;52
3134;40
3135;56
3136;72
3137;32
3138;58
3139;51
3140;74
3141;30
3142;52
3143;22
3144;23
3145;48
3146;57
3147;40
3148;47
3149;4
3150;0
3151;70
3152;65
3153;53
3154;62
3155;52
3156;39
3157;49
3158;11
3159;17
3160;75
3161;68
3162;67
3163;65
3164;58
3165;65
3166;58
3167;51
3168;44
3169;7
3170;0
3171;43
3172;95
3173;59
3174;69
3175;74
3176;55
3177;84
3178;52
3179;61
3180;53
3181;29
3182;20
3183;53
3184;38
3185;58
3186;18
3187;18
3188;15
3189;46
3190;60
3191;33
3192;8
3193;11
3194;54
3195;76
3196;74
3197;63
3198;39
3199;73
3200;58
3201;64
3202;58
3203;12
3204;19
3205;79
3206;72
3207;53
3208;36
3209;69
3210;53
3211;51
3212;65
3213;23
3214;3
3215;3
3216;35
3217;18
3218;14
3219;40
3220;77
3221;66
3222;59
3223;65
3224;56
3225;27
3226;6
3227;15
3228;55
3229;63
3230;13
3231;6
3232;68
3233;63
3234;72
3235;44
3236;72
3237;61
3238;63
3239;64
3240;30
3241;26
3242;8
3243;9
3244;61
3245;50
3246;41
3247;68
3248;29
3249;82
3250;48
3251;75
3252;38
3253;18
3254;7
3255;59
3256;93
3257;72
3258;37
3259;24
3260;63
3261;64
3262;64
3263;26
3264;58
3265;71
3266;95
3267;43
3268;40
3269;3
3270;4
3271;7
3272;57
3273;56
3274;49
3275;40
3276;10
3277;11
3278;0
3279;57
3280;53
3281;46
3282;17
3283;12
3284;54
3285;24
3286;28
3287;82
3288;55
3289;48
3290;62
3291;74
3292;51
3293;32
3294;49
3295;62
3296;15
3297;10
3298;73
3299;70
3300;47
3301;83
3302;73
3303;54
3304;73
3305;71
3306;43
3307;29
3308;63
3309;8
3310;8
3311;55
3312;10
3313;77
3314;38
3315;69
3316;49
3317;53
3318;12
3319;17
3320;67
3321;95
3322;56
3323;65
3324;46
3325;38
3326;2
3327;1
3328;71
3329;77
3330;68
3331;70
3332;38
3333;42
3334;10
3335;8
3336;49
3337;61
3338;47
3339;48
3340;13
3341;7
3342;52
3343;62
3344;48
3345;62
3346;79
3347;68
3348;62
3349;45
3350;48
3351;78
3352;58
3353;81
3354;49
3355;39
3356;62
3357;40
3358;19
3359;55
3360;51
3361;38
3362;27
3363;32
3364;17
3365;3
3366;61
3367;31
3368;53
3369;83
3370;81
3371;69
3372;33
3373;48
3374;13
3375;13
3376;55
3377;46
3378;15
3379;16
3380;64
3381;83
3382;58
3383;47
3384;74
3385;41
3386;60
3387;50
3388;70
3389;50
3390;52
3391;63
3392;58
3393;40
3394;58
3395;80
3396;55
3397;55
3398;69
3399;56
3400;41
3401;44
3402;16
3403;13
3404;6
3405;62
3406;61
3407;72
3408;75
3409;69
3410;75
3411;53
3412;54
3413;57
3414;33
3415;6
3416;66
3417;74
3418;28
3419;45
3420;45
3421;1
3422;68
3423;68
3424;44
3425;41
3426;59
3427;70
3428;70
3429;59
3430;52
3431;65
3432;41
3433;56
3434;66
3435;24
3436;29
3437;4
3438;4
3439;60
3440;65
3441;51
3442;27
3443;17
3444;18
3445;26
3446;43
3447;25
3448;69
3449;27
3450;36
3451;7
3452;1
3453;53
3454;72
3455;76
3456;43
3457;43
3458;1
3459;59
3460;31
3461;41
3462;12
3463;44
3464;36
3465;3
3466;14
3467;94
3468;53
3469;69
3470;28
3471;54
3472;65
3473;64
3474;63
3475;48
3476;24
3477;64
3478;70
3479;54
3480;61
3481;49
3482;54
3483;62
3484;48
3485;57
3486;55
3487;59
3488;61
3489;15
3490;6
3491;54
3492;59
3493;34
3494;32
3495;8
3496;88
3497;62
3498;67
3499;50
3500;25
3501;62
3502;54
3503;53
3504;76
3505;60
3506;68
3507;71
3508;19
3509;83
3510;24
3511;68
3512;49
3513;40
3514;3
3515;5
3516;3
3517;46
3518;72
3519;23
3520;45
3521;2
3522;2
3523;50
3524;61
3525;10
3526;18
3527;42
3528;42
3529;8
3530;57
3531;62
3532;28
3533;47
3534;42
3535;94
3536;30
3537;51
3538;36
3539;11
3540;17
3541;39
3542;37
3543;42
3544;81
3545;40
3546;69
3547;64
3548;30
3549;34
3550;31
3551;18
3552;11
3553;0
3554;27
3555;54
3556;55
3557;48
3558;72
3559;75
3560;50
3561;47
3562;39
3563;88
3564;83
3565;55
3566;46
3567;66
3568;21
3569;54
3570;37
3571;70
3572;60
3573;44
3574;47
3575;5
3576;8
3577;19
3578;57
3579;51
3580;17
3581;9
3582;35
3583;57
3584;10
3585;13
3586;90
3587;67
3588;71
3589;28
3590;64
3591;74
3592;71
3593;61
3594;54
3595;33
3596;40
3597;81
3598;71
3599;54
3600;65
3601;46
3602;71
3603;67
3604;76
3605;42
3606;73
3607;68
3608;68
3609;40
3610;17
3611;15
3612;30
3613;41
3614;11
3615;17
3616;8
3617;49
3618;75
3619;55
3620;58
3621;74
3622;38
3623;81
3624;94
3625;51
3626;57
3627;63
3628;71
3629;59
3630;65
3631;23
3632;62
3633;50
3634;49
3635;66
3636;71
3637;48
3638;32
3639;62
3640;78
3641;72
3642;65
3643;87
3644;79
3645;62
3646;36
3647;55
3648;57
3649;11
3650;11
3651;55
3652;51
3653;48
3654;48
3655;28
3656;37
3657;2
3658;2
3659;0
3660;47
3661;45
3662;1
3663;57
3664;62
3665;42
3666;64
3667;6
3668;12
3669;18
3670;68
3671;64
3672;59
3673;61
3674;64
3675;57
3676;19
3677;67
3678;41
3679;34
3680;6
3681;12
3682;9
3683;49
3684;72
3685;57
3686;67
3687;24
3688;55
3689;20
3690;73
3691;42
3692;64
3693;31
3694;38
3695;8
3696;16
3697;5
3698;82
3699;55
3700;46
3701;70
3702;61
3703;68
3704;42
3705;59
3706;47
3707;53
3708;78
3709;56
3710;70
3711;27
3712;1
3713;16
3714;3
3715;34
3716;46
3717;9
3718;11
3719;67
3720;38
3721;73
3722;71
3723;25
3724;88
3725;20
3726;69
3727;21
3728;54
3729;24
3730;77
3731;72
3732;58
3733;24
3734;62
3735;55
3736;33
3737;53
3738;62
3739;69
3740;42
3741;17
3742;6
3743;56
3744;100
3745;43
3746;69
3747;19
3748;85
3749;67
3750;68
3751;67
3752;60
3753;67
3754;60
3755;65
3756;61
3757;44
3758;15
3759;11
3760;32
3761;68
3762;31
3763;38
3764;3
3765;18
3766;74
3767;63
3768;42
3769;38
3770;14
3771;11
3772;7
3773;65
3774;58
3775;71
3776;65
3777;45
3778;63
3779;67
3780;66
3781;74
3782;53
3783;82
3784;57
3785;48
3786;17
3787;11
3788;78
3789;48
3790;49
3791;56
3792;75
3793;46
3794;72
3795;65
3796;53
3797;62
3798;39
3799;64
3800;59
3801;19
3802;54
3803;43
3804;75
3805;38
3806;46
3807;61
3808;66
3809;85
3810;25
3811;39
3812;6
3813;3
3814;7
3815;71
3816;51
3817;53
3818;76
3819;69
3820;61
3821;24
3822;61
3823;20
3824;72
3825;21
3826;85
3827;20
3828;74
3829;51
3830;23
3831;58
3832;38
3833;58
3834;9
3835;12
3836;11
3837;43
3838;32
3839;49
3840;19
3841;56
3842;21
3843;38
3844;4
3845;8
3846;37
3847;69
3848;53
3849;72
3850;48
3851;58
3852;8
3853;8
3854;16
3855;58
3856;71
3857;44
3858;43
3859;11
3860;16
3861;47
3862;65
3863;76
3864;69
3865;51
3866;62
3867;30
3868;17
3869;10
3870;65
3871;51
3872;49
3873;45
3874;14
3875;13
3876;7
3877;14
3878;50
3879;64
3880;63
3881;13
3882;8
3883;25
3884;48
3885;72
3886;51
3887;29
3888;10
3889;10
3890;18
3891;51
3892;54
3893;55
3894;43
3895;47
3896;63
3897;44
3898;10
3899;11
3900;6
3901;69
3902;67
3903;49
3904;71
3905;53
3906;43
3907;83
3908;53
3909;64
3910;43
3911;17
3912;16
3913;17
3914;45
3915;56
3916;9
3917;65
3918;45
3919;88
3920;58
3921;46
3922;73
3923;36
3924;38
3925;92
3926;67
3927;80
3928;52
3929;54
3930;62
3931;53
3932;61
3933;53
3934;65
3935;73
3936;48
3937;63
3938;58
3939;68
3940;55
3941;49
3942;31
3943;16
3944;5
3945;32
3946;15
3947;12
3948;63
3949;59
3950;61
3951;77
3952;47
3953;58
3954;48
3955;19
3956;2
3957;1
3958;51
3959;66
3960;25
3961;49
3962;42
3963;11
3964;17
3965;39
3966;59
3967;15
3968;18
3969;33
3970;29
3971;5
3972;8
3973;69
3974;58
3975;69
3976;50
3977;71
3978;19
3979;43
3980;54
3981;70
3982;63
3983;56
3984;63
3985;68
3986;39
3987;72
3988;40
3989;40
3990;47
3991;14
3992;13
3993;60
3994;26
3995;64
3996;65
3997;64
3998;65
3999;49
4000;63
4001;17
4002;18
4003;39
4004;46
4005;51
4006;70
4007;56
4008;19
4009;70
4010;48
4011;66
4012;57
4013;74
4014;62
4015;60
4016;62
4017;55
4018;86
4019;66
4020;82
4021;57
4022;68
4023;56
4024;20
4025;69
4026;73
4027;51
4028;75
4029;64
4030;65
4031;63
4032;54
4033;40
4034;15
4035;55
4036;48
4037;14
4038;16
4039;16
4040;21
4041;20
4042;82
4043;62
4044;71
4045;22
4046;56
4047;61
4048;24
4049;62
4050;26
4051;55
4052;59
4053;15
4054;14
4055;14
4056;65
4057;70
4058;46
4059;22
4060;11
4061;2
4062;53
4063;56
4064;82
4065;72
4066;50
4067;78
4068;64
4069;23
4070;63
4071;62
4072;11
4073;13
4074;42
4075;7
4076;72
4077;74
4078;51
4079;43
4080;65
4081;38
4082;19
4083;64
4084;43
4085;23
4086;2
4087;12
4088;34
4089;32
4090;4
4091;11
4092;48
4093;54
4094;14
4095;10
4096;69
4097;22
4098;74
4099;39
4100;62
4101;15
4102;11
4103;59
4104;68
4105;54
4106;65
4107;51
4108;84
4109;52
4110;64
4111;82
4112;64
4113;45
4114;38
4115;85
4116;88
4117;37
4118;73
4119;45
4120;23
4121;69
4122;59
4123;61
4124;47
4125;54
4126;60
4127;43
4128;15
4129;52
4130;65
4131;56
4132;62
4133;61
4134;23
4135;61
4136;49
4137;27
4138;12
4139;73
4140;46
4141;68
4142;90
4143;38
4144;29
4145;1
4146;60
4147;71
4148;72
4149;43
4150;25
4151;74
4152;82
4153;71
4154;43
4155;69
4156;67
4157;73
4158;56
4159;60
4160;63
4161;64
4162;10
4163;13
4164;42
4165;17
4166;66
4167;53
4168;63
4169;81
4170;62
4171;81
4172;50
4173;11
4174;69
4175;60
4176;64
4177;51
4178;79
4179;19
4180;61
4181;68
4182;60
4183;85
4184;67
4185;68
4186;89
4187;48
4188;57
4189;53
4190;10
4191;16
4192;14
4193;53
4194;77
4195;85
4196;61
4197;75
4198;70
4199;69
4200;56
4201;60
4202;27
4203;15
4204;66
4205;46
4206;58
4207;72
4208;83
4209;42
4210;29
4211;4
4212;2
4213;62
4214;46
4215;7
4216;7
4217;50
4218;61
4219;61
4220;60
4221;36
4222;8
4223;17
4224;40
4225;64
4226;47
4227;60
4228;42
4229;65
4230;20
4231;40
4232;41
4233;3
4234;42
4235;52
4236;8
4237;76
4238;61
4239;37
4240;32
4241;16
4242;6
4243;18
4244;40
4245;45
4246;10
4247;6
4248;59
4249;46
4250;51
4251;72
4252;60
4253;36
4254;13
4255;32
4256;54
4257;68
4258;68
4259;56
4260;52
4261;60
4262;64
4263;41
4264;62
4265;50
4266;67
4267;46
4268;57
4269;61
4270;47
4271;30
4272;6
4273;6
4274;72
4275;67
4276;89
4277;68
4278;79
4279;19
4280;62
4281;39
4282;19
4283;59
4284;71
4285;52
4286;49
4287;39
4288;19
4289;49
4290;66
4291;74
4292;62
4293;60
4294;12
4295;80
4296;76
4297;65
4298;48
4299;14
4300;25
4301;56
4302;38
4303;71
4304;63
4305;42
4306;34
4307;16
4308;15
4309;28
4310;62
4311;63
4312;73
4313;34
4314;40
4315;16
4316;39
4317;6
4318;47
4319;38
4320;10
4321;10
4322;10
4323;71
4324;62
4325;21
4326;53
4327;39
4328;15
4329;15
4330;71
4331;57
4332;66
4333;60
4334;25
4335;21
4336;49
4337;71
4338;45
4339;58
4340;42
4341;42
4342;62
4343;7
4344;16
4345;63
4346;44
4347;13
4348;45
4349;64
4350;65
