1;64
2;89
3;52
4;59
5;41
6;47
7;16
8;62
9;51
10;56
11;27
12;62
13;71
14;23
15;38
16;1
17;10
18;1
19;10
20;88
21;88
22;19
23;41
24;37
25;55
26;64
27;78
28;50
29;83
30;61
31;56
32;54
33;37
34;38
35;3
36;0
37;58
38;50
39;57
40;40
41;9
42;51
43;49
44;57
45;78
46;60
47;72
48;68
49;82
50;46
51;67
52;53
53;77
54;56
55;41
56;73
57;36
58;61
59;60
60;54
61;27
62;78
63;51
64;33
65;52
66;49
67;77
68;26
69;47
70;75
71;57
72;82
73;59
74;69
75;29
76;80
77;51
78;83
79;78
80;35
81;35
82;4
83;17
84;48
85;24
86;56
87;69
88;36
89;53
90;36
91;62
92;27
93;71
94;29
95;63
96;77
97;91
98;41
99;34
100;5
101;7
102;52
103;57
104;52
105;68
106;77
107;24
108;68
109;28
110;57
111;14
112;29
113;17
114;72
115;69
116;57
117;59
118;9
119;16
120;30
121;49
122;15
123;3
124;69
125;51
126;75
127;64
128;58
129;58
130;60
131;58
132;50
133;43
134;49
135;32
136;4
137;7
138;78
139;56
140;56
141;78
142;67
143;37
144;29
145;38
146;43
147;12
148;1
149;65
150;66
151;71
152;39
153;62
154;48
155;36
156;15
157;22
158;58
159;55
160;81
161;35
162;43
163;5
164;0
165;54
166;35
167;30
168;14
169;9
170;1
171;66
172;77
173;21
174;71
175;81
176;57
177;77
178;37
179;32
180;48
181;28
182;3
183;14
184;4
185;17
186;87
187;62
188;67
189;56
190;52
191;65
192;60
193;38
194;53
195;11
196;14
197;43
198;43
199;61
200;60
201;70
202;61
203;34
204;69
205;60
206;85
207;71
208;27
209;40
210;54
211;62
212;25
213;72
214;59
215;10
216;41
217;66
218;42
219;39
220;2
221;45
222;55
223;40
224;62
225;11
226;13
227;27
228;79
229;57
230;50
231;58
232;50
233;29
234;60
235;16
236;16
237;64
238;74
239;52
240;32
241;30
242;66
243;48
244;53
245;53
246;56
247;58
248;24
249;59
250;26
251;50
252;31
253;11
254;8
255;24
256;53
257;51
258;62
259;51
260;72
261;67
262;90
263;31
264;43
265;41
266;10
267;5
268;5
269;54
270;75
271;52
272;50
273;50
274;8
275;18
276;59
277;62
278;47
279;65
280;30
281;29
282;64
283;19
284;22
285;32
286;22
287;13
288;6
289;44
290;38
291;58
292;49
293;49
294;79
295;68
296;59
297;46
298;54
299;45
300;26
301;4
302;8
303;38
304;43
305;55
306;43
307;10
308;18
309;21
310;19
311;36
312;49
313;38
314;3
315;13
316;21
317;2
318;42
319;39
320;17
321;15
322;55
323;74
324;26
325;96
326;27
327;43
328;50
329;60
330;26
331;24
332;70
333;67
334;29
335;76
336;72
337;44
338;75
339;34
340;49
341;47
342;4
343;89
344;31
345;57
346;9
347;47
348;87
349;91
350;67
351;40
352;55
353;26
354;32
355;8
356;16
357;25
358;31
359;51
360;28
361;57
362;41
363;62
364;27
365;19
366;53
367;40
368;38
369;8
370;43
371;26
372;9
373;12
374;36
375;28
376;12
377;14
378;12
379;34
380;35
381;55
382;92
383;50
384;68
385;50
386;47
387;29
388;9
389;2
390;17
391;40
392;39
393;8
394;16
395;28
396;52
397;46
398;16
399;60
400;65
401;34
402;1
403;51
404;57
405;6
406;11
407;10
408;54
409;71
410;27
411;34
412;12
413;17
414;30
415;58
416;51
417;45
418;60
419;6
420;43
421;81
422;78
423;72
424;65
425;20
426;21
427;65
428;66
429;78
430;51
431;19
432;32
433;4
434;1
435;69
436;49
437;36
438;21
439;52
440;28
441;77
442;41
443;24
444;47
445;38
446;10
447;0
448;56
449;33
450;50
451;17
452;17
453;41
454;30
455;19
456;20
457;19
458;40
459;80
460;55
461;80
462;55
463;39
464;40
465;4
466;1
467;53
468;93
469;28
470;71
471;69
472;65
473;46
474;68
475;72
476;24
477;22
478;72
479;19
480;27
481;32
482;5
483;16
484;38
485;45
486;1
487;43
488;63
489;69
490;54
491;19
492;83
493;44
494;51
495;13
496;17
497;8
498;71
499;54
500;52
501;35
502;60
503;11
504;16
505;26
506;56
507;58
508;16
509;72
510;21
511;1
512;2
513;45
514;22
515;61
516;82
517;59
518;37
519;48
520;12
521;9
522;62
523;42
524;18
525;14
526;42
527;39
528;52
529;79
530;83
531;39
532;47
533;9
534;9
535;9
536;51
537;58
538;49
539;68
540;52
541;19
542;34
543;2
544;13
545;4
546;68
547;67
548;72
549;19
550;72
551;53
552;48
553;8
554;13
555;61
556;24
557;24
558;65
559;55
560;58
561;60
562;34
563;70
564;74
565;27
566;52
567;64
568;88
569;69
570;50
571;40
572;14
573;15
574;17
575;71
576;71
577;51
578;56
579;81
580;47
581;65
582;62
583;75
584;71
585;69
586;58
587;45
588;68
589;24
590;72
591;21
592;21
593;23
594;63
595;27
596;36
597;45
598;63
599;58
600;13
601;14
602;59
603;62
604;62
605;60
606;66
607;54
608;60
609;55
610;21
611;62
612;49
613;68
614;37
615;49
616;14
617;29
618;75
619;53
620;92
621;51
622;18
623;17
624;65
625;72
626;41
627;61
628;66
629;69
630;54
631;73
632;21
633;56
634;64
635;63
636;45
637;59
638;8
639;18
640;54
641;51
642;51
643;24
644;67
645;64
646;21
647;51
648;27
649;47
650;3
651;5
652;51
653;56
654;62
655;19
656;44
657;18
658;6
659;6
660;70
661;52
662;30
663;49
664;3
665;0
666;1
667;50
668;39
669;59
670;54
671;45
672;45
673;14
674;8
675;13
676;77
677;62
678;33
679;62
680;22
681;70
682;76
683;71
684;48
685;28
686;36
687;3
688;4
689;27
690;77
691;62
692;47
693;34
694;50
695;12
696;8
697;54
698;6
699;22
700;30
701;46
702;80
703;67
704;61
705;64
706;44
707;55
708;63
709;57
710;81
711;62
712;32
713;32
714;1
715;1
716;43
717;85
718;45
719;58
720;40
721;46
722;9
723;13
724;14
725;40
726;64
727;19
728;25
729;20
730;61
731;32
732;43
733;0
734;10
735;2
736;56
737;69
738;55
739;80
740;58
741;43
742;8
743;30
744;45
745;23
746;64
747;24
748;76
749;52
750;56
751;58
752;65
753;20
754;64
755;85
756;53
757;76
758;26
759;53
760;43
761;49
762;31
763;6
764;76
765;83
766;61
767;44
768;24
769;39
770;34
771;21
772;77
773;28
774;8
775;13
776;35
777;21
778;30
779;82
780;38
781;41
782;16
783;7
784;66
785;73
786;26
787;82
788;58
789;29
790;47
791;18
792;1
793;27
794;29
795;56
796;70
797;50
798;50
799;42
800;59
801;18
802;8
803;57
804;36
805;26
806;60
807;66
808;79
809;35
810;43
811;1
812;14
813;3
814;44
815;61
816;18
817;16
818;71
819;38
820;43
821;25
822;64
823;19
824;19
825;54
826;31
827;62
828;35
829;60
830;65
831;50
832;23
833;65
834;26
835;19
836;31
837;5
838;53
839;64
840;73
841;54
842;55
843;19
844;81
845;67
846;80
847;66
848;52
849;58
850;22
851;21
852;88
853;78
854;43
855;29
856;8
857;40
858;81
859;76
860;72
861;49
862;60
863;48
864;55
865;46
866;9
867;17
868;10
869;64
870;43
871;63
872;34
873;40
874;54
875;61
876;48
877;55
878;14
879;52
880;41
881;8
882;9
883;13
884;64
885;80
886;50
887;53
888;67
889;47
890;40
891;41
892;32
893;59
894;51
895;31
896;39
897;5
898;80
899;92
900;22
901;23
902;77
903;56
904;51
905;45
906;48
907;11
908;13
909;66
910;44
911;54
912;64
913;88
914;65
915;44
916;28
917;65
918;68
919;46
920;28
921;20
922;28
923;15
924;65
925;84
926;78
927;36
928;43
929;12
930;16
931;65
932;50
933;23
934;24
935;60
936;23
937;77
938;58
939;75
940;51
941;34
942;37
943;2
944;75
945;50
946;84
947;42
948;36
949;28
950;4
951;67
952;25
953;63
954;63
955;38
956;19
957;84
958;76
959;62
960;63
961;22
962;35
963;75
964;42
965;23
966;31
967;3
968;3
969;3
970;10
971;58
972;26
973;58
974;70
975;77
976;46
977;69
978;38
979;52
980;23
981;52
982;54
983;65
984;57
985;81
986;62
987;72
988;55
989;49
990;21
991;61
992;55
993;24
994;70
995;34
996;45
997;63
998;6
999;60
1000;60
1001;56
1002;76
1003;58
1004;69
1005;30
1006;29
1007;37
1008;6
1009;8
1010;12
1011;57
1012;6
1013;9
1014;72
1015;52
1016;77
1017;84
1018;91
1019;65
1020;42
1021;72
1022;25
1023;48
1024;39
1025;60
1026;24
1027;43
1028;54
1029;14
1030;10
1031;34
1032;52
1033;6
1034;62
1035;40
1036;74
1037;38
1038;29
1039;3
1040;15
1041;66
1042;65
1043;25
1044;22
1045;35
1046;33
1047;59
1048;13
1049;10
1050;33
1051;26
1052;52
1053;55
1054;61
1055;52
1056;70
1057;27
1058;68
1059;19
1060;37
1061;54
1062;69
1063;75
1064;64
1065;74
1066;49
1067;49
1068;47
1069;71
1070;35
1071;28
1072;48
1073;5
1074;0
1075;29
1076;78
1077;41
1078;43
1079;58
1080;46
1081;37
1082;69
1083;91
1084;71
1085;56
1086;76
1087;62
1088;43
1089;40
1090;4
1091;3
1092;25
1093;79
1094;53
1095;64
1096;63
1097;58
1098;37
1099;30
1100;30
1101;13
1102;6
1103;9
1104;68
1105;57
1106;48
1107;18
1108;17
1109;15
1110;71
1111;39
1112;70
1113;76
1114;72
1115;49
1116;52
1117;8
1118;17
1119;10
1120;39
1121;6
1122;3
1123;37
1124;39
1125;14
1126;59
1127;46
1128;18
1129;10
1130;13
1131;88
1132;72
1133;42
1134;73
1135;68
1136;43
1137;71
1138;22
1139;52
1140;70
1141;78
1142;75
1143;31
1144;59
1145;50
1146;60
1147;59
1148;64
1149;31
1150;79
1151;57
1152;26
1153;5
1154;4
1155;4
1156;73
1157;85
1158;29
1159;54
1160;30
1161;24
1162;22
1163;58
1164;55
1165;37
1166;42
1167;3
1168;5
1169;54
1170;48
1171;13
1172;13
1173;66
1174;40
1175;48
1176;17
1177;12
1178;8
1179;57
1180;63
1181;76
1182;51
1183;21
1184;21
1185;19
1186;60
1187;24
1188;30
1189;48
1190;37
1191;24
1192;4
1193;12
1194;23
1195;51
1196;72
1197;41
1198;35
1199;2
1200;4
1201;1
1202;1
1203;33
1204;37
1205;32
1206;71
1207;25
1208;60
1209;48
1210;88
1211;70
1212;71
1213;58
1214;44
1215;24
1216;43
1217;21
1218;68
1219;65
1220;39
1221;60
1222;13
1223;12
1224;68
1225;24
1226;48
1227;54
1228;59
1229;55
1230;53
1231;23
1232;21
1233;30
1234;25
1235;41
1236;3
1237;0
1238;56
1239;29
1240;76
1241;83
1242;48
1243;52
1244;56
1245;32
1246;45
1247;39
1248;66
1249;79
1250;71
1251;55
1252;51
1253;64
1254;57
1255;57
1256;40
1257;50
1258;17
1259;11
1260;18
1261;78
1262;28
1263;50
1264;63
1265;15
1266;14
1267;14
1268;35
1269;74
1270;31
1271;51
1272;48
1273;39
1274;15
1275;56
1276;54
1277;13
1278;17
1279;47
1280;56
1281;73
1282;58
1283;59
1284;29
1285;77
1286;79
1287;23
1288;74
1289;35
1290;50
1291;15
1292;12
1293;16
1294;14
1295;72
1296;66
1297;68
1298;78
1299;55
1300;44
1301;13
1302;67
1303;56
1304;53
1305;58
1306;41
1307;55
1308;76
1309;81
1310;78
1311;90
1312;21
1313;42
1314;29
1315;11
1316;13
1317;60
1318;22
1319;65
1320;24
1321;25
1322;55
1323;75
1324;22
1325;51
1326;19
1327;53
1328;79
1329;73
1330;32
1331;17
1332;4
1333;62
1334;59
1335;63
1336;67
1337;56
1338;51
1339;47
1340;77
1341;64
1342;76
1343;60
1344;29
1345;52
1346;39
1347;21
1348;16
1349;2
1350;34
1351;70
1352;33
1353;42
1354;17
1355;16
1356;54
1357;47
1358;61
1359;70
1360;52
1361;64
1362;71
1363;75
1364;37
1365;32
1366;60
1367;51
1368;84
1369;43
1370;54
1371;52
1372;54
1373;51
1374;76
1375;64
1376;47
1377;47
1378;54
1379;79
1380;24
1381;71
1382;81
1383;59
1384;45
1385;48
1386;16
1387;3
1388;39
1389;65
1390;71
1391;55
1392;27
1393;48
1394;1
1395;4
1396;78
1397;56
1398;74
1399;28
1400;28
1401;2
1402;67
1403;81
1404;26
1405;51
1406;13
1407;10
1408;18
1409;18
1410;61
1411;65
1412;51
1413;68
1414;46
1415;47
1416;45
1417;11
1418;16
1419;15
1420;20
1421;21
1422;61
1423;51
1424;61
1425;58
1426;22
1427;24
1428;52
1429;27
1430;25
1431;41
1432;61
1433;39
1434;90
1435;48
1436;42
1437;25
1438;22
1439;69
1440;62
1441;62
1442;61
1443;60
1444;39
1445;56
1446;7
1447;15
1448;45
1449;39
1450;57
1451;18
1452;8
1453;73
1454;62
1455;56
1456;37
1457;25
1458;36
1459;41
1460;69
1461;37
1462;56
1463;74
1464;39
1465;28
1466;9
1467;5
1468;43
1469;37
1470;4
1471;75
1472;37
1473;74
1474;83
1475;54
1476;58
1477;8
1478;13
1479;80
1480;21
1481;46
1482;68
1483;56
1484;75
1485;33
1486;61
1487;6
1488;33
1489;54
1490;61
1491;72
1492;74
1493;35
1494;25
1495;48
1496;4
1497;12
1498;18
1499;5
1500;22
1501;37
1502;5
1503;13
1504;4
1505;13
1506;18
1507;58
1508;44
1509;45
1510;48
1511;46
1512;55
1513;16
1514;7
1515;17
1516;17
1517;54
1518;24
1519;78
1520;33
1521;17
1522;12
1523;5
1524;80
1525;52
1526;6
1527;16
1528;35
1529;19
1530;50
1531;58
1532;35
1533;22
1534;46
1535;4
1536;4
1537;40
1538;82
1539;22
1540;80
1541;63
1542;79
1543;67
1544;36
1545;42
1546;8
1547;15
1548;75
1549;51
1550;58
1551;57
1552;69
1553;64
1554;35
1555;32
1556;2
1557;0
1558;30
1559;37
1560;2
1561;2
1562;4
1563;58
1564;12
1565;12
1566;40
1567;28
1568;79
1569;77
1570;21
1571;71
1572;53
1573;41
1574;17
1575;49
1576;71
1577;25
1578;66
1579;36
1580;55
1581;19
1582;85
1583;60
1584;67
1585;77
1586;72
1587;22
1588;82
1589;47
1590;69
1591;43
1592;44
1593;40
1594;4
1595;14
1596;4
1597;71
1598;21
1599;31
1600;55
1601;13
1602;82
1603;51
1604;39
1605;52
1606;41
1607;10
1608;89
1609;83
1610;67
1611;74
1612;65
1613;50
1614;32
1615;55
1616;43
1617;14
1618;7
1619;18
1620;43
1621;45
1622;45
1623;0
1624;5
1625;69
1626;77
1627;55
1628;65
1629;46
1630;48
1631;69
1632;70
1633;52
1634;48
1635;56
1636;68
1637;65
1638;80
1639;37
1640;43
1641;9
1642;69
1643;22
1644;47
1645;6
1646;9
1647;53
1648;44
1649;77
1650;58
1651;32
1652;16
1653;54
1654;75
1655;44
1656;49
1657;39
1658;15
1659;17
1660;10
1661;65
1662;83
1663;48
1664;79
1665;86
1666;76
1667;55
1668;43
1669;63
1670;37
1671;41
1672;28
1673;32
1674;6
1675;3
1676;53
1677;39
1678;72
1679;66
1680;42
1681;12
1682;65
1683;44
1684;44
1685;63
1686;7
1687;9
1688;53
1689;53
1690;54
1691;15
1692;13
1693;76
1694;73
1695;74
1696;56
1697;61
1698;35
1699;12
1700;58
1701;73
1702;22
1703;57
1704;59
1705;62
1706;32
1707;62
1708;68
1709;79
1710;53
1711;39
1712;5
1713;63
1714;63
1715;66
1716;69
1717;31
1718;40
1719;10
1720;28
1721;59
1722;65
1723;58
1724;52
1725;56
1726;40
1727;44
1728;64
1729;56
1730;74
1731;22
1732;47
1733;24
1734;76
1735;47
1736;65
1737;41
1738;72
1739;81
1740;86
1741;48
1742;70
1743;81
1744;72
1745;71
1746;58
1747;35
1748;43
1749;10
1750;61
1751;61
1752;38
1753;45
1754;45
1755;17
1756;53
1757;13
1758;31
1759;78
1760;27
1761;50
1762;55
1763;35
1764;40
1765;1
1766;16
1767;71
1768;71
1769;63
1770;46
1771;17
1772;16
1773;61
1774;30
1775;36
1776;11
1777;14
1778;12
1779;77
1780;66
1781;75
1782;81
1783;69
1784;32
1785;49
1786;13
1787;15
1788;15
1789;66
1790;50
1791;48
1792;11
1793;10
1794;30
1795;70
1796;85
1797;52
1798;41
1799;12
1800;12
1801;17
1802;37
1803;15
1804;11
1805;62
1806;18
1807;16
1808;34
1809;75
1810;47
1811;49
1812;63
1813;82
1814;57
1815;35
1816;10
1817;9
1818;12
1819;37
1820;30
1821;43
1822;7
1823;13
1824;58
1825;52
1826;72
1827;35
1828;61
1829;71
1830;81
1831;66
1832;56
1833;19
1834;39
1835;56
1836;51
1837;66
1838;63
1839;19
1840;34
1841;54
1842;22
1843;28
1844;24
1845;79
1846;42
1847;87
1848;43
1849;53
1850;11
1851;42
1852;50
1853;14
1854;15
1855;34
1856;10
1857;53
1858;14
1859;60
1860;60
1861;64
1862;44
1863;38
1864;0
1865;16
1866;51
1867;54
1868;34
1869;61
1870;54
1871;80
1872;48
1873;77
1874;24
1875;48
1876;40
1877;15
1878;9
1879;28
1880;45
1881;56
1882;14
1883;9
1884;39
1885;65
1886;61
1887;49
1888;41
1889;7
1890;6
1891;87
1892;35
1893;32
1894;8
1895;15
1896;46
1897;75
1898;67
1899;52
1900;29
1901;9
1902;56
1903;22
1904;21
1905;38
1906;41
1907;13
1908;8
1909;51
1910;57
1911;41
1912;41
1913;75
1914;68
1915;87
1916;43
1917;40
1918;3
1919;3
1920;3
1921;53
1922;24
1923;46
1924;70
1925;85
1926;54
1927;36
1928;24
1929;67
1930;23
1931;34
1932;51
1933;31
1934;85
1935;75
1936;19
1937;15
1938;58
1939;71
1940;39
1941;81
1942;59
1943;79
1944;41
1945;45
1946;44
1947;36
1948;44
1949;3
1950;4
1951;26
1952;21
1953;49
1954;77
1955;26
1956;54
1957;27
1958;13
1959;41
1960;1
1961;1
1962;47
1963;21
1964;28
1965;3
1966;11
1967;8
1968;57
1969;54
1970;60
1971;54
1972;54
1973;51
1974;30
1975;53
1976;56
1977;18
1978;78
1979;30
1980;45
1981;4
1982;3
1983;65
1984;64
1985;62
1986;30
1987;39
1988;0
1989;15
1990;75
1991;55
1992;61
1993;53
1994;52
1995;60
1996;62
1997;75
1998;45
1999;27
2000;4
2001;67
2002;68
2003;55
2004;40
2005;29
2006;1
2007;1
2008;3
2009;49
2010;51
2011;48
2012;60
2013;22
2014;22
2015;56
2016;60
2017;6
2018;16
2019;71
2020;76
2021;21
2022;51
2023;64
2024;28
2025;46
2026;46
2027;1
2028;18
2029;69
2030;32
2031;35
2032;4
2033;16
2034;35
2035;61
2036;13
2037;9
2038;46
2039;58
2040;18
2041;18
2042;81
2043;59
2044;62
2045;22
2046;79
2047;52
2048;48
2049;38
2050;15
2051;16
2052;75
2053;76
2054;60
2055;26
2056;10
2057;8
2058;8
2059;56
2060;64
2061;6
2062;54
2063;57
2064;67
2065;45
2066;60
2067;44
2068;61
2069;21
2070;24
2071;57
2072;48
2073;69
2074;49
2075;59
2076;88
2077;68
2078;51
2079;44
2080;7
2081;7
2082;51
2083;60
2084;18
2085;55
2086;70
2087;80
2088;22
2089;71
2090;70
2091;27
2092;84
2093;38
2094;57
2095;69
2096;67
2097;28
2098;80
2099;52
2100;71
2101;56
2102;38
2103;59
2104;78
2105;23
2106;61
2107;54
2108;11
2109;14
2110;31
2111;63
2112;21
2113;59
2114;19
2115;54
2116;19
2117;69
2118;44
2119;67
2120;83
2121;62
2122;19
2123;55
2124;87
2125;47
2126;42
2127;36
2128;39
2129;11
2130;17
2131;16
2132;69
2133;45
2134;48
2135;24
2136;1
2137;7
2138;52
2139;76
2140;73
2141;54
2142;82
2143;76
2144;73
2145;22
2146;51
2147;64
2148;61
2149;24
2150;75
2151;57
2152;40
2153;35
2154;29
2155;5
2156;45
2157;63
2158;18
2159;7
2160;31
2161;12
2162;12
2163;60
2164;47
2165;72
2166;30
2167;41
2168;47
2169;14
2170;71
2171;27
2172;72
2173;80
2174;47
2175;63
2176;15
2177;11
2178;34
2179;73
2180;39
2181;74
2182;25
2183;38
2184;89
2185;42
2186;70
2187;21
2188;77
2189;51
2190;49
2191;57
2192;78
2193;54
2194;79
2195;41
2196;21
2197;0
2198;52
2199;53
2200;69
2201;52
2202;67
2203;51
2204;51
2205;45
2206;64
2207;11
2208;18
2209;36
2210;46
2211;4
2212;5
2213;49
2214;31
2215;7
2216;5
2217;4
2218;57
2219;74
2220;51
2221;67
2222;23
2223;43
2224;65
2225;80
2226;59
2227;51
2228;54
2229;34
2230;14
2231;59
2232;72
2233;44
2234;49
2235;14
2236;58
2237;35
2238;16
2239;18
2240;60
2241;68
2242;37
2243;32
2244;16
2245;3
2246;72
2247;68
2248;55
2249;85
2250;45
2251;82
2252;60
2253;54
2254;47
2255;48
2256;1
2257;5
2258;36
2259;57
2260;46
2261;18
2262;17
2263;12
2264;51
2265;62
2266;39
2267;49
2268;4
2269;5
2270;65
2271;26
2272;28
2273;48
2274;4
2275;1
2276;41
2277;28
2278;0
2279;19
2280;3
2281;50
2282;55
2283;58
2284;67
2285;54
2286;58
2287;81
2288;66
2289;21
2290;32
2291;50
2292;14
2293;80
2294;43
2295;42
2296;56
2297;75
2298;81
2299;70
2300;45
2301;18
2302;63
2303;32
2304;27
2305;45
2306;5
2307;14
2308;1
2309;86
2310;52
2311;60
2312;49
2313;30
2314;6
2315;18
2316;63
2317;74
2318;50
2319;64
2320;72
2321;20
2322;21
2323;54
2324;50
2325;68
2326;44
2327;69
2328;79
2329;71
2330;60
2331;74
2332;68
2333;55
2334;54
2335;56
2336;22
2337;22
2338;5
2339;3
2340;57
2341;28
2342;40
2343;31
2344;5
2345;0
2346;35
2347;29
2348;25
2349;54
2350;53
2351;34
2352;16
2353;79
2354;41
2355;28
2356;12
2357;8
2358;28
2359;48
2360;0
2361;13
2362;3
2363;30
2364;30
2365;1
2366;29
2367;14
2368;0
2369;28
2370;42
2371;3
2372;4
2373;53
2374;57
2375;69
2376;30
2377;66
2378;70
2379;33
2380;24
2381;16
2382;98
2383;21
2384;29
2385;53
2386;24
2387;20
2388;31
2389;59
2390;23
2391;21
2392;23
2393;33
2394;41
2395;36
2396;17
2397;11
2398;96
2399;24
2400;71
2401;69
2402;26
2403;23
2404;62
2405;82
2406;65
2407;68
2408;48
2409;59
2410;77
2411;46
2412;78
2413;22
2414;62
2415;63
2416;60
2417;65
2418;73
2419;80
2420;61
2421;74
2422;64
2423;54
2424;37
2425;56
2426;22
2427;50
2428;49
2429;28
2430;2
2431;70
2432;55
2433;49
2434;23
2435;79
2436;68
2437;43
2438;58
2439;70
2440;28
2441;43
2442;10
2443;14
2444;76
2445;24
2446;41
2447;11
2448;68
2449;63
2450;43
2451;54
2452;38
2453;15
2454;16
2455;59
2456;50
2457;54
2458;30
2459;13
2460;15
2461;53
2462;64
2463;7
2464;18
2465;75
2466;70
2467;40
2468;28
2469;1
2470;1
2471;88
2472;59
2473;64
2474;62
2475;57
2476;68
2477;77
2478;80
2479;74
2480;59
2481;76
2482;35
2483;32
2484;68
2485;68
2486;44
2487;40
2488;62
2489;55
2490;67
2491;62
2492;22
2493;89
2494;24
2495;21
2496;57
2497;73
2498;56
2499;27
2500;51
2501;51
2502;11
2503;18
2504;40
2505;71
2506;23
2507;59
2508;40
2509;23
2510;27
2511;73
2512;44
2513;54
2514;45
2515;72
2516;70
2517;53
2518;11
2519;18
2520;29
2521;47
2522;1
2523;49
2524;9
2525;63
2526;30
2527;71
2528;49
2529;92
2530;71
2531;29
2532;50
2533;50
2534;23
2535;76
2536;49
2537;37
2538;52
2539;12
2540;21
2541;9
2542;4
2543;67
2544;82
2545;58
2546;62
2547;38
2548;61
2549;53
2550;21
2551;66
2552;26
2553;30
2554;2
2555;5
2556;3
2557;30
2558;50
2559;39
2560;40
2561;33
2562;0
2563;3
2564;65
2565;55
2566;47
2567;16
2568;11
2569;78
2570;70
2571;78
2572;39
2573;33
2574;1
2575;12
2576;71
2577;56
2578;41
2579;65
2580;76
2581;56
2582;13
2583;40
2584;20
2585;8
2586;71
2587;40
2588;26
2589;24
2590;21
2591;72
2592;77
2593;36
2594;15
2595;7
2596;45
2597;69
2598;54
2599;77
2600;59
2601;20
2602;31
2603;60
2604;56
2605;20
2606;59
2607;59
2608;62
2609;77
2610;30
2611;47
2612;59
2613;11
2614;42
2615;84
2616;53
2617;70
2618;87
2619;31
2620;74
2621;74
2622;63
2623;37
2624;66
2625;29
2626;43
2627;75
2628;79
2629;55
2630;73
2631;23
2632;33
2633;35
2634;2
2635;10
2636;3
2637;38
2638;0
2639;36
2640;35
2641;43
2642;12
2643;18
2644;10
2645;82
2646;52
2647;24
2648;35
2649;17
2650;5
2651;72
2652;52
2653;56
2654;92
2655;21
2656;19
2657;66
2658;50
2659;58
2660;56
2661;64
2662;21
2663;38
2664;83
2665;70
2666;24
2667;30
2668;39
2669;3
2670;15
2671;24
2672;70
2673;42
2674;12
2675;80
2676;39
2677;49
2678;62
2679;76
2680;55
2681;40
2682;77
2683;87
2684;47
2685;73
2686;50
2687;62
2688;57
2689;32
2690;48
2691;13
2692;25
2693;62
2694;30
2695;10
2696;6
2697;67
2698;38
2699;46
2700;60
2701;51
2702;13
2703;6
2704;58
2705;21
2706;23
2707;65
2708;62
2709;56
2710;27
2711;42
2712;40
2713;3
2714;2
2715;53
2716;72
2717;87
2718;66
2719;89
2720;40
2721;63
2722;19
2723;35
2724;62
2725;49
2726;10
2727;55
2728;41
2729;12
2730;15
2731;47
2732;63
2733;23
2734;50
2735;46
2736;17
2737;48
2738;11
2739;57
2740;65
2741;82
2742;58
2743;47
2744;50
2745;44
2746;31
2747;56
2748;11
2749;7
2750;10
2751;9
2752;33
2753;66
2754;45
2755;22
2756;9
2757;1
2758;60
2759;50
2760;59
2761;73
2762;41
2763;52
2764;67
2765;30
2766;69
2767;72
2768;40
2769;28
2770;52
2771;25
2772;53
2773;52
2774;30
2775;25
2776;28
2777;54
2778;93
2779;34
2780;23
2781;20
2782;65
2783;55
2784;85
2785;67
2786;49
2787;61
2788;22
2789;51
2790;35
2791;22
2792;2
2793;3
2794;44
2795;49
2796;17
2797;17
2798;48
2799;27
2800;17
2801;14
2802;62
2803;46
2804;73
2805;77
2806;53
2807;77
2808;43
2809;62
2810;13
2811;16
2812;70
2813;20
2814;62
2815;57
2816;69
2817;43
2818;58
2819;68
2820;65
2821;68
2822;63
2823;59
2824;38
2825;52
2826;37
2827;10
2828;14
2829;18
2830;8
2831;51
2832;56
2833;42
2834;51
2835;72
2836;67
2837;62
2838;70
2839;76
2840;48
2841;52
2842;29
2843;92
2844;27
2845;22
2846;35
2847;40
2848;52
2849;19
2850;67
2851;72
2852;66
2853;69
2854;54
2855;61
2856;44
2857;30
2858;10
2859;46
2860;85
2861;47
2862;47
2863;62
2864;12
2865;21
2866;56
2867;20
2868;19
2869;31
2870;18
2871;55
2872;76
2873;56
2874;76
2875;34
2876;50
2877;8
2878;7
2879;56
2880;53
2881;49
2882;16
2883;8
2884;83
2885;56
2886;64
2887;83
2888;57
2889;52
2890;40
2891;14
2892;34
2893;19
2894;18
2895;0
2896;61
2897;69
2898;72
2899;25
2900;62
2901;19
2902;31
2903;1
2904;12
2905;4
2906;69
2907;76
2908;72
2909;19
2910;40
2911;17
2912;64
2913;19
2914;45
2915;44
2916;14
2917;17
2918;44
2919;23
2920;56
2921;48
2922;67
2923;54
2924;50
2925;54
2926;19
2927;87
2928;51
2929;52
2930;52
2931;79
2932;21
2933;45
2934;46
2935;60
2936;30
2937;18
2938;44
2939;51
2940;25
2941;53
2942;66
2943;68
2944;51
2945;26
2946;89
2947;36
2948;36
2949;30
2950;6
2951;4
2952;23
2953;73
2954;21
2955;46
2956;19
2957;36
2958;33
2959;44
2960;9
2961;9
2962;21
2963;24
2964;26
2965;84
2966;34
2967;42
2968;1
2969;2
2970;14
2971;52
2972;55
2973;49
2974;24
2975;37
2976;59
2977;41
2978;43
2979;11
2980;10
2981;60
2982;34
2983;14
2984;16
2985;47
2986;59
2987;25
2988;68
2989;56
2990;55
2991;62
2992;76
2993;55
2994;31
2995;21
2996;20
2997;48
2998;41
2999;35
3000;8
3001;14
3002;48
3003;66
3004;45
3005;19
3006;43
3007;75
3008;63
3009;62
3010;44
3011;48
3012;28
3013;11
3014;24
3015;73
3016;33
3017;40
3018;3
3019;1
3020;54
3021;68
3022;52
3023;47
3024;78
3025;75
3026;30
3027;69
3028;51
3029;24
3030;44
3031;36
3032;75
3033;23
3034;45
3035;22
3036;69
3037;96
3038;52
3039;39
3040;39
3041;35
3042;30
3043;38
3044;43
3045;13
3046;12
3047;69
3048;77
3049;68
3050;67
3051;73
3052;62
3053;32
3054;58
3055;22
3056;42
3057;22
3058;79
3059;43
3060;2
3061;6
3062;22
3063;37
3064;71
3065;69
3066;55
3067;64
3068;39
3069;81
3070;45
3071;35
3072;9
3073;2
3074;46
3075;49
3076;9
3077;11
3078;82
3079;59
3080;48
3081;27
3082;9
3083;16
3084;43
3085;56
3086;29
3087;52
3088;57
3089;80
3090;57
3091;21
3092;22
3093;4
3094;1
3095;66
3096;52
3097;72
3098;55
3099;52
3100;83
3101;50
3102;61
3103;25
3104;42
3105;36
3106;4
3107;7
3108;76
3109;42
3110;61
3111;24
3112;65
3113;47
3114;50
3115;16
3116;12
3117;10
3118;74
3119;55
3120;23
3121;55
3122;69
3123;56
3124;32
3125;38
3126;40
3127;53
3128;43
3129;26
3130;48
3131;7
3132;13
3133;36
3134;46
3135;82
3136;64
3137;28
3138;51
3139;46
3140;10
3141;18
3142;50
3143;46
3144;52
3145;36
3146;36
3147;44
3148;5
3149;55
3150;10
3151;22
3152;66
3153;59
3154;25
3155;70
3156;19
3157;67
3158;30
3159;19
3160;50
3161;55
3162;17
3163;16
3164;71
3165;59
3166;64
3167;32
3168;40
3169;8
3170;17
3171;69
3172;60
3173;49
3174;55
3175;26
3176;40
3177;31
3178;54
3179;50
3180;71
3181;56
3182;24
3183;68
3184;70
3185;58
3186;65
3187;24
3188;63
3189;56
3190;65
3191;53
3192;26
3193;22
3194;43
3195;50
3196;42
3197;74
3198;51
3199;52
3200;58
3201;72
3202;70
3203;19
3204;61
3205;55
3206;60
3207;73
3208;46
3209;59
3210;7
3211;66
3212;52
3213;31
3214;46
3215;6
3216;8
3217;17
3218;17
3219;56
3220;57
3221;56
3222;17
3223;53
3224;14
3225;46
3226;49
3227;39
3228;15
3229;52
3230;54
3231;77
3232;80
3233;58
3234;52
3235;51
3236;86
3237;39
3238;58
3239;17
3240;12
3241;57
3242;62
3243;30
3244;52
3245;14
3246;13
3247;11
3248;29
3249;70
3250;70
3251;49
3252;63
3253;8
3254;23
3255;27
3256;0
3257;5
3258;19
3259;71
3260;59
3261;25
3262;71
3263;69
3264;52
3265;46
3266;25
3267;25
3268;19
3269;39
3270;23
3271;73
3272;20
3273;55
3274;47
3275;19
3276;49
3277;61
3278;76
3279;24
3280;54
3281;76
3282;69
3283;19
3284;70
3285;32
3286;22
3287;0
3288;0
3289;41
3290;56
3291;49
3292;26
3293;29
3294;39
3295;43
3296;9
3297;27
3298;58
3299;17
3300;11
3301;11
3302;35
3303;61
3304;51
3305;28
3306;80
3307;46
3308;70
3309;68
3310;61
3311;56
3312;23
3313;65
3314;48
3315;35
3316;24
3317;13
3318;5
3319;4
3320;49
3321;17
3322;47
3323;57
3324;12
3325;15
3326;17
3327;89
3328;73
3329;41
3330;63
3331;27
3332;21
3333;59
3334;23
3335;69
3336;55
3337;53
3338;37
3339;62
3340;14
3341;11
3342;25
3343;62
3344;28
3345;35
3346;53
3347;69
3348;39
3349;21
3350;4
3351;3
3352;47
3353;32
3354;57
3355;34
3356;59
3357;49
3358;84
3359;46
3360;58
3361;48
3362;38
3363;1
3364;4
3365;28
3366;71
3367;65
3368;53
3369;51
3370;26
3371;81
3372;58
3373;92
3374;20
3375;59
3376;32
3377;79
3378;63
3379;29
3380;27
3381;6
3382;15
3383;20
3384;48
3385;71
3386;91
3387;48
3388;42
3389;13
3390;12
3391;40
3392;54
3393;61
3394;76
3395;75
3396;42
3397;36
3398;27
3399;21
3400;5
3401;10
3402;45
3403;28
3404;31
3405;48
3406;18
3407;2
3408;69
3409;54
3410;76
3411;71
3412;36
3413;18
3414;6
3415;61
3416;44
3417;6
3418;53
3419;38
3420;56
3421;50
3422;72
3423;68
3424;67
3425;64
3426;21
3427;62
3428;37
3429;46
3430;92
3431;68
3432;64
3433;58
3434;49
3435;24
3436;22
3437;32
3438;43
3439;13
3440;0
3441;4
3442;42
3443;62
3444;66
3445;81
3446;63
3447;24
3448;80
3449;48
3450;58
3451;57
3452;41
3453;59
3454;62
3455;45
3456;4
3457;71
3458;24
3459;57
3460;53
3461;28
3462;28
3463;12
3464;4
3465;73
3466;94
3467;66
3468;59
3469;35
3470;19
3471;61
3472;23
3473;59
3474;68
3475;59
3476;48
3477;56
3478;47
3479;53
3480;64
3481;77
3482;51
3483;57
3484;78
3485;78
3486;79
3487;48
3488;40
3489;9
3490;1
3491;0
3492;13
3493;90
3494;34
3495;76
3496;72
3497;61
3498;78
3499;81
3500;78
3501;52
3502;67
3503;66
3504;22
3505;19
3506;61
3507;37
3508;31
3509;60
3510;63
3511;23
3512;61
3513;48
3514;47
3515;3
3516;1
3517;27
3518;10
3519;17
3520;96
3521;62
3522;36
3523;19
3524;29
3525;64
3526;60
3527;66
3528;38
3529;8
3530;7
3531;36
3532;29
3533;1
3534;11
3535;62
3536;15
3537;29
3538;56
3539;54
3540;74
3541;29
3542;65
3543;33
3544;61
3545;55
3546;82
3547;21
3548;62
3549;41
3550;27
3551;1
3552;1
3553;34
3554;30
3555;19
3556;18
3557;56
3558;87
3559;84
3560;62
3561;50
3562;53
3563;84
3564;46
3565;25
3566;60
3567;46
3568;82
3569;54
3570;35
3571;38
3572;17
3573;4
3574;1
3575;73
3576;65
3577;67
3578;45
3579;20
3580;56
3581;40
3582;32
3583;9
3584;9
3585;6
3586;91
3587;77
3588;56
3589;31
3590;17
3591;7
3592;44
3593;81
3594;64
3595;77
3596;71
3597;73
3598;32
3599;52
3600;24
3601;74
3602;56
3603;64
3604;76
3605;69
3606;77
3607;64
3608;54
3609;58
3610;65
3611;73
3612;59
3613;64
3614;16
3615;15
3616;21
3617;71
3618;46
3619;23
3620;51
3621;63
3622;46
3623;14
3624;6
3625;59
3626;23
3627;46
3628;58
3629;19
3630;31
3631;38
3632;46
3633;34
3634;12
3635;2
3636;52
3637;33
3638;17
3639;53
3640;58
3641;30
3642;27
3643;15
3644;33
3645;71
3646;75
3647;68
3648;59
3649;37
3650;17
3651;40
3652;8
3653;55
3654;78
3655;54
3656;19
3657;52
3658;64
3659;75
3660;31
3661;66
3662;62
3663;20
3664;57
3665;66
3666;65
3667;53
3668;23
3669;24
3670;48
3671;56
3672;17
3673;14
3674;20
3675;80
3676;62
3677;82
3678;41
3679;58
3680;8
3681;64
3682;48
3683;78
3684;21
3685;92
3686;24
3687;83
3688;63
3689;22
3690;48
3691;81
3692;59
3693;65
3694;46
3695;70
3696;52
3697;81
3698;63
3699;62
3700;32
3701;49
3702;13
3703;6
3704;48
3705;79
3706;76
3707;40
3708;31
3709;1
3710;0
3711;80
3712;55
3713;50
3714;24
3715;72
3716;41
3717;40
3718;3
3719;5
3720;65
3721;22
3722;68
3723;54
3724;25
3725;39
3726;60
3727;60
3728;33
3729;64
3730;16
3731;54
3732;76
3733;46
3734;53
3735;55
3736;58
3737;83
3738;70
3739;72
3740;22
3741;42
3742;4
3743;6
3744;63
3745;35
3746;42
3747;2
3748;2
3749;34
3750;41
3751;5
3752;0
3753;28
3754;48
3755;11
3756;14
3757;57
3758;68
3759;55
3760;22
3761;24
3762;67
3763;84
3764;94
3765;49
3766;35
3767;87
3768;41
3769;42
3770;18
3771;64
3772;32
3773;18
3774;18
3775;65
3776;65
3777;61
3778;49
3779;66
3780;66
3781;61
3782;49
3783;74
3784;60
3785;9
3786;7
3787;42
3788;54
3789;45
3790;93
3791;51
3792;51
3793;37
3794;10
3795;34
3796;30
3797;8
3798;9
3799;22
3800;24
3801;19
3802;70
3803;51
3804;49
3805;11
3806;79
3807;62
3808;79
3809;88
3810;20
3811;24
3812;45
3813;22
3814;27
3815;16
3816;9
3817;10
3818;70
3819;62
3820;6
3821;49
3822;73
3823;44
3824;54
3825;75
3826;38
3827;77
3828;44
3829;40
3830;63
3831;56
3832;61
3833;54
3834;53
3835;28
3836;63
3837;54
3838;51
3839;77
3840;50
3841;54
3842;57
3843;56
3844;64
3845;76
3846;54
3847;43
3848;80
3849;52
3850;27
3851;32
3852;48
3853;9
3854;12
3855;23
3856;67
3857;27
3858;36
3859;43
3860;9
3861;0
3862;23
3863;61
3864;51
3865;51
3866;41
3867;8
3868;23
3869;45
3870;25
3871;62
3872;61
3873;66
3874;27
3875;56
3876;71
3877;70
3878;47
3879;48
3880;77
3881;86
3882;75
3883;86
3884;37
3885;81
3886;19
3887;41
3888;1
3889;5
3890;57
3891;73
3892;50
3893;51
3894;61
3895;51
3896;75
3897;35
3898;55
3899;58
3900;69
3901;61
3902;38
3903;48
3904;9
3905;36
3906;58
3907;81
3908;61
3909;32
3910;37
3911;62
3912;39
3913;12
3914;11
3915;70
3916;41
3917;62
3918;69
3919;61
3920;30
3921;17
3922;9
3923;41
3924;42
3925;5
3926;4
3927;44
3928;56
3929;65
3930;76
3931;69
3932;44
3933;64
3934;45
3935;24
3936;42
3937;4
3938;14
3939;76
3940;72
3941;85
3942;74
3943;49
3944;37
3945;59
3946;45
3947;62
3948;60
3949;50
3950;12
3951;7
3952;63
3953;44
3954;45
3955;4
3956;5
3957;54
3958;50
3959;63
3960;64
3961;74
3962;56
3963;62
3964;17
3965;10
3966;47
3967;47
3968;80
3969;39
3970;41
3971;0
3972;4
3973;78
3974;59
3975;62
3976;52
3977;60
3978;35
3979;25
3980;52
3981;52
3982;25
3983;48
3984;10
3985;3
3986;54
3987;84
3988;27
3989;37
3990;13
3991;17
3992;85
3993;68
3994;68
3995;56
3996;57
3997;52
3998;20
3999;31
4000;59
4001;37
4002;21
4003;73
4004;59
4005;47
4006;59
4007;27
4008;51
4009;58
4010;56
4011;63
4012;51
4013;25
4014;38
4015;1
4016;5
4017;12
4018;61
4019;60
4020;25
4021;35
4022;53
4023;65
4024;63
4025;75
4026;64
4027;27
4028;64
4029;39
4030;33
4031;18
4032;16
4033;65
4034;54
4035;56
4036;21
4037;16
4038;17
4039;59
4040;62
4041;64
4042;51
4043;75
4044;67
4045;19
4046;38
4047;40
4048;6
4049;23
4050;20
4051;22
4052;30
4053;73
4054;23
4055;67
4056;48
4057;56
4058;53
4059;35
4060;8
4061;15
4062;16
4063;77
4064;60
4065;35
4066;26
4067;18
4068;81
4069;49
4070;22
4071;75
4072;69
4073;43
4074;33
4075;45
4076;13
4077;6
4078;44
4079;20
4080;29
4081;42
4082;3
4083;4
4084;55
4085;32
4086;42
4087;26
4088;45
4089;35
4090;75
4091;53
4092;63
4093;32
4094;50
4095;15
4096;53
4097;53
4098;57
4099;24
4100;47
4101;50
4102;72
4103;83
4104;27
4105;79
4106;29
4107;70
4108;47
4109;41
4110;55
4111;65
4112;21
4113;24
4114;12
4115;3
4116;10
4117;55
4118;74
4119;85
4120;45
4121;58
4122;11
4123;6
4124;27
4125;9
4126;29
4127;51
4128;63
4129;81
4130;50
4131;24
4132;88
4133;27
4134;75
4135;55
4136;24
4137;28
4138;4
4139;18
4140;34
4141;54
4142;51
4143;29
4144;19
4145;40
4146;49
4147;17
4148;18
4149;55
4150;39
4151;56
4152;17
4153;17
4154;19
4155;97
4156;77
4157;37
4158;61
4159;22
4160;59
4161;60
4162;53
4163;43
4164;49
4165;31
4166;41
4167;15
4168;5
4169;70
4170;41
4171;59
4172;19
4173;78
4174;27
4175;50
4176;33
4177;30
4178;24
4179;62
4180;53
4181;36
4182;65
4183;59
4184;32
4185;8
4186;6
4187;11
4188;65
4189;56
4190;72
4191;79
4192;48
4193;65
4194;65
4195;54
4196;62
4197;75
4198;23
4199;72
4200;66
4201;81
4202;60
4203;33
4204;46
4205;3
4206;32
4207;53
4208;62
4209;59
4210;16
4211;11
4212;51
4213;35
4214;67
4215;48
4216;44
4217;29
4218;39
4219;5
4220;53
4221;52
4222;66
4223;73
4224;55
4225;24
4226;24
4227;48
4228;50
4229;56
4230;77
4231;42
4232;78
4233;71
4234;44
4235;28
4236;8
4237;21
4238;40
4239;2
4240;4
4241;69
4242;38
4243;45
4244;13
4245;7
4246;57
4247;50
4248;17
4249;18
4250;62
4251;44
4252;13
4253;14
4254;8
4255;40
4256;30
4257;12
4258;11
4259;60
4260;29
4261;68
4262;38
4263;34
4264;43
4265;2
4266;56
4267;56
4268;52
4269;18
4270;47
4271;32
4272;60
4273;54
4274;89
4275;42
4276;67
4277;69
4278;70
4279;60
4280;35
4281;11
4282;0
4283;3
4284;44
4285;28
4286;36
4287;2
4288;12
4289;54
4290;56
4291;38
4292;47
4293;12
4294;8
4295;49
4296;13
4297;18
4298;22
4299;24
4300;42
4301;52
4302;58
4303;80
4304;53
4305;35
4306;72
4307;78
4308;36
4309;28
4310;4
4311;94
4312;52
4313;54
4314;13
4315;76
4316;19
4317;51
4318;46
4319;35
4320;44
4321;18
4322;11
4323;13
4324;64
4325;46
4326;87
4327;70
4328;42
4329;44
4330;10
4331;13
4332;2
4333;34
4334;31
4335;12
4336;44
4337;55
4338;20
4339;51
4340;52
4341;62
4342;13
4343;19
4344;76
4345;61
4346;69
4347;27
4348;71
4349;63
4350;63
4351;46
4352;16
4353;14
4354;14
4355;70
4356;29
4357;8
4358;79
4359;71
4360;59
4361;53
4362;63
4363;59
4364;60
4365;67
4366;43
4367;52
4368;24
4369;65
4370;58
4371;58
4372;58
4373;54
4374;75
4375;59
4376;54
4377;82
4378;67
4379;45
4380;47
4381;10
4382;1
4383;2
4384;62
4385;42
4386;6
4387;17
4388;17
4389;54
4390;52
4391;34
4392;40
4393;5
4394;29
4395;61
4396;50
4397;9
4398;15
4399;37
4400;37
4401;27
4402;32
4403;16
4404;17
4405;70
4406;31
4407;38
4408;5
4409;4
4410;49
4411;51
4412;34
4413;41
4414;2
4415;2
4416;3
4417;28
4418;76
4419;60
4420;51
4421;32
4422;24
4423;24
4424;47
4425;70
4426;44
4427;41
4428;47
4429;10
4430;6
4431;10
4432;45
4433;63
4434;55
4435;28
4436;76
4437;43
4438;63
4439;14
4440;42
4441;46
4442;78
4443;52
4444;39
4445;26
4446;49
4447;5
4448;16
4449;13
4450;59
4451;39
4452;43
4453;4
4454;17
4455;54
4456;29
4457;49
4458;12
4459;4
4460;56
4461;76
4462;94
4463;80
4464;69
4465;20
4466;22
4467;76
4468;79
4469;51
4470;27
4471;33
4472;3
4473;4
4474;46
4475;52
4476;8
4477;16
4478;35
4479;81
4480;70
4481;37
4482;34
4483;10
4484;13
4485;58
4486;67
4487;39
4488;42
4489;10
4490;3
4491;17
4492;34
4493;9
4494;56
4495;55
4496;59
4497;49
4498;15
4499;9
4500;44
4501;27
4502;3
4503;18
4504;38
4505;55
4506;38
4507;14
4508;9
4509;65
4510;60
4511;49
4512;43
4513;47
4514;44
4515;24
4516;24
4517;90
4518;32
4519;13
4520;57
4521;60
4522;65
4523;67
4524;61
4525;69
4526;81
4527;20
4528;34
4529;47
4530;49
4531;69
4532;31
4533;21
4534;48
4535;55
4536;41
4537;6
4538;37
4539;20
4540;1
4541;0
4542;72
4543;57
4544;58
4545;36
4546;55
4547;6
4548;12
4549;11
4550;73
4551;75
4552;92
4553;69
4554;87
4555;82
4556;54
4557;35
4558;52
4559;83
4560;35
4561;72
4562;65
4563;78
4564;24
4565;29
4566;5
4567;62
4568;43
4569;48
4570;14
4571;6
4572;48
4573;54
4574;12
4575;13
4576;27
4577;64
4578;59
4579;49
4580;42
4581;4
4582;15
4583;64
4584;41
4585;18
4586;47
4587;30
4588;6
4589;68
4590;27
4591;37
4592;0
4593;7
4594;5
4595;81
4596;53
4597;88
4598;88
4599;62
4600;80
4601;73
4602;50
4603;31
4604;33
4605;43
4606;57
4607;44
4608;41
4609;30
4610;38
4611;41
4612;27
4613;0
4614;2
4615;69
4616;45
4617;41
4618;2
4619;42
4620;36
4621;6
4622;11
4623;63
4624;53
4625;26
4626;36
4627;11
4628;10
4629;62
4630;65
4631;65
4632;22
4633;46
4634;52
4635;36
4636;59
4637;71
4638;37
4639;40
4640;3
4641;4
4642;30
4643;40
4644;5
4645;3
4646;77
4647;77
4648;34
4649;54
4650;16
4651;8
4652;17
4653;92
4654;65
4655;71
4656;70
4657;55
4658;75
4659;63
4660;52
4661;48
4662;31
4663;5
4664;50
4665;15
4666;17
4667;63
4668;50
4669;40
4670;22
4671;3
4672;12
4673;60
4674;62
4675;60
4676;73
4677;70
4678;22
4679;56
4680;22
4681;67
4682;29
4683;20
4684;55
4685;84
4686;81
4687;58
4688;43
4689;22
4690;60
4691;53
4692;26
4693;16
4694;16
4695;39
4696;54
4697;31
4698;40
4699;1
4700;0
4701;45
4702;49
4703;10
4704;1
4705;55
4706;65
4707;77
4708;61
4709;63
4710;53
4711;26
4712;57
4713;73
4714;54
4715;79
4716;50
4717;61
4718;53
4719;25
4720;53
4721;67
4722;84
4723;65
4724;67
4725;90
4726;69
4727;61
4728;51
4729;41
4730;7
4731;9
4732;58
4733;57
4734;74
4735;43
4736;43
4737;43
4738;38
4739;15
4740;18
4741;46
4742;54
4743;13
4744;10
4745;61
4746;55
4747;60
4748;70
4749;73
4750;58
4751;73
4752;52
4753;75
4754;70
4755;55
4756;51
4757;73
4758;43
4759;28
4760;9
4761;9
4762;28
4763;48
4764;39
4765;35
4766;8
4767;14
4768;12
4769;31
4770;12
4771;14
4772;0
4773;74
4774;22
4775;20
4776;45
4777;2
4778;4
4779;49
4780;33
4781;7
4782;14
4783;24
4784;74
4785;65
4786;90
4787;20
4788;24
4789;66
4790;58
4791;64
4792;14
4793;18
4794;59
4795;76
4796;54
4797;71
4798;44
4799;54
4800;9
4801;11
4802;36
4803;52
4804;71
4805;61
4806;87
4807;63
4808;36
4809;33
4810;30
4811;5
4812;1
4813;59
4814;64
4815;82
4816;45
4817;47
4818;73
4819;50
4820;64
4821;64
4822;49
4823;53
4824;66
4825;73
4826;53
4827;60
4828;12
4829;17
4830;63
4831;35
4832;54
4833;54
4834;54
4835;75
4836;21
4837;68
4838;67
4839;39
4840;49
4841;10
4842;18
4843;69
4844;63
4845;51
4846;55
4847;53
4848;40
4849;9
4850;75
4851;28
4852;40
4853;23
4854;2
4855;8
4856;73
4857;57
4858;14
4859;34
4860;68
4861;86
4862;76
4863;19
4864;45
4865;60
4866;54
4867;79
4868;84
4869;72
4870;51
4871;69
4872;58
4873;71
4874;47
4875;50
4876;25
4877;21
4878;62
4879;72
4880;64
4881;76
4882;50
4883;43
4884;29
4885;42
4886;8
4887;2
4888;76
4889;79
4890;54
4891;39
4892;35
4893;8
4894;1
4895;54
4896;34
4897;46
4898;67
4899;59
4900;36
4901;66
4902;46
4903;69
4904;98
4905;62
4906;9
4907;13
4908;48
4909;45
4910;76
4911;74
4912;44
4913;31
4914;15
4915;4
4916;65
4917;22
4918;98
4919;55
4920;19
4921;60
4922;61
4923;9
4924;12
4925;43
4926;40
4927;10
4928;6
4929;4
4930;74
4931;66
4932;46
4933;80
4934;44
4935;19
4936;53
4937;23
4938;64
4939;74
4940;38
4941;53
4942;55
4943;67
4944;65
4945;42
4946;62
4947;21
4948;62
4949;20
4950;25
4951;70
4952;35
4953;32
4954;2
4955;3
4956;4
4957;62
4958;80
4959;23
4960;31
4961;5
4962;17
4963;23
4964;19
4965;58
4966;37
4967;13
4968;8
4969;52
4970;32
4971;18
4972;16
4973;59
4974;68
4975;63
4976;53
4977;37
4978;81
4979;67
4980;36
4981;51
4982;49
4983;37
4984;12
4985;9
4986;28
4987;44
4988;22
4989;43
4990;80
4991;45
4992;66
4993;64
4994;77
4995;43
4996;32
4997;16
4998;11
4999;66
5000;69
5001;54
5002;70
5003;72
5004;45
5005;76
5006;75
5007;68
5008;59
5009;36
5010;42
5011;17
5012;4
5013;18
5014;52
5015;74
5016;47
5017;90
5018;50
5019;46
5020;48
5021;17
5022;7
5023;55
5024;59
5025;64
5026;55
5027;96
5028;66
5029;22
5030;35
5031;76
5032;68
5033;77
5034;86
5035;58
5036;22
5037;51
5038;23
5039;40
5040;22
5041;65
5042;94
5043;76
5044;85
5045;51
5046;72
5047;59
5048;45
5049;64
5050;68
5051;34
5052;49
5053;87
5054;69
5055;52
5056;40
5057;7
5058;14
5059;54
5060;63
5061;90
5062;22
5063;45
5064;19
5065;4
5066;5
5067;13
5068;60
5069;61
5070;59
5071;47
5072;53
5073;61
5074;76
5075;64
5076;53
5077;51
5078;71
5079;36
5080;56
5081;20
5082;24
5083;60
5084;45
5085;24
5086;45
5087;3
5088;1
5089;32
5090;22
5091;1
5092;10
5093;65
5094;41
5095;45
5096;16
5097;14
5098;30
5099;34
5100;6
5101;21
5102;59
5103;31
5104;26
5105;47
5106;28
5107;45
5108;0
5109;16
5110;31
5111;33
5112;1
5113;30
5114;19
5115;36
5116;37
5117;41
5118;29
5119;88
5120;25
5121;48
5122;69
5123;49
5124;47
5125;24
5126;77
5127;22
5128;23
5129;23
5130;60
5131;56
5132;47
5133;62
5134;38
5135;42
5136;35
5137;1
5138;0
5139;27
5140;69
5141;75
5142;56
5143;79
5144;52
5145;8
5146;43
5147;82
5148;65
5149;50
5150;49
5151;8
5152;48
5153;75
5154;20
5155;62
5156;50
5157;62
5158;45
5159;57
5160;92
5161;53
5162;25
5163;22
5164;22
5165;71
5166;36
5167;39
5168;36
5169;47
5170;10
5171;7
5172;10
5173;68
5174;61
5175;38
5176;47
5177;0
5178;55
5179;64
5180;48
5181;50
5182;16
5183;11
5184;16
5185;9
5186;70
5187;72
5188;67
5189;35
5190;19
5191;15
5192;5
5193;62
5194;53
5195;25
5196;73
5197;27
5198;24
5199;2
5200;17
5201;35
5202;45
5203;8
5204;16
5205;30
5206;32
5207;3
5208;16
5209;71
5210;52
5211;28
5212;61
5213;56
5214;44
5215;24
5216;51
5217;42
5218;58
5219;62
5220;57
5221;60
5222;82
5223;37
5224;39
5225;15
5226;16
5227;11
5228;49
5229;52
5230;10
5231;86
5232;42
5233;40
5234;10
5235;16
5236;34
5237;54
5238;75
5239;70
5240;33
5241;90
5242;39
5243;31
5244;12
5245;4
5246;75
5247;20
5248;51
5249;43
5250;31
5251;52
5252;53
5253;54
5254;62
5255;57
5256;10
5257;52
5258;59
5259;24
5260;33
5261;56
5262;8
5263;10
5264;57
5265;89
5266;21
5267;32
5268;58
5269;25
5270;29
5271;9
5272;57
5273;67
5274;79
5275;34
5276;57
5277;52
5278;52
5279;68
5280;24
5281;34
5282;79
5283;43
5284;42
5285;5
5286;41
5287;40
5288;54
5289;46
5290;17
5291;44
5292;41
5293;49
5294;47
5295;31
5296;15
5297;15
5298;35
5299;60
5300;17
5301;8
5302;59
5303;73
5304;61
5305;66
5306;45
5307;42
5308;4
5309;4
5310;49
5311;47
5312;1
5313;0
5314;1
5315;4
5316;73
5317;59
5318;59
5319;26
5320;82
5321;57
5322;94
5323;52
5324;71
5325;52
5326;61
5327;32
5328;48
5329;9
5330;40
5331;28
5332;18
5333;14
5334;53
5335;48
5336;17
5337;15
5338;7
5339;41
5340;49
5341;13
5342;27
5343;45
5344;2
5345;5
5346;72
5347;20
5348;31
5349;23
5350;43
5351;88
5352;73
5353;19
5354;51
5355;56
5356;76
5357;25
5358;66
5359;85
5360;49
5361;64
5362;22
5363;19
5364;77
5365;35
5366;44
5367;3
5368;17
5369;73
5370;31
5371;71
5372;57
5373;41
5374;47
5375;17
5376;15
5377;51
5378;54
5379;20
5380;19
5381;2
5382;0
5383;48
5384;50
5385;52
5386;59
5387;52
5388;24
5389;81
5390;54
5391;26
5392;60
5393;46
5394;6
5395;15
5396;60
5397;81
5398;89
5399;25
5400;1
5401;17
5402;50
5403;74
5404;69
5405;83
5406;72
5407;63
5408;39
5409;40
5410;12
5411;2
5412;15
5413;30
5414;63
5415;8
5416;10
5417;8
5418;20
5419;62
5420;36
5421;38
5422;15
5423;4
5424;21
5425;25
5426;46
5427;61
5428;26
5429;67
5430;84
5431;87
5432;74
5433;76
5434;86
5435;69
5436;83
5437;82
5438;71
5439;76
5440;67
5441;86
5442;78
5443;69
5444;101
5445;71
5446;96
5447;85
5448;67
5449;73
5450;72
5451;82
5452;103
5453;103
5454;77
5455;88
5456;74
5457;87
5458;67
5459;73
5460;87
5461;81
5462;103
5463;84
5464;84
5465;73
5466;69
5467;93
5468;74
5469;83
5470;102
5471;86
5472;68
5473;85
5474;75
5475;77
