1;58
2;43
3;10
4;10
5;75
6;65
7;44
8;50
9;46
10;14
11;18
12;38
13;46
14;39
15;55
16;16
17;78
18;69
19;44
20;59
21;7
22;64
23;78
24;88
25;74
26;47
27;62
28;23
29;47
30;15
31;13
32;62
33;79
34;21
35;68
36;48
37;78
38;51
39;19
40;24
41;66
42;80
43;58
44;40
45;56
46;68
47;77
48;69
49;57
50;49
51;87
52;27
53;86
54;53
55;56
56;58
57;52
58;35
59;41
60;60
61;7
62;7
63;31
64;59
65;7
66;64
67;61
68;68
69;46
70;46
71;28
72;34
73;11
74;5
75;59
76;9
77;15
78;27
79;23
80;50
81;44
82;45
83;1
84;19
85;56
86;57
87;37
88;51
89;14
90;7
91;16
92;85
93;71
94;53
95;80
96;19
97;56
98;63
99;12
100;6
101;87
102;47
103;69
104;27
105;29
106;76
107;42
108;84
109;41
110;48
111;78
112;20
113;29
114;45
115;55
116;60
117;53
118;43
119;40
120;40
121;11
122;16
123;55
124;64
125;24
126;46
127;8
128;12
129;35
130;77
131;46
132;78
133;48
134;47
135;57
136;11
137;14
138;20
139;55
140;52
141;21
142;58
143;61
144;45
145;75
146;39
147;57
148;9
149;15
150;14
151;61
152;56
153;46
154;14
155;15
156;18
157;30
158;44
159;5
160;0
161;47
162;27
163;2
164;6
165;58
166;68
167;56
168;40
169;51
170;59
171;79
172;77
173;84
174;57
175;22
176;53
177;19
178;56
179;23
180;48
181;70
182;57
183;58
184;55
185;36
186;34
187;62
188;65
189;83
190;60
191;23
192;35
193;0
194;25
195;73
196;39
197;30
198;15
199;15
200;25
201;66
202;76
203;38
204;35
205;76
206;78
207;66
208;53
209;98
210;44
211;36
212;9
213;17
214;13
215;72
216;80
217;74
218;49
219;39
220;31
221;15
222;2
223;79
224;63
225;25
226;77
227;58
228;69
229;39
230;53
231;8
232;18
233;7
234;58
235;65
236;47
237;2
238;0
239;55
240;80
241;39
242;39
243;12
244;7
245;58
246;78
247;45
248;79
249;83
250;49
251;62
252;24
253;22
254;47
255;66
256;33
257;41
258;28
259;16
260;18
261;56
262;58
263;52
264;70
265;72
266;40
267;64
268;77
269;51
270;42
271;11
272;62
273;47
274;24
275;33
276;0
277;16
278;3
279;12
280;66
281;67
282;43
283;4
284;61
285;49
286;36
287;41
288;3
289;0
290;0
291;48
292;24
293;63
294;79
295;68
296;64
297;69
298;61
299;56
300;55
301;36
302;14
303;17
304;52
305;30
306;13
307;40
308;40
309;0
310;37
311;35
312;12
313;53
314;65
315;51
316;50
317;82
318;19
319;45
320;65
321;73
322;34
323;68
324;67
325;43
326;51
327;42
328;56
329;63
330;68
331;70
332;52
333;44
334;15
335;14
336;74
337;62
338;23
339;58
340;31
341;39
342;3
343;0
344;42
345;33
346;2
347;17
348;42
349;31
350;15
351;21
352;33
353;2
354;3
355;32
356;62
357;86
358;91
359;46
360;71
361;60
362;65
363;47
364;93
365;68
366;63
367;62
368;60
369;45
370;10
371;13
372;35
373;44
374;77
375;33
376;38
377;52
378;61
379;57
380;66
381;31
382;28
383;77
384;41
385;40
386;4
387;4
388;31
389;51
390;8
391;9
392;7
393;14
394;37
395;30
396;1
397;18
398;52
399;23
400;77
401;59
402;47
403;75
404;69
405;88
406;49
407;71
408;53
409;51
410;71
411;64
412;19
413;21
414;19
415;64
416;20
417;41
418;69
419;59
420;40
421;26
422;56
423;10
424;15
425;9
426;70
427;50
428;58
429;65
430;59
431;55
432;12
433;18
434;7
435;62
436;66
437;45
438;62
439;39
440;76
441;54
442;56
443;18
444;8
445;70
446;24
447;72
448;26
449;57
450;62
451;79
452;72
453;45
454;53
455;50
456;72
457;69
458;57
459;73
460;59
461;57
462;61
463;51
464;27
465;20
466;15
467;1
468;21
469;66
470;62
471;23
472;20
473;75
474;61
475;9
476;25
477;33
478;55
479;57
480;52
481;50
482;58
483;85
484;74
485;49
486;73
487;70
488;23
489;68
490;69
491;49
492;57
493;74
494;48
495;49
496;35
497;4
498;5
499;58
500;38
501;14
502;84
503;22
504;72
505;71
506;72
507;70
508;39
509;47
510;3
511;2
512;18
513;36
514;23
515;6
516;13
517;51
518;29
519;17
520;6
521;48
522;74
523;39
524;91
525;55
526;70
527;63
528;74
529;57
530;48
531;30
532;57
533;8
534;18
535;12
536;23
537;19
538;55
539;56
540;69
541;66
542;21
543;58
544;27
545;46
546;0
547;1
548;55
549;73
550;60
551;51
552;66
553;64
554;48
555;78
556;56
557;42
558;16
559;8
560;7
561;35
562;29
563;7
564;26
565;47
566;7
567;9
568;63
569;53
570;80
571;90
572;86
573;26
574;76
575;52
576;50
577;51
578;59
579;72
580;27
581;53
582;72
583;30
584;39
585;18
586;15
587;15
588;80
589;68
590;49
591;62
592;20
593;52
594;58
595;64
596;64
597;72
598;20
599;57
600;49
601;69
602;47
603;26
604;66
605;64
606;64
607;22
608;41
609;24
610;16
611;4
612;0
613;0
614;0
615;64
616;40
617;61
618;24
619;42
620;52
621;69
622;57
623;38
624;75
625;36
626;84
627;41
628;77
629;80
630;24
631;1
632;58
633;72
634;61
635;40
636;17
637;7
638;42
639;7
640;30
641;23
642;20
643;76
644;68
645;23
646;67
647;59
648;50
649;40
650;38
651;7
652;60
653;29
654;10
655;9
656;51
657;56
658;32
659;42
660;15
661;39
662;63
663;11
664;44
665;38
666;9
667;63
668;34
669;60
670;31
671;17
672;6
673;46
674;43
675;6
676;8
677;15
678;9
679;84
680;22
681;57
682;8
683;10
684;38
685;7
686;73
687;51
688;44
689;37
690;2
691;4
692;18
693;94
694;63
695;31
696;20
697;60
698;53
699;15
700;38
701;25
702;79
703;76
704;23
705;58
706;45
707;57
708;46
709;38
710;36
711;16
712;13
713;13
714;61
715;10
716;10
717;64
718;57
719;66
720;40
721;34
722;43
723;16
724;64
725;20
726;36
727;51
728;7
729;17
730;32
731;27
732;7
733;15
734;43
735;28
736;64
737;54
738;11
739;14
740;70
741;37
742;12
743;44
744;67
745;64
746;71
747;66
748;73
749;65
750;27
751;34
752;17
753;14
754;60
755;69
756;77
757;81
758;72
759;20
760;23
761;79
762;24
763;49
764;26
765;71
766;55
767;65
768;94
769;43
770;47
771;0
772;0
773;17
774;63
775;70
776;61
777;45
778;48
779;0
780;18
781;35
782;37
783;6
784;17
785;91
786;64
787;54
788;35
789;47
790;26
791;8
792;34
793;27
794;14
795;33
796;26
797;8
798;14
799;7
800;36
801;44
802;11
803;17
804;19
805;84
806;73
807;88
808;30
809;59
810;7
811;11
812;44
813;44
814;3
815;14
816;50
817;37
818;31
819;0
820;18
821;38
822;0
823;2
824;42
825;59
826;50
827;51
828;31
829;71
830;25
831;40
832;28
833;10
834;74
835;91
836;59
837;93
838;43
839;51
840;61
841;46
842;74
843;59
844;51
845;9
846;8
847;54
848;65
849;75
850;42
851;51
852;6
853;9
854;6
855;61
856;58
857;12
858;12
859;12
860;63
861;56
862;77
863;33
864;47
865;70
866;61
867;57
868;69
869;56
870;52
871;33
872;46
873;11
874;18
875;16
876;44
877;56
878;66
879;22
880;57
881;70
882;59
883;55
884;34
885;9
886;79
887;46
888;28
889;60
890;57
891;25
892;42
893;22
894;54
895;70
896;32
897;31
898;5
899;7
900;60
901;26
902;47
903;67
904;66
905;53
906;58
907;69
908;55
909;71
910;82
911;55
912;51
913;48
914;65
915;61
916;43
917;19
918;4
919;2
920;44
921;44
922;13
923;14
924;36
925;45
926;50
927;31
928;7
929;9
930;29
931;28
932;0
933;9
934;20
935;56
936;44
937;53
938;8
939;6
940;60
941;67
942;69
943;22
944;36
945;66
946;51
947;30
948;11
949;14
950;6
951;50
952;11
953;39
954;19
955;24
956;7
957;11
958;46
959;56
960;17
961;14
962;35
963;36
964;34
965;14
966;11
967;37
968;16
969;10
970;51
971;64
972;43
973;23
974;1
975;16
976;0
977;73
978;53
979;72
980;84
981;23
982;36
983;62
984;68
985;30
986;35
987;6
988;11
989;6
990;9
991;62
992;87
993;65
994;76
995;20
996;58
997;54
998;60
999;61
1000;70
1001;64
1002;19
1003;28
1004;44
1005;13
1006;55
1007;50
1008;61
1009;28
1010;40
1011;67
1012;39
1013;40
1014;18
1015;4
1016;0
1017;47
1018;91
1019;67
1020;72
1021;82
1022;58
1023;79
1024;46
1025;48
1026;6
1027;50
1028;66
1029;20
1030;31
1031;39
1032;22
1033;63
1034;53
1035;46
1036;41
1037;40
1038;55
1039;78
1040;28
1041;33
1042;9
1043;11
1044;84
1045;53
1046;63
1047;23
1048;19
1049;22
1050;60
1051;64
1052;46
1053;72
1054;47
1055;72
1056;75
1057;59
1058;53
1059;61
1060;15
1061;9
1062;27
1063;35
1064;44
1065;14
1066;34
1067;36
1068;17
1069;7
1070;34
1071;29
1072;2
1073;5
1074;3
1075;43
1076;28
1077;3
1078;14
1079;44
1080;54
1081;6
1082;18
1083;86
1084;47
1085;61
1086;23
1087;22
1088;39
1089;52
1090;14
1091;14
1092;79
1093;91
1094;65
1095;22
1096;57
1097;57
1098;38
1099;8
1100;14
1101;73
1102;45
1103;50
1104;84
1105;55
1106;52
1107;61
1108;62
1109;15
1110;10
1111;64
1112;53
1113;14
1114;9
1115;31
1116;59
1117;35
1118;9
1119;14
1120;64
1121;66
1122;61
1123;25
1124;86
1125;74
1126;69
1127;52
1128;16
1129;12
1130;50
1131;28
1132;6
1133;40
1134;44
1135;12
1136;2
1137;43
1138;56
1139;52
1140;31
1141;64
1142;85
1143;63
1144;35
1145;28
1146;17
1147;11
1148;42
1149;51
1150;12
1151;6
1152;59
1153;54
1154;51
1155;30
1156;31
1157;17
1158;4
1159;64
1160;62
1161;91
1162;69
1163;38
1164;33
1165;6
1166;16
1167;71
1168;48
1169;76
1170;31
1171;70
1172;46
1173;46
1174;46
1175;11
1176;13
1177;76
1178;36
1179;88
1180;29
1181;34
1182;1
1183;12
1184;63
1185;74
1186;37
1187;35
1188;1
1189;6
1190;54
1191;83
1192;84
1193;63
1194;20
1195;55
1196;63
1197;72
1198;64
1199;54
1200;11
1201;10
1202;30
1203;67
1204;47
1205;82
1206;49
1207;26
1208;46
1209;11
1210;9
1211;16
1212;78
1213;56
1214;45
1215;31
1216;25
1217;10
1218;8
1219;9
1220;5
1221;66
1222;68
1223;94
1224;60
1225;33
1226;16
1227;15
1228;7
1229;42
1230;17
1231;60
1232;51
1233;59
1234;78
1235;72
1236;39
1237;54
1238;17
1239;14
1240;18
1241;64
1242;19
1243;0
1244;46
1245;57
1246;18
1247;7
1248;39
1249;70
1250;77
1251;66
1252;66
1253;82
1254;61
1255;47
1256;6
1257;20
1258;85
1259;27
1260;64
1261;17
1262;17
1263;69
1264;29
1265;24
1266;65
1267;37
1268;53
1269;57
1270;9
1271;14
1272;59
1273;92
1274;67
1275;61
1276;51
1277;18
1278;14
1279;9
1280;18
1281;61
1282;80
1283;77
1284;31
1285;16
1286;64
1287;58
1288;46
1289;36
1290;53
1291;11
1292;13
1293;27
1294;72
1295;56
1296;68
1297;35
1298;97
1299;60
1300;59
1301;14
1302;72
1303;58
1304;26
1305;49
1306;17
1307;14
1308;64
1309;27
1310;27
1311;78
1312;49
1313;31
1314;40
1315;15
1316;9
1317;23
1318;84
1319;73
1320;35
1321;61
1322;37
1323;11
1324;7
1325;61
1326;84
1327;47
1328;52
1329;15
1330;17
1331;11
1332;15
1333;81
1334;70
1335;40
1336;60
1337;15
1338;48
1339;24
1340;51
1341;48
1342;47
1343;10
1344;6
1345;34
1346;19
1347;43
1348;73
1349;55
1350;56
1351;25
1352;26
1353;27
1354;19
1355;66
1356;69
1357;84
1358;64
1359;47
1360;39
1361;46
1362;67
1363;42
1364;19
1365;57
1366;79
1367;67
1368;31
1369;57
1370;60
1371;46
1372;10
1373;10
1374;72
1375;20
1376;59
1377;71
1378;48
1379;64
1380;15
1381;24
1382;32
1383;10
1384;6
1385;51
1386;89
1387;66
1388;59
1389;68
1390;77
1391;65
1392;72
1393;71
1394;72
1395;74
1396;33
1397;60
1398;13
1399;8
1400;17
1401;76
1402;41
1403;24
1404;54
1405;21
1406;19
1407;50
1408;20
1409;34
1410;5
1411;12
1412;76
1413;46
1414;56
1415;52
1416;42
1417;76
1418;77
1419;56
1420;50
1421;50
1422;31
1423;63
1424;47
1425;14
1426;48
1427;7
1428;45
1429;76
1430;57
1431;64
1432;83
1433;71
1434;43
1435;49
1436;11
1437;0
1438;13
1439;44
1440;50
1441;44
1442;35
1443;15
1444;5
1445;18
1446;89
1447;45
1448;72
1449;76
1450;62
1451;54
1452;8
1453;7
1454;25
1455;53
1456;30
1457;36
1458;17
1459;8
1460;9
1461;60
1462;49
1463;46
1464;11
1465;8
1466;17
1467;47
1468;61
1469;46
1470;56
1471;61
1472;50
1473;49
1474;45
1475;15
1476;9
1477;50
1478;79
1479;45
1480;38
1481;10
1482;6
1483;79
1484;64
1485;68
1486;53
1487;52
1488;55
1489;80
1490;54
1491;38
1492;52
1493;13
1494;6
1495;29
1496;51
1497;18
1498;20
1499;61
1500;60
1501;20
1502;19
1503;1
1504;10
1505;7
1506;38
1507;45
1508;15
1509;12
1510;16
1511;24
1512;43
1513;4
1514;0
1515;39
1516;0
1517;11
1518;46
1519;48
1520;45
1521;56
1522;33
1523;14
1524;11
1525;16
1526;14
1527;48
1528;35
1529;60
1530;14
1531;42
1532;36
1533;9
1534;9
1535;7
1536;30
1537;67
1538;50
1539;62
1540;65
1541;78
1542;72
1543;66
1544;53
1545;82
1546;25
1547;34
1548;42
1549;7
1550;4
1551;67
1552;72
1553;79
1554;72
1555;63
1556;73
1557;64
1558;42
1559;16
1560;6
1561;79
1562;54
1563;62
1564;64
1565;49
1566;41
1567;62
1568;15
1569;11
1570;30
1571;64
1572;9
1573;15
1574;68
1575;74
1576;76
1577;33
1578;75
1579;72
1580;63
1581;35
1582;47
1583;32
1584;15
1585;15
1586;61
1587;95
1588;47
1589;53
1590;79
1591;21
1592;47
1593;17
1594;31
1595;47
1596;51
1597;54
1598;73
1599;33
1600;28
1601;11
1602;16
1603;36
1604;32
1605;13
1606;15
1607;44
1608;78
1609;78
1610;51
1611;49
1612;18
1613;11
1614;13
1615;57
1616;43
1617;55
1618;63
1619;70
1620;73
1621;49
1622;23
1623;23
1624;71
1625;89
1626;30
1627;45
1628;55
1629;8
1630;16
1631;57
1632;61
1633;8
1634;9
1635;7
1636;41
1637;73
1638;44
1639;42
1640;46
1641;55
1642;77
1643;70
1644;24
1645;69
1646;61
1647;17
1648;18
1649;91
1650;60
1651;43
1652;75
1653;61
1654;35
1655;48
1656;44
1657;1
1658;0
1659;43
1660;40
1661;52
1662;19
1663;55
1664;32
1665;46
1666;0
1667;0
1668;59
1669;43
1670;25
1671;20
1672;79
1673;49
1674;31
1675;0
1676;4
1677;51
1678;57
1679;65
1680;48
1681;69
1682;80
1683;24
1684;71
1685;35
1686;39
1687;75
1688;66
1689;58
1690;46
1691;63
1692;70
1693;67
1694;73
1695;23
1696;60
1697;64
1698;20
1699;27
1700;5
1701;15
1702;80
1703;58
1704;52
1705;66
1706;45
1707;7
1708;8
1709;58
1710;56
1711;19
1712;63
1713;70
1714;53
1715;44
1716;36
1717;47
1718;7
1719;10
1720;64
1721;8
1722;10
1723;27
1724;7
1725;53
1726;27
1727;16
1728;15
1729;30
1730;35
1731;11
1732;77
1733;46
1734;89
1735;51
1736;32
1737;54
1738;11
1739;11
1740;74
1741;62
1742;94
1743;61
1744;76
1745;38
1746;34
1747;10
1748;6
1749;7
1750;35
1751;24
1752;24
1753;24
1754;44
1755;52
1756;86
1757;69
1758;23
1759;58
1760;57
1761;48
1762;48
1763;32
1764;60
1765;7
1766;11
1767;15
1768;50
1769;7
1770;11
1771;35
1772;26
1773;6
1774;11
1775;64
1776;68
1777;58
1778;55
1779;27
1780;19
1781;0
1782;5
1783;40
1784;41
1785;9
1786;11
1787;34
1788;22
1789;14
1790;5
1791;87
1792;51
1793;54
1794;47
1795;19
1796;25
1797;21
1798;22
1799;41
1800;51
1801;91
1802;72
1803;54
1804;35
1805;18
1806;9
1807;21
1808;35
1809;28
1810;55
1811;36
1812;57
1813;51
1814;22
1815;86
1816;53
1817;34
1818;64
1819;11
1820;16
1821;50
1822;51
1823;16
1824;42
1825;62
1826;7
1827;11
1828;55
1829;70
1830;41
1831;25
1832;42
1833;48
1834;21
1835;63
1836;45
1837;49
1838;11
1839;16
1840;24
1841;64
1842;47
1843;75
1844;67
1845;27
1846;79
1847;44
1848;43
1849;1
1850;3
1851;1
1852;37
1853;31
1854;6
1855;15
1856;31
1857;55
1858;30
1859;42
1860;19
1861;10
1862;10
1863;7
1864;77
1865;35
1866;43
1867;55
1868;12
1869;10
1870;14
1871;60
1872;28
1873;6
1874;17
1875;14
1876;53
1877;39
1878;52
1879;48
1880;58
1881;24
1882;56
1883;65
1884;26
1885;20
1886;79
1887;93
1888;84
1889;65
1890;53
1891;35
1892;103
1893;74
1894;63
1895;61
1896;79
1897;45
1898;9
1899;59
1900;23
1901;64
1902;91
1903;19
1904;39
1905;2
1906;30
1907;46
1908;4
1909;15
1910;74
1911;23
1912;51
1913;38
1914;46
1915;7
1916;6
1917;55
1918;80
1919;52
1920;77
1921;27
1922;59
1923;17
1924;21
1925;94
1926;52
1927;64
1928;54
1929;58
1930;89
1931;50
1932;67
1933;35
1934;81
1935;57
1936;19
1937;73
1938;89
1939;22
1940;22
1941;70
1942;21
1943;62
1944;94
1945;41
1946;46
1947;44
1948;18
1949;17
1950;13
1951;75
1952;54
1953;67
1954;55
1955;60
1956;20
1957;58
1958;66
1959;57
1960;65
1961;59
1962;20
1963;39
1964;43
1965;63
1966;62
1967;76
1968;20
1969;36
1970;1
1971;14
1972;53
1973;73
1974;53
1975;24
1976;21
1977;25
1978;21
1979;31
1980;36
1981;41
1982;15
1983;11
1984;49
1985;61
1986;31
1987;15
1988;31
1989;32
1990;49
1991;18
1992;13
1993;63
1994;55
1995;43
1996;60
1997;16
1998;12
1999;61
2000;70
2001;53
2002;76
2003;43
2004;12
2005;0
2006;76
2007;73
2008;80
2009;46
2010;47
2011;22
2012;53
2013;59
2014;45
2015;33
2016;5
2017;71
2018;73
2019;39
2020;55
2021;55
2022;91
2023;60
2024;74
2025;49
2026;7
2027;12
2028;54
2029;63
2030;28
2031;42
2032;71
2033;63
2034;63
2035;76
2036;36
2037;52
2038;56
2039;53
2040;30
2041;49
2042;11
2043;15
2044;31
2045;86
2046;69
2047;61
2048;57
2049;20
2050;22
2051;43
2052;76
2053;30
2054;16
2055;35
2056;47
2057;53
2058;63
2059;76
2060;61
2061;20
2062;55
2063;63
2064;47
2065;28
2066;11
2067;20
2068;49
2069;62
2070;19
2071;78
2072;24
2073;63
2074;7
2075;53
2076;46
2077;66
2078;63
2079;77
2080;51
2081;61
2082;31
2083;41
2084;11
2085;15
2086;65
2087;58
2088;83
2089;52
2090;66
2091;35
2092;63
2093;16
2094;9
2095;16
2096;15
2097;30
2098;74
2099;68
2100;63
2101;26
2102;14
2103;48
2104;32
2105;56
2106;71
2107;30
2108;51
2109;9
2110;7
2111;79
2112;79
2113;21
2114;60
2115;50
2116;52
2117;10
2118;28
2119;90
2120;40
2121;50
2122;31
2123;17
2124;11
2125;52
2126;70
2127;48
2128;56
2129;24
2130;41
2131;32
2132;0
2133;4
2134;46
2135;60
2136;11
2137;6
2138;25
2139;36
2140;57
2141;47
2142;41
2143;35
2144;13
2145;17
2146;20
2147;52
2148;36
2149;9
2150;48
2151;61
2152;44
2153;18
2154;73
2155;74
2156;71
2157;22
2158;50
2159;62
2160;13
2161;47
2162;32
2163;61
2164;66
2165;67
2166;64
2167;48
2168;51
2169;39
2170;79
2171;68
2172;38
2173;49
2174;11
2175;14
2176;32
2177;7
2178;61
2179;46
2180;69
2181;87
2182;73
2183;62
2184;46
2185;33
2186;7
2187;13
2188;65
2189;62
2190;76
2191;70
2192;92
2193;56
2194;64
2195;59
2196;31
2197;53
2198;75
2199;52
2200;90
2201;22
2202;49
2203;76
2204;22
2205;77
2206;47
2207;41
2208;40
2209;18
2210;3
2211;39
2212;33
2213;3
2214;4
2215;80
2216;64
2217;21
2218;79
2219;63
2220;51
2221;48
2222;44
2223;2
2224;51
2225;12
2226;11
2227;22
2228;50
2229;55
2230;7
2231;99
2232;66
2233;28
2234;66
2235;22
2236;22
2237;22
2238;44
2239;29
2240;12
2241;54
2242;67
2243;60
2244;65
2245;70
2246;84
2247;70
2248;50
2249;57
2250;64
2251;97
2252;35
2253;46
2254;66
2255;26
2256;66
2257;56
2258;25
2259;20
2260;84
2261;71
2262;45
2263;53
2264;31
2265;70
2266;84
2267;20
2268;41
2269;23
2270;8
2271;2
2272;40
2273;52
2274;14
2275;9
2276;52
2277;54
2278;29
2279;14
2280;13
2281;42
2282;51
2283;18
2284;6
2285;51
2286;59
2287;47
2288;65
2289;39
2290;58
2291;13
2292;52
2293;62
2294;18
2295;13
2296;17
2297;63
2298;59
2299;17
2300;16
2301;85
2302;61
2303;34
2304;30
2305;14
2306;6
2307;66
2308;22
2309;21
2310;0
2311;5
2312;95
2313;59
2314;45
2315;31
2316;0
2317;1
2318;54
2319;59
2320;51
2321;59
2322;43
2323;28
2324;80
2325;89
2326;55
2327;40
2328;34
2329;17
2330;62
2331;30
2332;36
2333;6
2334;44
2335;20
2336;4
2337;61
2338;66
2339;23
2340;63
2341;32
2342;46
2343;11
2344;13
2345;74
2346;65
2347;49
2348;66
2349;52
2350;43
2351;45
2352;6
2353;9
2354;50
2355;21
2356;5
2357;5
2358;70
2359;47
2360;83
2361;58
2362;36
2363;39
2364;9
2365;16
2366;36
2367;59
2368;72
2369;60
2370;68
2371;64
2372;24
2373;70
2374;54
2375;32
2376;69
2377;29
2378;76
2379;45
2380;79
2381;49
2382;41
2383;34
2384;0
2385;3
2386;34
2387;34
2388;5
2389;13
2390;33
2391;14
2392;18
2393;30
2394;36
2395;4
2396;11
2397;39
2398;11
2399;18
2400;57
2401;23
2402;48
2403;76
2404;34
2405;57
2406;51
2407;89
2408;39
2409;64
2410;49
2411;44
2412;40
2413;4
2414;1
2415;20
2416;20
2417;5
2418;5
2419;31
2420;46
2421;9
2422;21
2423;64
2424;54
2425;31
2426;9
2427;21
2428;62
2429;17
2430;9
2431;24
2432;57
2433;54
2434;70
2435;89
2436;52
2437;55
2438;58
2439;68
2440;68
2441;39
2442;45
2443;1
2444;0
2445;86
2446;50
2447;40
2448;12
2449;15
2450;60
2451;87
2452;62
2453;64
2454;59
2455;66
2456;65
2457;64
2458;50
2459;20
2460;52
2461;73
2462;62
2463;44
2464;49
2465;16
2466;76
2467;54
2468;83
2469;45
2470;34
2471;3
2472;1
2473;68
2474;31
2475;22
2476;2
2477;23
2478;77
2479;67
2480;47
2481;44
2482;57
2483;41
2484;58
2485;29
2486;41
2487;9
2488;92
2489;64
2490;87
2491;40
2492;19
2493;13
2494;62
2495;48
2496;51
2497;71
2498;91
2499;58
2500;50
2501;45
2502;7
2503;77
2504;24
2505;45
2506;31
2507;55
2508;39
2509;6
2510;61
2511;60
2512;9
2513;10
2514;17
2515;51
2516;38
2517;45
2518;16
2519;12
2520;74
2521;24
2522;58
2523;39
2524;52
2525;59
2526;32
2527;44
2528;0
2529;8
2530;45
2531;45
2532;5
2533;1
2534;40
2535;42
2536;13
2537;13
2538;38
2539;58
2540;44
2541;25
2542;34
2543;14
2544;35
2545;22
2546;15
2547;15
2548;14
2549;76
2550;44
2551;60
2552;62
2553;51
2554;34
2555;57
2556;9
2557;14
2558;6
2559;71
2560;25
2561;58
2562;29
2563;35
2564;34
2565;77
2566;46
2567;51
2568;80
2569;57
2570;63
2571;12
2572;7
2573;48
2574;42
2575;13
2576;17
2577;48
2578;20
2579;62
2580;59
2581;91
2582;57
2583;79
2584;46
2585;36
2586;13
2587;18
2588;75
2589;54
2590;50
2591;39
2592;60
2593;6
2594;18
2595;45
2596;57
2597;38
2598;39
2599;65
2600;56
2601;49
2602;31
2603;33
2604;4
2605;69
2606;46
2607;59
2608;66
2609;44
2610;79
2611;55
2612;55
2613;22
2614;45
2615;16
2616;67
2617;57
2618;50
2619;53
2620;82
2621;23
2622;37
2623;3
2624;3
2625;47
2626;31
2627;27
2628;59
2629;68
2630;46
2631;36
2632;14
2633;18
2634;38
2635;47
2636;7
2637;15
2638;11
2639;54
2640;63
2641;88
2642;72
2643;78
2644;44
2645;33
2646;17
2647;18
2648;63
2649;48
2650;38
2651;27
2652;1
2653;4
2654;30
2655;40
2656;46
2657;15
2658;15
2659;15
2660;44
2661;14
2662;54
2663;89
2664;48
2665;38
2666;28
2667;61
2668;47
2669;15
2670;6
2671;28
2672;68
2673;30
2674;62
2675;72
2676;61
2677;55
2678;46
2679;87
2680;68
2681;31
2682;15
2683;10
2684;47
2685;52
2686;61
2687;47
2688;73
2689;65
2690;79
2691;40
2692;56
2693;18
2694;12
2695;12
2696;22
2697;77
2698;35
2699;27
2700;52
2701;15
2702;18
2703;23
2704;19
2705;11
2706;39
2707;74
2708;19
2709;41
2710;61
2711;56
2712;63
2713;91
2714;39
2715;36
2716;25
2717;0
2718;4
2719;39
2720;66
2721;61
2722;38
2723;17
2724;11
2725;9
2726;61
2727;47
2728;75
2729;59
2730;45
2731;44
2732;26
2733;46
2734;43
2735;57
2736;7
2737;30
2738;47
2739;12
2740;24
2741;47
2742;9
2743;3
2744;46
2745;44
2746;18
2747;14
2748;14
2749;31
2750;35
2751;7
2752;33
2753;45
2754;1
2755;66
2756;25
2757;47
2758;8
2759;6
2760;50
2761;10
2762;16
2763;54
2764;51
2765;58
2766;79
2767;64
2768;29
2769;45
2770;9
2771;17
2772;36
2773;22
2774;2
2775;66
2776;58
2777;44
2778;45
2779;18
2780;10
2781;15
2782;66
2783;68
2784;72
2785;76
2786;69
2787;55
2788;30
2789;48
2790;68
2791;41
2792;46
2793;15
2794;2
2795;16
2796;31
2797;75
2798;70
2799;39
2800;61
2801;43
2802;68
2803;65
2804;53
2805;51
2806;20
2807;55
2808;83
2809;56
2810;73
2811;76
2812;30
2813;30
2814;12
2815;15
2816;39
2817;42
2818;12
2819;57
2820;52
2821;61
2822;87
2823;63
2824;44
2825;8
2826;9
2827;65
2828;54
2829;79
2830;37
2831;23
2832;47
2833;30
2834;64
2835;34
2836;46
2837;49
2838;35
2839;34
2840;6
2841;45
2842;43
2843;5
2844;1
2845;91
2846;22
2847;47
2848;43
2849;18
2850;14
2851;66
2852;78
2853;49
2854;73
2855;40
2856;23
2857;72
2858;60
2859;58
2860;75
2861;51
2862;61
2863;81
2864;34
2865;33
2866;12
2867;42
2868;20
2869;54
2870;40
2871;38
2872;42
2873;40
2874;18
2875;16
2876;68
2877;21
2878;78
2879;66
2880;20
2881;68
2882;49
2883;63
2884;39
2885;9
2886;8
2887;54
2888;49
2889;19
2890;50
2891;55
2892;58
2893;29
2894;5
2895;86
2896;51
2897;43
2898;41
2899;5
2900;6
2901;76
2902;56
2903;77
2904;84
2905;48
2906;40
2907;61
2908;26
2909;30
2910;2
2911;1
2912;64
2913;19
2914;64
2915;60
2916;49
2917;58
2918;48
2919;6
2920;13
2921;18
2922;48
2923;42
2924;8
2925;48
2926;24
2927;55
2928;46
2929;7
2930;10
2931;54
2932;55
2933;24
2934;54
2935;51
2936;26
2937;28
2938;2
2939;43
2940;18
2941;70
2942;49
2943;46
2944;44
2945;2
2946;78
2947;93
2948;33
2949;5
2950;52
2951;58
2952;59
2953;50
2954;65
2955;55
2956;68
2957;65
2958;55
2959;62
2960;9
2961;41
2962;44
2963;2
2964;2
2965;35
2966;76
2967;23
2968;22
2969;67
2970;49
2971;19
2972;1
2973;4
2974;38
2975;7
2976;13
2977;67
2978;50
2979;24
2980;34
2981;4
2982;17
2983;39
2984;15
2985;11
2986;53
2987;43
2988;65
2989;38
2990;22
2991;72
2992;47
2993;54
2994;47
2995;44
2996;39
2997;13
2998;3
2999;4
3000;31
3001;70
3002;43
3003;63
3004;60
3005;79
3006;52
3007;64
3008;33
3009;41
3010;3
3011;3
3012;57
3013;72
3014;54
3015;62
3016;31
3017;65
3018;70
3019;23
3020;71
3021;31
3022;81
3023;38
3024;45
3025;56
3026;9
3027;18
3028;16
3029;16
3030;46
3031;15
3032;11
3033;27
3034;29
3035;19
3036;1
3037;1
3038;15
3039;4
3040;56
3041;59
3042;9
3043;13
3044;68
3045;46
3046;32
3047;39
3048;61
3049;77
3050;45
3051;60
3052;47
3053;50
3054;32
3055;74
3056;53
3057;59
3058;66
3059;61
3060;62
3061;27
3062;13
3063;79
3064;44
3065;72
3066;47
3067;89
3068;31
3069;46
3070;6
3071;1
3072;33
3073;74
3074;24
3075;56
3076;64
3077;61
3078;82
3079;60
3080;46
3081;63
3082;64
3083;15
3084;14
3085;66
3086;22
3087;58
3088;87
3089;23
3090;51
3091;70
3092;36
3093;38
3094;63
3095;28
3096;17
3097;60
3098;63
3099;56
3100;39
3101;62
3102;71
3103;46
3104;64
3105;39
3106;31
3107;15
3108;51
3109;17
3110;7
3111;55
3112;49
3113;39
3114;13
3115;14
3116;57
3117;21
3118;54
3119;74
3120;45
3121;43
3122;9
3123;48
3124;35
3125;12
3126;15
3127;44
3128;33
3129;18
3130;11
3131;59
3132;13
3133;81
3134;49
3135;75
3136;64
3137;39
3138;42
3139;0
3140;0
3141;68
3142;33
3143;50
3144;18
3145;42
3146;16
3147;5
3148;65
3149;50
3150;45
3151;36
3152;7
3153;42
3154;36
3155;5
3156;1
3157;51
3158;64
3159;9
3160;17
3161;60
3162;66
3163;43
3164;50
3165;47
3166;80
3167;31
3168;61
3169;16
3170;13
3171;27
3172;68
3173;76
3174;61
3175;53
3176;90
3177;52
3178;103
3179;20
3180;79
3181;22
3182;25
3183;57
3184;67
3185;41
3186;27
3187;83
3188;44
3189;44
3190;0
3191;4
3192;1
3193;62
3194;37
3195;22
3196;17
3197;4
3198;70
3199;60
3200;50
3201;38
3202;17
3203;10
3204;9
3205;49
3206;77
3207;64
3208;56
3209;42
3210;16
3211;13
3212;12
3213;49
3214;55
3215;68
3216;57
3217;63
3218;32
3219;88
3220;37
3221;33
3222;4
3223;28
3224;36
3225;2
3226;5
3227;30
3228;51
3229;43
3230;0
3231;12
3232;32
3233;56
3234;52
3235;39
3236;0
3237;15
3238;86
3239;79
3240;63
3241;22
3242;41
3243;15
3244;15
3245;39
3246;21
3247;1
3248;1
3249;67
3250;40
3251;47
3252;11
3253;71
3254;70
3255;97
3256;31
3257;30
3258;80
3259;21
3260;51
3261;38
3262;54
3263;47
3264;53
3265;61
3266;84
3267;43
3268;61
3269;66
3270;47
3271;52
3272;43
3273;25
3274;12
3275;2
3276;1
3277;53
3278;47
3279;50
3280;48
3281;16
3282;11
3283;11
3284;56
3285;63
3286;87
3287;77
3288;95
3289;37
3290;30
3291;8
3292;14
3293;51
3294;50
3295;72
3296;24
3297;86
3298;25
3299;51
3300;28
3301;38
3302;16
3303;16
3304;37
3305;73
3306;75
3307;27
3308;24
3309;3
3310;5
3311;10
3312;57
3313;12
3314;63
3315;74
3316;77
3317;61
3318;47
3319;51
3320;10
3321;18
3322;84
3323;59
3324;50
3325;7
3326;7
3327;14
3328;22
3329;44
3330;51
3331;6
3332;73
3333;48
3334;58
3335;12
3336;8
3337;67
3338;68
3339;28
3340;29
3341;2
3342;76
3343;26
3344;66
3345;26
3346;56
3347;53
3348;51
3349;48
3350;43
3351;33
3352;23
3353;5
3354;51
3355;61
3356;77
3357;44
3358;13
3359;70
3360;54
3361;17
3362;7
3363;63
3364;59
3365;17
3366;47
3367;72
3368;70
3369;31
3370;65
3371;61
3372;19
3373;73
3374;49
3375;8
3376;53
3377;77
3378;55
3379;43
3380;17
3381;7
3382;72
3383;75
3384;71
3385;64
3386;22
3387;24
3388;63
3389;73
3390;67
3391;69
3392;35
3393;16
3394;55
3395;25
3396;41
3397;55
3398;15
3399;7
3400;8
3401;26
3402;77
3403;94
3404;70
3405;46
3406;48
3407;24
3408;8
3409;6
3410;4
3411;15
3412;5
3413;71
3414;42
3415;26
3416;0
3417;5
3418;1
3419;81
3420;52
3421;34
3422;42
3423;17
3424;16
3425;35
3426;44
3427;4
3428;3
3429;42
3430;38
3431;0
3432;5
3433;42
3434;76
3435;46
3436;75
3437;53
3438;64
3439;21
3440;81
3441;61
3442;26
3443;28
3444;6
3445;15
3446;14
3447;92
3448;69
3449;52
3450;38
3451;24
3452;22
3453;42
3454;71
3455;64
3456;81
3457;51
3458;60
3459;44
3460;51
3461;61
3462;17
3463;7
3464;42
3465;19
3466;38
3467;30
3468;18
3469;12
3470;58
3471;24
3472;51
3473;54
3474;68
3475;42
3476;77
3477;47
3478;45
3479;63
3480;51
3481;25
3482;60
3483;46
3484;26
3485;60
3486;60
3487;79
3488;19
3489;65
3490;61
3491;34
3492;7
3493;15
3494;7
3495;40
3496;44
3497;51
3498;16
3499;9
3500;45
3501;28
3502;49
3503;19
3504;22
3505;20
3506;36
3507;19
3508;22
3509;36
3510;6
3511;51
3512;29
3513;17
3514;12
3515;33
3516;69
3517;55
3518;24
3519;22
3520;69
3521;87
3522;41
3523;42
3524;5
3525;45
3526;14
3527;46
3528;75
3529;70
3530;60
3531;30
3532;52
3533;21
3534;47
3535;53
3536;51
3537;62
3538;94
3539;54
3540;13
3541;63
3542;17
3543;15
3544;50
3545;55
3546;21
3547;76
3548;37
3549;22
3550;13
3551;78
3552;69
3553;59
3554;57
3555;11
3556;18
3557;16
3558;33
3559;30
3560;56
3561;65
3562;74
3563;61
3564;32
3565;78
3566;76
3567;20
3568;20
3569;24
3570;41
3571;42
3572;64
3573;9
3574;9
3575;47
3576;24
3577;47
3578;7
3579;5
3580;67
3581;58
3582;45
3583;37
3584;5
3585;1
3586;38
3587;80
3588;61
3589;38
3590;53
3591;56
3592;91
3593;72
3594;49
3595;45
3596;6
3597;4
3598;63
3599;49
3600;82
3601;51
3602;24
3603;61
3604;58
3605;17
3606;14
3607;46
3608;28
3609;0
3610;18
3611;17
3612;81
3613;23
3614;74
3615;74
3616;44
3617;70
3618;54
3619;23
3620;52
3621;63
3622;55
3623;62
3624;20
3625;47
3626;6
3627;6
3628;30
3629;46
3630;1
3631;64
3632;46
3633;64
3634;15
3635;95
3636;68
3637;61
3638;67
3639;60
3640;34
3641;41
3642;52
3643;7
3644;16
3645;76
3646;21
3647;43
3648;79
3649;52
3650;48
3651;78
3652;57
3653;44
3654;48
3655;15
3656;14
3657;57
3658;55
3659;33
3660;19
3661;73
3662;68
3663;47
3664;51
3665;47
3666;51
3667;59
3668;62
3669;18
3670;7
3671;27
3672;20
3673;67
3674;72
3675;22
3676;86
3677;24
3678;34
3679;30
3680;59
3681;61
3682;22
3683;47
3684;1
3685;81
3686;45
3687;77
3688;51
3689;64
3690;70
3691;44
3692;25
3693;48
3694;87
3695;52
3696;65
3697;92
3698;63
3699;48
3700;63
3701;10
3702;33
3703;73
3704;51
3705;25
3706;19
3707;41
3708;19
3709;1
3710;3
3711;51
3712;74
3713;79
3714;45
3715;29
3716;42
3717;49
3718;16
3719;62
3720;25
3721;51
3722;63
3723;17
3724;20
3725;4
3726;4
3727;58
3728;59
3729;27
3730;53
3731;20
3732;44
3733;48
3734;47
3735;32
3736;44
3737;31
3738;85
3739;31
3740;46
3741;53
3742;56
3743;77
3744;69
3745;68
3746;30
3747;57
3748;48
3749;48
3750;73
3751;22
3752;80
3753;61
3754;55
3755;69
3756;64
3757;76
3758;78
3759;28
3760;45
3761;33
3762;34
3763;3
3764;4
3765;1
3766;53
3767;23
3768;44
3769;36
3770;15
3771;17
3772;46
3773;47
3774;10
3775;7
3776;68
3777;46
3778;87
3779;96
3780;48
3781;35
3782;22
3783;17
3784;2
3785;37
3786;36
3787;41
3788;12
3789;18
3790;56
3791;66
3792;67
3793;49
3794;35
3795;74
3796;73
3797;28
3798;61
3799;70
3800;23
3801;56
3802;48
3803;60
3804;24
3805;84
3806;42
3807;33
