1;34
2;31
3;3
4;7
5;21
6;20
7;46
8;52
9;38
10;24
11;2
12;8
13;45
14;76
15;94
16;70
17;58
18;55
19;22
20;28
21;49
22;33
23;3
24;71
25;55
26;26
27;33
28;4
29;1
30;23
31;1
32;1
33;31
34;39
35;6
36;6
37;11
38;44
39;5
40;41
41;33
42;42
43;1
44;3
45;57
46;71
47;49
48;61
49;13
50;10
51;6
52;52
53;60
54;54
55;6
56;57
57;53
58;38
59;29
60;0
61;3
62;49
63;55
64;49
65;64
66;92
67;36
68;30
69;16
70;7
71;45
72;41
73;8
74;57
75;34
76;12
77;16
78;32
79;31
80;0
81;2
82;36
83;48
84;8
85;6
86;73
87;73
88;30
89;43
90;4
91;5
92;3
93;62
94;51
95;88
96;23
97;45
98;40
99;17
100;11
101;6
102;15
103;26
104;30
105;6
106;5
107;4
108;44
109;35
110;7
111;10
112;49
113;54
114;67
115;22
116;53
117;69
118;65
119;66
120;38
121;73
122;60
123;44
124;46
125;6
126;6
127;11
128;31
129;47
130;46
131;10
132;40
133;21
134;4
135;1
136;30
137;31
138;16
139;8
140;41
141;10
142;76
143;40
144;53
145;76
146;45
147;70
148;78
149;67
150;57
151;28
152;9
153;16
154;65
155;85
156;61
157;91
158;57
159;50
160;6
161;16
162;36
163;33
164;13
165;5
166;63
167;43
168;60
169;34
170;13
171;29
172;75
173;56
174;35
175;19
176;36
177;0
178;50
179;49
180;15
181;8
182;37
183;47
184;18
185;74
186;60
187;37
188;49
189;80
190;57
191;55
192;55
193;16
194;65
195;70
196;29
197;42
198;5
199;6
200;3
201;28
202;39
203;2
204;5
205;58
206;51
207;28
208;43
209;11
210;10
211;40
212;50
213;8
214;8
215;44
216;26
217;8
218;23
219;84
220;68
221;62
222;22
223;69
224;20
225;43
226;36
227;1
228;7
229;1
230;64
231;78
232;68
233;67
234;47
235;49
236;43
237;13
238;14
239;30
240;81
241;20
242;26
243;46
244;35
245;14
246;9
247;39
248;29
249;4
250;3
251;71
252;51
253;26
254;38
255;39
256;3
257;12
258;79
259;35
260;46
261;58
262;44
263;7
264;6
265;9
266;31
267;45
268;18
269;16
270;6
271;45
272;35
273;37
274;1
275;11
276;86
277;21
278;84
279;43
280;35
281;38
282;22
283;81
284;67
285;56
286;72
287;59
288;69
289;48
290;52
291;7
292;16
293;80
294;81
295;31
296;43
297;17
298;69
299;60
300;54
301;54
302;53
303;26
304;46
305;27
306;19
307;25
308;24
309;77
310;20
311;38
312;12
313;9
314;30
315;28
316;5
317;67
318;28
319;44
320;1
321;1
322;61
323;50
324;26
325;46
326;68
327;75
328;20
329;44
330;55
331;63
332;36
333;31
334;45
335;20
336;39
337;20
338;68
339;22
340;52
341;76
342;33
343;68
344;60
345;44
346;34
347;14
348;4
349;55
350;59
351;66
352;64
353;35
354;34
355;2
356;5
357;50
358;32
359;47
360;0
361;34
362;24
363;4
364;0
365;65
366;82
367;71
368;35
369;19
370;27
371;8
372;2
373;9
374;32
375;52
376;51
377;9
378;11
379;64
380;48
381;71
382;29
383;56
384;21
385;21
386;46
387;30
388;2
389;42
390;61
391;38
392;13
393;15
394;58
395;51
396;58
397;89
398;41
399;31
400;33
401;58
402;10
403;13
404;8
405;54
406;8
407;17
408;59
409;78
410;52
411;44
412;42
413;6
414;10
415;67
416;74
417;50
418;74
419;60
420;32
421;13
422;10
423;30
424;45
425;23
426;5
427;18
428;22
429;49
430;12
431;14
432;29
433;29
434;46
435;36
436;52
437;75
438;58
439;52
440;32
441;77
442;26
443;38
444;52
445;13
446;16
447;27
448;35
449;46
450;23
451;26
452;37
453;41
454;7
455;7
456;44
457;39
458;2
459;0
460;13
461;29
462;46
463;17
464;8
465;41
466;16
467;42
468;37
469;7
470;0
471;47
472;41
473;61
474;22
475;39
476;6
477;59
478;21
479;43
480;35
481;14
482;3
483;35
484;46
485;3
486;67
487;36
488;20
489;68
490;23
491;60
492;25
493;87
494;66
495;33
496;48
497;53
498;74
499;47
500;46
501;6
502;54
503;26
504;11
505;8
506;18
507;14
508;37
509;45
510;13
511;8
512;87
513;59
514;33
515;32
516;4
517;4
518;3
519;50
520;49
521;52
522;36
523;53
524;24
525;21
526;4
527;11
528;9
529;52
530;56
531;8
532;11
533;7
534;38
535;17
536;49
537;71
538;57
539;42
540;14
541;15
542;16
543;23
544;61
545;21
546;42
547;52
548;63
549;26
550;36
551;4
552;4
553;49
554;63
555;17
556;11
557;47
558;37
559;75
560;37
561;39
562;2
563;55
564;49
565;32
566;20
567;5
568;54
569;59
570;55
571;40
572;44
573;39
574;9
575;0
576;1
577;41
578;9
579;14
580;82
581;67
582;59
583;47
584;48
585;29
586;27
587;13
588;3
589;59
590;20
591;26
592;62
593;11
594;47
595;45
596;19
597;73
598;39
599;43
600;5
601;0
602;60
603;35
604;19
605;87
606;23
607;68
608;70
609;38
610;52
611;36
612;7
613;40
614;36
615;3
616;0
617;35
618;33
619;60
620;60
621;62
622;33
623;50
624;7
625;10
626;56
627;56
628;6
629;78
630;39
631;79
632;70
633;92
634;58
635;58
636;67
637;33
638;41
639;5
640;11
641;24
642;75
643;38
644;74
645;79
646;63
647;70
648;37
649;55
650;11
651;6
652;82
653;31
654;16
655;6
656;66
657;45
658;28
659;10
660;34
661;32
662;40
663;36
664;37
665;15
666;16
667;27
668;20
669;6
670;5
671;71
672;61
673;57
674;63
675;52
676;31
677;6
678;6
679;56
680;43
681;46
682;54
683;11
684;25
685;49
686;22
687;66
688;36
689;50
690;61
691;22
692;34
693;78
694;65
695;49
696;32
697;12
698;16
699;24
700;75
701;61
702;33
703;16
704;13
705;12
706;49
707;12
708;40
709;20
710;75
711;51
712;23
713;23
714;39
715;31
716;2
717;26
718;32
719;0
720;3
721;56
722;64
723;67
724;32
725;27
726;2
727;0
728;69
729;22
730;50
731;23
732;42
733;36
734;31
735;11
736;13
737;62
738;51
739;18
740;8
741;43
742;47
743;42
744;11
745;44
746;14
747;47
748;60
749;48
750;52
751;83
752;62
753;36
754;56
755;25
756;22
757;35
758;40
759;8
760;10
761;10
762;85
763;65
764;43
765;32
766;39
767;17
768;12
769;65
770;72
771;43
772;45
773;9
774;5
775;61
776;68
777;35
778;47
779;45
780;0
781;10
782;38
783;41
784;4
785;11
786;44
787;32
788;16
789;68
790;40
791;21
792;62
793;91
794;59
795;19
796;53
797;34
798;26
799;53
800;32
801;6
802;13
803;47
804;37
805;6
806;13
807;42
808;20
809;43
810;13
811;76
812;69
813;24
814;71
815;32
816;26
817;56
818;66
819;52
820;80
821;55
822;40
823;63
824;13
825;16
826;47
827;64
828;61
829;48
830;31
831;56
832;82
833;57
834;53
835;6
836;17
837;80
838;53
839;47
840;38
841;36
842;2
843;7
844;40
845;44
846;11
847;19
848;81
849;26
850;72
851;45
852;38
853;11
854;6
855;47
856;26
857;1
858;37
859;33
860;3
861;17
862;61
863;53
864;35
865;54
866;91
867;90
868;70
869;56
870;19
871;60
872;56
873;12
874;8
875;32
876;29
877;11
878;68
879;51
880;89
881;72
882;71
883;31
884;28
885;2
886;4
887;76
888;58
889;30
890;39
891;40
892;17
893;9
894;16
895;40
896;48
897;8
898;10
899;61
900;40
901;56
902;10
903;13
904;55
905;65
906;31
907;19
908;33
909;27
910;1
911;4
912;62
913;62
914;15
915;9
916;21
917;41
918;34
919;3
920;19
921;19
922;35
923;29
924;1
925;6
926;90
927;54
928;50
929;46
930;11
931;9
932;40
933;50
934;12
935;6
936;45
937;34
938;1
939;14
940;62
941;46
942;17
943;73
944;87
945;60
946;44
947;32
948;57
949;91
950;29
951;19
952;21
953;7
954;4
955;28
956;29
957;44
958;1
959;14
960;46
961;46
962;60
963;17
964;33
965;27
966;7
967;10
968;58
969;62
970;34
971;54
972;6
973;17
974;12
975;38
976;53
977;71
978;42
979;72
980;30
981;48
982;9
983;6
984;32
985;16
986;34
987;49
988;4
989;16
990;25
991;21
992;24
993;22
994;19
995;31
996;29
997;6
998;6
999;30
1000;23
1001;1
1002;32
1003;30
1004;21
1005;44
1006;39
1007;8
1008;0
1009;60
1010;52
1011;15
1012;77
1013;68
1014;41
1015;68
1016;67
1017;22
1018;23
1019;22
1020;63
1021;72
1022;88
1023;62
1024;63
1025;36
1026;33
1027;11
1028;6
1029;33
1030;10
1031;10
1032;61
1033;38
1034;24
1035;54
1036;30
1037;77
1038;21
1039;45
1040;7
1041;6
1042;46
1043;59
1044;51
1045;37
1046;27
1047;42
1048;15
1049;11
1050;33
1051;28
1052;10
1053;12
1054;40
1055;94
1056;58
1057;35
1058;12
1059;9
1060;44
1061;52
1062;52
1063;60
1064;10
1065;33
1066;24
1067;38
1068;60
1069;25
1070;24
1071;60
1072;64
1073;22
1074;22
1075;30
1076;44
1077;15
1078;3
1079;64
1080;84
1081;21
1082;50
1083;19
1084;50
1085;41
1086;18
1087;13
1088;7
1089;37
1090;61
1091;9
1092;17
1093;39
1094;42
1095;7
1096;43
1097;48
1098;11
1099;13
1100;18
1101;9
1102;42
1103;21
1104;52
1105;31
1106;83
1107;62
1108;49
1109;62
1110;64
1111;32
1112;29
1113;7
1114;0
1115;36
1116;57
1117;13
1118;45
1119;41
1120;15
1121;7
1122;18
1123;77
1124;19
1125;79
1126;58
1127;66
1128;44
1129;33
1130;0
1131;19
1132;48
1133;4
1134;2
1135;0
1136;1
1137;53
1138;46
1139;49
1140;55
1141;56
1142;33
1143;41
1144;11
1145;11
1146;32
1147;33
1148;17
1149;29
1150;42
1151;2
1152;17
1153;47
1154;22
1155;21
1156;58
1157;54
1158;20
1159;39
1160;39
1161;4
1162;35
1163;54
1164;60
1165;30
1166;10
1167;9
1168;14
1169;21
1170;67
1171;49
1172;53
1173;38
1174;41
1175;5
1176;4
1177;35
1178;52
1179;80
1180;39
1181;49
1182;27
1183;14
1184;11
1185;25
1186;55
1187;67
1188;58
1189;40
1190;39
1191;1
1192;0
1193;44
1194;13
1195;12
1196;8
1197;13
1198;38
1199;7
1200;3
1201;29
1202;77
1203;86
1204;62
1205;49
1206;71
1207;50
1208;56
1209;53
1210;52
1211;76
1212;21
1213;59
1214;49
1215;23
1216;20
1217;78
1218;56
1219;25
1220;57
1221;60
1222;63
1223;61
1224;7
1225;19
1226;68
1227;34
1228;36
1229;3
1230;49
1231;61
1232;46
1233;30
1234;18
1235;9
1236;18
1237;79
1238;89
1239;30
1240;47
1241;43
1242;4
1243;12
1244;27
1245;24
1246;27
1247;18
1248;4
1249;68
1250;54
1251;62
1252;56
1253;11
1254;15
1255;58
1256;57
1257;57
1258;50
1259;82
1260;25
1261;32
1262;32
1263;17
1264;9
1265;11
1266;41
1267;28
1268;1
1269;34
1270;46
1271;14
1272;10
1273;15
1274;57
1275;50
1276;46
1277;48
1278;49
1279;13
1280;12
1281;31
1282;59
1283;64
1284;64
1285;47
1286;31
1287;62
1288;14
1289;14
1290;38
1291;50
1292;46
1293;38
1294;7
1295;12
1296;7
1297;85
1298;74
1299;84
1300;73
1301;22
1302;42
1303;36
1304;3
1305;4
1306;26
1307;44
1308;13
1309;12
1310;14
1311;79
1312;66
1313;44
1314;31
1315;8
1316;39
1317;7
1318;9
1319;29
1320;45
1321;0
1322;11
1323;77
1324;54
1325;52
1326;20
1327;70
1328;60
1329;38
1330;44
1331;49
1332;6
1333;74
1334;23
1335;45
1336;38
1337;18
1338;8
1339;41
1340;30
1341;7
1342;16
1343;64
1344;66
1345;34
1346;71
1347;22
1348;63
1349;23
1350;64
1351;34
1352;63
1353;24
1354;73
1355;19
1356;23
1357;15
1358;7
1359;0
1360;34
1361;70
1362;73
1363;89
1364;40
1365;23
1366;63
1367;66
1368;47
1369;58
1370;65
1371;37
1372;48
1373;78
1374;51
1375;43
1376;34
1377;2
1378;16
1379;64
1380;19
1381;64
1382;52
1383;13
1384;16
1385;72
1386;73
1387;33
1388;78
1389;67
1390;32
1391;60
1392;48
1393;67
1394;42
1395;53
1396;24
1397;25
1398;5
1399;3
1400;39
1401;29
1402;17
1403;6
1404;62
1405;74
1406;23
1407;21
1408;34
1409;49
1410;44
1411;12
1412;10
1413;16
1414;34
1415;31
1416;52
1417;55
1418;50
1419;75
1420;22
1421;55
1422;77
1423;31
1424;66
1425;20
1426;35
1427;45
1428;6
1429;33
1430;31
1431;34
1432;44
1433;9
1434;11
1435;69
1436;19
1437;45
1438;29
1439;6
1440;0
1441;2
1442;61
1443;53
1444;39
1445;40
1446;9
1447;3
1448;62
1449;22
1450;52
1451;49
1452;26
1453;67
1454;22
1455;76
1456;76
1457;50
1458;85
1459;69
1460;63
1461;46
1462;33
1463;42
1464;16
1465;18
1466;63
1467;60
1468;47
1469;51
1470;58
1471;13
1472;6
1473;19
1474;60
1475;65
1476;61
1477;45
1478;45
1479;12
1480;18
1481;16
1482;56
1483;35
1484;19
1485;48
1486;27
1487;49
1488;88
1489;52
1490;40
1491;35
1492;9
1493;78
1494;66
1495;46
1496;45
1497;17
1498;18
1499;36
1500;41
1501;5
1502;0
1503;65
1504;69
1505;30
1506;39
1507;0
1508;1
1509;29
1510;60
1511;63
1512;19
1513;19
1514;20
1515;22
1516;34
1517;13
1518;13
1519;74
1520;28
1521;74
1522;40
1523;25
1524;1
1525;2
1526;7
1527;61
1528;39
1529;32
1530;28
1531;8
1532;6
1533;26
1534;60
1535;75
1536;84
1537;47
1538;49
1539;0
1540;2
1541;24
1542;68
1543;40
1544;63
1545;10
1546;6
1547;32
1548;57
1549;31
1550;54
1551;7
1552;9
1553;59
1554;23
1555;48
1556;34
1557;35
1558;2
1559;1
1560;14
1561;25
1562;0
1563;79
1564;56
1565;54
1566;52
1567;49
1568;92
1569;40
1570;38
1571;5
1572;17
1573;73
1574;34
1575;58
1576;6
1577;59
1578;55
1579;45
1580;49
1581;18
1582;16
1583;47
1584;43
1585;6
1586;30
1587;79
1588;25
1589;52
1590;65
1591;65
1592;56
1593;54
1594;15
1595;74
1596;43
1597;34
1598;29
1599;33
1600;0
1601;14
1602;23
1603;29
1604;22
1605;24
1606;20
1607;63
1608;38
1609;30
1610;44
1611;11
1612;11
1613;49
1614;41
1615;0
1616;18
1617;66
1618;69
1619;81
1620;74
1621;44
1622;35
1623;10
1624;34
1625;35
1626;8
1627;11
1628;7
1629;13
1630;27
1631;20
1632;13
1633;3
1634;1
1635;53
1636;59
1637;6
1638;17
1639;61
1640;63
1641;79
1642;49
1643;13
1644;55
1645;26
1646;38
1647;50
1648;18
1649;8
1650;44
1651;78
1652;36
1653;18
1654;14
1655;50
1656;38
1657;48
1658;32
1659;30
1660;18
1661;8
1662;53
1663;68
1664;67
1665;58
1666;31
1667;33
1668;6
1669;11
1670;63
1671;32
1672;12
1673;45
1674;26
1675;61
1676;37
1677;33
1678;5
1679;1
1680;57
1681;98
1682;53
1683;71
1684;53
1685;45
1686;20
1687;27
1688;24
1689;48
1690;32
1691;7
1692;14
1693;51
1694;59
1695;74
1696;60
1697;21
1698;31
1699;36
1700;43
1701;1
1702;2
1703;1
1704;47
1705;27
1706;4
1707;0
1708;32
1709;22
1710;7
1711;31
1712;36
1713;39
1714;14
1715;11
1716;33
1717;39
1718;5
1719;14
1720;48
1721;46
1722;29
1723;13
1724;57
1725;71
1726;41
1727;59
1728;72
1729;38
1730;66
1731;76
1732;42
1733;34
1734;62
1735;56
1736;58
1737;55
1738;29
1739;23
1740;55
1741;43
1742;35
1743;7
1744;21
1745;87
1746;22
1747;86
1748;41
1749;35
1750;3
1751;1
1752;1
1753;1
1754;46
1755;46
1756;11
1757;2
1758;70
1759;26
1760;60
1761;33
1762;41
1763;18
1764;11
1765;42
1766;64
1767;87
1768;74
1769;34
1770;42
1771;17
1772;5
1773;44
1774;45
1775;12
1776;16
1777;45
1778;20
1779;26
1780;19
1781;31
1782;0
1783;2
1784;86
1785;23
1786;25
1787;52
1788;46
1789;72
1790;75
1791;76
1792;53
1793;73
1794;59
1795;28
1796;34
1797;1
1798;42
1799;54
1800;8
1801;11
1802;43
1803;58
1804;10
1805;11
1806;43
1807;46
1808;49
1809;58
1810;73
1811;84
1812;80
1813;65
1814;76
1815;65
1816;54
1817;25
1818;68
1819;53
1820;19
1821;59
1822;64
1823;77
1824;38
1825;46
1826;49
1827;33
1828;14
1829;4
1830;68
1831;91
1832;48
1833;27
1834;39
1835;4
1836;17
1837;30
1838;9
1839;10
1840;82
1841;46
1842;31
1843;9
1844;10
1845;40
1846;56
1847;59
1848;15
1849;62
1850;24
1851;39
1852;60
1853;18
1854;41
1855;37
1856;7
1857;7
1858;10
1859;6
1860;38
1861;59
1862;13
1863;16
1864;87
1865;62
1866;29
1867;43
1868;1
1869;3
1870;33
1871;32
1872;0
1873;7
1874;64
1875;33
1876;35
1877;36
1878;8
1879;92
1880;51
1881;35
1882;37
1883;7
1884;1
1885;21
1886;55
1887;46
1888;23
1889;4
1890;32
1891;43
1892;16
1893;18
1894;10
1895;30
1896;34
1897;14
1898;14
1899;33
1900;50
1901;46
1902;20
1903;49
1904;29
1905;41
1906;64
1907;20
1908;58
1909;50
1910;46
1911;22
1912;82
1913;41
1914;48
1915;6
1916;13
1917;9
1918;15
1919;32
1920;49
1921;12
1922;15
1923;66
1924;59
1925;38
1926;44
1927;38
1928;8
1929;55
1930;44
1931;3
1932;48
1933;51
1934;29
1935;20
1936;80
1937;51
1938;72
1939;46
1940;33
1941;4
1942;4
1943;12
1944;3
1945;26
1946;14
1947;50
1948;78
1949;58
1950;20
1951;90
1952;65
1953;65
1954;60
1955;45
1956;37
1957;38
1958;16
1959;2
1960;35
1961;28
1962;5
1963;2
1964;49
1965;75
1966;29
1967;18
1968;47
1969;44
1970;40
1971;6
1972;11
1973;74
1974;22
1975;27
1976;37
1977;38
1978;15
1979;66
1980;64
1981;48
1982;39
1983;0
1984;50
1985;40
1986;10
1987;75
1988;84
1989;54
1990;44
1991;48
1992;4
1993;1
1994;52
1995;21
1996;70
1997;63
1998;46
1999;35
2000;52
2001;20
2002;43
2003;33
2004;3
2005;14
2006;4
2007;62
2008;63
2009;39
2010;60
2011;51
2012;16
2013;7
2014;38
2015;29
2016;0
2017;3
2018;3
2019;28
2020;46
2021;1
2022;2
2023;81
2024;63
2025;60
2026;66
2027;30
2028;29
2029;1
2030;0
2031;64
2032;48
2033;12
2034;13
2035;30
2036;13
2037;36
2038;28
2039;4
2040;1
2041;2
2042;28
2043;48
2044;18
2045;89
2046;40
2047;50
2048;11
2049;12
2050;29
2051;41
2052;3
2053;17
2054;6
2055;26
2056;68
2057;93
2058;83
2059;30
2060;33
2061;3
2062;13
2063;18
2064;73
2065;54
2066;42
2067;33
2068;9
2069;21
2070;53
2071;59
2072;88
2073;48
2074;38
2075;30
2076;13
2077;14
2078;50
2079;37
2080;8
2081;7
2082;17
2083;59
2084;23
2085;51
2086;42
2087;45
2088;16
2089;15
2090;44
2091;14
2092;71
2093;45
2094;43
2095;6
2096;45
2097;35
2098;13
2099;9
2100;72
2101;31
2102;21
2103;4
2104;1
2105;37
2106;70
2107;79
2108;60
2109;54
2110;67
2111;50
2112;47
2113;47
2114;37
2115;30
2116;6
2117;2
2118;36
2119;39
2120;12
2121;9
2122;57
2123;63
2124;62
2125;50
2126;41
2127;34
2128;6
2129;17
2130;47
2131;64
2132;9
2133;14
2134;77
2135;65
2136;61
2137;36
2138;31
2139;5
2140;0
2141;3
2142;56
2143;55
2144;34
2145;61
2146;31
2147;17
2148;18
2149;56
2150;51
2151;8
2152;46
2153;54
2154;21
2155;42
2156;1
2157;2
2158;57
2159;62
2160;22
2161;33
2162;67
2163;32
2164;45
2165;36
2166;11
2167;4
2168;86
2169;58
2170;58
2171;77
2172;30
2173;43
2174;2
2175;4
2176;22
2177;76
2178;37
2179;22
2180;4
2181;7
2182;91
2183;65
2184;69
2185;46
2186;32
2187;40
2188;0
2189;4
2190;5
2191;78
2192;66
2193;68
2194;22
2195;41
2196;32
2197;0
2198;5
2199;62
2200;50
2201;62
2202;49
2203;12
2204;66
2205;35
2206;55
2207;6
2208;8
2209;60
2210;45
2211;18
2212;11
2213;14
2214;38
2215;4
2216;58
2217;82
2218;52
2219;39
2220;59
2221;56
2222;28
2223;31
2224;13
2225;29
2226;53
2227;33
2228;6
2229;31
2230;58
2231;55
2232;64
2233;77
2234;62
2235;49
2236;31
2237;39
2238;1
2239;26
2240;34
2241;18
2242;13
2243;54
2244;54
2245;36
2246;38
2247;2
2248;2
2249;61
2250;63
2251;29
2252;56
2253;82
2254;42
2255;61
2256;16
2257;36
2258;59
2259;74
2260;49
2261;35
2262;31
2263;3
2264;6
2265;82
2266;71
2267;66
2268;67
2269;84
2270;58
2271;42
2272;7
2273;15
2274;33
2275;14
2276;8
2277;39
2278;81
2279;35
2280;45
2281;6
2282;44
2283;31
2284;42
2285;3
2286;52
2287;52
2288;55
2289;71
2290;25
2291;48
2292;1
2293;5
2294;47
2295;50
2296;33
2297;37
2298;12
2299;11
2300;12
2301;63
2302;49
2303;9
2304;78
2305;20
2306;45
2307;44
2308;5
2309;1
2310;0
2311;3
2312;54
2313;26
2314;55
2315;46
2316;13
2317;42
2318;67
2319;51
2320;55
2321;6
2322;46
2323;41
2324;11
2325;16
2326;3
2327;59
2328;46
2329;49
2330;23
2331;31
2332;39
2333;5
2334;57
2335;36
2336;78
2337;78
2338;41
2339;33
2340;39
2341;44
2342;3
2343;36
2344;53
2345;12
2346;9
2347;45
2348;15
2349;69
2350;27
2351;37
2352;5
2353;11
2354;6
2355;54
2356;58
2357;33
2358;37
2359;39
2360;51
2361;67
2362;69
2363;30
2364;51
2365;33
2366;6
2367;14
2368;27
2369;44
2370;2
2371;87
2372;37
2373;48
2374;43
2375;65
2376;57
2377;55
2378;79
2379;68
2380;66
2381;34
2382;37
2383;10
2384;13
2385;80
2386;47
2387;32
2388;33
2389;2
2390;3
2391;41
2392;28
2393;26
2394;64
2395;56
2396;62
2397;43
2398;20
2399;80
2400;89
2401;35
2402;74
2403;82
2404;53
2405;60
2406;43
2407;42
2408;38
2409;15
2410;52
2411;21
2412;64
2413;74
2414;48
2415;68
2416;34
2417;43
2418;19
2419;13
2420;7
2421;3
2422;39
2423;59
2424;21
2425;66
2426;21
2427;29
2428;34
2429;66
2430;31
2431;54
2432;18
2433;8
2434;50
2435;14
2436;13
2437;35
2438;61
2439;39
2440;37
2441;10
2442;6
2443;10
2444;27
2445;67
2446;22
2447;55
2448;68
2449;51
2450;20
2451;37
2452;31
2453;3
2454;9
2455;68
2456;59
2457;35
2458;36
2459;25
2460;4
2461;87
2462;56
2463;31
2464;31
2465;41
2466;9
2467;33
2468;70
2469;68
2470;62
2471;30
2472;35
2473;55
2474;12
2475;13
2476;16
2477;21
2478;22
2479;54
2480;49
2481;35
2482;11
2483;18
2484;35
2485;26
2486;39
2487;5
2488;74
2489;59
2490;22
2491;53
2492;19
2493;47
2494;66
2495;60
2496;10
2497;52
2498;27
2499;9
2500;73
2501;47
2502;29
2503;45
2504;4
2505;1
2506;27
2507;26
2508;83
2509;73
2510;38
2511;27
2512;14
2513;51
2514;48
2515;48
2516;36
2517;6
2518;35
2519;23
2520;79
2521;61
2522;73
2523;49
2524;15
2525;54
2526;77
2527;19
2528;41
2529;13
2530;0
2531;5
2532;30
2533;44
2534;12
2535;58
2536;59
2537;38
2538;53
2539;15
2540;50
2541;79
2542;34
2543;33
2544;9
2545;51
2546;76
2547;35
2548;71
2549;52
2550;39
2551;35
2552;8
2553;9
2554;11
2555;36
2556;55
2557;79
2558;88
2559;56
2560;21
2561;32
2562;23
2563;22
2564;45
2565;68
2566;51
2567;55
2568;28
2569;25
2570;23
2571;44
2572;35
2573;67
2574;25
2575;70
2576;39
2577;26
2578;22
2579;2
2580;4
2581;25
2582;47
2583;18
2584;8
2585;37
2586;27
2587;6
2588;60
2589;53
2590;40
2591;45
2592;79
2593;20
2594;32
2595;74
2596;51
2597;49
2598;11
2599;17
2600;80
2601;60
2602;64
2603;36
2604;73
2605;47
2606;92
2607;37
2608;36
2609;0
2610;3
2611;16
2612;5
2613;60
2614;60
2615;52
2616;8
2617;59
2618;37
2619;12
2620;7
2621;31
2622;40
2623;10
2624;59
2625;56
2626;36
2627;11
2628;8
2629;49
2630;61
2631;28
2632;27
2633;9
2634;9
2635;9
2636;32
2637;33
2638;18
2639;6
2640;72
2641;88
2642;19
2643;20
2644;43
2645;45
2646;5
2647;44
2648;31
2649;17
2650;14
2651;75
2652;84
2653;63
2654;67
2655;25
2656;46
2657;71
2658;52
2659;44
2660;45
2661;18
2662;18
2663;44
2664;37
2665;6
2666;7
2667;4
2668;35
2669;26
2670;12
2671;4
2672;4
2673;67
2674;52
2675;33
2676;34
2677;5
2678;5
2679;37
2680;53
2681;57
2682;58
2683;13
2684;9
2685;12
2686;65
2687;50
2688;56
2689;16
2690;13
2691;49
2692;45
2693;49
2694;4
2695;14
2696;4
2697;25
2698;59
2699;17
2700;12
2701;31
2702;59
2703;60
2704;29
2705;10
2706;8
2707;7
2708;28
2709;37
2710;58
2711;23
2712;85
2713;24
2714;43
2715;56
2716;7
2717;13
2718;43
2719;34
2720;35
2721;18
2722;15
2723;71
2724;69
2725;40
2726;42
2727;70
2728;61
2729;37
2730;37
2731;28
2732;54
2733;10
2734;56
2735;66
2736;36
2737;73
2738;30
2739;74
2740;53
2741;63
2742;32
2743;31
2744;6
2745;16
2746;57
2747;30
2748;43
2749;14
2750;29
2751;46
2752;2
2753;32
2754;49
2755;8
2756;55
2757;43
2758;26
2759;11
2760;52
2761;67
2762;70
2763;56
2764;78
2765;65
2766;50
2767;49
2768;51
2769;64
2770;67
2771;61
2772;7
2773;56
2774;20
2775;51
2776;31
2777;60
2778;28
2779;42
2780;13
2781;13
2782;43
2783;45
2784;10
2785;15
2786;35
2787;47
2788;11
2789;20
2790;38
2791;4
2792;9
2793;51
2794;48
2795;16
2796;7
2797;9
2798;44
2799;71
2800;79
2801;71
2802;68
2803;34
2804;7
2805;42
2806;35
2807;5
2808;2
2809;35
2810;29
2811;10
2812;5
2813;10
2814;62
2815;58
2816;91
2817;61
2818;59
2819;11
2820;17
2821;51
2822;60
2823;50
2824;9
2825;43
2826;85
2827;34
2828;34
2829;60
2830;68
2831;68
2832;22
2833;63
2834;74
2835;79
2836;42
2837;27
2838;63
2839;42
2840;56
2841;22
2842;22
2843;40
2844;33
2845;5
2846;51
2847;39
2848;11
2849;42
2850;34
2851;34
2852;43
2853;4
2854;0
2855;41
2856;48
2857;12
2858;12
2859;36
2860;43
2861;64
2862;63
2863;17
2864;13
2865;37
2866;59
2867;13
2868;9
2869;53
2870;51
2871;79
2872;70
2873;37
2874;59
2875;56
2876;47
2877;67
2878;56
2879;42
2880;8
2881;26
2882;68
2883;47
2884;65
2885;36
2886;34
2887;1
2888;3
2889;33
2890;38
2891;39
2892;24
2893;5
2894;5
2895;23
2896;33
2897;8
2898;2
2899;1
2900;59
2901;41
2902;50
2903;24
2904;37
2905;28
2906;9
2907;5
2908;0
2909;82
2910;20
2911;34
2912;35
2913;16
2914;11
2915;52
2916;64
2917;40
2918;76
2919;32
2920;40
2921;31
2922;9
2923;17
2924;17
2925;36
2926;27
2927;10
2928;48
2929;40
2930;15
2931;18
2932;75
2933;53
2934;57
2935;47
2936;29
2937;76
2938;92
2939;49
2940;62
2941;51
2942;37
2943;78
2944;48
2945;54
2946;62
2947;91
2948;57
2949;58
2950;63
2951;49
2952;47
2953;22
2954;39
2955;54
2956;16
2957;16
2958;71
2959;72
2960;25
2961;39
2962;64
2963;47
2964;27
2965;29
2966;5
2967;1
2968;5
2969;5
2970;64
2971;42
2972;59
2973;49
2974;37
2975;1
2976;10
2977;24
2978;38
2979;1
2980;32
2981;38
2982;3
2983;9
2984;19
2985;30
2986;26
2987;19
2988;33
2989;62
2990;41
2991;4
2992;79
2993;64
2994;21
2995;40
2996;29
2997;6
2998;8
2999;9
3000;59
3001;14
3002;71
3003;65
3004;64
3005;49
3006;11
3007;16
3008;47
3009;47
3010;13
3011;34
3012;17
3013;65
3014;57
3015;37
3016;38
3017;13
3018;8
3019;43
3020;50
3021;53
3022;51
3023;6
3024;16
3025;23
3026;49
3027;0
3028;11
3029;2
3030;57
3031;37
3032;17
3033;7
3034;35
3035;47
3036;37
3037;35
3038;9
3039;56
3040;45
3041;4
3042;34
3043;44
3044;13
3045;8
3046;44
3047;61
3048;7
3049;6
3050;71
3051;56
3052;38
3053;34
3054;2
3055;3
3056;2
3057;33
3058;34
3059;15
3060;8
3061;71
3062;29
3063;54
3064;54
3065;46
3066;22
3067;24
3068;26
3069;22
3070;69
3071;36
3072;39
3073;15
3074;17
3075;11
3076;31
3077;43
3078;36
3079;39
3080;0
3081;68
3082;49
3083;35
3084;55
3085;23
3086;44
3087;64
3088;20
3089;22
3090;63
3091;61
3092;36
3093;13
3094;12
3095;26
3096;68
3097;36
3098;37
3099;9
3100;82
3101;73
3102;22
3103;89
3104;38
3105;55
3106;58
3107;38
3108;40
3109;6
3110;18
3111;41
3112;37
3113;6
3114;6
3115;45
3116;50
3117;14
3118;21
3119;19
3120;49
3121;91
3122;62
3123;28
3124;36
3125;11
3126;0
3127;50
3128;39
3129;6
3130;9
3131;79
3132;35
3133;62
3134;34
3135;21
3136;25
3137;65
3138;75
3139;29
3140;33
3141;36
3142;9
3143;4
3144;25
3145;21
3146;51
3147;13
3148;10
3149;58
3150;80
3151;56
3152;51
3153;50
3154;15
3155;28
3156;92
3157;73
3158;67
3159;44
3160;49
3161;18
3162;6
3163;16
3164;31
3165;45
3166;51
3167;87
3168;47
3169;4
3170;8
3171;58
3172;39
3173;13
3174;28
3175;32
3176;4
3177;1
3178;4
3179;65
3180;59
3181;36
3182;52
3183;38
3184;33
3185;17
3186;8
3187;84
3188;67
3189;30
3190;27
3191;0
3192;48
3193;9
3194;91
3195;51
3196;31
3197;50
3198;11
3199;17
3200;38
3201;29
3202;0
3203;5
3204;32
3205;50
3206;63
3207;63
3208;39
3209;57
3210;27
3211;50
3212;65
3213;87
3214;36
3215;23
3216;44
3217;51
3218;65
3219;64
3220;26
3221;34
3222;71
3223;89
3224;57
3225;62
3226;23
3227;44
3228;80
3229;54
3230;6
3231;18
3232;25
3233;58
3234;25
3235;48
3236;61
3237;39
3238;29
3239;38
3240;34
3241;17
3242;64
3243;40
3244;9
3245;8
3246;10
3247;31
3248;41
3249;1
3250;0
3251;35
3252;25
3253;1
3254;9
3255;20
3256;88
3257;36
3258;6
3259;58
3260;46
3261;33
3262;58
3263;49
3264;42
3265;6
3266;8
3267;38
3268;30
3269;5
3270;5
3271;14
3272;7
3273;68
3274;65
3275;32
3276;33
3277;24
3278;39
3279;11
3280;2
3281;1
3282;80
3283;19
3284;37
3285;59
3286;70
3287;76
3288;70
3289;48
3290;59
3291;21
3292;76
3293;74
3294;65
3295;93
3296;65
3297;45
3298;46
3299;30
3300;0
3301;48
3302;34
3303;15
3304;11
3305;71
3306;81
3307;30
3308;24
3309;14
3310;5
3311;11
3312;39
3313;32
3314;16
3315;0
3316;77
3317;54
3318;54
3319;29
3320;51
3321;21
3322;53
3323;70
3324;28
3325;62
3326;54
3327;51
3328;48
3329;52
3330;68
3331;68
3332;22
3333;20
3334;57
3335;24
3336;37
3337;16
3338;4
3339;66
3340;60
3341;34
3342;16
3343;10
3344;7
3345;33
3346;76
3347;25
3348;61
3349;23
3350;62
3351;19
3352;54
3353;75
3354;30
3355;45
3356;4
3357;4
3358;43
3359;28
3360;3
3361;5
3362;67
3363;62
3364;66
3365;51
3366;78
3367;60
3368;60
3369;30
3370;35
3371;39
3372;18
3373;32
3374;46
3375;11
3376;12
3377;15
3378;36
3379;22
3380;14
3381;12
3382;38
3383;55
3384;29
3385;37
3386;69
3387;84
3388;32
3389;44
3390;1
3391;4
3392;36
3393;30
3394;9
3395;15
3396;77
3397;67
3398;45
3399;45
3400;18
3401;10
3402;17
3403;39
3404;19
3405;14
3406;3
3407;31
3408;52
3409;6
3410;10
3411;31
3412;46
3413;32
3414;6
3415;14
3416;42
3417;23
3418;4
3419;5
3420;1
3421;57
3422;61
3423;36
3424;13
3425;76
3426;20
3427;42
3428;68
3429;24
3430;26
3431;65
3432;22
3433;27
3434;32
3435;0
3436;27
3437;35
3438;3
3439;14
3440;29
3441;44
3442;44
3443;84
3444;86
3445;51
3446;49
3447;21
3448;72
3449;22
3450;66
3451;46
3452;47
3453;36
3454;31
3455;33
3456;15
3457;16
3458;21
3459;29
3460;82
3461;42
3462;24
3463;21
3464;38
3465;34
3466;44
3467;30
3468;16
3469;1
3470;46
3471;33
3472;50
3473;26
3474;14
3475;17
3476;28
3477;43
3478;12
3479;7
3480;7
3481;56
3482;84
3483;65
3484;69
3485;61
3486;59
3487;63
3488;56
3489;76
3490;74
3491;38
3492;17
3493;6
3494;64
3495;46
3496;14
3497;41
3498;58
3499;73
3500;22
3501;55
3502;27
3503;38
3504;7
3505;13
3506;8
3507;9
3508;52
3509;19
3510;71
3511;46
3512;19
3513;36
3514;62
3515;69
3516;40
3517;30
3518;10
3519;12
3520;61
3521;64
3522;49
3523;42
3524;10
3525;66
3526;41
3527;40
3528;3
3529;3
3530;62
3531;47
3532;28
3533;31
3534;3
3535;3
3536;58
3537;78
3538;76
3539;72
3540;19
3541;44
3542;54
3543;7
3544;44
3545;9
3546;39
3547;21
3548;56
3549;63
3550;61
3551;63
3552;52
3553;20
3554;46
3555;26
3556;38
3557;50
3558;32
3559;32
3560;14
3561;11
3562;7
3563;8
3564;42
3565;19
3566;29
3567;80
3568;41
3569;31
3570;29
3571;3
3572;9
3573;58
3574;42
3575;39
3576;9
3577;17
3578;52
3579;51
3580;11
3581;11
3582;62
3583;9
3584;31
3585;40
3586;10
3587;12
3588;14
3589;64
3590;42
3591;8
3592;61
3593;91
3594;36
3595;37
3596;29
3597;1
3598;34
3599;62
3600;10
3601;24
3602;28
3603;7
3604;2
3605;2
3606;51
3607;42
3608;22
3609;69
3610;53
3611;45
3612;7
3613;29
3614;89
3615;33
3616;20
3617;26
3618;23
3619;61
3620;29
3621;31
3622;22
3623;59
3624;53
3625;84
3626;79
3627;82
3628;19
3629;49
3630;52
3631;77
3632;41
3633;45
3634;17
3635;1
3636;14
3637;45
3638;36
3639;12
3640;16
3641;39
3642;40
3643;17
3644;12
3645;20
3646;48
3647;4
3648;3
3649;5
3650;48
3651;57
3652;26
3653;8
3654;17
3655;66
3656;87
3657;60
3658;63
3659;37
3660;49
3661;80
3662;26
3663;40
3664;12
3665;27
3666;54
3667;64
3668;49
3669;35
3670;37
3671;13
3672;8
3673;34
3674;69
3675;54
3676;62
3677;47
3678;45
3679;13
3680;8
3681;19
3682;60
3683;67
3684;42
3685;64
3686;12
3687;14
3688;82
3689;35
3690;67
3691;40
3692;45
3693;1
3694;2
3695;5
3696;21
3697;67
3698;34
3699;40
3700;7
3701;32
3702;48
3703;67
3704;34
3705;28
3706;64
3707;62
3708;20
3709;40
3710;4
3711;0
3712;37
3713;60
3714;34
3715;42
3716;22
3717;9
3718;17
3719;72
3720;32
3721;36
3722;17
3723;73
3724;86
3725;51
3726;49
3727;43
3728;54
3729;18
3730;6
3731;8
3732;10
3733;39
3734;44
3735;8
3736;12
3737;32
3738;77
3739;39
3740;86
3741;45
3742;79
3743;79
3744;25
3745;74
3746;73
3747;81
3748;31
3749;58
3750;45
3751;13
3752;15
3753;18
3754;14
3755;60
3756;51
3757;58
3758;49
3759;18
3760;12
3761;8
3762;20
3763;30
3764;20
3765;3
3766;0
3767;87
3768;73
3769;19
3770;72
3771;37
3772;36
3773;0
3774;2
3775;71
3776;84
3777;19
3778;36
3779;2
3780;14
3781;46
3782;53
3783;75
3784;43
3785;38
3786;1
3787;1
3788;17
3789;28
3790;22
3791;75
3792;63
3793;57
3794;79
3795;36
3796;28
3797;72
3798;54
3799;34
3800;22
3801;43
3802;20
3803;56
3804;42
3805;60
3806;42
3807;42
3808;0
3809;10
3810;60
3811;70
3812;52
3813;53
3814;13
3815;6
3816;7
3817;73
3818;24
3819;62
3820;87
3821;55
3822;35
3823;56
3824;62
3825;30
3826;48
3827;21
3828;15
3829;5
3830;9
3831;58
3832;26
3833;12
3834;8
3835;22
3836;73
3837;55
3838;71
3839;49
3840;22
3841;64
3842;47
3843;51
3844;33
3845;60
3846;9
3847;45
3848;50
3849;61
3850;7
3851;16
3852;69
3853;39
3854;23
3855;3
3856;16
3857;30
3858;63
3859;6
3860;17
3861;30
3862;32
3863;17
3864;11
3865;38
3866;59
3867;42
3868;58
3869;44
3870;19
3871;52
3872;34
3873;40
3874;2
3875;2
3876;43
3877;32
3878;15
3879;18
3880;63
3881;48
3882;16
3883;7
3884;33
3885;26
3886;4
3887;4
3888;79
3889;81
3890;19
3891;48
3892;32
3893;40
3894;80
3895;36
3896;63
3897;24
3898;79
3899;19
3900;39
3901;59
3902;12
3903;13
3904;64
3905;48
3906;11
3907;12
3908;26
3909;25
3910;49
3911;39
3912;7
3913;56
3914;37
3915;41
3916;1
3917;50
3918;61
3919;62
3920;12
3921;58
3922;56
3923;9
3924;16
3925;33
3926;35
3927;17
3928;10
3929;9
3930;31
3931;9
3932;11
3933;20
3934;39
3935;0
3936;8
3937;35
3938;35
3939;39
3940;3
3941;39
3942;34
3943;1
3944;12
3945;2
3946;77
3947;21
3948;27
3949;49
3950;7
3951;17
3952;20
3953;45
3954;3
3955;1
3956;2
3957;42
3958;81
3959;37
3960;51
3961;55
3962;33
3963;22
3964;89
3965;51
3966;77
3967;53
3968;37
3969;62
3970;37
3971;79
3972;29
3973;64
3974;31
3975;25
3976;80
3977;39
3978;71
3979;39
3980;52
3981;44
3982;7
3983;11
3984;15
3985;16
3986;26
3987;32
3988;16
3989;9
3990;35
3991;37
3992;62
3993;25
3994;52
3995;66
3996;31
3997;73
3998;35
3999;26
4000;42
4001;41
4002;32
4003;15
4004;13
4005;64
4006;60
4007;17
4008;12
4009;31
4010;40
4011;14
4012;13
4013;63
4014;53
4015;6
4016;17
4017;40
4018;38
4019;3
4020;61
4021;61
4022;32
4023;36
4024;2
4025;4
4026;59
4027;50
4028;14
4029;61
4030;19
4031;25
4032;29
4033;91
4034;91
4035;19
4036;60
4037;33
4038;75
4039;70
4040;40
4041;76
4042;64
4043;34
4044;22
4045;65
4046;52
4047;80
4048;51
4049;30
4050;33
4051;16
4052;12
4053;66
4054;58
4055;51
4056;19
4057;29
4058;4
4059;1
4060;31
4061;60
4062;26
4063;22
4064;74
4065;47
4066;77
4067;88
4068;34
4069;33
4070;12
4071;45
4072;28
4073;1
4074;3
4075;71
4076;51
4077;37
4078;34
4079;19
4080;30
4081;0
4082;4
4083;29
4084;59
4085;16
4086;14
4087;9
4088;29
4089;28
4090;2
4091;3
4092;56
4093;45
4094;51
4095;13
4096;44
4097;41
4098;6
4099;9
4100;72
4101;52
4102;51
4103;16
4104;54
4105;65
4106;73
4107;49
4108;39
4109;80
4110;35
4111;48
4112;17
4113;22
4114;24
4115;22
4116;54
4117;52
4118;71
4119;25
4120;28
4121;28
4122;1
4123;14
4124;69
4125;56
4126;71
4127;55
4128;37
4129;35
4130;18
4131;27
4132;34
4133;5
4134;12
4135;68
4136;27
4137;38
4138;1
4139;12
4140;60
4141;61
4142;35
4143;6
4144;25
4145;27
4146;6
4147;3
4148;58
4149;19
4150;63
4151;27
4152;28
4153;7
4154;14
4155;63
4156;18
4157;18
4158;41
4159;59
4160;18
4161;63
4162;62
4163;53
4164;54
4165;27
4166;39
4167;8
4168;9
4169;45
4170;91
4171;73
4172;42
4173;52
4174;11
4175;17
4176;23
4177;39
4178;0
4179;1
4180;3
4181;36
4182;34
4183;42
4184;13
4185;4
4186;4
4187;46
4188;30
4189;14
4190;15
4191;13
4192;84
4193;46
4194;54
4195;32
4196;55
4197;60
4198;59
4199;18
4200;19
4201;64
4202;64
4203;48
4204;81
4205;21
4206;46
4207;52
4208;14
4209;72
4210;78
4211;47
4212;21
4213;35
4214;54
4215;8
4216;50
4217;33
4218;47
4219;4
4220;15
4221;37
4222;80
4223;36
4224;64
4225;72
4226;84
4227;53
4228;64
4229;15
4230;18
4231;7
4232;63
4233;35
4234;9
4235;78
4236;30
4237;41
4238;6
4239;16
4240;3
4241;69
4242;37
4243;61
4244;29
4245;22
4246;3
4247;8
4248;4
4249;34
4250;33
4251;2
4252;0
4253;44
4254;29
4255;2
4256;13
4257;58
4258;32
4259;75
4260;65
4261;19
4262;42
4263;4
4264;1
4265;60
4266;28
4267;55
4268;73
4269;19
4270;39
4271;7
4272;23
4273;23
4274;32
4275;28
4276;2
4277;9
4278;92
4279;27
4280;38
4281;6
4282;39
4283;37
4284;0
4285;15
4286;14
4287;1
4288;69
4289;57
4290;54
4291;64
4292;20
4293;32
4294;41
4295;46
4296;9
4297;7
4298;74
4299;53
4300;57
4301;18
4302;9
4303;44
4304;75
4305;39
4306;27
4307;48
4308;40
4309;52
4310;35
4311;24
4312;5
4313;4
4314;26
4315;11
4316;13
4317;44
4318;54
4319;31
4320;29
4321;2
4322;86
4323;46
4324;30
4325;13
4326;5
4327;5
4328;2
4329;73
4330;37
4331;72
4332;33
4333;53
4334;53
4335;29
4336;29
4337;6
4338;10
4339;28
4340;59
4341;56
4342;59
4343;6
4344;7
4345;29
4346;20
4347;2
4348;17
4349;1
4350;21
4351;43
4352;5
4353;7
4354;50
4355;40
4356;8
4357;12
4358;15
4359;75
4360;30
4361;31
4362;52
4363;16
4364;53
4365;31
4366;49
4367;2
4368;3
4369;41
4370;85
4371;59
4372;55
4373;90
4374;55
4375;42
4376;51
4377;60
4378;82
4379;31
4380;46
4381;7
4382;15
4383;13
4384;31
4385;49
4386;4
4387;90
4388;25
4389;41
4390;47
4391;7
4392;25
4393;26
4394;65
4395;41
4396;69
4397;94
4398;38
4399;47
4400;8
4401;6
4402;51
4403;33
4404;37
4405;68
4406;58
4407;57
4408;59
4409;58
4410;68
4411;51
4412;53
4413;36
4414;22
4415;5
4416;31
4417;62
4418;48
4419;51
4420;31
4421;75
4422;36
4423;38
4424;16
4425;89
4426;74
4427;31
4428;41
4429;38
4430;0
4431;10
4432;64
4433;20
4434;46
4435;19
4436;43
4437;20
4438;48
4439;45
4440;53
4441;83
4442;22
4443;36
4444;36
4445;1
4446;36
4447;60
4448;6
4449;9
4450;48
4451;46
4452;1
4453;7
4454;47
4455;30
4456;30
4457;1
4458;31
4459;63
4460;7
4461;12
4462;67
4463;73
4464;31
4465;27
4466;4
4467;3
4468;75
4469;21
4470;23
4471;40
4472;5
4473;4
4474;1
4475;1
4476;15
4477;37
4478;14
4479;64
4480;49
4481;45
4482;30
4483;5
4484;8
4485;5
4486;40
4487;30
4488;15
4489;9
4490;51
4491;23
4492;57
4493;60
4494;57
4495;21
4496;42
4497;35
4498;4
4499;2
4500;30
4501;34
4502;33
4503;20
4504;23
4505;37
4506;36
4507;11
4508;11
4509;14
4510;50
4511;60
4512;42
4513;5
4514;52
4515;56
4516;48
4517;50
4518;39
4519;11
4520;14
4521;65
4522;49
4523;42
4524;0
4525;17
4526;53
4527;31
4528;8
4529;18
4530;43
4531;55
4532;48
4533;16
4534;17
4535;29
4536;56
4537;60
4538;36
4539;27
4540;39
4541;3
4542;3
4543;27
4544;86
4545;23
4546;71
4547;58
4548;37
4549;55
4550;49
4551;14
4552;14
4553;12
4554;46
4555;18
4556;49
4557;44
4558;4
4559;1
4560;44
4561;22
4562;16
4563;5
4564;42
4565;48
4566;7
4567;12
4568;10
4569;31
4570;40
4571;56
4572;16
4573;9
4574;63
4575;45
4576;16
4577;12
4578;68
4579;26
4580;36
4581;44
4582;7
4583;4
4584;53
4585;64
4586;55
4587;41
4588;35
4589;4
4590;21
4591;48
4592;5
4593;67
4594;44
4595;25
4596;82
4597;29
4598;33
4599;41
4600;9
4601;12
4602;73
4603;54
4604;73
4605;25
4606;76
4607;31
4608;51
4609;59
4610;52
4611;55
4612;65
4613;59
4614;80
4615;80
4616;25
4617;39
4618;3
4619;17
4620;75
4621;20
4622;78
4623;47
4624;32
4625;4
4626;5
4627;74
4628;25
4629;44
4630;58
4631;34
4632;65
4633;60
4634;29
4635;29
4636;15
4637;0
4638;61
4639;61
4640;15
4641;15
4642;32
4643;41
4644;3
4645;2
4646;64
4647;61
4648;6
4649;12
4650;21
4651;27
4652;26
4653;48
4654;22
4655;77
4656;64
4657;57
4658;29
4659;52
4660;61
4661;30
4662;43
4663;8
4664;7
4665;15
4666;58
4667;62
4668;36
4669;26
4670;14
4671;17
4672;21
4673;23
4674;55
4675;48
4676;14
4677;18
4678;26
4679;36
4680;4
4681;0
4682;41
4683;15
4684;11
4685;37
4686;34
4687;3
4688;3
4689;36
4690;30
4691;1
4692;4
4693;69
4694;40
4695;23
4696;1
4697;16
4698;59
4699;48
4700;59
4701;63
4702;72
4703;86
4704;62
4705;48
4706;50
4707;31
4708;39
4709;13
4710;2
4711;8
4712;37
4713;44
4714;18
4715;7
4716;37
4717;45
4718;9
4719;1
4720;1
4721;3
4722;47
4723;39
4724;27
4725;85
4726;31
4727;52
4728;37
4729;9
4730;33
4731;49
4732;18
4733;6
4734;35
4735;34
4736;1
4737;1
4738;15
4739;34
4740;37
4741;71
4742;53
4743;42
4744;36
4745;38
4746;16
4747;8
4748;46
4749;33
4750;22
4751;37
4752;5
4753;5
4754;40
4755;2
4756;23
4757;32
4758;23
4759;19
4760;34
4761;65
4762;71
4763;61
4764;68
4765;47
4766;45
4767;42
4768;17
4769;13
4770;16
4771;52
4772;34
4773;37
4774;8
4775;52
4776;77
4777;55
4778;42
4779;7
4780;6
4781;37
4782;31
4783;13
4784;6
4785;47
4786;58
4787;7
4788;6
4789;61
4790;34
4791;6
4792;13
4793;11
4794;31
4795;82
4796;43
4797;30
4798;40
4799;15
4800;46
4801;74
4802;47
4803;41
4804;4
4805;62
4806;51
4807;14
4808;53
4809;53
4810;8
4811;33
4812;41
4813;5
4814;1
4815;30
4816;37
4817;41
4818;3
4819;4
4820;31
4821;53
4822;58
4823;45
4824;8
4825;13
4826;72
4827;49
4828;61
4829;29
4830;55
4831;55
4832;56
4833;93
4834;42
4835;32
4836;70
4837;71
4838;40
4839;49
4840;22
4841;51
4842;63
4843;70
4844;28
4845;52
4846;56
4847;41
4848;30
4849;13
4850;60
4851;62
4852;35
4853;46
4854;8
4855;12
4856;45
4857;61
4858;51
4859;34
4860;65
4861;36
4862;62
4863;11
4864;65
4865;59
4866;48
4867;66
4868;59
4869;57
4870;72
4871;32
4872;22
4873;12
4874;5
4875;52
4876;62
4877;34
4878;48
4879;38
4880;10
4881;63
4882;56
4883;12
4884;8
4885;18
4886;27
4887;37
4888;10
4889;51
4890;35
4891;11
4892;42
4893;30
4894;64
4895;13
4896;7
4897;25
4898;68
4899;52
4900;11
4901;7
4902;32
4903;30
4904;5
4905;17
4906;41
4907;11
4908;50
4909;64
4910;7
4911;12
4912;11
4913;18
4914;40
4915;27
4916;3
4917;11
4918;65
4919;77
4920;55
4921;90
4922;92
4923;22
4924;42
4925;30
4926;47
4927;9
4928;11
4929;70
4930;69
4931;48
4932;19
4933;19
4934;63
4935;35
4936;10
4937;15
4938;73
4939;65
4940;40
4941;80
4942;57
4943;33
4944;26
4945;3
4946;2
4947;75
4948;30
4949;42
4950;11
4951;29
4952;53
4953;14
4954;16
4955;86
4956;69
4957;43
4958;39
4959;41
4960;44
4961;31
4962;7
4963;10
4964;11
4965;20
4966;21
4967;56
4968;49
4969;59
4970;49
4971;22
4972;40
4973;10
4974;0
4975;62
4976;62
4977;24
4978;48
4979;74
4980;36
4981;36
4982;28
4983;9
4984;16
4985;20
4986;65
4987;20
4988;39
4989;10
4990;67
4991;45
4992;26
4993;56
4994;20
4995;65
4996;30
4997;68
4998;65
4999;33
5000;60
5001;17
5002;50
5003;60
5004;42
5005;15
5006;9
5007;56
5008;61
5009;87
5010;43
5011;17
5012;54
5013;39
5014;60
5015;23
5016;47
5017;11
5018;2
5019;0
5020;35
5021;10
5022;41
5023;11
5024;70
5025;77
5026;48
5027;80
5028;73
5029;78
5030;45
5031;60
5032;11
5033;8
5034;34
5035;28
5036;11
5037;14
5038;78
5039;21
5040;61
5041;22
5042;25
5043;72
5044;81
5045;65
5046;73
5047;49
5048;57
5049;35
5050;12
5051;42
5052;68
5053;46
5054;54
5055;58
5056;19
5057;49
5058;42
5059;13
5060;13
5061;60
5062;77
5063;47
5064;86
5065;64
5066;25
5067;28
5068;48
5069;35
5070;2
5071;10
5072;48
5073;58
5074;62
5075;14
5076;15
5077;64
5078;35
5079;15
5080;13
5081;27
5082;38
5083;0
5084;4
5085;37
5086;43
5087;31
5088;4
5089;4
5090;15
5091;57
5092;71
5093;20
5094;55
5095;42
5096;38
5097;36
5098;12
5099;4
5100;41
5101;47
5102;34
5103;4
5104;1
5105;38
5106;60
5107;58
5108;12
5109;16
5110;9
5111;42
5112;47
5113;39
5114;10
5115;7
5116;21
5117;40
5118;2
5119;7
5120;12
5121;27
5122;41
5123;12
5124;18
5125;52
5126;49
5127;14
5128;16
5129;40
5130;62
5131;59
5132;42
5133;20
5134;41
5135;5
5136;1
5137;19
5138;67
5139;78
5140;57
5141;26
5142;24
5143;0
5144;15
5145;70
5146;42
5147;42
5148;8
5149;34
5150;23
5151;40
5152;27
5153;48
5154;14
5155;13
5156;57
5157;85
5158;63
5159;62
5160;61
5161;57
5162;35
5163;37
5164;37
5165;3
5166;38
5167;56
5168;13
5169;13
5170;73
5171;31
5172;60
5173;12
5174;9
5175;74
5176;32
5177;45
5178;3
5179;30
5180;32
5181;17
5182;15
5183;21
5184;32
5185;70
5186;50
5187;35
5188;41
5189;21
5190;63
5191;29
5192;31
5193;10
5194;9
5195;52
5196;59
5197;39
5198;37
5199;17
5200;1
5201;25
5202;53
5203;99
5204;62
5205;42
5206;44
5207;11
5208;17
5209;44
5210;14
5211;61
5212;51
5213;42
5214;11
5215;11
5216;67
5217;86
5218;27
5219;45
5220;31
5221;18
5222;12
5223;65
5224;71
5225;29
5226;34
5227;37
5228;14
5229;17
5230;13
5231;83
5232;36
5233;27
5234;18
5235;87
5236;59
5237;49
5238;41
5239;6
5240;30
5241;50
5242;10
5243;8
5244;16
5245;15
5246;29
5247;51
5248;18
5249;30
5250;32
5251;3
5252;12
5253;52
5254;54
5255;52
5256;20
5257;87
5258;78
5259;43
5260;38
5261;3
5262;0
5263;39
5264;36
5265;14
5266;10
5267;35
5268;31
5269;3
5270;17
5271;43
5272;48
5273;18
5274;7
5275;76
5276;88
5277;43
5278;32
5279;15
5280;17
5281;9
5282;57
5283;46
5284;46
5285;17
5286;37
5287;46
5288;13
5289;67
5290;38
5291;24
5292;36
5293;47
5294;60
5295;12
5296;12
5297;18
5298;27
5299;35
5300;9
5301;10
5302;18
5303;29
5304;25
5305;15
5306;17
5307;32
5308;25
5309;3
5310;11
5311;12
5312;40
5313;31
5314;17
5315;15
5316;37
5317;32
5318;42
5319;58
5320;62
5321;59
5322;60
5323;51
5324;73
5325;61
5326;24
5327;50
5328;58
5329;65
5330;20
5331;60
5332;48
5333;69
5334;55
5335;60
5336;39
5337;41
5338;19
5339;1
5340;44
5341;85
5342;71
5343;51
5344;57
5345;72
5346;83
5347;63
5348;35
5349;46
5350;42
5351;15
5352;15
5353;15
5354;39
5355;41
5356;30
5357;14
5358;12
5359;38
5360;57
5361;60
5362;18
5363;8
5364;6
5365;64
5366;21
5367;39
5368;51
5369;51
5370;59
5371;23
5372;86
5373;70
5374;30
5375;81
5376;48
5377;50
5378;11
5379;6
5380;52
5381;57
5382;9
5383;30
5384;36
5385;38
5386;24
5387;51
5388;38
5389;54
5390;33
5391;14
5392;7
5393;9
5394;34
5395;45
5396;6
5397;90
5398;42
5399;41
5400;59
5401;39
5402;42
5403;6
5404;6
5405;33
5406;78
5407;23
5408;43
5409;31
5410;3
5411;4
5412;45
5413;7
5414;56
5415;48
5416;9
5417;11
5418;8
5419;31
5420;37
5421;15
5422;5
5423;1
5424;48
5425;27
5426;10
5427;4
5428;2
5429;0
5430;68
5431;68
5432;19
5433;54
5434;43
5435;69
5436;50
5437;34
5438;29
5439;13
5440;3
5441;36
5442;10
5443;71
5444;77
5445;37
5446;36
5447;2
5448;15
5449;48
5450;36
5451;7
5452;10
5453;27
5454;10
5455;34
5456;34
5457;16
5458;88
5459;89
5460;79
5461;38
5462;19
5463;0
5464;12
5465;59
5466;56
5467;12
5468;13
5469;63
5470;51
5471;78
5472;79
5473;52
5474;20
5475;66
5476;72
5477;23
5478;50
5479;57
5480;46
5481;49
5482;14
5483;16
5484;49
5485;49
5486;25
5487;49
5488;11
5489;1
5490;4
5491;45
5492;7
5493;6
5494;30
5495;7
5496;42
5497;29
5498;11
5499;11
5500;64
5501;66
5502;58
5503;71
5504;26
5505;33
5506;36
5507;38
5508;12
5509;6
5510;43
5511;34
5512;13
5513;13
5514;19
5515;23
5516;35
5517;52
5518;11
5519;16
5520;30
5521;45
5522;46
5523;20
5524;39
5525;57
5526;44
5527;70
5528;23
5529;19
5530;73
5531;37
5532;45
5533;35
5534;5
5535;1
5536;48
5537;20
5538;66
5539;25
5540;30
5541;20
5542;84
5543;64
5544;74
5545;69
5546;54
5547;37
5548;44
5549;1
5550;4
5551;52
5552;26
5553;79
5554;80
5555;55
5556;32
5557;29
5558;0
5559;16
5560;27
5561;6
5562;15
5563;52
5564;77
5565;19
5566;30
5567;41
5568;6
5569;10
5570;71
5571;98
5572;31
5573;66
5574;56
5575;51
5576;59
5577;66
5578;43
5579;27
5580;0
5581;1
5582;56
5583;51
5584;25
5585;68
5586;28
5587;22
5588;6
5589;5
5590;65
5591;32
5592;21
5593;74
5594;58
5595;19
5596;19
5597;26
5598;24
5599;33
5600;27
5601;13
5602;9
5603;39
5604;79
5605;87
5606;49
5607;46
5608;56
5609;22
5610;52
5611;33
5612;6
5613;11
5614;32
5615;28
5616;38
5617;40
5618;46
5619;16
5620;5
5621;48
5622;26
5623;55
5624;59
5625;46
5626;48
5627;8
5628;29
5629;38
5630;19
5631;40
5632;20
5633;76
5634;76
5635;62
5636;68
5637;58
5638;69
5639;67
5640;21
5641;35
5642;23
5643;40
5644;74
5645;19
5646;72
5647;61
5648;29
5649;6
5650;40
5651;89
5652;67
5653;59
5654;73
5655;29
5656;63
5657;57
5658;54
5659;55
5660;61
5661;30
5662;21
5663;22
5664;23
5665;24
5666;32
5667;42
5668;12
5669;10
5670;65
5671;24
5672;79
5673;29
5674;41
5675;39
5676;50
5677;36
5678;15
5679;9
5680;29
5681;46
5682;0
5683;5
5684;50
5685;67
5686;30
5687;35
5688;7
5689;2
5690;57
5691;30
5692;14
5693;51
5694;62
5695;52
5696;53
5697;51
5698;38
5699;39
5700;82
5701;21
5702;21
5703;24
5704;41
5705;49
5706;32
5707;14
5708;1
5709;60
5710;34
5711;64
5712;96
5713;96
5714;46
5715;49
5716;48
5717;14
5718;15
5719;8
5720;14
5721;67
5722;77
5723;55
5724;44
5725;50
5726;17
5727;6
5728;41
5729;50
5730;18
5731;14
5732;13
5733;54
5734;22
5735;41
5736;10
5737;4
5738;70
5739;50
5740;19
5741;20
5742;26
5743;59
5744;7
5745;14
5746;51
5747;57
5748;19
5749;23
5750;5
5751;17
5752;4
5753;79
5754;39
5755;40
5756;10
5757;44
5758;70
5759;95
5760;28
5761;33
5762;40
5763;18
5764;16
5765;46
5766;73
5767;26
5768;25
5769;52
5770;41
5771;6
5772;12
5773;12
5774;11
5775;31
5776;46
5777;40
5778;11
5779;13
5780;13
5781;77
5782;82
5783;62
5784;85
5785;61
5786;31
5787;10
5788;21
5789;32
5790;44
5791;20
5792;3
5793;3
5794;74
5795;65
5796;50
5797;56
5798;41
5799;42
5800;7
5801;70
5802;29
5803;72
5804;44
5805;26
5806;16
5807;11
5808;55
5809;47
5810;52
5811;50
5812;17
5813;21
5814;37
5815;39
5816;59
5817;70
5818;38
5819;69
5820;31
5821;34
5822;65
5823;57
5824;41
5825;16
5826;52
5827;55
5828;52
5829;15
5830;54
5831;52
5832;80
5833;44
5834;44
5835;5
5836;11
5837;47
5838;58
5839;27
5840;59
5841;34
5842;42
5843;17
5844;4
5845;43
5846;28
5847;28
5848;3
5849;33
5850;30
5851;8
5852;40
5853;38
5854;3
5855;10
5856;34
5857;90
5858;54
5859;41
5860;9
5861;14
5862;10
5863;11
5864;89
5865;36
5866;41
5867;31
5868;44
5869;10
5870;47
5871;39
5872;9
5873;22
5874;31
5875;20
5876;61
5877;60
5878;65
5879;32
5880;75
5881;53
5882;70
5883;24
5884;46
5885;32
5886;5
5887;5
5888;30
5889;36
5890;61
5891;31
5892;40
5893;8
5894;11
5895;0
5896;49
5897;61
5898;79
5899;69
5900;53
5901;14
5902;36
5903;25
5904;62
5905;67
5906;39
5907;68
5908;86
5909;21
5910;83
5911;48
5912;23
5913;55
5914;61
5915;44
5916;59
5917;91
5918;75
5919;50
5920;40
5921;12
5922;15
5923;67
5924;80
5925;37
5926;44
5927;51
5928;40
5929;23
5930;38
5931;3
5932;3
5933;2
5934;71
5935;41
5936;29
5937;46
5938;10
5939;25
5940;50
5941;50
5942;69
5943;56
5944;47
5945;29
5946;4
5947;0
5948;55
5949;28
5950;45
5951;1
5952;4
5953;1
5954;47
5955;22
5956;20
5957;31
5958;29
5959;65
5960;75
5961;65
5962;72
5963;22
5964;40
5965;40
5966;49
5967;49
5968;27
5969;43
5970;36
5971;1
5972;36
5973;26
5974;8
5975;10
5976;10
5977;58
5978;68
5979;53
5980;76
5981;25
5982;59
5983;53
5984;49
5985;63
5986;86
5987;68
5988;68
5989;41
5990;31
5991;65
5992;67
5993;33
5994;43
5995;9
5996;35
5997;37
5998;9
5999;6
6000;61
6001;56
6002;52
6003;51
6004;19
6005;29
6006;5
6007;36
6008;61
6009;41
6010;92
6011;72
6012;44
6013;46
6014;7
6015;17
6016;78
6017;56
6018;60
6019;60
6020;29
6021;60
6022;9
6023;14
6024;9
6025;19
6026;20
6027;19
6028;27
6029;80
6030;23
6031;64
6032;19
6033;44
6034;39
6035;15
6036;12
6037;8
6038;33
6039;65
6040;42
6041;39
6042;50
6043;87
6044;70
6045;21
6046;57
6047;72
6048;26
6049;37
6050;2
6051;1
6052;3
6053;51
6054;52
6055;56
6056;32
6057;76
6058;54
6059;6
6060;85
6061;22
6062;23
6063;43
6064;55
6065;50
6066;42
6067;48
6068;27
6069;70
6070;75
6071;48
6072;26
6073;31
6074;2
6075;2
6076;20
6077;81
6078;59
6079;30
6080;21
6081;51
6082;32
6083;38
6084;10
6085;13
6086;46
6087;24
6088;19
6089;45
6090;26
6091;3
6092;1
6093;53
6094;50
6095;66
6096;40
6097;29
6098;54
6099;69
6100;47
6101;46
6102;43
6103;32
6104;25
6105;19
6106;21
6107;41
6108;44
6109;62
6110;46
6111;40
6112;34
6113;4
6114;2
6115;59
6116;12
6117;39
6118;55
6119;59
6120;74
6121;45
6122;34
6123;9
6124;49
6125;26
6126;38
6127;6
6128;16
6129;47
6130;38
6131;50
6132;13
6133;47
6134;55
6135;65
6136;73
6137;56
6138;38
6139;31
6140;13
6141;15
6142;49
6143;41
6144;4
6145;6
6146;6
6147;1
6148;19
6149;65
6150;64
6151;60
6152;83
6153;68
6154;50
6155;79
6156;57
6157;75
6158;60
6159;37
6160;14
6161;6
6162;31
6163;34
6164;3
6165;51
6166;60
6167;33
6168;28
6169;56
6170;15
6171;12
6172;18
6173;41
6174;60
6175;6
6176;10
6177;71
6178;46
6179;42
6180;34
6181;2
6182;1
6183;32
6184;43
6185;14
6186;0
6187;19
6188;39
6189;30
6190;14
6191;71
6192;25
6193;76
6194;20
6195;35
6196;24
6197;28
6198;44
6199;64
6200;37
6201;17
6202;14
6203;85
6204;67
6205;71
6206;28
6207;44
6208;42
6209;8
6210;6
6211;53
6212;71
6213;56
6214;75
6215;85
6216;60
6217;91
6218;53
6219;59
6220;29
6221;14
6222;11
6223;10
6224;39
6225;18
6226;18
6227;86
6228;87
6229;46
6230;48
6231;69
6232;67
6233;60
6234;24
6235;63
6236;66
6237;34
6238;23
6239;24
6240;37
6241;62
6242;60
6243;43
6244;23
6245;48
6246;58
6247;57
6248;58
6249;54
6250;73
6251;19
6252;43
6253;20
6254;76
6255;62
6256;35
6257;1
6258;15
6259;30
6260;19
6261;5
6262;1
6263;35
6264;21
6265;56
6266;50
6267;56
6268;29
6269;55
6270;24
6271;63
6272;19
6273;33
6274;75
6275;19
6276;37
6277;5
6278;15
6279;33
6280;29
6281;2
6282;5
6283;50
6284;29
6285;6
6286;21
6287;38
6288;19
6289;19
6290;50
6291;28
6292;46
6293;1
6294;2
6295;13
6296;28
6297;34
6298;13
6299;39
6300;28
6301;4
6302;2
6303;2
6304;43
6305;45
6306;7
6307;60
6308;32
6309;31
6310;2
6311;33
6312;55
6313;27
6314;78
6315;30
6316;72
6317;23
6318;63
6319;56
6320;66
6321;72
6322;28
6323;38
6324;28
6325;10
6326;39
6327;46
6328;3
6329;38
6330;23
6331;12
6332;53
6333;57
6334;64
6335;77
6336;65
6337;58
6338;37
6339;75
6340;67
6341;30
6342;30
6343;5
6344;1
6345;23
6346;6
6347;34
6348;39
6349;6
6350;15
6351;19
6352;22
6353;55
6354;58
6355;53
6356;40
6357;54
6358;15
6359;14
6360;32
6361;49
6362;8
6363;7
6364;29
6365;29
6366;9
6367;17
6368;42
6369;33
6370;2
6371;0
6372;1
6373;48
6374;30
6375;8
6376;13
6377;55
6378;36
6379;70
6380;96
6381;34
6382;33
6383;6
6384;52
6385;31
6386;11
6387;12
6388;51
6389;46
6390;61
6391;35
6392;46
6393;19
6394;71
6395;37
6396;39
6397;4
6398;3
6399;27
6400;38
6401;12
6402;8
6403;45
6404;10
6405;32
6406;9
6407;49
6408;15
6409;8
6410;30
6411;44
6412;7
6413;6
6414;21
6415;23
6416;4
6417;2
6418;24
6419;83
6420;65
6421;26
6422;57
6423;47
6424;22
6425;19
6426;60
6427;42
6428;47
6429;41
6430;26
6431;0
6432;6
6433;2
6434;3
6435;27
6436;22
6437;21
6438;1
6439;17
6440;49
6441;27
6442;66
6443;92
6444;35
6445;54
6446;18
6447;9
6448;15
6449;49
6450;31
6451;4
6452;71
6453;38
6454;29
6455;48
6456;39
6457;6
6458;1
6459;33
6460;33
6461;5
6462;1
6463;8
6464;3
6465;46
6466;69
6467;42
6468;77
6469;70
6470;62
6471;24
6472;26
6473;42
6474;45
6475;52
6476;63
6477;75
6478;58
6479;47
6480;19
6481;25
6482;44
6483;14
6484;47
6485;70
6486;47
6487;34
6488;1
6489;3
6490;19
6491;69
6492;25
6493;47
6494;39
6495;32
6496;8
6497;0
6498;63
6499;28
6500;72
6501;27
6502;21
6503;27
6504;13
6505;38
6506;27
6507;3
6508;2
6509;39
6510;35
6511;9
6512;44
6513;9
6514;57
6515;36
6516;15
6517;11
6518;42
6519;40
6520;69
6521;57
6522;49
6523;42
6524;27
6525;34
6526;11
6527;71
6528;42
6529;34
6530;18
6531;13
6532;13
6533;46
6534;32
6535;14
6536;9
6537;4
6538;34
6539;25
6540;45
6541;68
6542;51
6543;44
6544;28
6545;4
6546;2
6547;26
6548;80
6549;34
6550;36
6551;29
6552;38
6553;4
6554;29
6555;27
6556;30
6557;12
6558;7
6559;19
6560;32
6561;1
6562;3
6563;3
6564;21
6565;20
6566;14
6567;1
6568;4
6569;44
6570;24
6571;35
6572;49
6573;4
6574;24
6575;34
6576;46
6577;83
6578;100
6579;24
6580;36
6581;28
6582;36
6583;31
6584;23
6585;0
6586;56
6587;35
6588;27
6589;10
6590;7
6591;23
6592;54
6593;24
6594;37
6595;47
6596;15
6597;15
6598;33
6599;33
6600;15
6601;14
6602;11
6603;67
6604;48
6605;58
6606;50
6607;61
6608;19
6609;31
6610;7
6611;3
6612;68
6613;46
6614;44
6615;38
6616;3
6617;4
6618;68
6619;26
6620;44
6621;77
6622;19
6623;33
6624;89
6625;72
6626;60
6627;73
6628;48
6629;26
6630;9
6631;7
6632;11
6633;49
6634;47
6635;61
6636;64
6637;81
6638;48
6639;26
6640;46
6641;64
6642;59
6643;49
6644;39
6645;6
6646;14
6647;16
6648;39
6649;77
6650;21
6651;20
6652;65
6653;21
6654;89
6655;66
6656;37
6657;68
6658;54
6659;76
6660;56
6661;36
6662;34
6663;14
6664;35
6665;33
6666;1
6667;5
6668;48
6669;35
6670;13
6671;6
6672;42
6673;34
6674;13
6675;17
6676;6
6677;34
6678;64
6679;57
6680;62
6681;57
6682;30
6683;45
6684;47
6685;33
6686;6
6687;13
6688;47
6689;39
6690;37
6691;9
6692;2
6693;19
6694;23
6695;35
6696;51
6697;80
6698;55
6699;46
6700;39
6701;14
6702;13
6703;42
6704;44
6705;12
6706;59
6707;65
6708;38
6709;7
6710;6
6711;47
6712;35
6713;7
6714;12
6715;11
6716;59
6717;51
6718;26
6719;62
6720;37
6721;39
6722;1
6723;4
6724;16
6725;3
6726;100
6727;28
6728;22
6729;25
6730;66
6731;71
6732;57
6733;50
6734;29
6735;37
6736;60
6737;16
6738;13
6739;79
6740;30
6741;23
6742;46
6743;45
6744;10
6745;12
6746;33
6747;60
6748;24
6749;61
6750;81
6751;59
6752;22
6753;49
6754;30
6755;5
6756;9
6757;36
6758;31
6759;52
6760;61
6761;21
6762;70
6763;46
6764;29
6765;59
6766;9
6767;13
6768;20
6769;74
6770;30
6771;27
6772;4
6773;40
6774;43
6775;23
6776;70
6777;76
6778;63
6779;45
6780;44
6781;35
6782;3
6783;12
6784;5
6785;2
6786;47
6787;41
6788;31
6789;11
6790;10
6791;28
6792;42
6793;52
6794;27
6795;35
6796;7
6797;35
6798;40
6799;35
6800;47
6801;0
6802;1
6803;48
6804;32
6805;23
6806;13
6807;0
6808;48
6809;42
6810;1
6811;16
6812;32
6813;41
6814;15
6815;50
6816;30
6817;13
6818;6
6819;50
6820;32
6821;57
6822;45
6823;49
6824;37
6825;18
6826;9
6827;27
6828;34
6829;5
6830;4
6831;2
6832;1
6833;38
6834;85
6835;60
6836;49
6837;66
6838;44
6839;63
6840;7
6841;8
6842;66
6843;67
6844;38
6845;85
6846;64
6847;65
6848;21
6849;59
6850;65
6851;55
6852;73
6853;41
6854;37
6855;44
6856;14
6857;18
6858;16
6859;42
6860;50
6861;63
6862;9
6863;54
6864;43
6865;9
6866;14
6867;36
6868;11
6869;11
6870;27
6871;39
6872;71
6873;30
6874;44
6875;62
6876;40
6877;18
6878;10
6879;17
6880;26
6881;75
6882;59
6883;71
6884;64
6885;59
6886;12
6887;25
6888;20
6889;58
6890;35
6891;36
6892;15
6893;12
6894;55
6895;12
6896;13
6897;49
6898;36
6899;3
6900;0
6901;0
6902;26
6903;55
6904;44
6905;34
6906;64
6907;21
6908;56
6909;47
6910;14
6911;8
6912;64
6913;78
6914;45
6915;42
6916;3
6917;39
6918;52
6919;50
6920;39
6921;44
6922;45
6923;41
6924;15
6925;18
6926;23
6927;54
6928;39
6929;46
6930;6
6931;4
6932;29
6933;52
6934;74
6935;58
6936;63
6937;28
6938;40
6939;12
6940;57
6941;44
6942;85
6943;76
6944;34
6945;41
6946;0
6947;1
6948;49
6949;72
6950;55
6951;48
6952;42
6953;60
6954;9
6955;25
6956;68
6957;62
6958;92
6959;72
6960;19
6961;24
6962;43
6963;26
6964;35
6965;33
6966;59
6967;50
6968;10
6969;27
6970;59
6971;23
6972;59
6973;54
6974;22
6975;37
6976;28
6977;17
6978;36
6979;60
6980;67
6981;77
6982;61
6983;54
6984;86
6985;38
6986;35
6987;15
6988;16
6989;29
6990;31
6991;52
6992;37
6993;35
6994;47
6995;14
6996;35
6997;48
6998;77
6999;41
7000;35
7001;11
7002;15
7003;20
7004;25
7005;19
7006;71
7007;78
7008;34
7009;21
7010;77
7011;75
7012;24
7013;40
7014;49
7015;71
7016;73
7017;40
7018;3
7019;22
7020;34
7021;38
7022;10
7023;15
7024;1
7025;57
7026;59
7027;53
7028;93
7029;83
7030;42
7031;44
7032;12
7033;15
7034;68
7035;71
7036;41
7037;47
7038;72
7039;65
7040;23
7041;19
7042;26
7043;22
7044;34
7045;25
7046;57
7047;48
7048;62
7049;45
7050;40
7051;1
7052;53
7053;73
7054;25
7055;55
7056;48
7057;64
7058;43
7059;43
7060;1
7061;1
7062;18
7063;0
7064;15
7065;16
7066;39
7067;59
7068;40
7069;10
7070;57
7071;72
7072;20
7073;34
7074;58
7075;56
7076;71
7077;46
7078;26
7079;7
7080;0
7081;0
7082;2
7083;54
7084;89
7085;51
7086;90
7087;67
7088;64
7089;20
7090;20
7091;21
7092;44
7093;41
7094;45
7095;38
7096;29
7097;11
7098;64
7099;36
7100;8
7101;8
7102;15
7103;17
7104;35
7105;70
7106;50
7107;49
7108;65
7109;88
7110;29
7111;30
7112;2
7113;13
7114;89
7115;63
7116;22
7117;63
7118;19
7119;29
7120;100
7121;56
7122;82
7123;86
7124;36
7125;19
7126;76
7127;52
7128;89
7129;52
7130;66
7131;79
7132;81
7133;42
7134;47
7135;41
7136;33
7137;31
7138;16
7139;15
7140;13
7141;6
7142;43
7143;69
7144;39
7145;8
7146;33
7147;81
7148;38
7149;50
7150;13
7151;9
7152;26
7153;14
7154;9
7155;61
7156;75
7157;38
7158;37
7159;1
7160;3
7161;54
7162;18
7163;15
7164;55
7165;67
7166;44
7167;43
7168;9
7169;5
7170;33
7171;30
7172;4
7173;5
7174;70
7175;64
7176;56
7177;44
7178;45
7179;8
7180;12
7181;56
7182;86
7183;54
7184;64
7185;70
7186;60
7187;35
7188;22
7189;33
7190;42
7191;8
7192;8
7193;40
7194;16
7195;30
7196;8
7197;49
7198;34
7199;0
7200;0
7201;80
7202;32
7203;56
7204;59
7205;42
7206;69
7207;53
7208;48
7209;39
7210;41
7211;5
7212;5
7213;86
7214;57
7215;22
7216;61
7217;35
7218;32
7219;15
7220;15
7221;68
7222;76
7223;31
7224;19
7225;5
7226;78
7227;40
7228;52
7229;18
7230;52
7231;76
7232;20
7233;64
7234;29
7235;43
7236;19
7237;1
7238;3
7239;0
7240;32
7241;19
7242;0
7243;47
7244;37
7245;2
7246;5
7247;16
7248;4
7249;45
7250;36
7251;2
7252;5
7253;60
7254;61
7255;29
7256;34
7257;30
7258;1
7259;10
7260;32
7261;31
7262;15
7263;29
7264;61
7265;62
7266;25
7267;69
7268;46
7269;10
7270;11
7271;43
7272;57
7273;52
7274;81
7275;51
7276;48
7277;70
7278;77
7279;71
7280;52
7281;44
7282;31
7283;6
7284;18
7285;3
7286;21
7287;19
7288;87
7289;31
7290;74
7291;29
7292;45
7293;27
7294;6
7295;16
7296;43
7297;37
7298;4
7299;17
7300;4
7301;39
7302;56
7303;16
7304;10
7305;33
7306;42
7307;16
7308;27
7309;49
7310;40
7311;4
7312;5
7313;35
7314;75
7315;54
7316;60
7317;29
7318;77
7319;55
7320;72
7321;22
7322;32
7323;70
7324;27
7325;19
7326;33
7327;27
7328;24
7329;53
7330;37
7331;67
7332;60
7333;26
7334;85
7335;81
7336;56
7337;23
7338;45
7339;15
7340;3
7341;69
7342;51
7343;46
7344;27
7345;0
7346;11
7347;65
7348;40
7349;27
7350;10
7351;61
7352;61
7353;44
7354;33
7355;6
7356;11
7357;49
7358;49
7359;15
7360;81
7361;27
7362;52
7363;92
7364;46
7365;55
7366;17
7367;41
7368;35
7369;2
7370;0
7371;5
7372;1
7373;5
7374;59
7375;61
7376;51
7377;39
7378;27
7379;1
7380;14
7381;44
7382;36
7383;11
7384;6
7385;87
7386;19
7387;6
7388;3
7389;43
7390;31
7391;2
7392;0
7393;49
7394;49
7395;15
7396;42
7397;42
7398;2
7399;7
7400;42
7401;35
7402;4
7403;28
7404;67
7405;48
7406;59
7407;82
7408;30
7409;71
7410;44
7411;13
7412;14
7413;63
7414;66
7415;40
7416;54
7417;40
7418;32
7419;36
7420;13
7421;17
7422;33
7423;34
7424;10
7425;39
7426;40
7427;4
7428;0
7429;28
7430;48
7431;0
7432;13
7433;47
7434;83
7435;51
7436;19
7437;21
7438;68
7439;20
7440;72
7441;83
7442;35
7443;40
7444;1
7445;18
7446;3
7447;62
7448;53
7449;35
7450;25
7451;22
7452;3
7453;60
7454;73
7455;23
7456;46
7457;3
7458;18
7459;50
7460;53
7461;12
7462;14
7463;8
7464;71
7465;47
7466;36
7467;48
7468;3
7469;17
7470;55
7471;26
7472;48
7473;26
7474;4
7475;2
7476;61
7477;17
7478;11
7479;65
7480;29
7481;79
7482;51
7483;64
7484;33
7485;8
7486;64
7487;51
7488;38
7489;34
7490;7
7491;11
7492;11
7493;45
7494;26
7495;16
7496;13
7497;18
7498;20
7499;34
7500;4
7501;1
7502;9
7503;63
7504;76
7505;71
7506;65
7507;35
7508;34
7509;7
7510;11
7511;14
7512;40
7513;38
7514;14
7515;12
7516;16
7517;32
7518;43
7519;15
7520;1
7521;73
7522;33
7523;28
7524;66
7525;87
7526;46
7527;75
7528;25
7529;39
7530;21
7531;58
7532;33
7533;49
7534;44
7535;51
7536;49
7537;20
7538;12
7539;9
7540;41
7541;24
7542;43
7543;22
7544;25
7545;56
7546;39
7547;16
7548;15
7549;40
7550;41
7551;1
7552;93
7553;75
7554;44
7555;58
7556;42
7557;54
7558;57
7559;72
7560;63
7561;48
7562;29
7563;38
7564;16
7565;41
7566;27
7567;10
7568;3
7569;27
7570;68
7571;56
7572;64
7573;49
7574;54
7575;88
7576;69
7577;96
7578;32
7579;19
7580;3
7581;1
7582;28
7583;47
7584;62
7585;46
7586;26
7587;16
7588;14
7589;12
7590;44
7591;43
7592;57
7593;69
7594;46
7595;59
7596;13
7597;10
7598;35
7599;39
7600;13
7601;41
7602;63
7603;30
7604;11
7605;10
7606;62
7607;54
7608;25
7609;71
7610;83
7611;37
7612;26
7613;51
7614;57
7615;43
7616;41
7617;2
7618;66
7619;60
7620;71
7621;63
7622;54
7623;42
7624;41
7625;11
7626;18
7627;6
7628;22
7629;54
7630;43
7631;73
7632;54
7633;88
7634;23
7635;31
7636;15
7637;42
7638;47
7639;3
7640;3
7641;42
7642;41
7643;12
7644;14
7645;30
7646;35
7647;3
7648;61
7649;21
7650;61
7651;63
7652;29
7653;21
7654;41
7655;34
7656;30
7657;16
7658;11
7659;8
7660;66
7661;84
7662;25
7663;27
7664;52
7665;35
7666;41
7667;29
7668;1
7669;1
7670;1
7671;37
7672;34
7673;53
7674;14
7675;8
7676;13
7677;29
7678;28
7679;58
7680;6
7681;16
7682;22
7683;37
7684;14
7685;12
7686;1
7687;31
7688;87
7689;22
7690;82
7691;29
7692;79
7693;41
7694;33
7695;16
7696;5
7697;60
7698;35
7699;64
7700;84
7701;76
7702;27
7703;43
7704;41
7705;13
7706;2
7707;4
7708;27
7709;57
7710;65
7711;33
7712;22
7713;5
7714;3
7715;9
7716;28
7717;30
7718;39
7719;14
7720;3
7721;25
7722;80
7723;40
7724;65
7725;30
7726;17
7727;62
7728;30
7729;37
7730;14
7731;6
7732;13
7733;98
7734;32
7735;45
7736;1
7737;13
7738;0
7739;57
7740;59
7741;74
7742;66
7743;59
7744;72
7745;21
7746;37
7747;34
7748;12
7749;13
7750;35
7751;26
7752;15
7753;8
7754;27
7755;34
7756;1
7757;4
7758;2
7759;28
7760;24
7761;17
7762;5
7763;5
7764;44
7765;55
7766;44
7767;8
7768;11
7769;13
7770;45
7771;61
7772;6
7773;75
7774;73
7775;39
7776;58
7777;53
7778;48
7779;21
7780;21
7781;37
7782;28
7783;16
7784;11
7785;65
7786;76
7787;67
7788;21
7789;70
7790;69
7791;31
7792;28
7793;1
7794;0
7795;34
7796;36
7797;0
7798;2
7799;0
7800;14
7801;89
7802;36
7803;22
7804;5
7805;29
7806;19
7807;2
7808;47
7809;63
7810;50
7811;62
7812;6
7813;13
7814;6
7815;6
7816;23
7817;34
7818;17
7819;7
7820;47
7821;48
7822;51
7823;53
7824;64
7825;51
7826;28
7827;27
7828;1
7829;3
7830;1
7831;2
7832;31
7833;73
7834;33
7835;81
7836;93
7837;89
7838;82
7839;96
7840;80
7841;101
7842;86
7843;103
7844;85
7845;71
7846;98
7847;72
7848;86
7849;85
7850;77
7851;87
7852;96
7853;81
7854;105
7855;89
7856;85
7857;78
7858;71
7859;88
7860;82
7861;97
7862;95
7863;80
7864;75
7865;99
7866;80
7867;87
7868;82
7869;82
7870;86
7871;102
7872;99
7873;80
7874;68
7875;89
7876;75
7877;89
7878;85
7879;77
7880;79
7881;89
7882;91
7883;87
7884;96
7885;85
7886;104
7887;73
7888;80
7889;77
7890;104
7891;70
7892;75
7893;78
7894;87
7895;87
7896;92
7897;85
7898;81
7899;87
7900;69
7901;89
7902;83
7903;97
7904;104
7905;101
7906;100
