1;52
2;59
3;29
4;12
5;14
6;37
7;19
8;37
9;88
10;57
11;62
12;89
13;29
14;54
15;56
16;78
17;74
18;70
19;91
20;59
21;22
22;24
23;41
24;39
25;5
26;5
27;16
28;57
29;20
30;56
31;48
32;9
33;75
34;65
35;69
36;44
37;13
38;50
39;33
40;8
41;6
42;54
43;57
44;9
45;18
46;31
47;72
48;33
49;30
50;82
51;59
52;45
53;81
54;52
55;25
56;26
57;21
58;63
59;73
60;33
61;59
62;8
63;61
64;70
65;32
66;45
67;1
68;1
69;31
70;58
71;34
72;46
73;18
74;17
75;10
76;64
77;55
78;65
79;28
80;49
81;21
82;42
83;2
84;4
85;16
86;45
87;59
88;45
89;55
90;11
91;14
92;36
93;38
94;3
95;6
96;11
97;0
98;55
99;59
100;61
101;20
102;35
103;3
104;4
105;55
106;39
107;75
108;77
109;74
110;24
111;26
112;61
113;60
114;65
115;59
116;53
117;58
118;34
119;6
120;16
121;63
122;32
123;16
124;57
125;38
126;53
127;14
128;11
129;62
130;24
131;25
132;43
133;85
134;46
135;32
136;55
137;67
138;33
139;49
140;50
141;6
142;52
143;51
144;76
145;39
146;16
147;61
148;89
149;79
150;52
151;52
152;18
153;12
154;16
155;88
156;42
157;44
158;4
159;8
160;2
161;2
162;44
163;46
164;0
165;5
166;31
167;56
168;69
169;21
170;69
171;46
172;21
173;59
174;68
175;32
176;29
177;37
178;10
179;61
180;65
181;62
182;47
183;7
184;16
185;54
186;43
187;52
188;10
189;8
190;53
191;30
192;13
193;48
194;12
195;13
196;83
197;26
198;41
199;48
200;38
201;8
202;10
203;63
204;22
205;26
206;44
207;56
208;20
209;60
210;59
211;40
212;16
213;10
214;35
215;35
216;3
217;5
218;33
219;45
220;15
221;71
222;79
223;52
224;60
225;66
226;52
227;89
228;88
229;23
230;37
231;16
232;1
233;84
234;27
235;53
236;48
237;19
238;36
239;5
240;12
241;60
242;77
243;25
244;53
245;63
246;21
247;22
248;39
249;63
250;18
251;13
252;14
253;77
254;24
255;64
256;6
257;14
258;50
259;16
260;44
261;33
262;63
263;59
264;62
265;71
266;35
267;53
268;11
269;15
270;57
271;89
272;54
273;46
274;67
275;32
276;27
277;10
278;6
279;47
280;34
281;4
282;0
283;78
284;71
285;41
286;51
287;15
288;7
289;13
290;63
291;63
292;50
293;15
294;9
295;34
296;12
297;63
298;53
299;47
300;74
301;28
302;68
303;39
304;77
305;37
306;52
307;64
308;44
309;68
310;39
311;71
312;74
313;23
314;62
315;53
316;52
317;64
318;44
319;11
320;21
321;26
322;33
323;33
324;9
325;8
326;60
327;66
328;52
329;47
330;11
331;13
332;25
333;56
334;48
335;0
336;49
337;67
338;76
339;68
340;74
341;25
342;37
343;51
344;83
345;59
346;49
347;65
348;69
349;36
350;43
351;29
352;18
353;9
354;73
355;20
356;46
357;15
358;15
359;55
360;84
361;60
362;27
363;36
364;85
365;24
366;46
367;5
368;9
369;17
370;55
371;61
372;55
373;73
374;35
375;19
376;49
377;59
378;10
379;50
380;83
381;57
382;54
383;46
384;20
385;68
386;86
387;58
388;50
389;67
390;58
391;59
392;87
393;53
394;58
395;23
396;67
397;61
398;57
399;15
400;34
401;60
402;77
403;58
404;57
405;95
406;45
407;29
408;9
409;20
410;40
411;63
412;86
413;52
414;31
415;60
416;15
417;15
418;48
419;45
420;5
421;13
422;4
423;73
424;71
425;59
426;77
427;26
428;67
429;39
430;57
431;67
432;65
433;27
434;31
435;11
436;7
437;25
438;31
439;38
440;48
441;13
442;6
443;62
444;67
445;71
446;53
447;56
448;55
449;11
450;30
451;38
452;0
453;4
454;83
455;51
456;76
457;25
458;52
459;58
460;61
461;37
462;14
463;9
464;39
465;46
466;18
467;12
468;38
469;42
470;9
471;30
472;46
473;58
474;12
475;18
476;36
477;51
478;9
479;12
480;55
481;29
482;11
483;29
484;75
485;54
486;50
487;15
488;12
489;54
490;64
491;46
492;73
493;26
494;44
495;55
496;46
497;30
498;6
499;42
500;28
501;2
502;1
503;43
504;61
505;7
506;11
507;51
508;77
509;56
510;30
511;45
512;4
513;50
514;70
515;40
516;47
517;46
518;56
519;41
520;10
521;16
522;47
523;79
524;61
525;74
526;27
527;64
528;13
529;44
530;43
531;45
532;47
533;16
534;35
535;19
536;41
537;36
538;17
539;51
540;31
541;15
542;68
543;19
544;60
545;59
546;9
547;13
548;19
549;22
550;5
551;18
552;71
553;64
554;33
555;55
556;30
557;18
558;13
559;58
560;56
561;62
562;61
563;59
564;82
565;53
566;51
567;45
568;70
569;20
570;22
571;45
572;75
573;45
574;93
575;21
576;55
577;95
578;50
579;44
580;24
581;74
582;89
583;23
584;78
585;59
586;70
587;57
588;57
589;89
590;41
591;53
592;80
593;23
594;93
595;42
596;10
597;57
598;62
599;63
600;56
601;46
602;53
603;54
604;31
605;35
606;29
607;4
608;11
609;63
610;44
611;44
612;27
613;14
614;11
615;39
616;88
617;79
618;22
619;44
620;33
621;59
622;61
623;22
624;64
625;54
626;60
627;66
628;62
629;71
630;56
631;24
632;20
633;24
634;71
635;64
636;58
637;91
638;38
639;27
640;19
641;2
642;4
643;20
644;75
645;59
646;80
647;94
648;88
649;54
650;55
651;65
652;29
653;48
654;72
655;51
656;61
657;83
658;58
659;65
660;52
661;59
662;66
663;22
664;75
665;63
666;83
667;23
668;46
669;54
670;62
671;28
672;57
673;26
674;72
675;55
676;41
677;0
678;9
679;44
680;76
681;51
682;65
683;51
684;51
685;59
686;87
687;38
688;50
689;25
690;64
691;49
692;69
693;92
694;31
695;13
696;23
697;76
698;28
699;61
700;39
701;11
702;12
703;9
704;40
705;31
706;36
707;16
708;27
709;22
710;28
711;3
712;4
713;64
714;18
715;78
716;65
717;72
718;69
719;74
720;82
721;64
722;80
723;51
724;29
725;54
726;8
727;8
728;43
729;28
730;57
731;31
732;16
733;13
734;54
735;39
736;52
737;24
738;62
739;62
740;9
741;80
742;79
743;87
744;59
745;31
746;26
747;55
748;28
749;52
750;44
751;77
752;65
753;47
754;46
755;39
756;49
757;61
758;20
759;59
760;19
761;42
762;0
763;4
764;48
765;21
766;23
767;61
768;67
769;36
770;47
771;60
772;59
773;9
774;9
775;44
776;56
777;23
778;76
779;55
780;51
781;68
782;67
783;58
784;65
785;56
786;47
787;69
788;23
789;58
790;30
791;37
792;6
793;13
794;45
795;37
796;50
797;82
798;42
799;71
800;64
801;64
802;50
803;36
804;6
805;17
806;17
807;67
808;68
809;87
810;71
811;58
812;70
813;35
814;26
815;17
816;14
817;77
818;79
819;47
820;45
821;7
822;42
823;37
824;4
825;47
826;29
827;54
828;19
829;38
830;3
831;0
832;1
833;51
834;55
835;66
836;30
837;42
838;17
839;15
840;33
841;70
842;45
843;41
844;15
845;55
846;61
847;22
848;20
849;39
850;64
851;85
852;64
853;31
854;13
855;18
856;21
857;44
858;47
859;40
860;35
861;4
862;48
863;52
864;52
865;55
866;10
867;16
868;61
869;62
870;15
871;45
872;37
873;50
874;10
875;35
876;11
877;37
878;46
879;13
880;63
881;72
882;67
883;22
884;46
885;75
886;23
887;56
888;75
889;29
890;34
891;3
892;79
893;61
894;33
895;19
896;25
897;32
898;42
899;11
900;3
901;1
902;31
903;59
904;75
905;48
906;46
907;9
908;18
909;46
910;21
911;50
912;57
913;56
914;56
915;93
916;63
917;41
918;13
919;10
920;45
921;57
922;73
923;80
924;63
925;79
926;19
927;63
928;52
929;30
930;61
931;36
932;9
933;59
934;50
935;60
936;78
937;52
938;97
939;43
940;16
941;49
942;57
943;49
944;36
945;26
946;17
947;13
948;91
949;85
950;56
951;91
952;37
953;46
954;3
955;9
956;42
957;47
958;36
959;15
960;10
961;15
962;13
963;35
964;35
965;3
966;8
967;62
968;74
969;37
970;21
971;42
972;63
973;58
974;18
975;29
976;51
977;63
978;60
979;30
980;25
981;40
982;57
983;53
984;22
985;42
986;7
987;1
988;74
989;58
990;57
991;49
992;42
993;52
994;66
995;47
996;75
997;44
998;38
999;18
1000;11
1001;12
1002;63
1003;50
1004;17
1005;9
1006;9
1007;41
1008;36
1009;11
1010;49
1011;45
1012;11
1013;15
1014;40
1015;39
1016;8
1017;12
1018;57
1019;35
1020;18
1021;17
1022;35
1023;57
1024;56
1025;64
1026;35
1027;9
1028;53
1029;67
1030;51
1031;66
1032;58
1033;54
1034;59
1035;35
1036;7
1037;18
1038;22
1039;33
1040;30
1041;28
1042;68
1043;85
1044;73
1045;64
1046;26
1047;11
1048;10
1049;60
1050;70
1051;55
1052;69
1053;57
1054;62
1055;90
1056;59
1057;74
1058;32
1059;63
1060;47
1061;15
1062;9
1063;13
1064;52
1065;62
1066;53
1067;56
1068;59
1069;15
1070;57
1071;74
1072;52
1073;56
1074;89
1075;35
1076;65
1077;62
1078;79
1079;79
1080;57
1081;66
1082;24
1083;51
1084;53
1085;44
1086;6
1087;13
1088;64
1089;24
1090;49
1091;2
1092;17
1093;46
1094;50
1095;28
1096;44
1097;12
1098;45
1099;36
1100;62
1101;14
1102;33
1103;27
1104;50
1105;15
1106;11
1107;19
1108;21
1109;60
1110;29
1111;38
1112;0
1113;9
1114;1
1115;63
1116;59
1117;92
1118;50
1119;43
1120;31
1121;13
1122;18
1123;18
1124;53
1125;20
1126;39
1127;59
1128;16
1129;51
1130;60
1131;76
1132;27
1133;58
1134;54
1135;21
1136;68
1137;85
1138;55
1139;19
1140;25
1141;62
1142;32
1143;41
1144;14
1145;16
1146;12
1147;7
1148;26
1149;70
1150;77
1151;29
1152;35
1153;67
1154;61
1155;66
1156;31
1157;34
1158;48
1159;12
1160;70
1161;46
1162;63
1163;58
1164;41
1165;68
1166;28
1167;47
1168;17
1169;12
1170;61
1171;44
1172;8
1173;55
1174;62
1175;86
1176;46
1177;22
1178;21
1179;53
1180;67
1181;51
1182;46
1183;17
1184;28
1185;20
1186;42
1187;91
1188;56
1189;48
1190;71
1191;59
1192;56
1193;78
1194;46
1195;47
1196;26
1197;6
1198;8
1199;38
1200;22
1201;41
1202;58
1203;32
1204;13
1205;59
1206;15
1207;14
1208;56
1209;55
1210;24
1211;60
1212;29
1213;47
1214;33
1215;0
1216;4
1217;72
1218;64
1219;71
1220;78
1221;24
1222;41
1223;52
1224;45
1225;8
1226;6
1227;46
1228;74
1229;67
1230;25
1231;63
1232;69
1233;31
1234;50
1235;43
1236;28
1237;47
1238;53
1239;63
1240;7
1241;58
1242;82
1243;24
1244;59
1245;61
1246;83
1247;91
1248;47
1249;41
1250;0
1251;4
1252;47
1253;56
1254;71
1255;69
1256;55
1257;40
1258;20
1259;54
1260;51
1261;22
1262;45
1263;41
1264;49
1265;14
1266;78
1267;81
1268;66
1269;56
1270;76
1271;58
1272;51
1273;61
1274;24
1275;19
1276;19
1277;20
1278;68
1279;19
1280;46
1281;53
1282;8
1283;18
1284;55
1285;32
1286;47
1287;13
1288;87
1289;60
1290;87
1291;25
1292;38
1293;58
1294;11
1295;61
1296;79
1297;45
1298;21
1299;39
1300;4
1301;1
1302;39
1303;50
1304;17
1305;37
1306;35
1307;0
1308;3
1309;62
1310;89
1311;40
1312;63
1313;84
1314;83
1315;36
1316;44
1317;22
1318;73
1319;81
1320;32
1321;40
1322;5
1323;18
1324;37
1325;35
1326;7
1327;28
1328;62
1329;86
1330;49
1331;64
1332;10
1333;9
1334;56
1335;71
1336;51
1337;30
1338;27
1339;2
1340;42
1341;29
1342;28
1343;68
1344;55
1345;70
1346;54
1347;83
1348;83
1349;49
1350;26
1351;26
1352;35
1353;23
1354;78
1355;25
1356;59
1357;61
1358;54
1359;72
1360;34
1361;50
1362;8
1363;15
1364;9
1365;56
1366;64
1367;49
1368;32
1369;64
1370;13
1371;17
1372;80
1373;89
1374;82
1375;86
1376;55
1377;56
1378;82
1379;62
1380;37
1381;24
1382;2
1383;74
1384;56
1385;38
1386;12
1387;9
1388;33
1389;14
1390;33
1391;10
1392;30
1393;62
1394;9
1395;61
1396;49
1397;8
1398;15
1399;32
1400;50
1401;28
1402;67
1403;99
1404;56
1405;37
1406;65
1407;46
1408;62
1409;80
1410;68
1411;30
1412;78
1413;78
1414;34
1415;31
1416;0
1417;41
1418;28
1419;4
1420;10
1421;4
1422;11
1423;49
1424;54
1425;29
1426;45
1427;1
1428;1
1429;42
1430;39
1431;5
1432;4
1433;1
1434;53
1435;53
1436;72
1437;64
1438;23
1439;53
1440;61
1441;65
1442;31
1443;47
1444;4
1445;29
1446;79
1447;28
1448;39
1449;18
1450;88
1451;51
1452;50
1453;85
1454;24
1455;61
1456;60
1457;31
1458;71
1459;77
1460;31
1461;59
1462;62
1463;56
1464;29
1465;54
1466;29
1467;47
1468;58
1469;59
1470;78
1471;46
1472;44
1473;30
1474;38
1475;27
1476;29
1477;27
1478;2
1479;51
1480;24
1481;31
1482;27
1483;4
1484;17
1485;39
1486;32
1487;3
1488;5
1489;79
1490;50
1491;67
1492;64
1493;30
1494;59
1495;50
1496;22
1497;24
1498;78
1499;50
1500;7
1501;10
1502;59
1503;56
1504;48
1505;20
1506;0
1507;51
1508;89
1509;60
1510;29
1511;50
1512;78
1513;24
1514;58
1515;60
1516;73
1517;32
1518;79
1519;41
1520;23
1521;31
1522;21
1523;72
1524;54
1525;62
1526;59
1527;54
1528;49
1529;62
1530;26
1531;40
1532;13
1533;23
1534;20
1535;57
1536;26
1537;64
1538;72
1539;58
1540;52
1541;48
1542;27
1543;14
1544;18
1545;38
1546;60
1547;37
1548;82
1549;67
1550;51
1551;81
1552;48
1553;33
1554;33
1555;5
1556;1
1557;2
1558;5
1559;79
1560;28
1561;29
1562;61
1563;20
1564;39
1565;60
1566;59
1567;66
1568;86
1569;64
1570;78
1571;60
1572;36
1573;54
1574;8
1575;15
1576;20
1577;29
1578;74
1579;86
1580;67
1581;59
1582;31
1583;51
1584;64
1585;32
1586;50
1587;8
1588;9
1589;62
1590;29
1591;31
1592;13
1593;2
1594;97
1595;61
1596;31
1597;10
1598;11
1599;47
1600;65
1601;80
1602;64
1603;64
1604;60
1605;20
1606;34
1607;0
1608;41
1609;23
1610;3
1611;15
1612;67
1613;38
1614;50
1615;9
1616;18
1617;13
1618;63
1619;59
1620;16
1621;7
1622;43
1623;25
1624;5
1625;4
1626;10
1627;3
1628;20
1629;25
1630;75
1631;21
1632;33
1633;0
1634;15
1635;53
1636;36
1637;21
1638;62
1639;27
1640;39
1641;34
1642;57
1643;45
1644;20
1645;7
1646;5
1647;51
1648;16
1649;61
1650;24
1651;32
1652;62
1653;64
1654;71
1655;64
1656;22
1657;52
1658;57
1659;51
1660;35
1661;58
1662;39
1663;54
1664;7
1665;47
1666;60
1667;53
1668;10
1669;27
1670;78
1671;20
1672;38
1673;14
1674;15
1675;60
1676;9
1677;61
1678;49
1679;30
1680;68
1681;53
1682;83
1683;58
1684;80
1685;30
1686;74
1687;70
1688;77
1689;50
1690;57
1691;54
1692;40
1693;54
1694;57
1695;8
1696;15
1697;71
1698;37
1699;32
1700;20
1701;11
1702;11
1703;30
1704;64
1705;7
1706;16
1707;18
1708;20
1709;68
1710;50
1711;38
1712;65
1713;52
1714;67
1715;53
1716;30
1717;47
1718;11
1719;16
1720;7
1721;72
1722;45
1723;63
1724;42
1725;59
1726;82
1727;58
1728;66
1729;35
1730;43
1731;17
1732;10
1733;65
1734;64
1735;24
1736;52
1737;68
1738;37
1739;20
1740;46
1741;98
1742;49
1743;45
1744;56
1745;62
1746;39
1747;71
1748;67
1749;55
1750;64
1751;58
1752;64
1753;17
1754;15
1755;53
1756;57
1757;28
1758;12
1759;48
1760;88
1761;76
1762;47
1763;69
1764;51
1765;22
1766;49
1767;0
1768;0
1769;60
1770;31
1771;67
1772;32
1773;38
1774;40
1775;2
1776;64
1777;8
1778;52
1779;88
1780;78
1781;31
1782;1
1783;0
1784;73
1785;54
1786;83
1787;26
1788;51
1789;81
1790;59
1791;59
1792;68
1793;71
1794;34
1795;38
1796;9
1797;72
1798;91
1799;51
1800;22
1801;73
1802;22
1803;59
1804;41
1805;46
1806;48
1807;72
1808;65
1809;21
1810;64
1811;61
1812;63
1813;20
1814;65
1815;44
1816;48
1817;5
1818;1
1819;76
1820;70
1821;60
1822;39
1823;53
1824;61
1825;65
1826;74
1827;51
1828;58
1829;22
1830;70
1831;49
1832;23
1833;58
1834;61
1835;34
1836;36
1837;78
1838;64
1839;31
1840;68
1841;25
1842;65
1843;60
1844;57
1845;61
1846;77
1847;42
1848;32
1849;17
1850;13
1851;16
1852;26
1853;42
1854;15
1855;10
1856;8
1857;23
1858;56
1859;30
1860;34
1861;45
1862;18
1863;5
1864;72
1865;76
1866;50
1867;17
1868;11
1869;46
1870;56
1871;26
1872;52
1873;60
1874;66
1875;38
1876;42
1877;5
1878;1
1879;66
1880;36
1881;50
1882;52
1883;41
1884;65
1885;60
1886;26
1887;64
1888;40
1889;44
1890;0
1891;57
1892;47
1893;63
1894;67
1895;31
1896;43
1897;6
1898;8
1899;12
1900;71
1901;34
1902;30
1903;2
1904;9
1905;0
1906;36
1907;26
1908;7
1909;4
1910;12
1911;61
1912;59
1913;60
1914;19
1915;76
1916;52
1917;41
1918;34
1919;47
1920;7
1921;27
1922;66
1923;40
1924;38
1925;22
1926;12
1927;6
1928;12
1929;41
1930;40
1931;8
1932;59
1933;47
1934;53
1935;31
1936;56
1937;35
1938;70
1939;72
1940;34
1941;22
1942;5
1943;4
1944;47
1945;28
1946;3
1947;1
1948;2
1949;44
1950;17
1951;36
1952;60
1953;17
1954;18
1955;63
1956;67
1957;36
1958;22
1959;18
1960;15
1961;4
1962;55
1963;66
1964;82
1965;48
1966;85
1967;62
1968;21
1969;53
1970;65
1971;24
1972;78
1973;95
1974;21
1975;44
1976;29
1977;45
1978;48
1979;56
1980;24
1981;65
1982;62
1983;71
1984;36
1985;22
1986;48
1987;2
1988;7
1989;16
1990;50
1991;53
1992;70
1993;55
1994;55
1995;38
1996;76
1997;60
1998;58
1999;56
2000;82
2001;66
2002;73
2003;85
2004;53
2005;75
2006;51
2007;68
2008;61
2009;67
2010;55
2011;55
2012;88
2013;79
2014;52
2015;56
2016;14
2017;9
2018;37
2019;32
2020;3
2021;5
2022;24
2023;20
2024;51
2025;26
2026;61
2027;76
2028;68
2029;82
2030;26
2031;49
2032;31
2033;58
2034;63
2035;67
2036;23
2037;63
2038;40
2039;75
2040;70
2041;66
2042;55
2043;64
2044;23
2045;24
2046;58
2047;45
2048;63
2049;51
2050;58
2051;92
2052;73
2053;57
2054;19
2055;64
2056;32
2057;9
2058;22
2059;66
2060;38
2061;37
2062;6
2063;14
2064;16
2065;14
2066;60
2067;56
2068;38
2069;43
2070;39
2071;36
2072;18
2073;16
2074;8
2075;23
2076;40
2077;68
2078;59
2079;73
2080;34
2081;33
2082;7
2083;17
2084;56
2085;51
2086;20
2087;71
2088;89
2089;34
2090;1
2091;67
2092;62
2093;32
2094;42
2095;18
2096;11
2097;34
2098;31
2099;13
2100;36
2101;20
2102;60
2103;69
2104;20
2105;28
2106;50
2107;15
2108;11
2109;17
2110;32
2111;51
2112;55
2113;76
2114;52
2115;38
2116;59
2117;7
2118;15
2119;84
2120;54
2121;27
2122;39
2123;46
2124;8
2125;17
2126;80
2127;19
2128;44
2129;55
2130;26
2131;14
2132;35
2133;52
2134;35
2135;42
2136;24
2137;2
2138;4
2139;67
2140;49
2141;37
2142;56
2143;64
2144;22
2145;48
2146;40
2147;2
2148;4
2149;41
2150;40
2151;16
2152;64
2153;51
2154;50
2155;80
2156;20
2157;97
2158;49
2159;69
2160;34
2161;35
2162;18
2163;2
2164;47
2165;42
2166;4
2167;16
2168;70
2169;66
2170;39
2171;51
2172;53
2173;89
2174;49
2175;27
2176;68
2177;62
2178;82
2179;52
2180;34
2181;32
2182;18
2183;15
2184;69
2185;67
2186;79
2187;80
2188;45
2189;49
2190;14
2191;9
2192;17
2193;87
2194;55
2195;30
2196;46
2197;12
2198;16
2199;64
2200;64
2201;67
2202;77
2203;71
2204;21
2205;61
2206;62
2207;6
2208;14
2209;69
2210;67
2211;52
2212;51
2213;21
2214;51
2215;71
2216;54
2217;77
2218;61
2219;12
2220;53
2221;56
2222;50
2223;69
2224;39
2225;45
2226;30
2227;11
2228;92
2229;63
2230;64
2231;40
2232;64
2233;75
2234;35
2235;86
2236;44
2237;48
2238;65
2239;84
2240;85
2241;39
2242;45
2243;17
2244;8
2245;47
2246;40
2247;3
2248;53
2249;52
2250;22
2251;91
2252;43
2253;72
2254;56
2255;60
2256;73
2257;89
2258;60
2259;57
2260;26
2261;9
2262;13
2263;56
2264;34
2265;13
2266;17
2267;49
2268;48
2269;8
2270;14
2271;57
2272;28
2273;7
2274;8
2275;12
2276;25
2277;27
2278;18
2279;1
2280;51
2281;62
2282;56
2283;53
2284;26
2285;37
2286;4
2287;1
2288;62
2289;68
2290;24
2291;57
2292;78
2293;30
2294;20
2295;13
2296;67
2297;71
2298;44
2299;38
2300;0
2301;45
2302;16
2303;17
2304;19
2305;84
2306;35
2307;44
2308;24
2309;8
2310;3
2311;5
2312;76
2313;59
2314;46
2315;60
2316;63
2317;31
2318;15
2319;11
2320;67
2321;55
2322;40
2323;70
2324;42
2325;59
2326;51
2327;48
2328;30
2329;32
2330;38
2331;11
2332;1
2333;59
2334;56
2335;34
2336;60
2337;7
2338;10
2339;71
2340;47
2341;37
2342;4
2343;59
2344;25
2345;28
2346;91
2347;69
2348;29
2349;22
2350;22
2351;42
2352;56
2353;30
2354;24
2355;11
2356;2
2357;81
2358;70
2359;65
2360;68
2361;48
2362;58
2363;50
2364;77
2365;76
2366;19
2367;19
2368;21
2369;76
2370;35
2371;49
2372;4
2373;5
2374;73
2375;63
2376;41
2377;64
2378;63
2379;64
2380;59
2381;29
2382;50
2383;46
2384;54
2385;51
2386;28
2387;67
2388;66
2389;74
2390;59
2391;38
2392;16
2393;9
2394;6
2395;40
2396;59
2397;51
2398;54
2399;22
2400;91
2401;60
2402;73
2403;44
2404;61
2405;39
2406;16
2407;15
2408;14
2409;73
2410;25
2411;19
2412;18
2413;5
2414;66
2415;90
2416;59
2417;51
2418;54
2419;82
2420;47
2421;50
2422;51
2423;46
2424;16
2425;14
2426;37
2427;23
2428;19
2429;19
2430;22
2431;22
2432;40
2433;21
2434;4
2435;2
2436;78
2437;63
2438;41
2439;60
2440;15
2441;8
2442;12
2443;19
2444;25
2445;44
2446;32
2447;16
2448;20
2449;26
2450;68
2451;64
2452;35
2453;35
2454;3
2455;2
2456;67
2457;83
2458;49
2459;72
2460;76
2461;39
2462;39
2463;25
2464;81
2465;32
2466;69
2467;19
2468;77
2469;34
2470;24
2471;82
2472;24
2473;20
2474;33
2475;21
2476;71
2477;20
2478;41
2479;53
2480;17
2481;12
2482;45
2483;28
2484;8
2485;11
2486;62
2487;43
2488;18
2489;17
2490;67
2491;66
2492;38
2493;70
2494;62
2495;62
2496;35
2497;13
2498;56
2499;42
2500;64
2501;73
2502;24
2503;61
2504;30
2505;3
2506;7
2507;29
2508;54
2509;49
2510;67
2511;22
2512;50
2513;71
2514;61
2515;89
2516;45
2517;64
2518;63
2519;74
2520;40
2521;7
2522;49
2523;21
2524;22
2525;60
2526;43
2527;45
2528;2
2529;60
2530;52
2531;58
2532;48
2533;43
2534;15
2535;6
2536;53
2537;53
2538;34
2539;6
2540;14
2541;91
2542;57
2543;77
2544;30
2545;28
2546;4
2547;71
2548;35
2549;47
2550;58
2551;7
2552;17
2553;68
2554;21
2555;4
2556;2
2557;83
2558;76
2559;39
2560;31
2561;13
2562;62
2563;40
2564;24
2565;23
2566;24
2567;65
2568;37
2569;47
2570;10
2571;12
2572;20
2573;59
2574;57
2575;21
2576;48
2577;11
2578;13
2579;62
2580;68
2581;77
2582;28
2583;41
2584;14
2585;15
2586;40
2587;88
2588;29
2589;52
2590;45
2591;64
2592;16
2593;12
2594;88
2595;64
2596;20
2597;2
2598;91
2599;65
2600;63
2601;65
2602;50
2603;38
2604;53
2605;52
2606;49
2607;46
2608;58
2609;40
2610;66
2611;27
2612;70
2613;33
2614;43
2615;27
2616;13
2617;1
2618;70
2619;19
2620;40
2621;87
2622;34
2623;40
2624;1
2625;48
2626;66
2627;39
2628;43
2629;13
2630;2
2631;33
2632;43
2633;1
2634;13
2635;45
2636;33
2637;28
2638;34
2639;36
2640;4
2641;3
2642;27
2643;57
2644;61
2645;79
2646;27
2647;41
2648;55
2649;17
2650;55
2651;37
2652;55
2653;73
2654;83
2655;65
2656;76
2657;63
2658;70
2659;60
2660;55
2661;55
2662;84
2663;64
2664;63
2665;20
2666;51
2667;71
2668;34
2669;12
2670;51
2671;29
2672;15
2673;69
2674;22
2675;49
2676;29
2677;69
2678;52
2679;50
2680;92
2681;52
2682;35
2683;68
2684;40
2685;59
2686;47
2687;95
2688;21
2689;76
2690;60
2691;48
2692;87
2693;74
2694;91
2695;55
2696;84
2697;58
2698;54
2699;43
2700;42
2701;3
2702;48
2703;31
2704;64
2705;27
2706;19
2707;35
2708;56
2709;39
2710;59
2711;10
2712;8
2713;43
2714;57
2715;38
2716;14
2717;11
2718;87
2719;73
2720;48
2721;53
2722;45
2723;64
2724;78
2725;50
2726;46
2727;20
2728;67
2729;45
2730;24
2731;19
2732;76
2733;76
2734;19
2735;24
2736;56
2737;47
2738;12
2739;12
2740;28
2741;55
2742;81
2743;46
2744;38
2745;2
2746;0
2747;50
2748;32
2749;18
2750;8
2751;41
2752;46
2753;58
2754;56
2755;21
2756;35
2757;49
2758;43
2759;4
2760;13
2761;34
2762;62
2763;8
2764;6
2765;21
2766;88
2767;32
2768;28
2769;1
2770;73
2771;57
2772;65
2773;56
2774;19
2775;65
2776;53
2777;23
2778;35
2779;78
2780;33
2781;52
2782;43
2783;21
2784;88
2785;62
2786;50
2787;15
2788;12
2789;18
2790;57
2791;66
2792;34
2793;35
2794;16
2795;1
2796;62
2797;13
2798;7
2799;69
2800;41
2801;26
2802;11
2803;9
2804;28
2805;82
2806;65
2807;41
2808;10
2809;14
2810;57
2811;30
2812;23
2813;18
2814;2
2815;27
2816;32
2817;13
2818;6
2819;16
2820;50
2821;84
2822;72
2823;46
2824;74
2825;54
2826;69
2827;37
2828;35
2829;1
2830;10
2831;38
2832;49
2833;53
2834;23
2835;27
2836;30
2837;3
2838;79
2839;31
2840;72
2841;52
2842;48
2843;33
2844;53
2845;74
2846;78
2847;91
2848;34
2849;23
2850;65
2851;89
2852;77
2853;34
2854;30
2855;14
2856;54
2857;92
2858;28
2859;3
2860;3
2861;0
2862;45
2863;59
2864;16
2865;7
2866;26
2867;47
2868;87
2869;71
2870;58
2871;74
2872;28
2873;51
2874;79
2875;20
2876;75
2877;58
2878;92
2879;53
2880;49
2881;47
2882;68
2883;20
2884;24
2885;50
2886;20
2887;30
2888;1
2889;1
2890;12
2891;55
2892;69
2893;61
2894;47
2895;87
2896;54
2897;60
2898;57
2899;47
2900;9
2901;68
2902;35
2903;42
2904;63
2905;45
2906;73
2907;66
2908;47
2909;21
2910;22
2911;24
2912;35
2913;43
2914;5
2915;5
2916;91
2917;63
2918;47
2919;33
2920;41
2921;7
2922;16
2923;18
2924;13
2925;44
2926;24
2927;14
2928;2
2929;42
2930;38
2931;34
2932;66
2933;31
2934;29
2935;61
2936;37
2937;51
2938;50
2939;54
2940;51
2941;29
2942;10
2943;63
2944;73
2945;41
2946;40
2947;26
2948;9
2949;17
2950;49
2951;42
2952;7
2953;7
2954;7
2955;19
2956;51
2957;64
2958;61
2959;59
2960;50
2961;52
2962;13
2963;6
2964;32
2965;57
2966;69
2967;93
2968;47
2969;70
2970;62
2971;53
2972;38
2973;35
2974;1
2975;70
2976;75
2977;69
2978;21
2979;72
2980;52
2981;30
2982;55
2983;91
2984;22
2985;44
2986;63
2987;20
2988;40
2989;25
2990;50
2991;49
2992;22
2993;78
2994;68
2995;64
2996;29
2997;61
2998;59
2999;60
3000;16
3001;14
3002;61
3003;77
3004;51
3005;83
3006;45
3007;64
3008;66
3009;60
3010;29
3011;49
3012;84
3013;70
3014;57
3015;13
3016;55
3017;44
3018;49
3019;12
3020;15
3021;30
3022;85
3023;19
3024;27
3025;38
3026;30
3027;53
3028;64
3029;60
3030;18
3031;64
3032;63
3033;51
3034;49
3035;17
3036;6
3037;6
3038;49
3039;37
3040;62
3041;19
3042;31
3043;63
3044;67
3045;30
3046;28
3047;17
3048;3
3049;4
3050;24
3051;38
3052;56
3053;92
3054;75
3055;40
3056;59
3057;48
3058;14
3059;12
3060;41
3061;13
3062;11
3063;56
3064;67
3065;50
3066;29
3067;75
3068;57
3069;89
3070;28
3071;24
3072;4
3073;10
3074;71
3075;88
3076;49
3077;42
3078;17
3079;16
3080;63
3081;68
3082;68
3083;67
3084;49
3085;101
3086;38
3087;17
3088;27
3089;52
3090;73
3091;77
3092;55
3093;85
3094;31
3095;80
3096;31
3097;93
3098;27
3099;44
3100;62
3101;15
3102;11
3103;32
3104;70
3105;81
3106;48
3107;35
3108;58
3109;63
3110;59
3111;73
3112;85
3113;41
3114;52
3115;35
3116;79
3117;29
3118;27
3119;41
3120;5
3121;5
3122;76
3123;49
3124;87
3125;82
3126;88
3127;51
3128;54
3129;26
3130;16
3131;49
3132;37
3133;33
3134;1
3135;2
3136;87
3137;58
3138;64
3139;31
3140;26
3141;38
3142;75
3143;50
3144;57
3145;36
3146;33
3147;18
3148;6
3149;9
3150;61
3151;59
3152;7
3153;16
3154;67
3155;48
3156;58
3157;60
3158;34
3159;40
3160;58
3161;80
3162;48
3163;35
3164;18
3165;61
3166;62
3167;57
3168;7
3169;38
3170;42
3171;9
3172;29
3173;68
3174;64
3175;57
3176;49
3177;50
3178;51
3179;30
3180;31
3181;47
3182;15
3183;4
3184;42
3185;54
3186;31
3187;48
3188;0
3189;1
3190;2
3191;28
3192;31
3193;38
3194;28
3195;15
3196;16
3197;36
3198;93
3199;48
3200;29
3201;14
3202;13
3203;25
3204;25
3205;49
3206;48
3207;14
3208;0
3209;84
3210;75
3211;33
3212;45
3213;53
3214;63
3215;44
3216;44
3217;4
3218;14
3219;44
3220;49
3221;38
3222;12
3223;55
3224;70
3225;51
3226;44
3227;17
3228;47
3229;32
3230;32
3231;2
3232;74
3233;71
3234;19
3235;58
3236;29
3237;12
3238;11
3239;55
3240;59
3241;78
3242;51
3243;46
3244;39
3245;32
3246;40
3247;4
3248;1
3249;13
3250;44
3251;36
3252;2
3253;3
3254;83
3255;19
3256;24
3257;55
3258;51
3259;15
3260;50
3261;21
3262;20
3263;78
3264;23
3265;71
3266;59
3267;33
3268;11
3269;39
3270;22
3271;65
3272;63
3273;46
3274;7
3275;17
3276;60
3277;27
3278;44
3279;43
3280;10
3281;19
3282;46
3283;13
3284;46
3285;51
3286;79
3287;83
3288;62
3289;17
3290;29
3291;31
3292;17
3293;11
3294;35
3295;79
3296;48
3297;30
3298;3
3299;5
3300;4
3301;42
3302;27
3303;49
3304;78
3305;69
3306;42
3307;47
3308;30
3309;22
3310;70
3311;64
3312;52
3313;85
3314;22
3315;69
3316;34
3317;13
3318;52
3319;88
3320;79
3321;58
3322;19
3323;22
3324;45
3325;5
3326;39
3327;22
3328;47
3329;33
3330;45
3331;65
3332;51
3333;87
3334;63
3335;63
3336;81
3337;52
3338;36
3339;6
3340;79
3341;52
3342;70
3343;43
3344;32
3345;5
3346;15
3347;13
3348;0
3349;47
3350;42
3351;31
3352;51
3353;33
3354;42
3355;41
3356;15
3357;17
3358;26
3359;26
3360;59
3361;19
3362;29
3363;40
3364;10
3365;25
3366;19
3367;2
3368;3
3369;43
3370;33
3371;0
3372;20
3373;60
3374;31
3375;35
3376;5
3377;18
3378;74
3379;38
3380;45
3381;0
3382;2
3383;15
3384;14
3385;44
3386;83
3387;67
3388;30
3389;19
3390;66
3391;79
3392;45
3393;58
3394;60
3395;51
3396;19
3397;27
3398;1
3399;5
3400;32
3401;19
3402;21
3403;25
3404;23
3405;24
3406;46
3407;48
3408;67
3409;41
3410;35
3411;19
3412;45
3413;5
3414;0
3415;13
3416;67
3417;55
3418;67
3419;66
3420;73
3421;50
3422;66
3423;65
3424;69
3425;21
3426;86
3427;49
3428;43
3429;1
3430;2
3431;36
3432;16
3433;7
3434;21
3435;70
3436;26
3437;92
3438;32
3439;52
3440;53
3441;47
3442;34
3443;44
3444;28
3445;15
3446;2
3447;10
3448;37
3449;49
3450;30
3451;25
3452;4
3453;5
3454;64
3455;60
3456;78
3457;69
3458;38
3459;66
3460;61
3461;65
3462;69
3463;50
3464;31
3465;56
3466;76
3467;25
3468;87
3469;29
3470;59
3471;59
3472;51
3473;70
3474;65
3475;69
3476;29
3477;58
3478;83
3479;22
3480;59
3481;89
3482;21
3483;70
3484;73
3485;54
3486;64
3487;39
3488;62
3489;54
3490;37
3491;39
3492;40
3493;6
3494;3
3495;5
3496;68
3497;58
3498;36
3499;26
3500;2
3501;4
3502;48
3503;79
3504;61
3505;23
3506;66
3507;74
3508;59
3509;26
3510;86
3511;37
3512;48
3513;13
3514;9
3515;8
3516;42
3517;26
3518;2
3519;16
3520;32
3521;37
3522;3
3523;5
3524;39
3525;53
3526;60
3527;64
3528;91
3529;80
3530;70
3531;52
3532;56
3533;32
3534;63
3535;68
3536;59
3537;7
3538;6
3539;39
3540;83
3541;63
3542;73
3543;25
3544;25
3545;45
3546;2
3547;0
3548;24
3549;49
3550;63
3551;81
3552;34
3553;61
3554;57
3555;15
3556;18
3557;76
3558;54
3559;46
3560;12
3561;7
3562;27
3563;46
3564;17
3565;8
3566;47
3567;35
3568;16
3569;3
3570;72
3571;72
3572;22
3573;60
3574;21
3575;33
3576;45
3577;55
3578;86
3579;53
3580;18
3581;11
3582;61
3583;50
3584;14
3585;63
3586;40
3587;48
3588;72
3589;36
3590;55
3591;65
3592;27
3593;4
3594;1
3595;28
3596;47
3597;8
3598;10
3599;27
3600;46
3601;56
3602;69
3603;61
3604;62
3605;45
3606;67
3607;62
3608;49
3609;74
3610;41
3611;79
3612;49
3613;42
3614;28
3615;2
3616;1
3617;75
3618;48
3619;41
3620;67
3621;41
3622;45
3623;3
3624;5
3625;2
3626;5
3627;84
3628;56
3629;42
3630;8
3631;12
3632;17
3633;83
3634;70
3635;47
3636;69
3637;58
3638;80
3639;27
3640;46
3641;58
3642;31
3643;34
3644;7
3645;13
3646;36
3647;62
3648;11
3649;13
3650;62
3651;35
3652;61
3653;88
3654;48
3655;34
3656;29
3657;25
3658;58
3659;65
3660;51
3661;51
3662;27
3663;38
3664;19
3665;38
3666;31
3667;56
3668;84
3669;22
3670;55
3671;63
3672;54
3673;56
3674;48
3675;75
3676;53
3677;21
3678;67
3679;87
3680;65
3681;60
3682;61
3683;12
3684;31
3685;16
3686;15
3687;53
3688;37
3689;81
3690;37
3691;62
3692;48
3693;52
3694;77
3695;33
3696;74
3697;47
3698;69
3699;62
3700;40
3701;34
3702;4
3703;2
3704;45
3705;57
3706;20
3707;46
3708;58
3709;44
3710;67
3711;76
3712;50
3713;52
3714;35
3715;20
3716;62
3717;20
3718;74
3719;62
3720;78
3721;57
3722;55
3723;63
3724;23
3725;23
3726;65
3727;69
3728;58
3729;63
3730;62
3731;72
3732;75
3733;63
3734;46
3735;50
3736;68
3737;87
3738;70
3739;38
3740;41
3741;11
3742;10
3743;44
3744;67
3745;46
3746;69
3747;78
3748;62
3749;59
3750;52
3751;39
3752;53
3753;48
3754;31
3755;1
3756;72
3757;63
3758;66
3759;19
3760;74
3761;62
3762;77
3763;72
3764;37
3765;26
3766;6
3767;18
3768;13
3769;20
3770;33
3771;27
3772;17
3773;17
3774;97
3775;67
3776;60
3777;31
3778;17
3779;69
3780;24
3781;53
3782;65
3783;65
3784;62
3785;48
3786;33
3787;60
3788;46
3789;55
3790;12
3791;8
3792;60
3793;39
3794;54
3795;65
3796;36
3797;39
3798;16
3799;17
3800;78
3801;65
3802;50
3803;65
3804;91
3805;77
3806;62
3807;31
3808;66
3809;42
3810;68
3811;33
3812;44
3813;58
3814;52
3815;42
3816;51
3817;65
3818;36
3819;32
3820;65
3821;46
3822;72
3823;33
3824;38
3825;4
3826;2
3827;25
3828;21
3829;31
3830;31
3831;18
3832;17
3833;60
3834;42
3835;27
3836;61
3837;46
3838;76
3839;69
3840;57
3841;65
3842;59
3843;45
3844;23
3845;59
3846;61
3847;69
3848;19
3849;14
3850;3
3851;77
3852;20
3853;52
3854;45
3855;56
3856;59
3857;35
3858;28
3859;4
3860;3
3861;10
3862;47
3863;74
3864;27
3865;26
3866;1
3867;58
3868;47
3869;46
3870;32
3871;23
3872;1
3873;48
3874;23
3875;38
3876;69
3877;53
3878;27
3879;42
3880;43
3881;34
3882;60
3883;25
3884;25
3885;55
3886;73
3887;20
3888;45
3889;44
3890;13
3891;16
3892;64
3893;58
3894;43
3895;30
3896;30
3897;0
3898;4
3899;33
3900;35
3901;3
3902;56
3903;62
3904;45
3905;45
3906;8
3907;17
3908;13
3909;32
3910;20
3911;56
3912;42
3913;42
3914;43
3915;35
3916;16
3917;35
3918;38
3919;21
3920;21
3921;20
3922;63
3923;47
3924;18
3925;11
3926;27
3927;50
3928;62
3929;73
3930;74
3931;66
3932;71
3933;19
3934;29
3935;19
3936;25
3937;4
3938;24
3939;23
3940;56
3941;21
3942;46
3943;31
3944;35
3945;10
3946;15
3947;48
3948;35
3949;7
3950;15
3951;58
3952;39
3953;45
3954;4
3955;0
3956;62
3957;75
3958;66
3959;68
3960;49
3961;73
3962;62
3963;68
3964;39
3965;18
3966;7
3967;59
3968;88
3969;68
3970;92
3971;33
3972;68
3973;49
3974;30
3975;75
3976;24
3977;74
3978;52
3979;21
3980;41
3981;0
3982;4
3983;66
3984;48
3985;62
3986;31
3987;51
3988;70
3989;49
3990;47
3991;39
3992;39
3993;7
3994;1
3995;53
3996;39
3997;31
3998;3
3999;1
4000;60
4001;31
4002;73
4003;59
4004;58
4005;41
4006;13
4007;8
4008;59
4009;60
4010;71
4011;59
4012;60
4013;59
4014;61
4015;43
4016;31
4017;9
4018;5
4019;72
4020;41
4021;24
4022;87
4023;19
4024;44
4025;18
4026;2
4027;1
4028;33
4029;80
4030;22
4031;62
4032;35
4033;16
4034;7
4035;57
4036;41
4037;8
4038;15
4039;73
4040;47
4041;11
4042;17
4043;40
4044;24
4045;75
4046;56
4047;72
4048;58
4049;83
4050;46
4051;54
4052;16
4053;13
4054;7
4055;60
4056;68
4057;87
4058;31
4059;65
4060;54
4061;44
4062;78
4063;33
4064;62
4065;65
4066;46
4067;58
4068;58
4069;28
4070;42
4071;46
4072;2
4073;49
4074;69
4075;24
4076;76
4077;31
4078;81
4079;50
4080;19
4081;62
4082;51
4083;50
4084;7
4085;11
4086;32
4087;61
4088;16
4089;14
4090;51
4091;37
4092;16
4093;49
4094;30
4095;19
4096;63
4097;38
4098;80
4099;99
4100;36
4101;23
4102;76
4103;59
4104;21
4105;21
4106;55
4107;25
4108;42
4109;39
4110;35
4111;47
4112;35
4113;69
4114;68
4115;52
4116;91
4117;70
4118;37
4119;59
4120;55
4121;37
4122;20
4123;16
4124;45
4125;37
4126;53
4127;13
4128;62
4129;65
4130;19
4131;71
4132;61
4133;60
4134;86
4135;46
4136;19
4137;54
4138;31
4139;41
4140;1
4141;15
4142;5
4143;64
4144;64
4145;38
4146;59
4147;16
4148;29
4149;74
4150;73
4151;83
4152;32
4153;29
4154;8
4155;15
4156;91
4157;78
4158;49
4159;57
4160;71
4161;49
4162;57
4163;45
4164;29
4165;14
4166;14
4167;1
4168;59
4169;50
4170;17
4171;17
4172;62
4173;26
4174;92
4175;22
4176;61
4177;63
4178;19
4179;21
4180;44
4181;49
4182;13
4183;13
4184;20
4185;32
4186;60
4187;55
4188;14
4189;9
4190;74
4191;64
4192;71
4193;78
4194;67
4195;51
4196;35
4197;50
4198;49
4199;72
4200;51
4201;36
4202;56
4203;18
4204;18
4205;62
4206;31
4207;46
4208;17
4209;15
4210;43
4211;28
4212;9
4213;62
4214;56
4215;52
4216;82
4217;60
4218;62
4219;65
4220;42
4221;67
4222;47
4223;50
4224;9
4225;52
4226;52
4227;22
4228;70
4229;77
4230;21
4231;76
4232;22
4233;56
4234;37
4235;23
4236;8
4237;50
4238;70
4239;29
4240;27
4241;4
4242;54
4243;8
4244;37
4245;32
4246;15
4247;17
4248;70
4249;68
4250;32
4251;24
4252;57
4253;73
4254;43
4255;40
4256;13
4257;15
4258;62
4259;55
4260;77
4261;44
4262;37
4263;5
4264;1
4265;38
4266;32
4267;0
4268;1
4269;40
4270;29
4271;6
4272;18
4273;86
4274;42
4275;36
4276;0
4277;16
4278;83
4279;51
4280;19
4281;80
4282;29
4283;56
4284;7
4285;64
4286;42
4287;61
4288;17
4289;33
4290;40
4291;17
4292;51
4293;20
4294;27
4295;58
4296;80
4297;60
4298;71
4299;51
4300;78
4301;60
4302;46
4303;36
4304;7
4305;4
4306;95
4307;79
4308;41
4309;30
4310;91
4311;85
4312;87
4313;58
4314;76
4315;81
4316;51
4317;40
4318;35
4319;12
4320;0
4321;58
4322;77
4323;67
4324;38
4325;65
4326;77
4327;52
4328;73
4329;28
4330;44
4331;10
4332;7
4333;50
4334;57
4335;9
4336;15
4337;56
4338;84
4339;29
4340;22
4341;2
4342;6
4343;5
4344;60
4345;54
4346;63
4347;28
4348;65
4349;40
4350;73
4351;36
4352;83
4353;51
4354;91
4355;51
4356;60
4357;19
4358;43
4359;40
4360;63
4361;72
4362;34
4363;58
4364;79
4365;70
4366;54
4367;56
4368;8
4369;42
4370;56
4371;13
4372;16
4373;55
4374;48
4375;49
4376;59
4377;62
4378;21
4379;70
4380;41
4381;93
4382;39
4383;24
4384;5
4385;5
4386;46
4387;70
4388;30
4389;53
4390;59
4391;55
4392;59
4393;63
4394;76
4395;43
4396;54
4397;13
4398;31
4399;26
4400;3
4401;14
4402;1
4403;35
4404;63
4405;32
4406;36
4407;2
4408;5
4409;37
4410;15
4411;53
4412;11
4413;38
4414;54
4415;14
4416;8
4417;13
4418;50
4419;62
4420;24
4421;75
4422;52
4423;35
4424;46
4425;66
4426;70
4427;69
4428;51
4429;45
4430;22
4431;64
4432;33
4433;74
4434;58
4435;35
4436;32
4437;7
4438;14
4439;47
4440;26
4441;6
4442;15
4443;49
4444;54
4445;11
4446;11
4447;59
4448;57
4449;51
4450;83
4451;57
4452;86
4453;48
4454;54
4455;21
4456;51
4457;87
4458;67
4459;75
4460;59
4461;79
4462;75
4463;49
4464;62
4465;68
4466;54
4467;63
4468;35
4469;28
4470;2
4471;16
4472;12
4473;21
4474;73
4475;33
4476;49
4477;13
4478;9
4479;28
4480;72
4481;84
4482;47
4483;66
4484;77
4485;26
4486;13
4487;52
4488;33
4489;73
4490;31
4491;28
4492;61
4493;15
4494;56
4495;11
4496;13
4497;61
4498;51
4499;81
4500;53
4501;58
4502;61
4503;39
4504;64
4505;27
4506;33
4507;29
4508;11
4509;10
4510;31
4511;40
4512;4
4513;3
4514;54
4515;73
4516;55
4517;55
4518;10
4519;72
4520;55
4521;74
4522;22
4523;25
4524;63
4525;43
4526;47
4527;51
4528;51
4529;47
4530;60
4531;53
4532;21
4533;20
4534;78
4535;32
4536;48
4537;46
4538;14
4539;15
4540;16
4541;41
4542;51
4543;42
4544;38
4545;35
4546;7
4547;66
4548;31
4549;33
4550;43
4551;7
4552;14
4553;18
4554;32
4555;45
4556;7
4557;7
4558;49
4559;27
4560;17
4561;17
4562;41
4563;63
4564;22
4565;35
4566;45
4567;46
4568;49
4569;29
4570;4
4571;4
4572;45
4573;55
4574;56
4575;35
4576;55
4577;66
4578;58
4579;40
4580;11
4581;51
4582;47
4583;62
4584;33
4585;47
4586;64
4587;22
4588;3
4589;65
4590;63
4591;38
4592;57
4593;11
4594;22
4595;60
4596;32
4597;62
4598;68
4599;52
4600;65
4601;48
4602;66
4603;70
4604;30
4605;59
4606;15
4607;11
4608;63
4609;85
4610;85
4611;72
4612;51
4613;50
4614;67
4615;58
4616;33
4617;28
4618;15
4619;14
4620;68
4621;77
4622;58
4623;30
4624;61
4625;23
4626;20
4627;78
4628;31
4629;30
4630;43
4631;44
4632;6
4633;8
4634;50
4635;77
4636;59
4637;74
4638;59
4639;63
4640;54
4641;18
4642;52
4643;42
4644;71
4645;72
4646;52
4647;66
4648;33
4649;39
4650;7
4651;4
4652;36
4653;48
4654;72
4655;57
4656;38
4657;61
4658;44
4659;47
4660;9
4661;10
4662;58
4663;36
4664;14
4665;11
4666;48
4667;55
4668;49
4669;35
4670;4
4671;4
4672;46
4673;55
4674;81
4675;61
4676;54
4677;36
4678;31
4679;46
4680;3
4681;5
4682;19
4683;3
4684;5
4685;28
4686;35
4687;3
4688;2
4689;64
4690;59
4691;52
4692;27
4693;60
4694;19
4695;37
4696;39
4697;61
4698;45
4699;38
4700;12
4701;16
4702;35
4703;1
4704;56
4705;37
4706;20
4707;23
4708;13
4709;18
4710;93
4711;52
4712;26
4713;26
4714;54
4715;77
4716;60
4717;60
4718;47
4719;15
4720;19
4721;21
4722;76
4723;55
4724;61
4725;61
4726;55
4727;67
4728;22
4729;64
4730;62
4731;50
4732;54
4733;81
4734;65
4735;36
4736;34
4737;14
4738;6
4739;3
4740;69
4741;33
4742;37
4743;15
4744;13
4745;46
4746;19
4747;4
4748;0
4749;55
4750;93
4751;61
4752;51
4753;64
4754;30
4755;50
4756;62
4757;40
4758;16
4759;72
4760;44
4761;77
4762;49
4763;37
4764;12
4765;6
4766;73
4767;38
4768;49
4769;16
4770;13
4771;68
4772;20
4773;77
4774;46
4775;55
4776;26
4777;8
4778;18
4779;44
4780;52
4781;15
4782;12
4783;45
4784;47
4785;2
4786;4
4787;71
4788;28
4789;41
4790;54
4791;61
4792;9
4793;9
4794;17
4795;25
4796;34
4797;32
4798;6
4799;1
4800;35
4801;30
4802;5
4803;25
4804;49
4805;34
4806;19
4807;4
4808;4
4809;0
4810;55
4811;40
4812;27
4813;56
4814;61
4815;33
4816;69
4817;69
4818;77
4819;58
4820;62
4821;26
4822;35
4823;11
4824;3
4825;38
4826;47
4827;56
4828;14
4829;30
4830;20
4831;4
4832;4
4833;5
4834;52
4835;24
4836;42
4837;29
4838;44
4839;55
4840;33
4841;66
4842;54
4843;29
4844;38
4845;15
4846;6
4847;1
4848;29
4849;27
4850;8
4851;1
4852;60
4853;21
4854;30
4855;53
4856;19
4857;21
4858;60
4859;65
4860;24
4861;31
4862;3
4863;84
4864;56
4865;53
4866;61
4867;65
4868;52
4869;70
4870;62
4871;60
4872;27
4873;49
4874;19
4875;38
4876;73
4877;57
4878;78
4879;78
4880;28
4881;72
4882;83
4883;57
4884;21
4885;60
4886;52
4887;15
4888;13
4889;38
4890;37
4891;7
4892;12
4893;31
4894;57
4895;60
4896;59
4897;61
4898;33
4899;87
4900;62
4901;20
4902;51
4903;69
4904;36
4905;20
4906;0
4907;4
4908;54
4909;34
4910;70
4911;56
4912;64
4913;24
4914;39
4915;3
4916;0
4917;61
4918;63
4919;38
4920;32
4921;0
4922;18
4923;53
4924;78
4925;57
4926;38
4927;69
4928;54
4929;79
4930;47
4931;24
4932;59
4933;27
4934;53
4935;24
4936;45
4937;65
4938;87
4939;50
4940;51
4941;13
4942;46
4943;7
4944;16
4945;76
4946;70
4947;41
4948;41
4949;7
4950;30
4951;70
4952;84
4953;67
4954;57
4955;31
4956;71
4957;25
4958;76
4959;48
4960;57
4961;60
4962;52
4963;54
4964;58
4965;53
4966;59
4967;54
4968;63
4969;77
4970;72
4971;85
4972;70
4973;46
4974;29
4975;12
4976;18
4977;7
4978;18
4979;64
4980;52
4981;27
4982;9
4983;74
4984;59
4985;31
4986;72
4987;61
4988;31
4989;22
4990;5
4991;1
4992;83
4993;51
4994;68
4995;33
4996;22
4997;19
4998;56
4999;39
5000;58
5001;28
5002;11
5003;8
5004;68
5005;83
5006;85
5007;78
5008;81
5009;47
5010;31
5011;16
5012;70
5013;38
5014;48
5015;27
5016;17
5017;17
5018;7
5019;54
5020;56
5021;12
5022;11
5023;9
5024;14
5025;50
5026;44
5027;46
5028;8
5029;10
5030;72
5031;47
5032;18
5033;80
5034;29
5035;6
5036;67
5037;84
5038;27
5039;40
5040;12
5041;7
5042;27
5043;44
5044;33
5045;20
5046;56
5047;68
5048;56
5049;25
5050;60
5051;66
5052;41
5053;36
5054;53
5055;13
5056;55
5057;62
5058;45
5059;38
5060;67
5061;33
5062;42
5063;2
5064;17
5065;43
5066;62
5067;38
5068;14
5069;35
5070;17
5071;49
5072;25
5073;43
5074;91
5075;29
5076;59
5077;65
5078;67
5079;40
5080;23
5081;3
5082;54
5083;81
5084;70
5085;37
5086;77
5087;44
5088;38
5089;6
5090;1
5091;59
5092;55
5093;17
5094;46
5095;41
5096;7
5097;15
5098;75
5099;72
5100;21
5101;43
5102;3
5103;49
5104;54
5105;72
5106;20
5107;33
5108;70
5109;57
5110;70
5111;26
5112;96
5113;79
5114;45
5115;73
5116;29
5117;64
5118;37
5119;52
5120;48
5121;18
5122;15
5123;83
5124;50
5125;63
5126;70
5127;20
5128;45
5129;60
5130;58
5131;35
5132;61
5133;39
5134;16
5135;18
5136;55
5137;64
5138;53
5139;11
5140;9
5141;18
5142;28
5143;20
5144;4
5145;1
5146;22
5147;45
5148;3
5149;4
5150;9
5151;60
5152;61
5153;40
5154;48
5155;9
5156;11
5157;19
5158;83
5159;69
5160;37
5161;12
5162;43
5163;35
5164;4
5165;16
5166;14
5167;35
5168;10
5169;56
5170;50
5171;43
5172;28
5173;49
5174;5
5175;3
5176;60
5177;37
5178;84
5179;54
5180;43
5181;58
5182;25
5183;70
5184;73
5185;22
5186;23
5187;60
5188;7
5189;12
5190;27
5191;91
5192;37
5193;56
5194;61
5195;65
5196;74
5197;47
5198;44
5199;34
5200;11
5201;1
5202;71
5203;56
5204;53
5205;27
5206;43
5207;48
5208;58
5209;15
5210;6
5211;41
5212;64
5213;21
5214;78
5215;43
5216;32
5217;38
5218;0
5219;15
5220;60
5221;56
5222;45
5223;76
5224;62
5225;34
5226;7
5227;6
5228;72
5229;61
5230;36
5231;45
5232;39
5233;74
5234;39
5235;11
5236;18
5237;50
5238;87
5239;22
5240;72
5241;64
5242;26
5243;56
5244;71
5245;47
5246;44
5247;4
5248;17
5249;21
5250;86
5251;22
5252;70
5253;85
5254;56
5255;33
5256;68
5257;88
5258;68
5259;20
5260;36
5261;5
5262;72
5263;30
5264;56
5265;48
5266;44
5267;83
5268;64
5269;62
5270;68
5271;49
5272;78
5273;19
5274;59
5275;61
5276;58
5277;66
5278;22
5279;64
5280;71
5281;55
5282;72
5283;59
5284;52
5285;63
5286;58
5287;50
5288;22
5289;55
5290;64
5291;52
5292;68
5293;83
5294;58
5295;22
5296;35
5297;2
5298;2
5299;43
5300;76
5301;93
5302;36
5303;69
5304;43
5305;39
5306;9
5307;2
5308;29
5309;25
5310;1
5311;0
5312;68
5313;62
5314;87
5315;49
5316;35
5317;7
5318;14
5319;45
5320;54
5321;51
5322;15
5323;11
5324;63
5325;17
5326;41
5327;62
5328;15
5329;30
5330;61
5331;59
5332;43
5333;48
5334;8
5335;18
5336;32
5337;59
5338;41
5339;58
5340;22
5341;26
5342;56
5343;83
5344;64
5345;18
5346;28
5347;64
5348;50
5349;6
5350;11
5351;58
5352;32
5353;58
5354;23
5355;62
5356;22
5357;21
5358;51
5359;29
5360;62
5361;9
5362;49
5363;69
5364;23
5365;49
5366;10
5367;18
5368;20
5369;32
5370;70
5371;30
5372;49
5373;15
5374;9
5375;15
5376;53
5377;25
5378;64
5379;23
5380;82
5381;61
5382;70
5383;64
5384;85
5385;22
5386;38
5387;3
5388;5
5389;34
5390;31
5391;4
5392;4
5393;55
5394;50
5395;7
5396;18
5397;55
5398;60
5399;52
5400;76
5401;51
5402;64
5403;52
5404;27
5405;78
5406;19
5407;66
5408;68
5409;63
5410;78
5411;24
5412;29
5413;72
5414;71
5415;35
5416;20
5417;3
5418;4
5419;2
5420;48
5421;15
5422;88
5423;59
5424;49
5425;80
5426;58
5427;96
5428;26
5429;74
5430;78
5431;69
5432;53
5433;61
5434;40
5435;60
5436;39
5437;15
5438;14
5439;57
5440;72
5441;48
5442;13
5443;18
5444;80
5445;19
5446;71
5447;86
5448;25
5449;60
5450;54
5451;65
5452;24
5453;37
5454;11
5455;1
5456;0
5457;61
5458;27
5459;61
5460;18
5461;17
5462;14
5463;49
5464;81
5465;19
5466;50
5467;68
5468;74
5469;24
5470;63
5471;25
5472;22
5473;66
5474;58
5475;11
5476;7
5477;44
5478;48
5479;4
5480;11
5481;65
5482;72
5483;37
5484;34
5485;15
5486;9
5487;15
5488;29
5489;74
5490;56
5491;71
5492;23
5493;59
5494;63
5495;58
5496;83
5497;47
5498;36
5499;20
5500;45
5501;22
5502;65
5503;58
5504;64
5505;31
5506;49
5507;1
5508;18
5509;4
5510;62
5511;72
5512;86
5513;63
5514;75
5515;24
5516;64
5517;39
5518;51
5519;37
5520;15
5521;10
5522;85
5523;65
5524;56
5525;20
5526;66
5527;54
5528;28
5529;63
5530;16
5531;36
5532;61
5533;46
5534;25
5535;22
5536;4
5537;46
5538;56
5539;73
5540;66
5541;49
5542;22
5543;21
5544;23
5545;78
5546;44
5547;75
5548;71
5549;22
5550;83
5551;39
5552;35
5553;20
5554;58
5555;26
5556;61
5557;88
5558;20
5559;58
5560;78
5561;52
5562;49
5563;52
5564;55
5565;77
5566;40
5567;49
5568;36
5569;80
5570;43
5571;45
5572;65
5573;46
5574;3
5575;40
5576;41
5577;11
5578;12
5579;76
5580;33
5581;63
5582;11
5583;14
5584;72
5585;47
5586;59
5587;17
5588;46
5589;72
5590;21
5591;58
5592;80
5593;67
5594;76
5595;76
5596;21
5597;58
5598;41
5599;8
5600;11
5601;16
5602;68
5603;34
5604;23
5605;95
5606;58
5607;38
5608;63
5609;22
5610;59
5611;66
5612;23
5613;64
5614;70
5615;72
5616;42
5617;26
5618;72
5619;66
5620;64
5621;68
5622;71
5623;84
5624;70
5625;78
5626;64
5627;70
5628;76
5629;39
5630;54
5631;68
5632;92
5633;63
5634;97
5635;66
5636;50
5637;78
5638;53
5639;51
5640;62
5641;28
5642;53
5643;62
5644;72
5645;27
5646;53
5647;26
5648;16
5649;8
5650;38
5651;63
5652;16
5653;27
5654;71
5655;71
5656;43
5657;21
5658;25
5659;66
5660;73
5661;52
5662;40
5663;16
5664;17
5665;15
5666;94
5667;44
5668;28
5669;80
5670;83
5671;49
5672;49
5673;33
5674;4
5675;2
5676;64
5677;38
5678;30
5679;33
5680;29
5681;5
5682;63
5683;67
5684;78
5685;50
5686;51
5687;16
5688;43
5689;61
5690;10
5691;45
5692;33
5693;78
5694;81
5695;71
5696;56
5697;59
5698;52
5699;46
5700;60
5701;27
5702;44
5703;61
5704;91
5705;23
5706;68
5707;37
5708;73
5709;70
5710;49
5711;20
5712;11
5713;5
5714;65
5715;61
5716;55
5717;88
5718;34
5719;49
5720;47
5721;11
5722;18
5723;38
5724;42
5725;37
5726;10
5727;18
5728;19
5729;50
5730;37
5731;8
5732;16
5733;92
5734;71
5735;92
5736;57
5737;75
5738;66
5739;41
5740;47
5741;18
5742;6
5743;54
5744;42
5745;35
5746;16
5747;8
5748;11
5749;51
5750;29
5751;15
5752;24
5753;47
5754;54
5755;66
5756;83
5757;69
5758;85
5759;63
5760;55
5761;46
5762;18
5763;43
5764;64
5765;15
5766;16
5767;24
5768;24
5769;22
5770;52
5771;69
5772;55
5773;39
5774;44
5775;18
5776;18
5777;12
5778;27
5779;62
5780;72
5781;50
5782;65
5783;74
5784;50
5785;55
5786;68
5787;50
5788;65
5789;67
5790;70
5791;70
5792;80
5793;64
5794;24
5795;73
5796;30
5797;42
5798;7
5799;11
5800;15
5801;30
5802;55
5803;24
5804;78
5805;66
5806;75
5807;54
5808;77
5809;76
5810;88
5811;80
5812;46
5813;22
5814;24
5815;47
5816;53
5817;57
5818;20
5819;27
5820;61
5821;17
5822;68
5823;43
5824;44
5825;36
5826;7
5827;10
5828;75
5829;56
5830;84
5831;78
5832;67
5833;68
5834;53
5835;61
5836;36
5837;18
5838;13
5839;44
5840;61
5841;16
5842;12
5843;69
5844;47
5845;71
5846;47
5847;52
5848;67
5849;72
5850;52
5851;57
5852;97
5853;61
5854;29
5855;49
5856;2
5857;11
5858;65
5859;75
5860;69
5861;62
5862;32
5863;17
5864;11
5865;41
5866;51
5867;58
5868;58
5869;45
5870;64
5871;43
5872;71
5873;70
5874;91
5875;69
5876;51
5877;78
5878;40
5879;64
5880;80
5881;78
5882;19
5883;40
5884;49
5885;39
5886;35
5887;4
5888;6
5889;53
5890;72
5891;33
5892;40
5893;31
5894;0
5895;1
5896;37
5897;33
5898;0
5899;2
5900;42
5901;68
5902;49
5903;47
5904;20
5905;34
5906;85
5907;47
5908;13
5909;23
5910;25
5911;31
5912;68
5913;86
5914;57
5915;21
5916;39
5917;1
5918;1
5919;13
5920;70
5921;34
5922;48
5923;65
5924;70
5925;52
5926;81
5927;61
5928;48
5929;49
5930;35
5931;46
5932;9
5933;43
5934;29
5935;13
5936;3
5937;27
5938;30
5939;64
5940;10
5941;13
5942;67
5943;52
5944;62
5945;28
5946;34
5947;18
5948;0
5949;63
5950;20
5951;49
5952;50
5953;43
5954;9
5955;93
5956;52
5957;61
5958;53
5959;72
5960;31
5961;49
5962;17
5963;11
5964;31
5965;64
5966;60
5967;35
5968;13
5969;8
5970;63
5971;41
5972;9
5973;7
5974;15
5975;94
5976;63
5977;49
5978;44
5979;13
5980;14
5981;55
5982;60
5983;84
5984;79
5985;61
5986;49
5987;31
5988;39
5989;0
5990;2
5991;55
5992;43
5993;9
5994;11
5995;19
5996;61
5997;11
5998;52
5999;76
6000;62
6001;69
6002;72
6003;52
6004;48
6005;34
6006;32
6007;10
6008;5
6009;3
6010;54
6011;70
6012;77
6013;25
6014;21
6015;22
6016;63
6017;22
6018;55
6019;25
6020;45
6021;22
6022;4
6023;45
6024;22
6025;13
6026;4
6027;19
6028;39
6029;2
6030;37
6031;46
6032;14
6033;40
6034;44
6035;30
6036;37
6037;65
6038;58
6039;61
6040;86
6041;54
6042;55
6043;68
6044;54
6045;77
6046;55
6047;68
6048;32
6049;14
6050;30
6051;64
6052;25
6053;48
6054;33
6055;15
6056;9
6057;12
6058;65
6059;62
6060;44
6061;11
6062;41
6063;11
6064;17
6065;54
6066;61
6067;53
6068;51
6069;63
6070;34
6071;48
6072;30
6073;63
6074;55
6075;30
6076;20
6077;60
6078;52
6079;56
6080;89
6081;56
6082;52
6083;56
6084;29
6085;15
6086;14
6087;21
6088;82
6089;50
6090;38
6091;3
6092;7
6093;87
6094;50
6095;30
6096;39
6097;15
6098;15
6099;49
6100;49
6101;9
6102;89
6103;82
6104;37
6105;58
6106;60
6107;69
6108;21
6109;41
6110;9
6111;13
6112;61
6113;39
6114;9
6115;58
6116;62
6117;18
6118;24
6119;40
6120;2
6121;11
6122;5
6123;49
6124;68
6125;78
6126;66
6127;30
6128;52
6129;62
6130;48
6131;39
6132;11
6133;8
6134;9
6135;59
6136;62
6137;53
6138;7
6139;19
6140;39
6141;20
6142;91
6143;67
6144;51
6145;62
6146;62
6147;23
6148;53
6149;86
6150;86
6151;42
6152;43
6153;7
6154;3
6155;57
6156;34
6157;68
6158;87
6159;76
6160;57
6161;53
6162;67
6163;54
6164;29
6165;88
6166;79
6167;49
6168;65
6169;72
6170;42
6171;34
6172;17
6173;1
6174;80
6175;62
6176;66
6177;88
6178;33
6179;55
6180;7
6181;12
6182;35
6183;58
6184;73
6185;80
6186;62
6187;32
6188;20
6189;30
6190;64
6191;61
6192;32
6193;4
6194;27
6195;51
6196;73
6197;49
6198;43
6199;24
6200;32
6201;52
6202;72
6203;30
6204;49
6205;18
6206;4
6207;80
6208;38
6209;44
6210;51
6211;53
6212;76
6213;22
6214;68
6215;64
6216;33
6217;36
6218;96
6219;69
6220;52
6221;38
6222;24
6223;43
6224;36
6225;61
6226;85
6227;58
6228;46
6229;63
6230;70
6231;51
6232;69
6233;48
6234;36
6235;47
6236;12
6237;14
6238;39
6239;63
6240;6
6241;14
6242;28
6243;21
6244;46
6245;22
6246;27
6247;4
6248;8
6249;42
6250;43
6251;3
6252;5
6253;2
6254;49
6255;78
6256;64
6257;61
6258;58
6259;60
6260;58
6261;45
6262;40
6263;2
6264;31
6265;64
6266;42
6267;68
6268;50
6269;17
6270;18
6271;74
6272;56
6273;51
6274;46
6275;42
6276;45
6277;76
6278;35
6279;14
6280;9
6281;44
6282;62
6283;30
6284;26
6285;43
6286;62
6287;86
6288;33
6289;35
6290;41
6291;13
6292;17
6293;84
6294;69
6295;59
6296;58
6297;66
6298;69
6299;26
6300;37
6301;5
6302;83
6303;45
6304;55
6305;15
6306;13
6307;91
6308;51
6309;68
6310;25
6311;19
6312;25
6313;52
6314;49
6315;41
6316;3
6317;3
6318;69
6319;41
6320;9
6321;18
6322;59
6323;21
6324;80
6325;35
6326;52
6327;53
6328;64
6329;54
6330;50
6331;50
6332;10
6333;8
6334;6
6335;35
6336;37
6337;54
6338;53
6339;21
6340;56
6341;72
6342;63
6343;24
6344;85
6345;85
6346;55
6347;73
6348;80
6349;86
6350;53
6351;10
6352;20
6353;37
6354;13
6355;4
6356;0
6357;16
6358;100
6359;89
6360;103
6361;82
6362;86
6363;68
6364;93
6365;83
6366;87
6367;90
6368;73
6369;89
6370;86
6371;84
6372;86
6373;99
6374;77
6375;75
6376;78
6377;81
6378;105
6379;93
6380;83
6381;82
6382;87
6383;92
6384;76
6385;76
6386;75
6387;67
6388;76
6389;99
6390;100
6391;80
6392;76
6393;82
6394;90
6395;95
6396;75
6397;93
6398;88
6399;99
6400;78
6401;84
6402;73
6403;101
6404;103
6405;97
6406;102
6407;91
