1;65
2;81
3;63
4;55
5;86
6;84
7;26
8;89
9;58
10;30
11;74
12;57
13;65
14;70
15;60
16;64
17;71
18;83
19;68
20;27
21;27
22;26
23;7
24;7
25;58
26;69
27;51
28;31
29;6
30;12
31;13
32;33
33;46
34;16
35;18
36;48
37;66
38;55
39;30
40;8
41;8
42;78
43;27
44;69
45;75
46;46
47;27
48;77
49;67
50;37
51;37
52;35
53;5
54;53
55;50
56;64
57;80
58;24
59;24
60;46
61;12
62;11
63;61
64;54
65;52
66;71
67;30
68;36
69;17
70;18
71;70
72;20
73;26
74;29
75;61
76;66
77;26
78;63
79;27
80;37
81;32
82;69
83;49
84;34
85;74
86;30
87;38
88;0
89;17
90;38
91;49
92;9
93;5
94;18
95;62
96;74
97;22
98;55
99;29
100;73
101;40
102;91
103;69
104;68
105;73
106;66
107;62
108;46
109;82
110;72
111;72
112;57
113;61
114;42
115;18
116;80
117;90
118;67
119;59
120;25
121;38
122;51
123;14
124;63
125;24
126;28
127;90
128;81
129;19
130;36
131;74
132;72
133;47
134;55
135;19
136;19
137;24
138;34
139;62
140;47
141;36
142;61
143;37
144;31
145;44
146;42
147;64
148;51
149;30
150;49
151;53
152;20
153;50
154;63
155;12
156;15
157;14
158;65
159;73
160;89
161;44
162;75
163;84
164;48
165;67
166;27
167;70
168;66
169;48
170;81
171;31
172;59
173;45
174;35
175;18
176;15
177;8
178;27
179;77
180;51
181;71
182;27
183;44
184;11
185;16
186;67
187;72
188;35
189;48
190;18
191;45
192;54
193;10
194;44
195;47
196;48
197;78
198;42
199;1
200;63
201;64
202;72
203;56
204;25
205;76
206;72
207;59
208;69
209;53
210;80
211;51
212;80
213;62
214;67
215;64
216;57
217;91
218;57
219;65
220;24
221;68
222;22
223;69
224;47
225;18
226;46
227;78
228;56
229;70
230;50
231;36
232;50
233;35
234;64
235;63
236;77
237;32
238;13
239;14
240;64
241;71
242;73
243;46
244;37
245;15
246;31
247;61
248;66
249;66
250;48
251;64
252;68
253;53
254;61
255;57
256;6
257;14
258;67
259;33
260;83
261;83
262;31
263;47
264;11
265;1
266;54
267;75
268;62
269;20
270;52
271;33
272;40
273;51
274;55
275;29
276;56
277;60
278;20
279;46
280;30
281;68
282;21
283;20
284;38
285;70
286;70
287;64
288;62
289;55
290;63
291;72
292;87
293;56
294;73
295;51
296;33
297;8
298;6
299;14
300;7
301;40
302;58
303;38
304;64
305;53
306;31
307;7
308;12
309;11
310;58
311;32
312;33
313;4
314;15
315;29
316;45
317;74
318;60
319;50
320;26
321;6
322;68
323;27
324;35
325;5
326;5
327;15
328;44
329;31
330;11
331;55
332;39
333;41
334;86
335;36
336;71
337;45
338;36
339;12
340;12
341;5
342;5
343;33
344;66
345;51
346;60
347;73
348;48
349;42
350;1
351;30
352;10
353;33
354;41
355;52
356;16
357;15
358;10
359;59
360;62
361;33
362;52
363;17
364;18
365;7
366;14
367;87
368;46
369;70
370;59
371;54
372;38
373;10
374;67
375;24
376;48
377;69
378;41
379;59
380;80
381;54
382;66
383;86
384;61
385;23
386;70
387;30
388;5
389;6
390;88
391;51
392;30
393;82
394;58
395;52
396;57
397;56
398;25
399;31
400;77
401;55
402;39
403;70
404;51
405;68
406;64
407;84
408;65
409;62
410;52
411;59
412;36
413;55
414;12
415;77
416;75
417;54
418;93
419;21
420;75
421;53
422;61
423;20
424;57
425;58
426;72
427;52
428;28
429;24
430;52
431;69
432;20
433;67
434;43
435;38
436;3
437;0
438;72
439;52
440;49
441;79
442;88
443;39
444;52
445;59
446;18
447;7
448;8
449;8
450;33
451;30
452;14
453;7
454;13
455;7
456;19
457;53
458;30
459;30
460;49
461;61
462;50
463;56
464;58
465;48
466;31
467;9
468;17
469;51
470;21
471;26
472;31
473;47
474;7
475;11
476;36
477;44
478;4
479;54
480;66
481;37
482;40
483;13
484;4
485;1
486;2
487;38
488;64
489;23
490;44
491;28
492;19
493;36
494;47
495;11
496;9
497;18
498;85
499;63
500;83
501;26
502;65
503;55
504;54
505;64
506;46
507;64
508;53
509;58
510;33
511;8
512;18
513;29
514;44
515;4
516;9
517;34
518;54
519;57
520;52
521;68
522;77
523;28
524;25
525;64
526;58
527;66
528;53
529;42
530;34
531;36
532;7
533;10
534;37
535;80
536;22
537;19
538;60
539;33
540;72
541;23
542;23
543;53
544;20
545;52
546;63
547;47
548;10
549;10
550;15
551;56
552;46
553;72
554;47
555;10
556;37
557;69
558;66
559;21
560;52
561;23
562;67
563;96
564;69
565;82
566;72
567;19
568;29
569;67
570;51
571;30
572;44
573;12
574;16
575;70
576;77
577;51
578;24
579;78
580;74
581;58
582;37
583;55
584;78
585;57
586;62
587;42
588;31
589;3
590;10
591;30
592;40
593;13
594;8
595;53
596;75
597;39
598;41
599;45
600;31
601;7
602;75
603;91
604;53
605;76
606;49
607;32
608;58
609;66
610;19
611;72
612;81
613;53
614;54
615;90
616;50
617;47
618;16
619;6
620;42
621;1
622;4
623;65
624;26
625;75
626;30
627;31
628;40
629;50
630;37
631;11
632;11
633;23
634;48
635;69
636;89
637;25
638;27
639;8
640;5
641;76
642;58
643;71
644;80
645;33
646;46
647;74
648;53
649;62
650;35
651;37
652;9
653;10
654;14
655;12
656;22
657;44
658;57
659;13
660;37
661;30
662;6
663;10
664;8
665;46
666;52
667;88
668;53
669;29
670;41
671;32
672;10
673;14
674;79
675;22
676;55
677;30
678;27
679;65
680;72
681;84
682;52
683;87
684;60
685;27
686;65
687;33
688;50
689;29
690;10
691;17
692;52
693;54
694;55
695;49
696;32
697;52
698;34
699;46
700;25
701;65
702;66
703;80
704;53
705;45
706;11
707;21
708;24
709;49
710;45
711;64
712;60
713;63
714;76
715;54
716;65
717;24
718;46
719;73
720;20
721;29
722;19
723;3
724;13
725;89
726;50
727;78
728;50
729;78
730;54
731;33
732;59
733;56
734;53
735;55
736;63
737;71
738;44
739;22
740;15
741;3
742;53
743;16
744;71
745;27
746;45
747;11
748;11
749;80
750;66
751;52
752;63
753;34
754;40
755;5
756;7
757;18
758;20
759;23
760;57
761;59
762;37
763;73
764;51
765;65
766;60
767;75
768;25
769;66
770;42
771;24
772;20
773;70
774;19
775;54
776;39
777;66
778;59
779;58
780;70
781;81
782;61
783;31
784;47
785;3
786;4
787;0
788;73
789;62
790;72
791;33
792;16
793;9
794;46
795;61
796;57
797;37
798;51
799;15
800;17
801;31
802;58
803;17
804;12
805;11
806;33
807;41
808;11
809;18
810;7
811;18
812;51
813;28
814;64
815;11
816;14
817;43
818;43
819;40
820;5
821;10
822;53
823;57
824;64
825;80
826;21
827;62
828;44
829;23
830;26
831;54
832;68
833;22
834;36
835;20
836;41
837;2
838;2
839;36
840;63
841;9
842;12
843;35
844;35
845;4
846;13
847;43
848;64
849;8
850;18
851;37
852;43
853;6
854;9
855;8
856;82
857;66
858;46
859;51
860;39
861;90
862;27
863;72
864;50
865;58
866;54
867;9
868;77
869;36
870;45
871;2
872;1
873;56
874;63
875;78
876;72
877;58
878;24
879;23
880;2
881;53
882;42
883;73
884;28
885;16
886;22
887;25
888;45
889;73
890;52
891;51
892;9
893;47
894;68
895;60
896;64
897;19
898;23
899;59
900;39
901;12
902;15
903;15
904;43
905;46
906;55
907;56
908;8
909;8
910;49
911;31
912;6
913;2
914;5
915;24
916;66
917;87
918;54
919;28
920;63
921;67
922;43
923;44
924;4
925;3
926;1
927;22
928;80
929;58
930;61
931;13
932;7
933;19
934;67
935;54
936;74
937;70
938;66
939;78
940;28
941;70
942;66
943;33
944;63
945;27
946;67
947;56
948;66
949;20
950;32
951;54
952;51
953;32
954;36
955;17
956;1
957;11
958;0
959;18
960;54
961;42
962;49
963;22
964;2
965;4
966;17
967;36
968;48
969;11
970;3
971;1
972;51
973;27
974;56
975;7
976;9
977;35
978;49
979;50
980;38
981;12
982;6
983;54
984;62
985;80
986;71
987;64
988;60
989;59
990;19
991;24
992;59
993;22
994;63
995;21
996;19
997;30
998;8
999;8
1000;75
1001;71
1002;28
1003;82
1004;20
1005;23
1006;19
1007;54
1008;80
1009;26
1010;37
1011;14
1012;11
1013;7
1014;18
1015;65
1016;47
1017;54
1018;68
1019;53
1020;62
1021;44
1022;11
1023;16
1024;53
1025;80
1026;61
1027;20
1028;19
1029;23
1030;54
1031;72
1032;52
1033;50
1034;17
1035;61
1036;51
1037;78
1038;47
1039;34
1040;15
1041;15
1042;36
1043;48
1044;13
1045;14
1046;53
1047;30
1048;16
1049;10
1050;13
1051;72
1052;30
1053;28
1054;11
1055;16
1056;59
1057;63
1058;40
1059;55
1060;71
1061;57
1062;24
1063;73
1064;23
1065;74
1066;43
1067;34
1068;2
1069;4
1070;23
1071;61
1072;42
1073;50
1074;50
1075;59
1076;23
1077;60
1078;69
1079;48
1080;19
1081;7
1082;6
1083;5
1084;19
1085;21
1086;23
1087;47
1088;43
1089;24
1090;63
1091;74
1092;55
1093;96
1094;25
1095;21
1096;52
1097;29
1098;19
1099;6
1100;17
1101;65
1102;80
1103;44
1104;52
1105;56
1106;58
1107;29
1108;47
1109;67
1110;59
1111;74
1112;59
1113;61
1114;60
1115;28
1116;16
1117;14
1118;63
1119;67
1120;30
1121;6
1122;11
1123;45
1124;59
1125;13
1126;75
1127;75
1128;52
1129;72
1130;64
1131;69
1132;19
1133;19
1134;64
1135;57
1136;41
1137;36
1138;47
1139;7
1140;16
1141;27
1142;5
1143;31
1144;31
1145;13
1146;17
1147;17
1148;38
1149;24
1150;80
1151;59
1152;89
1153;26
1154;45
1155;12
1156;1
1157;58
1158;83
1159;67
1160;51
1161;44
1162;8
1163;12
1164;15
1165;55
1166;51
1167;68
1168;60
1169;56
1170;57
1171;47
1172;36
1173;54
1174;58
1175;32
1176;11
1177;67
1178;59
1179;34
1180;81
1181;21
1182;64
1183;81
1184;73
1185;74
1186;73
1187;47
1188;20
1189;76
1190;19
1191;69
1192;55
1193;50
1194;85
1195;61
1196;38
1197;75
1198;93
1199;79
1200;60
1201;24
1202;20
1203;44
1204;7
1205;4
1206;18
1207;65
1208;37
1209;50
1210;7
1211;67
1212;22
1213;34
1214;35
1215;5
1216;4
1217;21
1218;81
1219;64
1220;77
1221;59
1222;52
1223;57
1224;82
1225;59
1226;43
1227;11
1228;45
1229;31
1230;15
1231;2
1232;3
1233;74
1234;30
1235;31
1236;37
1237;52
1238;13
1239;10
1240;55
1241;63
1242;61
1243;60
1244;58
1245;17
1246;10
1247;48
1248;64
1249;17
1250;11
1251;33
1252;53
1253;22
1254;77
1255;53
1256;35
1257;14
1258;10
1259;9
1260;75
1261;81
1262;53
1263;52
1264;52
1265;81
1266;50
1267;79
1268;77
1269;48
1270;47
1271;45
1272;5
1273;1
1274;1
1275;67
1276;31
1277;90
1278;67
1279;61
1280;62
1281;41
1282;56
1283;7
1284;56
1285;35
1286;15
1287;7
1288;52
1289;55
1290;52
1291;47
1292;33
1293;56
1294;41
1295;55
1296;75
1297;65
1298;19
1299;31
1300;3
1301;8
1302;14
1303;30
1304;50
1305;91
1306;25
1307;64
1308;14
1309;13
1310;77
1311;20
1312;88
1313;47
1314;70
1315;34
1316;72
1317;82
1318;56
1319;13
1320;9
1321;70
1322;59
1323;28
1324;15
1325;10
1326;14
1327;76
1328;60
1329;54
1330;75
1331;57
1332;30
1333;20
1334;22
1335;24
1336;23
1337;19
1338;60
1339;79
1340;47
1341;52
1342;71
1343;27
1344;35
1345;80
1346;83
1347;83
1348;76
1349;55
1350;52
1351;51
1352;25
1353;21
1354;54
1355;59
1356;75
1357;42
1358;27
1359;57
1360;42
1361;45
1362;14
1363;18
1364;17
1365;14
1366;35
1367;41
1368;2
1369;3
1370;3
1371;9
1372;24
1373;60
1374;35
1375;40
1376;45
1377;23
1378;45
1379;37
1380;22
1381;28
1382;47
1383;58
1384;6
1385;11
1386;76
1387;23
1388;76
1389;89
1390;53
1391;73
1392;45
1393;87
1394;58
1395;35
1396;75
1397;31
1398;77
1399;47
1400;82
1401;74
1402;31
1403;66
1404;82
1405;39
1406;23
1407;30
1408;62
1409;87
1410;69
1411;97
1412;55
1413;68
1414;58
1415;63
1416;73
1417;28
1418;28
1419;60
1420;66
1421;62
1422;51
1423;55
1424;66
1425;29
1426;33
1427;28
1428;18
1429;16
1430;64
1431;61
1432;32
1433;19
1434;55
1435;77
1436;26
1437;34
1438;5
1439;5
1440;59
1441;64
1442;65
1443;20
1444;69
1445;90
1446;51
1447;56
1448;51
1449;26
1450;47
1451;0
1452;8
1453;17
1454;60
1455;66
1456;73
1457;67
1458;63
1459;59
1460;7
1461;17
1462;72
1463;71
1464;64
1465;54
1466;36
1467;9
1468;43
1469;53
1470;9
1471;17
1472;53
1473;71
1474;85
1475;25
1476;24
1477;23
1478;56
1479;22
1480;90
1481;72
1482;56
1483;67
1484;39
1485;24
1486;47
1487;62
1488;18
1489;9
1490;77
1491;71
1492;59
1493;64
1494;64
1495;82
1496;51
1497;56
1498;63
1499;38
1500;16
1501;12
1502;31
1503;61
1504;26
1505;14
1506;7
1507;46
1508;55
1509;49
1510;17
1511;7
1512;10
1513;42
1514;41
1515;5
1516;5
1517;23
1518;78
1519;28
1520;42
1521;34
1522;4
1523;7
1524;31
1525;26
1526;35
1527;59
1528;16
1529;15
1530;48
1531;21
1532;17
1533;12
1534;11
1535;77
1536;87
1537;50
1538;43
1539;22
1540;68
1541;42
1542;44
1543;30
1544;42
1545;9
1546;4
1547;75
1548;52
1549;23
1550;22
1551;46
1552;39
1553;2
1554;2
1555;57
1556;40
1557;29
1558;32
1559;55
1560;46
1561;38
1562;56
1563;43
1564;34
1565;17
1566;14
1567;42
1568;25
1569;73
1570;47
1571;28
1572;2
1573;5
1574;1
1575;26
1576;30
1577;32
1578;2
1579;2
1580;16
1581;80
1582;70
1583;19
1584;52
1585;67
1586;51
1587;20
1588;55
1589;67
1590;22
1591;59
1592;23
1593;53
1594;21
1595;25
1596;3
1597;4
1598;22
1599;34
1600;61
1601;22
1602;71
1603;68
1604;89
1605;65
1606;61
1607;35
1608;50
1609;67
1610;69
1611;28
1612;45
1613;74
1614;49
1615;24
1616;74
1617;46
1618;39
1619;38
1620;44
1621;6
1622;8
1623;57
1624;81
1625;59
1626;47
1627;69
1628;24
1629;30
1630;28
1631;24
1632;47
1633;61
1634;73
1635;58
1636;30
1637;12
1638;13
1639;61
1640;47
1641;11
1642;60
1643;77
1644;30
1645;32
1646;85
1647;62
1648;43
1649;6
1650;15
1651;26
1652;65
1653;65
1654;64
1655;38
1656;53
1657;54
1658;13
1659;11
1660;58
1661;79
1662;70
1663;55
1664;44
1665;12
1666;4
1667;22
1668;28
1669;51
1670;60
1671;13
1672;17
1673;45
1674;26
1675;16
1676;44
1677;40
1678;7
1679;16
1680;3
1681;27
1682;58
1683;82
1684;80
1685;59
1686;69
1687;73
1688;25
1689;22
1690;23
1691;65
1692;51
1693;62
1694;46
1695;35
1696;33
1697;10
1698;6
1699;11
1700;35
1701;32
1702;48
1703;11
1704;7
1705;10
1706;52
1707;59
1708;21
1709;38
1710;73
1711;53
1712;66
1713;82
1714;19
1715;20
1716;58
1717;20
1718;35
1719;56
1720;70
1721;59
1722;39
1723;46
1724;15
1725;18
1726;19
1727;56
1728;35
1729;35
1730;5
1731;3
1732;21
1733;40
1734;31
1735;40
1736;22
1737;20
1738;24
1739;31
1740;45
1741;12
1742;16
1743;65
1744;63
1745;44
1746;29
1747;4
1748;24
1749;36
1750;4
1751;7
1752;32
1753;51
1754;20
1755;21
1756;54
1757;21
1758;66
1759;26
1760;59
1761;27
1762;67
1763;29
1764;58
1765;40
1766;72
1767;28
1768;58
1769;66
1770;37
1771;36
1772;8
1773;67
1774;24
1775;26
1776;72
1777;88
1778;72
1779;63
1780;38
1781;53
1782;66
1783;95
1784;80
1785;46
1786;34
1787;13
1788;11
1789;66
1790;68
1791;72
1792;46
1793;63
1794;69
1795;67
1796;65
1797;75
1798;44
1799;50
1800;11
1801;11
1802;48
1803;66
1804;79
1805;67
1806;66
1807;21
1808;53
1809;73
1810;26
1811;74
1812;76
1813;33
1814;46
1815;58
1816;49
1817;28
1818;3
1819;49
1820;66
1821;84
1822;36
1823;59
1824;50
1825;97
1826;29
1827;40
1828;9
1829;15
1830;57
1831;72
1832;20
1833;35
1834;74
1835;48
1836;63
1837;13
1838;50
1839;74
1840;71
1841;47
1842;36
1843;40
1844;52
1845;36
1846;84
1847;56
1848;28
1849;45
1850;7
1851;8
1852;31
1853;11
1854;44
1855;83
1856;27
1857;47
1858;25
1859;4
1860;53
1861;58
1862;47
1863;32
1864;68
1865;82
1866;69
1867;66
1868;62
1869;51
1870;59
1871;70
1872;64
1873;20
1874;19
1875;99
1876;68
1877;75
1878;73
1879;60
1880;61
1881;15
1882;13
1883;16
1884;77
1885;23
1886;45
1887;57
1888;49
1889;34
1890;56
1891;12
1892;8
1893;41
1894;45
1895;4
1896;1
1897;48
1898;49
1899;47
1900;5
1901;1
1902;1
1903;70
1904;52
1905;67
1906;66
1907;36
1908;28
1909;18
1910;15
1911;6
1912;59
1913;44
1914;32
1915;76
1916;42
1917;46
1918;7
1919;8
1920;5
1921;41
1922;76
1923;49
1924;59
1925;48
1926;41
1927;5
1928;13
1929;60
1930;61
1931;87
1932;66
1933;54
1934;48
1935;32
1936;60
1937;45
1938;17
1939;11
1940;63
1941;46
1942;33
1943;46
1944;12
1945;14
1946;71
1947;68
1948;77
1949;64
1950;74
1951;66
1952;20
1953;30
1954;38
1955;10
1956;14
1957;1
1958;66
1959;31
1960;35
1961;5
1962;3
1963;88
1964;96
1965;56
1966;55
1967;49
1968;54
1969;55
1970;57
1971;63
1972;53
1973;12
1974;46
1975;64
1976;66
1977;47
1978;31
1979;32
1980;10
1981;18
1982;10
1983;21
1984;52
1985;66
1986;20
1987;50
1988;59
1989;51
1990;72
1991;71
1992;50
1993;32
1994;35
1995;11
1996;11
1997;54
1998;49
1999;10
2000;6
2001;63
2002;25
2003;59
2004;58
2005;49
2006;85
2007;52
2008;66
2009;63
2010;62
2011;9
2012;7
2013;11
2014;35
2015;32
2016;9
2017;7
2018;35
2019;35
2020;7
2021;0
2022;1
2023;40
2024;65
2025;43
2026;58
2027;61
2028;20
2029;90
2030;66
2031;54
2032;70
2033;83
2034;34
2035;32
2036;15
2037;16
2038;72
2039;69
2040;44
2041;72
2042;29
2043;67
2044;36
2045;20
2046;66
2047;40
2048;46
2049;56
2050;68
2051;58
2052;45
2053;35
2054;13
2055;8
2056;60
2057;72
2058;42
2059;52
2060;69
2061;38
2062;38
2063;11
2064;10
2065;10
2066;52
2067;87
2068;70
2069;60
2070;74
2071;59
2072;64
2073;56
2074;73
2075;66
2076;61
2077;39
2078;44
2079;0
2080;12
2081;1
2082;52
2083;31
2084;69
2085;56
2086;21
2087;22
2088;31
2089;28
2090;0
2091;3
2092;60
2093;12
2094;18
2095;58
2096;48
2097;9
2098;44
2099;48
2100;5
2101;16
2102;45
2103;41
2104;53
2105;59
2106;64
2107;52
2108;56
2109;90
2110;59
2111;49
2112;19
2113;51
2114;36
2115;28
2116;8
2117;7
2118;4
2119;80
2120;55
2121;45
2122;76
2123;74
2124;40
2125;35
2126;16
2127;14
2128;14
2129;70
2130;61
2131;55
2132;60
2133;60
2134;68
2135;66
2136;29
2137;80
2138;21
2139;64
2140;38
2141;13
2142;18
2143;50
2144;68
2145;44
2146;72
2147;36
2148;48
2149;5
2150;3
2151;4
2152;52
2153;50
2154;31
2155;59
2156;18
2157;6
2158;65
2159;51
2160;62
2161;52
2162;15
2163;49
2164;89
2165;61
2166;75
2167;50
2168;47
2169;14
2170;33
2171;24
2172;60
2173;38
2174;64
2175;11
2176;10
2177;16
2178;54
2179;23
2180;59
2181;58
2182;9
2183;16
2184;29
2185;48
2186;6
2187;6
2188;61
2189;66
2190;45
2191;50
2192;77
2193;64
2194;58
2195;53
2196;6
2197;28
2198;53
2199;79
2200;30
2201;5
2202;35
2203;42
2204;50
2205;50
2206;61
2207;54
2208;45
2209;28
2210;44
2211;30
2212;8
2213;9
2214;12
2215;35
2216;17
2217;34
2218;40
2219;86
2220;65
2221;77
2222;31
2223;44
2224;5
2225;3
2226;49
2227;75
2228;80
2229;73
2230;39
2231;46
2232;30
2233;6
2234;14
2235;67
2236;51
2237;73
2238;41
2239;70
2240;47
2241;47
2242;41
2243;0
2244;6
2245;52
2246;68
2247;77
2248;83
2249;57
2250;84
2251;68
2252;63
2253;47
2254;22
2255;63
2256;65
2257;73
2258;19
2259;40
2260;66
2261;56
2262;18
2263;18
2264;23
2265;65
2266;77
2267;79
2268;56
2269;48
2270;50
2271;33
2272;53
2273;41
2274;65
2275;61
2276;66
2277;22
2278;70
2279;64
2280;52
2281;67
2282;59
2283;9
2284;70
2285;41
2286;51
2287;31
2288;51
2289;41
2290;64
2291;26
2292;21
2293;51
2294;71
2295;48
2296;42
2297;12
2298;9
2299;47
2300;53
2301;96
2302;57
2303;68
2304;63
2305;63
2306;52
2307;80
2308;48
2309;53
2310;78
2311;38
2312;32
2313;76
2314;58
2315;49
2316;10
2317;51
2318;49
2319;37
2320;28
2321;3
2322;2
2323;2
2324;63
2325;59
2326;72
2327;64
2328;44
2329;36
2330;3
2331;3
2332;66
2333;66
2334;52
2335;36
2336;40
2337;3
2338;4
2339;51
2340;71
2341;80
2342;71
2343;61
2344;64
2345;67
2346;66
2347;61
2348;28
2349;5
2350;39
2351;2
2352;5
2353;50
2354;58
2355;41
2356;81
2357;55
2358;22
2359;54
2360;21
2361;30
2362;0
2363;2
2364;26
2365;74
2366;46
2367;59
2368;42
2369;47
2370;46
2371;28
2372;18
2373;12
2374;16
2375;16
2376;70
2377;93
2378;25
2379;76
2380;64
2381;21
2382;22
2383;21
2384;75
2385;28
2386;89
2387;82
2388;63
2389;59
2390;25
2391;53
2392;39
2393;35
2394;5
2395;0
2396;4
2397;39
2398;53
2399;44
2400;51
2401;37
2402;69
2403;48
2404;51
2405;59
2406;50
2407;68
2408;32
2409;43
2410;72
2411;67
2412;43
2413;36
2414;39
2415;11
2416;56
2417;69
2418;51
2419;19
2420;46
2421;24
2422;39
2423;52
2424;28
2425;19
2426;15
2427;4
2428;62
2429;27
2430;61
2431;23
2432;71
2433;85
2434;40
2435;75
2436;24
2437;24
2438;37
2439;2
2440;22
2441;68
2442;81
2443;40
2444;12
2445;47
2446;27
2447;56
2448;49
2449;47
2450;10
2451;6
2452;86
2453;46
2454;75
2455;49
2456;58
2457;70
2458;32
2459;52
2460;10
2461;6
2462;8
2463;42
2464;5
2465;28
2466;61
2467;71
2468;59
2469;60
2470;41
2471;33
2472;18
2473;13
2474;14
2475;41
2476;41
2477;14
2478;34
2479;59
2480;32
2481;54
2482;54
2483;40
2484;13
2485;8
2486;52
2487;62
2488;66
2489;75
2490;70
2491;59
2492;47
2493;66
2494;43
2495;51
2496;66
2497;32
2498;51
2499;11
2500;18
2501;54
2502;50
2503;67
2504;31
2505;68
2506;74
2507;60
2508;60
2509;42
2510;46
2511;4
2512;5
2513;5
2514;43
2515;6
2516;0
2517;69
2518;58
2519;44
2520;34
2521;0
2522;12
2523;58
2524;46
2525;59
2526;44
2527;14
2528;6
2529;36
2530;72
2531;62
2532;59
2533;48
2534;29
2535;12
2536;10
2537;72
2538;47
2539;30
2540;61
2541;39
2542;20
2543;47
2544;11
2545;11
2546;80
2547;43
2548;54
2549;51
2550;36
2551;55
2552;72
2553;64
2554;74
2555;55
2556;38
2557;57
2558;44
2559;33
2560;1
2561;0
2562;77
2563;28
2564;25
2565;42
2566;3
2567;0
2568;31
2569;36
2570;18
2571;11
2572;27
2573;31
2574;67
2575;70
2576;56
2577;30
2578;76
2579;77
2580;41
2581;25
2582;16
2583;13
2584;27
2585;38
2586;46
2587;36
2588;9
2589;3
2590;51
2591;55
2592;42
2593;29
2594;5
2595;15
2596;41
2597;61
2598;72
2599;70
2600;52
2601;43
2602;66
2603;66
2604;63
2605;20
2606;52
2607;19
2608;56
2609;88
2610;34
2611;40
2612;12
2613;72
2614;23
2615;21
2616;20
2617;78
2618;21
2619;28
2620;55
2621;30
2622;19
2623;4
2624;52
2625;61
2626;64
2627;53
2628;51
2629;61
2630;71
2631;25
2632;74
2633;40
2634;49
2635;17
2636;17
2637;67
2638;42
2639;40
2640;50
2641;63
2642;64
2643;19
2644;75
2645;57
2646;27
2647;6
2648;69
2649;52
2650;51
2651;84
2652;23
2653;39
2654;15
2655;44
2656;29
2657;14
2658;64
2659;33
2660;41
2661;45
2662;6
2663;13
2664;11
2665;77
2666;19
2667;42
2668;58
2669;36
2670;18
2671;16
2672;40
2673;46
2674;10
2675;29
2676;23
2677;21
2678;54
2679;6
2680;75
2681;72
2682;64
2683;37
2684;14
2685;30
2686;38
2687;42
2688;11
2689;3
2690;37
2691;22
2692;59
2693;30
2694;48
2695;34
2696;6
2697;0
2698;53
2699;54
2700;40
2701;84
2702;22
2703;51
2704;26
2705;19
2706;40
2707;4
2708;4
2709;47
2710;64
2711;72
2712;38
2713;36
2714;24
2715;57
2716;47
2717;14
2718;12
2719;22
2720;64
2721;8
2722;54
2723;55
2724;57
2725;41
2726;40
2727;6
2728;4
2729;38
2730;43
2731;5
2732;35
2733;16
2734;1
2735;60
2736;69
2737;64
2738;77
2739;73
2740;25
2741;38
2742;17
2743;3
2744;46
2745;39
2746;16
2747;15
2748;47
2749;23
2750;30
2751;12
2752;42
2753;60
2754;69
2755;34
2756;23
2757;12
2758;83
2759;67
2760;64
2761;59
2762;17
2763;15
2764;48
2765;54
2766;76
2767;95
2768;37
2769;67
2770;66
2771;52
2772;58
2773;12
2774;63
2775;32
2776;23
2777;34
2778;7
2779;16
2780;46
2781;67
2782;55
2783;50
2784;26
2785;42
2786;36
2787;11
2788;16
2789;10
2790;44
2791;14
2792;52
2793;41
2794;51
2795;13
2796;6
2797;49
2798;47
2799;71
2800;59
2801;42
2802;32
2803;13
2804;1
2805;51
2806;37
2807;26
2808;47
2809;50
2810;25
2811;33
2812;24
2813;70
2814;26
2815;91
2816;54
2817;63
2818;37
2819;27
2820;28
2821;18
2822;8
2823;10
2824;90
2825;55
2826;44
2827;29
2828;3
2829;7
2830;38
2831;25
2832;11
2833;3
2834;17
2835;2
2836;82
2837;49
2838;48
2839;2
2840;30
2841;36
2842;43
2843;4
2844;3
2845;54
2846;46
2847;9
2848;8
2849;27
2850;39
2851;18
2852;7
2853;74
2854;71
2855;49
2856;61
2857;14
2858;10
2859;15
2860;67
2861;49
2862;23
2863;26
2864;3
2865;13
2866;38
2867;13
2868;73
2869;22
2870;22
2871;92
2872;82
2873;22
2874;65
2875;82
2876;51
2877;74
2878;71
2879;91
2880;48
2881;64
2882;55
2883;11
2884;17
2885;35
2886;58
2887;7
2888;6
2889;7
2890;29
2891;14
2892;11
2893;20
2894;53
2895;31
2896;29
2897;17
2898;50
2899;53
2900;22
2901;44
2902;55
2903;49
2904;78
2905;55
2906;86
2907;32
2908;35
2909;15
2910;51
2911;73
2912;45
2913;42
2914;45
2915;23
2916;1
2917;1
2918;15
2919;70
2920;50
2921;69
2922;84
2923;33
2924;41
2925;27
2926;67
2927;19
2928;80
2929;55
2930;24
2931;20
2932;60
2933;25
2934;47
2935;76
2936;74
2937;58
2938;22
2939;69
2940;38
2941;34
2942;13
2943;6
2944;24
2945;32
2946;33
2947;41
2948;34
2949;1
2950;2
2951;17
2952;27
2953;44
2954;13
2955;18
2956;12
2957;16
2958;67
2959;61
2960;62
2961;46
2962;30
2963;40
2964;47
2965;59
2966;14
2967;15
2968;77
2969;30
2970;25
2971;51
2972;69
2973;77
2974;81
2975;41
2976;35
2977;2
2978;2
2979;58
2980;66
2981;56
2982;53
2983;64
2984;32
2985;48
2986;62
2987;24
2988;53
2989;37
2990;75
2991;77
2992;55
2993;50
2994;41
2995;73
2996;60
2997;57
2998;41
2999;20
3000;19
3001;4
3002;14
3003;6
3004;22
3005;46
3006;1
3007;1
3008;58
3009;52
3010;13
3011;9
3012;37
3013;62
3014;50
3015;50
3016;17
3017;6
3018;58
3019;27
3020;25
3021;35
3022;35
3023;3
3024;4
3025;34
3026;37
3027;8
3028;10
3029;40
3030;66
3031;19
3032;63
3033;20
3034;66
3035;64
3036;89
3037;20
3038;56
3039;67
3040;21
3041;59
3042;36
3043;54
3044;36
3045;7
3046;14
3047;9
3048;63
3049;72
3050;53
3051;44
3052;53
3053;68
3054;53
3055;37
3056;32
3057;8
3058;13
3059;4
3060;49
3061;51
3062;47
3063;71
3064;60
3065;81
3066;81
3067;58
3068;71
3069;76
3070;52
3071;23
3072;21
3073;23
3074;34
3075;47
3076;72
3077;89
3078;59
3079;59
3080;59
3081;59
3082;25
3083;76
3084;47
3085;67
3086;79
3087;46
3088;19
3089;26
3090;70
3091;32
3092;27
3093;68
3094;53
3095;55
3096;62
3097;21
3098;46
3099;65
3100;55
3101;59
3102;19
3103;56
3104;65
3105;52
3106;67
3107;38
3108;30
3109;7
3110;67
3111;65
3112;82
3113;72
3114;52
3115;62
3116;52
3117;52
3118;74
3119;55
3120;51
3121;55
3122;65
3123;76
3124;53
3125;42
3126;54
3127;76
3128;71
3129;56
3130;57
3131;35
3132;58
3133;80
3134;70
3135;49
3136;47
3137;18
3138;8
3139;46
3140;30
3141;22
3142;5
3143;11
3144;40
3145;19
3146;5
3147;8
3148;53
3149;47
3150;52
3151;60
3152;55
3153;40
3154;44
3155;10
3156;0
3157;4
3158;48
3159;32
3160;16
3161;17
3162;52
3163;33
3164;42
3165;12
3166;7
3167;20
3168;61
3169;32
3170;56
3171;22
3172;76
3173;22
3174;34
3175;44
3176;1
3177;6
3178;50
3179;83
3180;51
3181;81
3182;85
3183;83
3184;51
3185;59
3186;64
3187;62
3188;49
3189;57
3190;75
3191;34
3192;45
3193;5
3194;5
3195;9
3196;35
3197;71
3198;50
3199;31
3200;15
3201;7
3202;67
3203;71
3204;77
3205;40
3206;62
3207;71
3208;26
3209;20
3210;79
3211;53
3212;23
3213;35
3214;73
3215;64
3216;54
3217;6
3218;14
3219;11
3220;57
3221;62
3222;32
3223;34
3224;34
3225;18
3226;0
3227;0
3228;24
3229;39
3230;2
3231;2
3232;59
3233;65
3234;26
3235;11
3236;9
3237;26
3238;51
3239;6
3240;6
3241;59
3242;55
3243;21
3244;54
3245;64
3246;56
3247;54
3248;85
3249;78
3250;68
3251;45
3252;43
3253;11
3254;46
3255;36
3256;43
3257;38
3258;64
3259;66
3260;75
3261;52
3262;21
3263;25
3264;68
3265;49
3266;59
3267;50
3268;25
3269;49
3270;37
3271;7
3272;10
3273;81
3274;56
3275;95
3276;48
3277;65
3278;64
3279;61
3280;59
3281;41
3282;49
3283;11
3284;14
3285;49
3286;80
3287;35
3288;8
3289;57
3290;30
3291;11
3292;16
3293;9
3294;56
3295;64
3296;57
3297;67
3298;35
3299;82
3300;94
3301;31
3302;40
3303;2
3304;2
3305;26
3306;57
3307;88
3308;50
3309;57
3310;65
3311;30
3312;70
3313;64
3314;72
3315;35
3316;0
3317;58
3318;51
3319;23
3320;19
3321;24
3322;71
3323;21
3324;58
3325;96
3326;34
3327;56
3328;66
3329;64
3330;79
3331;24
3332;79
3333;64
3334;79
3335;53
3336;45
3337;27
3338;16
3339;3
3340;29
3341;41
3342;6
3343;0
3344;40
3345;42
3346;11
3347;14
3348;30
3349;62
3350;46
3351;51
3352;15
3353;10
3354;67
3355;51
3356;59
3357;50
3358;10
3359;55
3360;74
3361;64
3362;67
3363;62
3364;77
3365;66
3366;24
3367;52
3368;23
3369;81
3370;26
3371;56
3372;17
3373;14
3374;43
3375;27
3376;11
3377;2
3378;44
3379;92
3380;64
3381;56
3382;8
3383;18
3384;12
3385;56
3386;54
3387;75
3388;46
3389;80
3390;28
3391;28
3392;51
3393;16
3394;16
3395;8
3396;39
3397;73
3398;56
3399;67
3400;32
3401;76
3402;79
3403;76
3404;35
3405;77
3406;41
3407;56
3408;17
3409;31
3410;20
3411;67
3412;63
3413;44
3414;40
3415;10
3416;3
3417;76
3418;24
3419;52
3420;46
3421;75
3422;66
3423;66
3424;61
3425;66
3426;76
3427;67
3428;73
3429;72
3430;69
3431;79
3432;63
3433;45
3434;30
3435;15
3436;48
3437;48
3438;12
3439;61
3440;65
3441;66
3442;75
3443;31
3444;44
3445;6
3446;52
3447;65
3448;87
3449;34
3450;19
3451;52
3452;64
3453;83
3454;34
3455;32
3456;4
3457;16
3458;26
3459;58
3460;57
3461;20
3462;77
3463;37
3464;26
3465;40
3466;35
3467;6
3468;17
3469;8
3470;18
3471;67
3472;57
3473;51
3474;62
3475;76
3476;20
3477;29
3478;48
3479;17
3480;16
3481;19
3482;58
3483;59
3484;7
3485;8
3486;30
3487;55
3488;31
3489;56
3490;65
3491;50
3492;50
3493;51
3494;53
3495;51
3496;46
3497;28
3498;2
3499;12
3500;8
3501;8
3502;46
3503;51
3504;49
3505;92
3506;50
3507;20
3508;39
3509;40
3510;51
3511;31
3512;48
3513;15
3514;17
3515;7
3516;74
3517;62
3518;22
3519;25
3520;0
3521;64
3522;30
3523;87
3524;60
3525;35
3526;26
3527;15
3528;93
3529;54
3530;37
3531;68
3532;46
3533;53
3534;40
3535;20
3536;4
3537;11
3538;41
3539;47
3540;13
3541;23
3542;47
3543;10
3544;27
3545;42
3546;18
3547;84
3548;31
3549;19
3550;48
3551;72
3552;62
3553;40
3554;45
3555;64
3556;50
3557;6
3558;17
3559;18
3560;15
3561;35
3562;59
3563;55
3564;26
3565;70
3566;54
3567;10
3568;50
3569;73
3570;66
3571;21
3572;45
3573;30
3574;22
3575;77
3576;46
3577;51
3578;8
3579;18
3580;49
3581;36
3582;4
3583;5
3584;5
3585;42
3586;80
3587;57
3588;73
3589;62
3590;37
3591;8
3592;9
3593;83
3594;36
3595;65
3596;51
3597;22
3598;90
3599;46
3600;31
3601;22
3602;30
3603;35
3604;3
3605;0
3606;24
3607;58
3608;74
3609;22
3610;46
3611;58
3612;63
3613;14
3614;70
3615;74
3616;72
3617;46
3618;49
3619;16
3620;9
3621;48
3622;76
3623;24
3624;82
3625;40
3626;64
3627;62
3628;41
3629;21
3630;5
3631;2
3632;82
3633;64
3634;46
3635;11
3636;10
3637;22
3638;27
3639;6
3640;5
3641;73
3642;27
3643;59
3644;72
3645;44
3646;40
3647;12
3648;11
3649;10
3650;63
3651;25
3652;41
3653;76
3654;53
3655;32
3656;68
3657;59
3658;38
3659;14
3660;18
3661;18
3662;44
3663;47
3664;38
3665;44
3666;10
3667;7
3668;61
3669;67
3670;51
3671;38
3672;81
3673;63
3674;81
3675;37
3676;27
3677;5
3678;1
3679;30
3680;33
3681;27
3682;36
3683;11
3684;14
3685;27
3686;64
3687;44
3688;63
3689;54
3690;37
3691;18
3692;74
3693;59
3694;66
3695;56
3696;44
3697;23
3698;60
3699;87
3700;70
3701;75
3702;73
3703;71
3704;21
3705;64
3706;37
3707;19
3708;76
3709;67
3710;51
3711;64
3712;74
3713;32
3714;50
3715;12
3716;11
3717;56
3718;64
3719;72
3720;56
3721;42
3722;20
3723;1
3724;93
3725;64
3726;30
3727;35
3728;46
3729;46
3730;38
3731;17
3732;12
3733;43
3734;87
3735;36
3736;69
3737;53
3738;38
3739;55
3740;61
3741;68
3742;70
3743;71
3744;51
3745;27
3746;82
3747;61
3748;49
3749;78
3750;59
3751;45
3752;50
3753;11
3754;40
3755;26
3756;75
3757;20
3758;46
3759;47
3760;53
3761;65
3762;35
3763;83
3764;48
3765;83
3766;56
3767;25
3768;77
3769;37
3770;63
3771;34
3772;16
3773;18
3774;45
3775;18
3776;81
3777;54
3778;72
3779;72
3780;29
3781;48
3782;15
3783;16
3784;78
3785;71
3786;37
3787;33
3788;2
3789;9
3790;3
3791;49
3792;34
3793;52
3794;62
3795;59
3796;54
3797;47
3798;69
3799;70
3800;23
3801;43
3802;43
3803;38
3804;3
3805;17
3806;17
3807;17
3808;28
3809;64
3810;82
3811;64
3812;35
3813;47
3814;35
3815;11
3816;18
3817;37
3818;49
3819;7
3820;9
3821;39
3822;55
3823;38
3824;71
3825;26
3826;65
3827;51
3828;72
3829;24
3830;96
3831;54
3832;75
3833;23
3834;50
3835;34
3836;13
3837;41
3838;44
3839;8
3840;26
3841;94
3842;57
3843;45
3844;19
3845;36
3846;35
3847;28
3848;4
3849;12
3850;62
3851;51
3852;17
3853;13
3854;14
3855;75
3856;69
3857;35
3858;65
3859;51
3860;40
3861;29
3862;1
3863;6
3864;73
3865;24
3866;91
3867;36
3868;25
3869;75
3870;56
3871;30
3872;52
3873;66
3874;49
3875;49
3876;32
3877;14
3878;10
3879;45
3880;49
3881;7
3882;52
3883;61
3884;56
3885;42
3886;60
3887;6
3888;8
3889;30
3890;30
3891;6
3892;63
3893;51
3894;63
3895;55
3896;70
3897;61
3898;46
3899;23
3900;46
3901;65
3902;75
3903;63
3904;87
3905;60
3906;51
3907;70
3908;43
3909;71
3910;28
3911;59
3912;67
3913;73
3914;26
3915;66
3916;36
3917;48
3918;21
3919;20
3920;35
3921;31
3922;0
3923;11
3924;8
3925;49
3926;28
3927;15
3928;5
3929;8
3930;78
3931;47
3932;58
3933;24
3934;59
3935;30
3936;0
3937;52
3938;70
3939;64
3940;49
3941;70
3942;65
3943;75
3944;68
3945;59
3946;75
3947;32
3948;59
3949;52
3950;33
3951;16
3952;54
3953;31
3954;10
3955;6
3956;9
3957;52
3958;60
3959;59
3960;34
3961;41
3962;5
3963;50
3964;59
3965;27
3966;41
3967;4
3968;68
3969;74
3970;41
3971;25
3972;41
3973;0
3974;0
3975;5
3976;68
3977;66
3978;60
3979;57
3980;51
3981;47
3982;37
3983;22
3984;20
3985;72
3986;51
3987;56
3988;46
3989;10
3990;13
3991;15
3992;46
3993;47
3994;9
3995;42
3996;7
3997;0
3998;51
3999;74
4000;30
4001;43
4002;16
4003;16
4004;15
4005;15
4006;31
4007;40
4008;1
4009;5
4010;30
4011;51
4012;16
4013;10
4014;56
4015;63
4016;65
4017;30
4018;64
4019;70
4020;40
4021;30
4022;16
4023;17
4024;76
4025;27
4026;61
4027;59
4028;36
4029;28
4030;74
4031;83
4032;60
4033;23
4034;65
4035;73
4036;26
4037;64
4038;37
4039;89
4040;63
4041;56
4042;32
4043;26
4044;16
4045;13
4046;40
4047;25
4048;24
4049;21
4050;26
4051;13
4052;31
4053;39
4054;1
4055;0
4056;63
4057;55
4058;54
4059;73
4060;68
4061;23
4062;65
4063;62
4064;40
4065;35
4066;23
4067;46
4068;59
4069;51
4070;67
4071;55
4072;72
4073;71
4074;87
4075;56
4076;41
4077;0
4078;3
4079;43
4080;58
4081;51
4082;29
4083;62
4084;70
4085;47
4086;59
4087;50
4088;39
4089;32
4090;5
4091;3
4092;30
4093;79
4094;43
4095;24
4096;6
4097;17
4098;48
4099;55
4100;16
4101;14
4102;71
4103;73
4104;60
4105;56
4106;67
4107;50
4108;59
4109;34
4110;18
4111;7
4112;10
4113;16
4114;52
4115;72
4116;48
4117;27
4118;24
4119;72
4120;26
4121;59
4122;59
4123;73
4124;50
4125;46
4126;74
4127;22
4128;19
4129;43
4130;70
4131;40
4132;39
4133;6
4134;16
4135;52
4136;21
4137;76
4138;80
4139;62
4140;91
4141;34
4142;7
4143;48
4144;7
4145;53
4146;41
4147;46
4148;17
4149;8
4150;10
4151;43
4152;93
4153;32
4154;29
4155;16
4156;11
4157;12
4158;59
4159;34
4160;8
4161;9
4162;88
4163;70
4164;47
4165;60
4166;73
4167;19
4168;72
4169;67
4170;50
4171;63
4172;73
4173;37
4174;6
4175;28
4176;30
4177;14
4178;65
4179;52
4180;31
4181;48
4182;14
4183;18
4184;23
4185;59
4186;21
4187;65
4188;62
4189;45
4190;48
4191;24
4192;45
4193;44
4194;11
4195;7
4196;30
4197;41
4198;3
4199;18
4200;56
4201;45
4202;68
4203;24
4204;24
4205;67
4206;67
4207;27
4208;57
4209;19
4210;73
4211;91
4212;28
4213;74
4214;67
4215;24
4216;42
4217;70
4218;55
4219;19
4220;63
4221;84
4222;66
4223;77
4224;30
4225;52
4226;50
4227;41
4228;5
4229;52
4230;85
4231;66
4232;30
4233;40
4234;4
4235;8
4236;2
4237;6
4238;1
4239;81
4240;53
4241;53
4242;47
4243;10
4244;6
4245;87
4246;66
4247;35
4248;33
4249;10
4250;13
4251;7
4252;31
4253;36
4254;3
4255;0
4256;53
4257;66
4258;64
4259;71
4260;36
4261;41
4262;0
4263;17
4264;68
4265;77
4266;19
4267;47
4268;43
4269;39
4270;16
4271;9
4272;82
4273;68
4274;35
4275;49
4276;4
4277;3
4278;30
4279;37
4280;4
4281;5
4282;59
4283;59
4284;30
4285;11
4286;14
4287;79
4288;25
4289;67
4290;33
4291;73
4292;60
4293;70
4294;61
4295;47
4296;17
4297;50
4298;62
4299;32
4300;9
4301;75
4302;58
4303;26
4304;12
4305;36
4306;39
4307;7
4308;15
4309;0
4310;50
4311;63
4312;33
4313;27
4314;2
4315;0
4316;71
4317;49
4318;51
4319;64
4320;39
4321;4
4322;67
4323;56
4324;59
4325;58
4326;47
4327;75
4328;76
4329;51
4330;29
4331;72
4332;74
4333;54
4334;76
4335;28
4336;57
4337;47
4338;51
4339;28
4340;18
4341;13
4342;62
4343;83
4344;55
4345;38
4346;81
4347;23
4348;75
4349;50
4350;39
4351;41
4352;17
4353;6
4354;50
4355;19
4356;50
4357;55
4358;84
4359;33
4360;5
4361;3
4362;22
4363;41
4364;17
4365;7
4366;33
4367;29
4368;54
4369;28
4370;51
4371;72
4372;24
4373;19
4374;29
4375;65
4376;38
4377;50
4378;14
4379;10
4380;56
4381;8
4382;53
4383;59
4384;71
4385;72
4386;61
4387;82
4388;32
4389;51
4390;80
4391;35
4392;21
4393;3
4394;3
4395;9
4396;18
4397;29
4398;61
4399;56
4400;90
4401;57
4402;58
4403;56
4404;58
4405;52
4406;61
4407;27
4408;31
4409;5
4410;5
4411;58
4412;70
4413;87
4414;48
4415;31
4416;14
4417;6
4418;10
4419;60
4420;74
4421;72
4422;64
4423;19
4424;80
4425;61
4426;73
4427;36
4428;51
4429;53
4430;36
4431;53
4432;53
4433;55
4434;70
4435;53
4436;28
4437;47
4438;13
4439;9
4440;28
4441;53
4442;6
4443;13
4444;11
4445;37
4446;58
4447;14
4448;72
4449;42
4450;15
4451;16
4452;27
4453;45
4454;16
4455;9
4456;54
4457;62
4458;28
4459;44
4460;5
4461;84
4462;59
4463;43
4464;7
4465;15
4466;42
4467;82
4468;82
4469;26
4470;26
4471;70
4472;52
4473;86
4474;81
4475;21
4476;19
4477;76
4478;21
4479;48
4480;87
4481;76
4482;76
4483;54
4484;54
4485;73
4486;34
4487;49
4488;75
4489;23
4490;91
4491;84
4492;46
4493;18
4494;76
4495;66
4496;65
4497;64
4498;90
4499;49
4500;59
4501;74
4502;31
4503;51
4504;79
4505;52
4506;74
4507;67
4508;74
4509;21
4510;31
4511;50
4512;57
4513;13
4514;46
4515;40
4516;55
4517;40
4518;29
4519;11
4520;17
4521;15
4522;75
4523;66
4524;51
4525;29
4526;44
4527;11
4528;86
4529;20
4530;44
4531;38
4532;2
4533;11
4534;53
4535;40
4536;15
4537;39
4538;36
4539;73
4540;71
4541;35
4542;42
4543;84
4544;52
4545;84
4546;22
4547;46
4548;44
4549;7
4550;0
4551;68
4552;55
4553;19
4554;64
4555;71
4556;74
4557;51
4558;73
4559;31
4560;34
4561;60
4562;35
4563;63
4564;61
4565;73
4566;47
4567;22
4568;90
4569;36
4570;35
4571;13
4572;2
4573;55
4574;32
4575;39
4576;17
4577;21
4578;23
4579;64
4580;52
4581;52
4582;72
4583;59
4584;59
4585;48
4586;48
4587;11
4588;14
4589;7
4590;35
4591;57
4592;53
4593;19
4594;52
4595;33
4596;51
4597;41
4598;7
4599;11
4600;35
4601;10
4602;56
4603;75
4604;52
4605;21
4606;51
4607;53
4608;53
4609;67
4610;63
4611;61
4612;7
4613;11
4614;61
4615;77
4616;79
4617;46
4618;47
4619;17
4620;73
4621;58
4622;65
4623;89
4624;57
4625;89
4626;87
4627;39
4628;81
4629;33
4630;0
4631;78
4632;68
4633;39
4634;41
4635;9
4636;61
4637;55
4638;29
4639;41
4640;3
4641;5
4642;23
4643;88
4644;83
4645;65
4646;80
4647;67
4648;41
4649;30
4650;69
4651;42
4652;38
4653;6
4654;12
4655;77
4656;37
4657;25
4658;22
4659;82
4660;31
4661;61
4662;60
4663;52
4664;13
4665;15
4666;39
4667;50
4668;75
4669;49
4670;58
4671;13
4672;15
4673;76
4674;25
4675;45
4676;57
4677;45
4678;53
4679;49
4680;43
4681;16
4682;5
4683;19
4684;65
4685;74
4686;19
4687;83
4688;45
4689;4
4690;56
4691;46
4692;59
4693;56
4694;44
4695;28
4696;1
4697;1
4698;5
4699;78
4700;37
4701;14
4702;57
4703;20
4704;67
4705;26
4706;14
4707;18
4708;66
4709;57
4710;30
4711;48
4712;73
4713;57
4714;65
4715;41
4716;29
4717;35
4718;44
4719;19
4720;51
4721;62
4722;86
4723;50
4724;26
4725;47
4726;48
4727;86
4728;75
4729;79
4730;73
4731;71
4732;67
4733;36
4734;31
4735;10
4736;7
4737;68
4738;56
4739;46
4740;20
4741;70
4742;50
4743;20
4744;36
4745;25
4746;39
4747;27
4748;1
4749;3
4750;78
4751;66
4752;61
4753;59
4754;56
4755;60
4756;73
4757;26
4758;55
4759;21
4760;21
4761;57
4762;26
4763;58
4764;61
4765;90
4766;38
4767;47
4768;67
4769;47
4770;60
4771;23
4772;64
4773;44
4774;35
4775;3
4776;7
4777;51
4778;22
4779;77
4780;57
4781;23
4782;34
4783;44
4784;30
4785;30
4786;19
4787;65
4788;72
4789;82
4790;75
4791;45
4792;50
4793;10
4794;43
4795;19
4796;2
4797;47
4798;18
4799;58
4800;30
4801;23
4802;2
4803;1
4804;23
4805;78
4806;43
4807;0
4808;17
4809;6
4810;46
4811;64
4812;15
4813;10
4814;91
4815;72
4816;49
4817;16
4818;37
4819;17
4820;68
4821;72
4822;61
4823;57
4824;47
4825;40
4826;1
4827;3
4828;18
4829;45
4830;45
4831;5
4832;24
4833;70
4834;27
4835;21
4836;6
4837;2
4838;37
4839;35
4840;76
4841;31
4842;38
4843;2
4844;24
4845;34
4846;1
4847;0
4848;60
4849;82
4850;64
4851;35
4852;87
4853;45
4854;34
4855;29
4856;41
4857;45
4858;1
4859;68
4860;93
4861;57
4862;35
4863;39
4864;26
4865;40
4866;11
4867;1
4868;61
4869;53
4870;11
4871;13
4872;76
4873;64
4874;45
4875;13
4876;60
4877;66
4878;58
4879;58
4880;43
4881;6
4882;73
4883;29
4884;23
4885;22
4886;34
4887;56
4888;12
4889;14
4890;13
4891;60
4892;51
4893;19
4894;24
4895;32
4896;40
4897;2
4898;14
4899;4
4900;11
4901;55
4902;27
4903;9
4904;11
4905;10
4906;61
4907;91
4908;46
4909;30
4910;14
4911;48
4912;55
4913;33
4914;57
4915;58
4916;35
4917;62
4918;71
4919;52
4920;74
4921;87
4922;59
4923;70
4924;52
4925;67
4926;69
4927;55
4928;23
4929;79
4930;36
4931;47
4932;0
4933;16
4934;87
4935;49
4936;52
4937;26
4938;64
4939;38
4940;31
4941;8
4942;8
4943;18
4944;32
4945;86
4946;81
4947;30
4948;19
4949;66
4950;67
4951;32
4952;70
4953;55
4954;39
4955;6
4956;0
4957;37
4958;80
4959;19
4960;29
4961;0
4962;6
4963;59
4964;85
4965;69
4966;30
4967;71
4968;60
4969;27
4970;52
4971;43
4972;9
4973;9
4974;40
4975;26
4976;17
4977;60
4978;75
4979;32
4980;42
4981;75
4982;21
4983;72
4984;50
4985;11
4986;6
4987;73
4988;65
4989;37
4990;14
4991;65
4992;58
4993;65
4994;25
4995;46
4996;27
4997;0
4998;2
4999;69
5000;21
5001;3
5002;40
5003;58
5004;56
5005;52
5006;41
5007;87
5008;60
5009;59
5010;6
5011;65
5012;34
5013;48
5014;66
5015;41
5016;10
5017;25
5018;74
5019;78
5020;45
5021;34
5022;40
5023;44
5024;13
5025;5
5026;7
5027;83
5028;58
5029;22
5030;47
5031;53
5032;68
5033;48
5034;46
5035;37
5036;8
5037;58
5038;35
5039;75
5040;32
5041;46
5042;77
5043;72
5044;19
5045;83
5046;39
5047;34
5048;13
5049;0
5050;72
5051;48
5052;66
5053;69
5054;34
5055;13
5056;64
5057;65
5058;27
5059;70
5060;20
5061;62
5062;36
5063;43
5064;76
5065;73
5066;37
5067;53
5068;72
5069;78
5070;39
5071;48
5072;82
5073;55
5074;54
5075;56
5076;57
5077;51
5078;83
5079;33
5080;10
5081;16
5082;33
5083;57
5084;8
5085;48
5086;64
5087;49
5088;88
5089;37
5090;67
5091;72
5092;41
5093;44
5094;18
5095;70
5096;52
5097;51
5098;56
5099;31
5100;19
5101;20
5102;23
5103;66
5104;19
5105;54
5106;43
5107;69
5108;25
5109;72
5110;66
5111;35
5112;17
5113;47
5114;50
5115;47
5116;59
5117;22
5118;32
5119;51
5120;72
5121;60
5122;68
5123;70
5124;73
5125;46
5126;72
5127;19
5128;37
5129;48
5130;17
5131;81
5132;24
5133;70
5134;22
5135;73
5136;54
5137;68
5138;68
5139;56
5140;86
5141;64
5142;70
5143;70
5144;43
5145;53
5146;44
5147;51
5148;31
5149;61
5150;14
5151;11
5152;59
5153;51
5154;70
5155;81
5156;42
5157;24
5158;67
5159;40
5160;48
5161;47
5162;84
5163;71
5164;54
5165;63
5166;71
5167;47
5168;51
5169;72
5170;61
5171;73
5172;21
5173;61
5174;79
5175;65
5176;34
5177;58
5178;25
5179;41
5180;40
5181;6
5182;16
5183;66
5184;28
5185;73
5186;58
5187;74
5188;56
5189;20
5190;31
5191;38
5192;53
5193;24
5194;24
5195;67
5196;24
5197;69
5198;20
5199;32
5200;66
5201;63
5202;26
5203;76
5204;67
5205;42
5206;26
5207;56
5208;51
5209;63
5210;37
5211;33
5212;42
5213;14
5214;48
5215;66
5216;83
5217;68
5218;81
5219;71
5220;35
5221;33
5222;6
5223;14
5224;50
5225;55
5226;28
5227;18
5228;11
5229;75
5230;20
5231;21
5232;69
5233;25
5234;69
5235;89
5236;36
5237;81
5238;59
5239;65
5240;85
5241;35
5242;2
5243;37
5244;50
5245;10
5246;9
5247;18
5248;6
5249;28
5250;9
5251;37
5252;21
5253;43
5254;5
5255;5
5256;78
5257;60
5258;58
5259;59
5260;56
5261;74
5262;34
5263;31
5264;36
5265;11
5266;0
5267;75
5268;69
5269;54
5270;15
5271;59
5272;26
5273;68
5274;63
5275;45
5276;47
5277;7
5278;30
5279;23
5280;77
5281;68
5282;75
5283;39
5284;13
5285;18
5286;36
5287;26
5288;15
5289;53
5290;66
5291;39
5292;43
5293;60
5294;27
5295;61
5296;83
5297;58
5298;61
5299;40
5300;82
5301;53
5302;81
5303;26
5304;64
5305;48
5306;19
5307;38
5308;37
5309;18
5310;6
5311;9
5312;87
5313;56
5314;19
5315;77
5316;63
5317;83
5318;56
5319;56
5320;62
5321;27
5322;50
5323;53
5324;28
5325;37
5326;9
5327;82
5328;52
5329;52
5330;42
5331;84
5332;82
5333;51
5334;22
5335;31
5336;37
5337;37
5338;11
5339;18
5340;64
5341;23
5342;37
5343;67
5344;66
5345;40
5346;15
5347;8
5348;40
5349;50
5350;17
5351;17
5352;8
5353;53
5354;49
5355;40
5356;20
5357;76
5358;29
5359;32
5360;5
5361;90
5362;66
5363;83
5364;30
5365;32
5366;44
5367;14
5368;3
5369;53
5370;14
5371;14
5372;48
5373;44
5374;10
5375;15
5376;66
5377;84
5378;58
5379;80
5380;77
5381;69
5382;44
5383;6
5384;4
5385;23
5386;44
5387;87
5388;67
5389;49
5390;61
5391;7
5392;66
5393;57
5394;54
5395;76
5396;68
5397;52
5398;54
5399;56
5400;30
5401;9
5402;9
5403;8
5404;51
5405;77
5406;75
5407;57
5408;69
5409;32
5410;33
5411;75
5412;28
5413;46
5414;60
5415;78
5416;28
5417;46
5418;51
5419;17
5420;15
5421;48
5422;38
5423;17
5424;6
5425;15
5426;63
5427;33
5428;26
5429;48
5430;24
5431;29
5432;4
5433;5
5434;77
5435;75
5436;48
5437;35
5438;4
5439;3
5440;73
5441;35
5442;35
5443;24
5444;58
5445;26
5446;30
5447;74
5448;22
5449;23
5450;83
5451;76
5452;21
5453;52
5454;54
5455;51
5456;26
5457;48
5458;9
5459;67
5460;91
5461;51
5462;36
5463;15
5464;16
5465;74
5466;59
5467;65
5468;79
5469;38
5470;70
5471;61
5472;43
5473;43
5474;70
5475;54
5476;46
5477;59
5478;24
5479;67
5480;46
5481;61
5482;57
5483;10
5484;16
5485;10
5486;53
5487;68
5488;49
5489;50
5490;67
5491;79
5492;48
5493;26
5494;47
5495;42
5496;13
5497;9
5498;43
5499;48
5500;47
5501;46
5502;2
5503;8
5504;5
5505;56
5506;66
5507;34
5508;64
5509;18
5510;7
5511;6
5512;43
5513;17
5514;24
5515;60
5516;71
5517;21
5518;22
5519;19
5520;30
5521;46
5522;22
5523;1
5524;3
5525;54
5526;20
5527;82
5528;50
5529;42
5530;79
5531;67
5532;77
5533;62
5534;59
5535;57
5536;6
5537;15
5538;83
5539;32
5540;83
5541;62
5542;29
5543;47
5544;52
5545;53
5546;52
5547;31
5548;24
5549;1
5550;16
5551;40
5552;66
5553;57
5554;67
5555;30
5556;34
5557;5
5558;71
5559;19
5560;23
5561;23
5562;41
5563;44
5564;60
5565;47
5566;19
5567;2
5568;0
5569;23
5570;30
5571;47
5572;17
5573;10
5574;49
5575;19
5576;74
5577;42
5578;25
5579;58
5580;76
5581;61
5582;70
5583;32
5584;80
5585;70
5586;36
5587;20
5588;4
5589;3
5590;32
5591;24
5592;54
5593;55
5594;65
5595;54
5596;39
5597;13
5598;11
5599;24
5600;77
5601;35
5602;22
5603;54
5604;41
5605;44
5606;58
5607;53
5608;53
5609;73
5610;50
5611;68
5612;54
5613;67
5614;20
5615;45
5616;63
5617;87
5618;69
5619;86
5620;79
5621;42
5622;57
5623;8
5624;18
5625;26
5626;17
5627;76
5628;30
5629;33
5630;72
5631;60
5632;51
5633;6
5634;13
5635;63
5636;22
5637;34
5638;37
5639;55
5640;21
5641;4
5642;47
5643;22
5644;20
5645;25
5646;72
5647;19
5648;51
5649;51
5650;78
5651;35
5652;27
5653;8
5654;4
5655;41
5656;47
5657;54
5658;11
5659;13
5660;61
5661;53
5662;65
5663;23
5664;23
5665;73
5666;52
5667;88
5668;60
5669;55
5670;82
5671;52
5672;82
5673;63
5674;53
5675;51
5676;49
5677;77
5678;26
5679;59
5680;18
5681;49
5682;69
5683;23
5684;68
5685;25
5686;70
5687;58
5688;75
5689;61
5690;32
5691;47
5692;12
5693;15
5694;13
5695;13
5696;62
5697;70
5698;21
5699;32
5700;3
5701;13
5702;29
5703;69
5704;63
5705;60
5706;39
5707;37
5708;19
5709;40
5710;2
5711;4
5712;29
5713;44
5714;3
5715;1
5716;1
5717;46
5718;16
5719;41
5720;57
5721;72
5722;71
5723;27
5724;31
5725;35
5726;56
5727;60
5728;47
5729;64
5730;30
5731;64
5732;93
5733;29
5734;30
5735;15
5736;11
5737;49
5738;46
5739;51
5740;17
5741;7
5742;23
5743;78
5744;75
5745;39
5746;84
5747;39
5748;19
5749;51
5750;27
5751;10
5752;10
5753;38
5754;47
5755;10
5756;13
5757;21
5758;67
5759;64
5760;69
5761;71
5762;60
5763;79
5764;39
5765;66
5766;69
5767;57
5768;43
5769;17
5770;6
5771;26
5772;64
5773;27
5774;41
5775;15
5776;33
5777;65
5778;90
5779;63
5780;68
5781;39
5782;61
5783;19
5784;64
5785;66
5786;49
5787;43
5788;0
5789;5
5790;51
5791;43
5792;52
5793;37
5794;22
5795;23
5796;36
5797;50
5798;50
5799;71
5800;52
5801;56
5802;8
5803;14
5804;66
5805;73
5806;78
5807;73
5808;41
5809;47
5810;34
5811;69
5812;82
5813;48
5814;79
5815;21
5816;32
5817;37
5818;29
5819;7
5820;6
5821;36
5822;24
5823;2
5824;4
5825;45
5826;75
5827;21
5828;90
5829;21
5830;61
5831;49
5832;31
5833;27
5834;18
5835;17
5836;23
5837;63
5838;20
5839;29
5840;24
5841;56
5842;48
5843;80
5844;70
5845;58
5846;52
5847;19
5848;26
5849;79
5850;45
5851;68
5852;30
5853;46
5854;59
5855;19
5856;50
5857;39
5858;49
5859;17
5860;7
5861;6
5862;26
5863;53
5864;61
5865;34
5866;27
5867;12
5868;12
5869;59
5870;72
5871;66
5872;25
5873;29
5874;24
5875;19
5876;5
5877;3
5878;68
5879;63
5880;67
5881;32
5882;36
5883;18
5884;2
5885;5
5886;50
5887;27
5888;11
5889;7
5890;49
5891;41
5892;29
5893;39
5894;8
5895;13
5896;6
5897;64
5898;59
5899;64
5900;56
5901;71
5902;30
5903;26
5904;12
5905;15
5906;65
5907;55
5908;21
5909;31
5910;8
5911;65
5912;63
5913;45
5914;66
5915;58
5916;74
5917;52
5918;34
5919;19
5920;43
5921;5
5922;39
5923;30
5924;59
5925;59
5926;44
5927;37
5928;46
5929;49
5930;10
5931;47
5932;36
5933;39
5934;47
5935;5
5936;3
5937;14
5938;64
5939;81
5940;36
5941;28
5942;62
5943;30
5944;72
5945;54
5946;48
5947;63
5948;6
5949;16
5950;31
5951;72
5952;46
5953;55
5954;61
5955;23
5956;41
5957;26
5958;4
5959;4
5960;19
5961;68
5962;66
5963;37
5964;59
5965;31
5966;38
5967;11
5968;1
5969;67
5970;39
5971;41
5972;20
5973;56
5974;57
5975;36
5976;17
5977;4
5978;11
5979;77
5980;70
5981;25
5982;25
5983;37
5984;26
5985;55
5986;51
5987;41
5988;76
5989;55
5990;58
5991;76
5992;60
5993;64
5994;28
5995;70
5996;86
5997;36
5998;26
5999;83
6000;71
6001;62
6002;27
6003;1
6004;55
6005;80
6006;39
6007;40
6008;34
6009;15
6010;1
6011;42
6012;28
6013;62
6014;16
6015;43
6016;63
6017;54
6018;28
6019;37
6020;83
6021;47
6022;54
6023;14
6024;11
6025;10
6026;79
6027;31
6028;55
6029;66
6030;56
6031;54
6032;14
6033;7
6034;12
6035;60
6036;72
6037;66
6038;51
6039;24
6040;58
6041;66
6042;36
6043;55
6044;60
6045;48
6046;22
6047;44
6048;34
6049;36
6050;17
6051;14
6052;64
6053;27
6054;47
6055;32
6056;34
6057;25
6058;6
6059;4
6060;4
6061;68
6062;43
6063;5
6064;58
6065;60
6066;55
6067;20
6068;55
6069;49
6070;31
6071;2
6072;49
6073;38
6074;13
6075;14
6076;70
6077;50
6078;48
6079;25
6080;39
6081;1
6082;1
6083;0
6084;56
6085;64
6086;6
6087;6
6088;29
6089;30
6090;17
6091;7
6092;13
6093;70
6094;76
6095;52
6096;64
6097;70
6098;49
6099;62
6100;71
6101;53
6102;41
6103;32
6104;1
6105;5
6106;3
6107;34
6108;35
6109;4
6110;2
6111;9
6112;51
6113;21
6114;30
6115;9
6116;4
6117;16
6118;80
6119;44
6120;38
6121;61
6122;70
6123;60
6124;20
6125;72
6126;45
6127;26
6128;29
6129;11
6130;6
6131;17
6132;51
6133;26
6134;48
6135;49
6136;14
6137;18
6138;42
6139;64
6140;62
6141;26
6142;21
6143;3
6144;36
6145;59
6146;9
6147;9
6148;31
6149;52
6150;59
6151;61
6152;77
6153;26
6154;48
6155;96
6156;44
6157;47
6158;11
6159;7
6160;72
6161;46
6162;59
6163;83
6164;49
6165;82
6166;77
6167;53
6168;59
6169;14
6170;15
6171;25
6172;84
6173;22
6174;79
6175;67
6176;40
6177;13
6178;1
6179;35
6180;23
6181;26
6182;57
6183;65
6184;69
6185;78
6186;48
6187;37
6188;31
6189;35
6190;8
6191;15
6192;24
6193;44
6194;0
6195;49
6196;64
6197;46
6198;37
6199;1
6200;12
6201;46
6202;63
6203;48
6204;24
6205;76
6206;56
6207;66
6208;65
6209;56
6210;37
6211;45
6212;17
6213;10
6214;64
6215;50
6216;57
6217;26
6218;22
6219;32
6220;5
6221;29
6222;54
6223;58
6224;76
6225;60
6226;36
6227;58
6228;13
6229;10
6230;52
6231;72
6232;84
6233;55
6234;90
6235;56
6236;10
6237;16
6238;40
6239;41
6240;23
6241;55
6242;52
6243;32
6244;19
6245;47
6246;27
6247;0
6248;8
6249;43
6250;40
6251;13
6252;3
6253;48
6254;22
6255;39
6256;0
6257;2
6258;43
6259;62
6260;16
6261;14
6262;36
6263;14
6264;65
6265;47
6266;72
6267;78
6268;59
6269;49
6270;34
6271;24
6272;7
6273;8
6274;0
6275;61
6276;53
6277;61
6278;80
6279;71
6280;27
6281;47
6282;48
6283;2
6284;12
6285;74
6286;47
6287;50
6288;39
6289;14
6290;43
6291;45
6292;7
6293;7
6294;72
6295;72
6296;53
6297;68
6298;23
6299;72
6300;54
6301;38
6302;20
6303;5
6304;17
6305;36
6306;34
6307;32
6308;8
6309;26
6310;35
6311;18
6312;7
6313;52
6314;53
6315;48
6316;46
6317;56
6318;51
6319;44
6320;45
6321;46
6322;76
6323;53
6324;36
6325;48
6326;40
6327;70
6328;30
6329;50
6330;71
6331;47
6332;51
6333;56
6334;73
6335;70
6336;59
6337;82
6338;85
6339;45
6340;39
6341;9
6342;11
6343;90
6344;54
6345;28
6346;73
6347;52
6348;76
6349;87
6350;86
6351;82
6352;32
6353;31
6354;5
6355;5
6356;68
6357;86
6358;52
6359;74
6360;61
6361;54
6362;32
6363;61
6364;65
6365;33
6366;38
6367;80
6368;54
6369;60
6370;63
6371;60
6372;69
6373;64
6374;59
6375;22
6376;31
6377;73
6378;55
6379;75
6380;64
6381;45
6382;22
6383;67
6384;22
6385;62
6386;58
6387;17
6388;15
6389;10
6390;75
6391;70
6392;28
6393;67
6394;67
6395;63
6396;34
6397;30
6398;11
6399;12
6400;7
6401;83
6402;84
6403;44
6404;32
6405;8
6406;37
6407;71
6408;49
6409;50
6410;24
6411;46
6412;2
6413;28
6414;44
6415;14
6416;3
6417;27
6418;23
6419;64
6420;57
6421;58
6422;41
6423;50
6424;66
6425;19
6426;63
6427;59
6428;75
6429;83
6430;19
6431;40
6432;17
6433;4
6434;29
6435;60
6436;27
6437;71
6438;22
6439;77
6440;60
6441;53
6442;58
6443;31
6444;49
6445;46
6446;14
6447;12
6448;7
6449;17
6450;53
6451;25
6452;19
6453;49
6454;71
6455;58
6456;45
6457;0
6458;51
6459;37
6460;15
6461;70
6462;72
6463;47
6464;58
6465;68
6466;64
6467;16
6468;16
6469;73
6470;66
6471;74
6472;45
6473;33
6474;11
6475;10
6476;41
6477;41
6478;2
6479;71
6480;26
6481;44
6482;93
6483;28
6484;50
6485;8
6486;6
6487;79
6488;61
6489;23
6490;46
6491;79
6492;70
6493;64
6494;67
6495;22
6496;64
6497;42
6498;75
6499;31
6500;45
6501;17
6502;65
6503;23
6504;19
6505;60
6506;56
6507;59
6508;52
6509;54
6510;17
6511;17
6512;8
6513;59
6514;44
6515;76
6516;48
6517;30
6518;27
6519;37
6520;9
6521;3
6522;3
6523;23
6524;29
6525;4
6526;3
6527;1
6528;71
6529;69
6530;27
6531;43
6532;65
6533;52
6534;80
6535;25
6536;58
6537;73
6538;63
6539;59
6540;20
6541;62
6542;33
6543;59
6544;18
6545;16
6546;33
6547;78
6548;26
6549;60
6550;82
6551;68
6552;52
6553;21
6554;29
6555;48
6556;81
6557;52
6558;61
6559;57
6560;19
6561;87
6562;37
6563;52
6564;33
6565;41
6566;9
6567;15
6568;56
6569;66
6570;63
6571;52
6572;17
6573;13
6574;6
6575;49
6576;27
6577;17
6578;8
6579;16
6580;87
6581;53
6582;66
6583;63
6584;50
6585;51
6586;16
6587;63
6588;58
6589;81
6590;51
6591;54
6592;55
6593;68
6594;72
6595;68
6596;64
6597;16
6598;91
6599;51
6600;40
6601;90
6602;68
6603;81
6604;62
6605;69
6606;64
6607;13
6608;6
6609;50
6610;47
6611;66
6612;64
6613;29
6614;52
6615;51
6616;63
6617;56
6618;74
6619;39
6620;61
6621;90
6622;60
6623;63
6624;23
6625;19
6626;20
6627;40
6628;11
6629;3
6630;63
6631;19
6632;76
6633;52
6634;61
6635;67
6636;30
6637;50
6638;65
6639;51
6640;60
6641;88
6642;68
6643;32
6644;6
6645;8
6646;90
6647;71
6648;68
6649;67
6650;71
6651;58
6652;59
6653;56
6654;13
6655;17
6656;55
6657;86
6658;51
6659;41
6660;17
6661;18
6662;48
6663;31
6664;9
6665;50
6666;39
6667;16
6668;12
6669;50
6670;74
6671;68
6672;64
6673;35
6674;31
6675;7
6676;8
6677;54
6678;53
6679;51
6680;63
6681;58
6682;65
6683;74
6684;64
6685;91
6686;59
6687;70
6688;72
6689;45
6690;31
6691;3
6692;5
6693;17
6694;2
6695;15
6696;66
6697;60
6698;34
6699;48
6700;57
6701;70
6702;68
6703;32
6704;13
6705;13
6706;89
6707;35
6708;9
6709;68
6710;86
6711;31
6712;28
6713;30
6714;51
6715;36
6716;32
6717;79
6718;59
6719;68
6720;60
6721;57
6722;14
6723;8
6724;13
6725;33
6726;30
6727;17
6728;6
6729;13
6730;27
6731;52
6732;44
6733;25
6734;50
6735;54
6736;53
6737;43
6738;41
6739;4
6740;3
6741;69
6742;60
6743;21
6744;22
6745;52
6746;23
6747;21
6748;71
6749;51
6750;21
6751;58
6752;47
6753;74
6754;88
6755;28
6756;19
6757;73
6758;46
6759;51
6760;60
6761;46
6762;54
6763;59
6764;30
6765;49
6766;14
6767;53
6768;22
6769;30
6770;42
6771;16
6772;14
6773;86
6774;74
6775;70
6776;85
6777;19
6778;89
6779;31
6780;58
6781;35
6782;50
6783;49
6784;23
6785;47
6786;87
6787;44
6788;63
6789;89
6790;32
6791;46
6792;11
6793;14
6794;38
6795;3
6796;2
6797;64
6798;31
6799;19
6800;48
6801;3
6802;18
6803;2
6804;71
6805;79
6806;50
6807;67
6808;73
6809;65
6810;30
6811;64
6812;48
6813;56
6814;68
6815;69
6816;73
6817;23
6818;64
6819;49
6820;70
6821;30
6822;37
6823;19
6824;85
6825;32
6826;8
6827;64
6828;28
6829;70
6830;74
6831;51
6832;47
6833;65
6834;75
6835;21
6836;27
6837;22
6838;60
6839;89
6840;47
6841;49
6842;46
6843;32
6844;61
6845;33
6846;34
6847;35
6848;5
6849;16
6850;51
6851;57
6852;56
6853;46
6854;11
6855;81
6856;63
6857;75
6858;58
6859;64
6860;48
6861;20
6862;70
6863;43
6864;54
6865;41
6866;80
6867;19
6868;70
6869;67
6870;34
6871;8
6872;70
6873;65
6874;69
6875;74
6876;43
6877;44
6878;4
6879;7
6880;62
6881;58
6882;52
6883;32
6884;29
6885;7
6886;19
6887;31
6888;11
6889;0
6890;34
6891;43
6892;52
6893;18
6894;11
6895;55
6896;47
6897;60
6898;10
6899;36
6900;17
6901;13
6902;69
6903;52
6904;23
6905;52
6906;87
6907;69
6908;62
6909;58
6910;76
6911;58
6912;36
6913;34
6914;13
6915;4
6916;2
6917;38
6918;15
6919;43
6920;56
6921;31
6922;8
6923;19
6924;73
6925;51
6926;25
6927;38
6928;38
6929;5
6930;3
6931;16
6932;71
6933;73
6934;52
6935;74
6936;70
6937;30
6938;22
6939;9
6940;4
6941;5
6942;44
6943;1
6944;35
6945;51
6946;74
6947;71
6948;34
6949;52
6950;23
6951;36
6952;36
6953;17
6954;11
6955;56
6956;74
6957;75
6958;24
6959;53
6960;81
6961;57
6962;32
6963;49
6964;5
6965;2
6966;54
6967;48
6968;32
6969;18
6970;9
6971;31
6972;53
6973;17
6974;9
6975;60
6976;35
6977;27
6978;11
6979;2
6980;50
6981;58
6982;32
6983;18
6984;7
6985;11
6986;8
6987;39
6988;37
6989;1
6990;3
6991;37
6992;2
6993;10
6994;61
6995;24
6996;47
6997;77
6998;61
6999;64
7000;65
7001;35
7002;31
7003;16
7004;1
7005;58
7006;31
7007;5
7008;16
7009;60
7010;32
7011;30
7012;61
7013;49
7014;66
7015;36
7016;55
7017;99
7018;53
7019;80
7020;32
7021;59
7022;14
7023;9
7024;36
7025;20
7026;72
7027;46
7028;30
7029;15
7030;13
7031;29
7032;11
7033;55
7034;55
7035;19
7036;64
7037;41
7038;27
7039;27
7040;3
7041;4
7042;35
7043;35
7044;72
7045;56
7046;45
7047;19
7048;68
7049;63
7050;27
7051;42
7052;50
7053;18
7054;14
7055;17
7056;49
7057;16
7058;13
7059;62
7060;53
7061;56
7062;73
7063;61
7064;58
7065;65
7066;52
7067;72
7068;75
7069;85
7070;46
7071;13
7072;14
7073;39
7074;16
7075;41
7076;80
7077;60
7078;33
7079;17
7080;10
7081;96
7082;58
7083;20
7084;58
7085;28
7086;42
7087;3
7088;0
7089;41
7090;59
7091;60
7092;52
7093;73
7094;74
7095;66
7096;80
7097;22
7098;40
7099;33
7100;7
7101;1
7102;45
7103;15
7104;32
7105;12
7106;38
7107;55
7108;18
7109;10
7110;36
7111;27
7112;15
7113;29
7114;81
7115;72
7116;51
7117;54
7118;29
7119;24
7120;3
7121;3
7122;39
7123;50
7124;13
7125;18
7126;12
7127;61
7128;59
7129;44
7130;53
7131;54
7132;83
7133;42
7134;38
7135;67
7136;53
7137;29
7138;76
7139;66
7140;19
7141;87
7142;61
7143;64
7144;46
7145;62
7146;39
7147;37
7148;34
7149;13
7150;6
7151;13
7152;67
7153;61
7154;47
7155;62
7156;16
7157;10
7158;70
7159;71
7160;61
7161;46
7162;55
7163;65
7164;74
7165;68
7166;72
7167;42
7168;58
7169;53
7170;25
7171;66
7172;43
7173;64
7174;18
7175;13
7176;19
7177;22
7178;52
7179;56
7180;18
7181;17
7182;30
7183;38
7184;4
7185;2
7186;14
7187;50
7188;34
7189;64
7190;14
7191;12
7192;59
7193;90
7194;66
7195;56
7196;63
7197;24
7198;46
7199;26
7200;76
7201;19
7202;73
7203;70
7204;60
7205;63
7206;16
7207;9
7208;48
7209;19
7210;2
7211;17
7212;27
7213;69
7214;41
7215;32
7216;18
7217;58
7218;10
7219;31
7220;49
7221;6
7222;8
7223;17
7224;10
7225;80
7226;55
7227;51
7228;63
7229;21
7230;31
7231;3
7232;5
7233;52
7234;30
7235;67
7236;48
7237;35
7238;9
7239;12
7240;39
7241;26
7242;48
7243;82
7244;40
7245;58
7246;21
7247;33
7248;38
7249;38
7250;36
7251;40
7252;4
7253;2
7254;50
7255;51
7256;57
7257;76
7258;83
7259;60
7260;74
7261;55
7262;81
7263;65
7264;20
7265;76
7266;19
7267;33
7268;67
7269;95
7270;63
7271;47
7272;7
7273;9
7274;57
7275;13
7276;67
7277;40
7278;63
7279;56
7280;58
7281;48
7282;69
7283;32
7284;19
7285;7
7286;8
7287;0
7288;50
7289;12
7290;77
7291;45
7292;71
7293;23
7294;46
7295;37
7296;8
7297;18
7298;7
7299;9
7300;50
7301;76
7302;64
7303;57
7304;37
7305;64
7306;61
7307;68
7308;53
7309;73
7310;59
7311;57
7312;68
7313;58
7314;28
7315;2
7316;82
7317;98
7318;61
7319;36
7320;40
7321;18
7322;3
7323;34
7324;55
7325;72
7326;77
7327;53
7328;60
7329;76
7330;44
7331;30
7332;13
7333;29
7334;19
7335;4
7336;14
7337;66
7338;74
7339;70
7340;56
7341;41
7342;0
7343;11
7344;59
7345;71
7346;66
7347;66
7348;79
7349;70
7350;58
7351;58
7352;59
7353;25
7354;25
7355;37
7356;70
7357;74
7358;77
7359;46
7360;73
7361;44
7362;25
7363;81
7364;73
7365;93
7366;38
7367;51
7368;33
7369;47
7370;4
7371;15
7372;30
7373;50
7374;7
7375;50
7376;93
7377;30
7378;29
7379;5
7380;3
7381;25
7382;29
7383;42
7384;32
7385;16
7386;11
7387;60
7388;61
7389;54
7390;56
7391;64
7392;37
7393;25
7394;47
7395;41
7396;33
7397;2
7398;61
7399;23
7400;91
7401;59
7402;25
7403;73
7404;68
7405;56
7406;64
7407;40
7408;2
7409;3
7410;5
7411;43
7412;37
7413;10
7414;15
7415;55
7416;25
7417;45
7418;67
7419;20
7420;75
7421;74
7422;58
7423;53
7424;14
7425;9
7426;30
7427;69
7428;62
7429;56
7430;26
7431;33
7432;86
7433;80
7434;72
7435;21
7436;86
7437;58
7438;64
7439;47
7440;70
7441;54
7442;68
7443;57
7444;50
7445;26
7446;9
7447;32
7448;54
7449;32
7450;7
7451;9
7452;37
7453;73
7454;52
7455;70
7456;46
7457;61
7458;29
7459;17
7460;65
7461;60
7462;21
7463;20
7464;52
7465;41
7466;60
7467;82
7468;30
7469;48
7470;14
7471;17
7472;71
7473;65
7474;50
7475;56
7476;51
7477;60
7478;44
7479;78
7480;78
7481;47
7482;28
7483;49
7484;23
7485;19
7486;49
7487;13
7488;70
7489;69
7490;51
7491;49
7492;71
7493;49
7494;47
7495;49
7496;64
7497;63
7498;71
7499;29
7500;25
7501;51
7502;52
7503;7
7504;6
7505;6
7506;19
7507;56
7508;27
7509;70
7510;59
7511;57
7512;71
7513;36
7514;48
7515;12
7516;50
7517;23
7518;62
7519;69
7520;25
7521;57
7522;53
7523;42
7524;32
7525;12
7526;48
7527;47
7528;85
7529;80
7530;88
7531;55
7532;76
7533;82
7534;47
7535;37
7536;60
7537;74
7538;22
7539;37
7540;33
7541;3
7542;2
7543;17
7544;44
7545;28
7546;68
7547;21
7548;27
7549;2
7550;15
7551;29
7552;19
7553;9
7554;16
7555;22
7556;57
7557;37
7558;70
7559;38
7560;36
7561;15
7562;1
7563;4
7564;45
7565;42
7566;7
7567;60
7568;85
7569;72
7570;70
7571;74
7572;82
7573;49
7574;68
7575;21
7576;19
7577;22
7578;38
7579;47
7580;7
7581;15
7582;72
7583;56
7584;73
7585;30
7586;28
7587;5
7588;0
7589;58
7590;26
7591;42
7592;8
7593;55
7594;78
7595;36
7596;69
7597;37
7598;45
7599;11
7600;12
7601;11
7602;14
7603;47
7604;5
7605;2
7606;39
7607;39
7608;5
7609;17
7610;17
7611;50
7612;60
7613;10
7614;10
7615;38
7616;48
7617;63
7618;9
7619;14
7620;8
7621;68
7622;60
7623;55
7624;46
7625;28
7626;2
7627;4
7628;18
7629;62
7630;45
7631;35
7632;57
7633;67
7634;71
7635;64
7636;28
7637;20
7638;23
7639;44
7640;54
7641;82
7642;49
7643;35
7644;0
7645;12
7646;91
7647;19
7648;48
7649;27
7650;6
7651;16
7652;25
7653;25
7654;73
7655;69
7656;101
7657;99
7658;77
7659;105
7660;83
7661;80
7662;98
7663;77
7664;73
7665;81
7666;92
7667;80
7668;89
7669;73
7670;87
7671;87
7672;85
7673;89
7674;75
7675;70
7676;78
7677;104
7678;87
7679;70
7680;95
7681;95
7682;81
7683;71
7684;88
7685;102
7686;92
7687;97
7688;103
7689;86
7690;98
7691;97
7692;92
7693;90
7694;82
7695;102
7696;75
7697;80
7698;105
7699;70
7700;81
7701;99
7702;70
7703;83
7704;69
7705;87
7706;67
7707;74
7708;78
7709;77
7710;83
7711;98
7712;83
7713;89
7714;81
