1;80
2;70
3;59
4;62
5;8
6;9
7;57
8;80
9;26
10;63
11;34
12;8
13;9
14;31
15;59
16;13
17;52
18;50
19;13
20;16
21;18
22;14
23;20
24;68
25;70
26;44
27;52
28;44
29;6
30;67
31;62
32;41
33;47
34;14
35;14
36;58
37;9
38;6
39;72
40;74
41;54
42;84
43;49
44;27
45;48
46;75
47;84
48;91
49;63
50;85
51;80
52;44
53;26
54;24
55;63
56;64
57;11
58;15
59;65
60;35
61;23
62;1
63;15
64;3
65;33
66;25
67;49
68;4
69;3
70;67
71;68
72;36
73;0
74;42
75;82
76;50
77;57
78;11
79;7
80;72
81;53
82;64
83;88
84;27
85;28
86;18
87;3
88;22
89;71
90;61
91;47
92;32
93;56
94;48
95;17
96;8
97;56
98;38
99;63
100;17
101;11
102;52
103;51
104;15
105;11
106;9
107;62
108;8
109;6
110;65
111;41
112;53
113;64
114;28
115;27
116;41
117;11
118;3
119;87
120;65
121;24
122;60
123;98
124;68
125;55
126;37
127;36
128;2
129;3
130;92
131;33
132;55
133;7
134;7
135;52
136;85
137;64
138;41
139;17
140;9
141;50
142;71
143;56
144;47
145;20
146;15
147;9
148;72
149;49
150;79
151;87
152;20
153;35
154;1
155;15
156;60
157;60
158;19
159;2
160;48
161;72
162;63
163;21
164;44
165;66
166;29
167;63
168;38
169;66
170;72
171;49
172;51
173;49
174;3
175;49
176;48
177;8
178;9
179;16
180;48
181;51
182;13
183;16
184;66
185;68
186;63
187;46
188;17
189;15
190;17
191;38
192;48
193;9
194;13
195;70
196;55
197;58
198;14
199;18
200;15
201;29
202;45
203;2
204;15
205;69
206;59
207;36
208;41
209;12
210;12
211;73
212;58
213;32
214;57
215;60
216;78
217;71
218;34
219;15
220;51
221;49
222;29
223;48
224;1
225;45
226;26
227;14
228;6
229;26
230;73
231;90
232;63
233;61
234;71
235;47
236;64
237;10
238;46
239;85
240;49
241;16
242;64
243;75
244;85
245;56
246;30
247;10
248;17
249;9
250;16
251;61
252;62
253;9
254;15
255;50
256;43
257;45
258;2
259;14
260;3
261;45
262;27
263;21
264;76
265;41
266;37
267;46
268;13
269;18
270;72
271;32
272;64
273;11
274;8
275;7
276;91
277;76
278;46
279;86
280;58
281;74
282;69
283;50
284;39
285;8
286;13
287;60
288;41
289;65
290;64
291;61
292;10
293;32
294;37
295;42
296;2
297;2
298;25
299;70
300;24
301;35
302;20
303;23
304;65
305;71
306;58
307;25
308;61
309;50
310;85
311;75
312;34
313;53
314;7
315;7
316;77
317;27
318;37
319;26
320;8
321;3
322;46
323;44
324;10
325;11
326;72
327;77
328;57
329;53
330;14
331;15
332;60
333;75
334;47
335;52
336;74
337;34
338;36
339;17
340;10
341;8
342;55
343;64
344;82
345;80
346;82
347;69
348;64
349;27
350;47
351;57
352;31
353;44
354;13
355;2
356;14
357;51
358;63
359;7
360;37
361;38
362;3
363;88
364;69
365;71
366;91
367;19
368;33
369;30
370;24
371;5
372;5
373;51
374;45
375;6
376;12
377;52
378;47
379;78
380;23
381;33
382;28
383;12
384;4
385;42
386;31
387;18
388;18
389;30
390;41
391;18
392;1
393;19
394;57
395;65
396;53
397;24
398;57
399;61
400;86
401;59
402;59
403;71
404;49
405;74
406;72
407;54
408;49
409;83
410;44
411;37
412;5
413;17
414;39
415;13
416;16
417;74
418;52
419;52
420;70
421;73
422;59
423;61
424;41
425;70
426;88
427;53
428;77
429;53
430;41
431;65
432;62
433;55
434;52
435;25
436;58
437;52
438;40
439;74
440;77
441;46
442;44
443;24
444;16
445;3
446;2
447;28
448;9
449;12
450;75
451;71
452;49
453;82
454;27
455;54
456;52
457;35
458;0
459;42
460;63
461;65
462;25
463;70
464;37
465;49
466;28
467;57
468;23
469;65
470;53
471;22
472;41
473;58
474;52
475;55
476;53
477;101
478;47
479;65
480;29
481;80
482;40
483;26
484;19
485;1
486;5
487;73
488;66
489;31
490;16
491;57
492;74
493;26
494;58
495;42
496;63
497;63
498;72
499;52
500;40
501;41
502;4
503;11
504;17
505;2
506;4
507;42
508;27
509;33
510;46
511;17
512;6
513;8
514;21
515;31
516;24
517;26
518;21
519;21
520;54
521;73
522;69
523;83
524;24
525;37
526;5
527;12
528;2
529;1
530;41
531;46
532;8
533;17
534;48
535;34
536;14
537;8
538;14
539;62
540;47
541;9
542;9
543;21
544;25
545;45
546;36
547;8
548;56
549;62
550;62
551;21
552;64
553;67
554;66
555;54
556;50
557;18
558;14
559;17
560;69
561;38
562;41
563;36
564;1
565;6
566;75
567;52
568;33
569;44
570;74
571;62
572;53
573;60
574;8
575;11
576;39
577;25
578;4
579;1
580;61
581;64
582;64
583;72
584;74
585;55
586;60
587;72
588;54
589;36
590;17
591;13
592;71
593;51
594;45
595;12
596;16
597;45
598;32
599;5
600;71
601;39
602;63
603;71
604;43
605;46
606;7
607;48
608;35
609;48
610;80
611;52
612;50
613;7
614;86
615;95
616;64
617;38
618;15
619;9
620;39
621;41
622;2
623;10
624;50
625;53
626;76
627;35
628;48
629;43
630;4
631;10
632;40
633;7
634;17
635;75
636;76
637;72
638;37
639;23
640;61
641;83
642;68
643;57
644;71
645;58
646;22
647;42
648;49
649;10
650;92
651;57
652;19
653;69
654;48
655;53
656;34
657;48
658;21
659;78
660;29
661;36
662;41
663;3
664;6
665;1
666;61
667;61
668;54
669;59
670;63
671;12
672;11
673;86
674;61
675;77
676;50
677;47
678;12
679;12
680;71
681;50
682;53
683;10
684;6
685;72
686;34
687;34
688;31
689;15
690;17
691;26
692;16
693;11
694;30
695;33
696;10
697;17
698;17
699;10
700;60
701;75
702;74
703;66
704;50
705;67
706;69
707;49
708;65
709;88
710;81
711;74
712;61
713;42
714;43
715;37
716;35
717;7
718;10
719;48
720;10
721;41
722;39
723;13
724;10
725;0
726;65
727;77
728;46
729;36
730;75
731;50
732;65
733;33
734;39
735;56
736;72
737;55
738;61
739;17
740;13
741;51
742;64
743;48
744;44
745;35
746;1
747;9
748;30
749;42
750;9
751;7
752;10
753;9
754;21
755;27
756;54
757;23
758;72
759;88
760;29
761;28
762;51
763;9
764;16
765;52
766;60
767;19
768;38
769;61
770;30
771;70
772;100
773;59
774;63
775;40
776;60
777;10
778;53
779;53
780;13
781;17
782;30
783;67
784;56
785;53
786;72
787;61
788;26
789;47
790;9
791;6
792;68
793;67
794;63
795;44
796;10
797;10
798;101
799;61
800;33
801;39
802;32
803;49
804;34
805;85
806;59
807;66
808;35
809;34
810;13
811;17
812;9
813;25
814;72
815;27
816;43
817;18
818;40
819;12
820;51
821;61
822;56
823;14
824;41
825;29
826;20
827;53
828;95
829;48
830;68
831;81
832;56
833;57
834;38
835;26
836;36
837;51
838;9
839;17
840;30
841;57
842;47
843;47
844;50
845;47
846;10
847;13
848;72
849;53
850;56
851;62
852;79
853;43
854;27
855;59
856;26
857;24
858;72
859;27
860;53
861;41
862;37
863;11
864;45
865;60
866;64
867;46
868;44
869;16
870;11
871;38
872;43
873;4
874;4
875;17
876;44
877;47
878;12
879;12
880;12
881;51
882;43
883;52
884;63
885;48
886;54
887;37
888;75
889;53
890;59
891;78
892;39
893;42
894;44
895;48
896;15
897;12
898;18
899;45
900;10
901;16
902;52
903;74
904;42
905;31
906;0
907;64
908;46
909;58
910;74
911;44
912;9
913;37
914;61
915;60
916;43
917;73
918;75
919;69
920;54
921;66
922;90
923;71
924;73
925;51
926;24
927;32
928;0
929;61
930;44
931;16
932;8
933;80
934;52
935;21
936;53
937;20
938;29
939;1
940;3
941;52
942;42
943;54
944;9
945;9
946;17
947;68
948;45
949;32
950;43
951;71
952;43
953;47
954;50
955;53
956;19
957;61
958;72
959;55
960;68
961;28
962;28
963;24
964;22
965;22
966;25
967;24
968;42
969;30
970;18
971;76
972;59
973;44
974;52
975;15
976;10
977;20
978;24
979;52
980;19
981;39
982;40
983;21
984;67
985;22
986;52
987;40
988;51
989;7
990;14
991;57
992;102
993;74
994;60
995;43
996;52
997;66
998;71
999;40
1000;91
1001;32
1002;34
1003;21
1004;21
1005;87
1006;43
1007;70
1008;54
1009;69
1010;60
1011;54
1012;62
1013;81
1014;59
1015;68
1016;73
1017;69
1018;46
1019;63
1020;15
1021;17
1022;18
1023;62
1024;49
1025;57
1026;24
1027;54
1028;71
1029;21
1030;20
1031;23
1032;66
1033;64
1034;87
1035;36
1036;18
1037;43
1038;19
1039;48
1040;17
1041;13
1042;41
1043;37
1044;5
1045;5
1046;4
1047;66
1048;25
1049;20
1050;79
1051;41
1052;48
1053;6
1054;8
1055;54
1056;29
1057;31
1058;5
1059;1
1060;70
1061;77
1062;51
1063;51
1064;39
1065;34
1066;63
1067;64
1068;29
1069;75
1070;60
1071;44
1072;45
1073;17
1074;13
1075;54
1076;47
1077;37
1078;63
1079;11
1080;14
1081;53
1082;57
1083;76
1084;62
1085;60
1086;19
1087;42
1088;43
1089;58
1090;16
1091;7
1092;10
1093;45
1094;31
1095;5
1096;2
1097;47
1098;31
1099;24
1100;17
1101;12
1102;34
1103;86
1104;49
1105;31
1106;78
1107;75
1108;33
1109;44
1110;11
1111;16
1112;42
1113;44
1114;12
1115;16
1116;23
1117;31
1118;5
1119;5
1120;64
1121;68
1122;76
1123;56
1124;71
1125;68
1126;48
1127;71
1128;81
1129;58
1130;60
1131;35
1132;35
1133;1
1134;9
1135;70
1136;64
1137;91
1138;30
1139;33
1140;64
1141;15
1142;24
1143;61
1144;74
1145;51
1146;52
1147;45
1148;28
1149;0
1150;3
1151;51
1152;47
1153;10
1154;74
1155;48
1156;60
1157;38
1158;53
1159;49
1160;41
1161;12
1162;8
1163;12
1164;19
1165;42
1166;10
1167;6
1168;84
1169;59
1170;70
1171;36
1172;35
1173;17
1174;5
1175;4
1176;25
1177;77
1178;29
1179;24
1180;14
1181;21
1182;23
1183;24
1184;74
1185;73
1186;47
1187;19
1188;1
1189;5
1190;1
1191;0
1192;70
1193;58
1194;75
1195;46
1196;23
1197;82
1198;61
1199;24
1200;47
1201;62
1202;19
1203;78
1204;50
1205;63
1206;10
1207;18
1208;24
1209;67
1210;88
1211;19
1212;40
1213;57
1214;56
1215;43
1216;38
1217;65
1218;75
1219;38
1220;57
1221;31
1222;47
1223;16
1224;18
1225;40
1226;44
1227;73
1228;45
1229;44
1230;13
1231;7
1232;11
1233;16
1234;21
1235;90
1236;88
1237;41
1238;65
1239;78
1240;54
1241;64
1242;32
1243;18
1244;6
1245;59
1246;61
1247;32
1248;72
1249;89
1250;49
1251;31
1252;34
1253;63
1254;44
1255;65
1256;52
1257;49
1258;36
1259;7
1260;37
1261;7
1262;54
1263;64
1264;20
1265;58
1266;32
1267;25
1268;1
1269;10
1270;62
1271;66
1272;64
1273;78
1274;65
1275;56
1276;50
1277;16
1278;41
1279;73
1280;63
1281;49
1282;12
1283;11
1284;26
1285;56
1286;63
1287;30
1288;8
1289;18
1290;69
1291;65
1292;79
1293;37
1294;12
1295;7
1296;64
1297;41
1298;43
1299;2
1300;8
1301;35
1302;57
1303;73
1304;73
1305;74
1306;56
1307;19
1308;56
1309;77
1310;42
1311;39
1312;17
1313;8
1314;72
1315;57
1316;31
1317;48
1318;39
1319;28
1320;29
1321;74
1322;83
1323;68
1324;82
1325;63
1326;49
1327;1
1328;72
1329;65
1330;53
1331;22
1332;4
1333;26
1334;34
1335;9
1336;2
1337;4
1338;47
1339;65
1340;61
1341;19
1342;94
1343;56
1344;19
1345;49
1346;91
1347;68
1348;47
1349;46
1350;8
1351;15
1352;7
1353;70
1354;42
1355;55
1356;52
1357;47
1358;32
1359;39
1360;1
1361;3
1362;45
1363;19
1364;79
1365;48
1366;30
1367;17
1368;14
1369;65
1370;45
1371;37
1372;8
1373;2
1374;4
1375;78
1376;49
1377;47
1378;39
1379;6
1380;47
1381;9
1382;49
1383;63
1384;77
1385;19
1386;47
1387;71
1388;61
1389;29
1390;35
1391;29
1392;13
1393;10
1394;7
1395;73
1396;54
1397;65
1398;44
1399;22
1400;3
1401;5
1402;4
1403;41
1404;34
1405;12
1406;5
1407;34
1408;63
1409;11
1410;8
1411;60
1412;69
1413;87
1414;54
1415;45
1416;49
1417;11
1418;10
1419;19
1420;25
1421;48
1422;71
1423;37
1424;41
1425;3
1426;7
1427;62
1428;48
1429;38
1430;32
1431;2
1432;16
1433;50
1434;55
1435;43
1436;37
1437;0
1438;3
1439;73
1440;70
1441;41
1442;69
1443;69
1444;87
1445;23
1446;23
1447;14
1448;46
1449;89
1450;75
1451;54
1452;36
1453;41
1454;3
1455;43
1456;35
1457;12
1458;13
1459;11
1460;51
1461;73
1462;52
1463;21
1464;76
1465;56
1466;49
1467;49
1468;74
1469;62
1470;48
1471;18
1472;15
1473;83
1474;43
1475;51
1476;69
1477;79
1478;72
1479;73
1480;65
1481;26
1482;41
1483;37
1484;7
1485;18
1486;73
1487;43
1488;8
1489;17
1490;27
1491;54
1492;17
1493;28
1494;58
1495;78
1496;35
1497;75
1498;71
1499;53
1500;22
1501;61
1502;73
1503;71
1504;53
1505;26
1506;63
1507;64
1508;24
1509;48
1510;76
1511;63
1512;64
1513;102
1514;74
1515;52
1516;46
1517;34
1518;54
1519;16
1520;22
1521;3
1522;11
1523;43
1524;18
1525;7
1526;50
1527;14
1528;10
1529;26
1530;73
1531;61
1532;75
1533;19
1534;71
1535;82
1536;30
1537;37
1538;39
1539;18
1540;72
1541;37
1542;49
1543;13
1544;12
1545;31
1546;41
1547;15
1548;11
1549;16
1550;19
1551;72
1552;31
1553;51
1554;47
1555;69
1556;31
1557;37
1558;77
1559;73
1560;68
1561;71
1562;75
1563;20
1564;50
1565;44
1566;10
1567;6
1568;16
1569;19
1570;90
1571;43
1572;53
1573;42
1574;49
1575;23
1576;39
1577;33
1578;10
1579;10
1580;63
1581;39
1582;34
1583;0
1584;2
1585;71
1586;70
1587;27
1588;44
1589;87
1590;90
1591;57
1592;50
1593;31
1594;58
1595;86
1596;38
1597;6
1598;46
1599;73
1600;19
1601;27
1602;79
1603;54
1604;65
1605;59
1606;21
1607;20
1608;43
1609;5
1610;0
1611;54
1612;26
1613;43
1614;26
1615;24
1616;58
1617;33
1618;57
1619;75
1620;68
1621;63
1622;37
1623;28
1624;17
1625;3
1626;9
1627;31
1628;75
1629;59
1630;61
1631;82
1632;73
1633;19
1634;20
1635;43
1636;47
1637;14
1638;8
1639;55
1640;38
1641;63
1642;7
1643;15
1644;8
1645;76
1646;59
1647;68
1648;61
1649;79
1650;39
1651;57
1652;50
1653;33
1654;39
1655;3
1656;14
1657;63
1658;70
1659;39
1660;21
1661;72
1662;72
1663;47
1664;29
1665;16
1666;13
1667;79
1668;60
1669;53
1670;70
1671;71
1672;48
1673;1
1674;1
1675;66
1676;89
1677;74
1678;54
1679;65
1680;37
1681;39
1682;46
1683;31
1684;40
1685;9
1686;16
1687;15
1688;72
1689;53
1690;75
1691;71
1692;66
1693;23
1694;31
1695;43
1696;51
1697;61
1698;60
1699;54
1700;19
1701;52
1702;29
1703;42
1704;13
1705;7
1706;16
1707;64
1708;22
1709;75
1710;67
1711;69
1712;49
1713;52
1714;81
1715;30
1716;67
1717;69
1718;72
1719;68
1720;65
1721;83
1722;60
1723;43
1724;63
1725;56
1726;57
1727;39
1728;15
1729;10
1730;28
1731;56
1732;75
1733;72
1734;57
1735;30
1736;42
1737;10
1738;3
1739;74
1740;36
1741;57
1742;66
1743;64
1744;27
1745;18
1746;17
1747;65
1748;30
1749;65
1750;67
1751;28
1752;42
1753;21
1754;40
1755;32
1756;66
1757;47
1758;47
1759;17
1760;17
1761;57
1762;74
1763;67
1764;55
1765;68
1766;71
1767;68
1768;53
1769;52
1770;83
1771;42
1772;50
1773;88
1774;36
1775;64
1776;66
1777;74
1778;52
1779;47
1780;52
1781;72
1782;55
1783;38
1784;31
1785;71
1786;30
1787;43
1788;55
1789;27
1790;29
1791;5
1792;4
1793;67
1794;64
1795;79
1796;62
1797;53
1798;63
1799;41
1800;55
1801;53
1802;72
1803;66
1804;84
1805;47
1806;46
1807;63
1808;16
1809;28
1810;51
1811;53
1812;57
1813;83
1814;25
1815;66
1816;67
1817;53
1818;68
1819;40
1820;81
1821;71
1822;68
1823;26
1824;49
1825;36
1826;54
1827;13
1828;15
1829;72
1830;77
1831;89
1832;47
1833;28
1834;29
1835;7
1836;5
1837;3
1838;27
1839;87
1840;59
1841;77
1842;83
1843;33
1844;8
1845;10
1846;28
1847;72
1848;64
1849;51
1850;9
1851;18
1852;63
1853;77
1854;58
1855;22
1856;63
1857;76
1858;26
1859;78
1860;83
1861;55
1862;62
1863;43
1864;64
1865;45
1866;44
1867;52
1868;50
1869;23
1870;40
1871;66
1872;60
1873;40
1874;48
1875;9
1876;6
1877;48
1878;41
1879;10
1880;59
1881;93
1882;69
1883;26
1884;50
1885;65
1886;59
1887;49
1888;16
1889;10
1890;36
1891;38
1892;57
1893;45
1894;11
1895;40
1896;30
1897;16
1898;3
1899;38
1900;44
1901;72
1902;68
1903;36
1904;27
1905;11
1906;9
1907;8
1908;17
1909;65
1910;70
1911;19
1912;59
1913;22
1914;63
1915;64
1916;9
1917;14
1918;24
1919;48
1920;16
1921;4
1922;7
1923;28
1924;84
1925;65
1926;90
1927;19
1928;52
1929;79
1930;79
1931;54
1932;55
1933;56
1934;78
1935;37
1936;51
1937;60
1938;43
1939;42
1940;17
1941;9
1942;52
1943;66
1944;37
1945;22
1946;51
1947;73
1948;74
1949;75
1950;30
1951;46
1952;8
1953;9
1954;37
1955;20
1956;15
1957;4
1958;29
1959;46
1960;5
1961;4
1962;4
1963;65
1964;69
1965;55
1966;38
1967;32
1968;34
1969;23
1970;1
1971;3
1972;27
1973;60
1974;90
1975;33
1976;38
1977;11
1978;6
1979;42
1980;67
1981;59
1982;78
1983;64
1984;54
1985;75
1986;49
1987;47
1988;19
1989;2
1990;16
1991;67
1992;68
1993;23
1994;66
1995;21
1996;25
1997;21
1998;85
1999;77
2000;74
2001;80
2002;31
2003;79
2004;71
2005;35
2006;9
2007;35
2008;78
2009;90
2010;41
2011;53
2012;33
2013;10
2014;11
2015;49
2016;28
2017;72
2018;57
2019;48
2020;49
2021;60
2022;67
2023;67
2024;57
2025;67
2026;54
2027;62
2028;55
2029;66
2030;25
2031;57
2032;40
2033;44
2034;32
2035;5
2036;1
2037;43
2038;10
2039;45
2040;63
2041;11
2042;16
2043;16
2044;58
2045;41
2046;6
2047;12
2048;16
2049;41
2050;43
2051;13
2052;17
2053;15
2054;59
2055;41
2056;17
2057;14
2058;30
2059;21
2060;46
2061;22
2062;85
2063;55
2064;34
2065;8
2066;7
2067;29
2068;88
2069;55
2070;28
2071;51
2072;15
2073;44
2074;65
2075;75
2076;22
2077;34
2078;11
2079;73
2080;51
2081;39
2082;21
2083;11
2084;3
2085;72
2086;62
2087;71
2088;56
2089;55
2090;51
2091;57
2092;41
2093;26
2094;16
2095;0
2096;61
2097;86
2098;41
2099;61
2100;70
2101;38
2102;48
2103;12
2104;17
2105;69
2106;49
2107;37
2108;5
2109;16
2110;63
2111;62
2112;78
2113;20
2114;61
2115;51
2116;66
2117;61
2118;74
2119;72
2120;54
2121;56
2122;32
2123;39
2124;49
2125;17
2126;56
2127;70
2128;74
2129;71
2130;51
2131;28
2132;20
2133;11
2134;7
2135;77
2136;59
2137;77
2138;54
2139;27
2140;66
2141;54
2142;38
2143;16
2144;12
2145;11
2146;34
2147;54
2148;8
2149;10
2150;28
2151;47
2152;15
2153;18
2154;50
2155;47
2156;8
2157;18
2158;80
2159;78
2160;71
2161;61
2162;45
2163;10
2164;71
2165;47
2166;59
2167;70
2168;67
2169;47
2170;49
2171;42
2172;8
2173;78
2174;46
2175;48
2176;54
2177;41
2178;51
2179;13
2180;14
2181;57
2182;78
2183;71
2184;71
2185;74
2186;55
2187;28
2188;45
2189;38
2190;42
2191;66
2192;55
2193;60
2194;72
2195;61
2196;54
2197;42
2198;14
2199;13
2200;10
2201;55
2202;61
2203;51
2204;36
2205;17
2206;50
2207;66
2208;67
2209;29
2210;44
2211;3
2212;15
2213;77
2214;42
2215;94
2216;47
2217;32
2218;10
2219;17
2220;79
2221;85
2222;70
2223;47
2224;42
2225;34
2226;17
2227;82
2228;87
2229;73
2230;77
2231;38
2232;21
2233;73
2234;21
2235;49
2236;19
2237;48
2238;31
2239;42
2240;24
2241;5
2242;78
2243;36
2244;68
2245;69
2246;67
2247;74
2248;33
2249;43
2250;7
2251;4
2252;0
2253;50
2254;45
2255;11
2256;44
2257;21
2258;39
2259;3
2260;63
2261;21
2262;24
2263;37
2264;74
2265;63
2266;60
2267;31
2268;12
2269;12
2270;27
2271;63
2272;15
2273;15
2274;6
2275;62
2276;56
2277;13
2278;9
2279;47
2280;45
2281;48
2282;42
2283;5
2284;2
2285;2
2286;46
2287;67
2288;20
2289;64
2290;88
2291;67
2292;68
2293;61
2294;40
2295;48
2296;71
2297;75
2298;52
2299;38
2300;84
2301;55
2302;54
2303;69
2304;42
2305;26
2306;16
2307;10
2308;28
2309;29
2310;1
2311;15
2312;60
2313;54
2314;30
2315;45
2316;15
2317;13
2318;14
2319;47
2320;51
2321;52
2322;10
2323;15
2324;8
2325;11
2326;65
2327;30
2328;19
2329;26
2330;72
2331;29
2332;45
2333;60
2334;75
2335;69
2336;54
2337;80
2338;22
2339;20
2340;34
2341;19
2342;59
2343;61
2344;52
2345;61
2346;11
2347;12
2348;20
2349;28
2350;34
2351;56
2352;15
2353;12
2354;69
2355;56
2356;64
2357;72
2358;19
2359;47
2360;58
2361;11
2362;16
2363;69
2364;85
2365;39
2366;31
2367;38
2368;59
2369;11
2370;8
2371;7
2372;72
2373;70
2374;70
2375;20
2376;34
2377;15
2378;31
2379;64
2380;74
2381;20
2382;66
2383;47
2384;37
2385;51
2386;9
2387;55
2388;49
2389;32
2390;2
2391;0
2392;18
2393;50
2394;56
2395;47
2396;36
2397;35
2398;4
2399;3
2400;4
2401;90
2402;19
2403;20
2404;66
2405;58
2406;21
2407;21
2408;47
2409;21
2410;12
2411;4
2412;21
2413;52
2414;82
2415;52
2416;48
2417;73
2418;43
2419;74
2420;88
2421;62
2422;71
2423;75
2424;29
2425;20
2426;1
2427;18
2428;78
2429;35
2430;46
2431;13
2432;9
2433;18
2434;67
2435;74
2436;51
2437;35
2438;44
2439;73
2440;33
2441;65
2442;51
2443;80
2444;62
2445;52
2446;44
2447;46
2448;8
2449;9
2450;81
2451;52
2452;34
2453;27
2454;44
2455;4
2456;11
2457;42
2458;28
2459;7
2460;46
2461;50
2462;13
2463;9
2464;43
2465;95
2466;50
2467;41
2468;45
2469;4
2470;63
2471;66
2472;47
2473;41
2474;12
2475;12
2476;72
2477;65
2478;56
2479;36
2480;26
2481;61
2482;10
2483;70
2484;53
2485;30
2486;72
2487;47
2488;49
2489;20
2490;53
2491;21
2492;68
2493;68
2494;76
2495;62
2496;19
2497;59
2498;56
2499;44
2500;35
2501;7
2502;43
2503;44
2504;43
2505;6
2506;17
2507;11
2508;57
2509;45
2510;11
2511;10
2512;78
2513;68
2514;48
2515;21
2516;59
2517;68
2518;63
2519;47
2520;14
2521;9
2522;79
2523;87
2524;42
2525;44
2526;5
2527;17
2528;1
2529;45
2530;31
2531;3
2532;0
2533;5
2534;44
2535;39
2536;3
2537;4
2538;3
2539;51
2540;70
2541;55
2542;58
2543;74
2544;24
2545;42
2546;3
2547;41
2548;27
2549;13
2550;7
2551;67
2552;69
2553;52
2554;79
2555;28
2556;19
2557;61
2558;31
2559;48
2560;9
2561;17
2562;15
2563;30
2564;65
2565;58
2566;61
2567;52
2568;83
2569;44
2570;1
2571;34
2572;61
2573;63
2574;56
2575;37
2576;47
2577;33
2578;14
2579;5
2580;42
2581;50
2582;60
2583;11
2584;29
2585;84
2586;79
2587;29
2588;23
2589;81
2590;42
2591;61
2592;49
2593;8
2594;13
2595;49
2596;25
2597;65
2598;55
2599;46
2600;61
2601;56
2602;60
2603;39
2604;10
2605;15
2606;71
2607;35
2608;50
2609;7
2610;72
2611;72
2612;59
2613;80
2614;70
2615;78
2616;26
2617;55
2618;9
2619;12
2620;27
2621;38
2622;74
2623;43
2624;31
2625;52
2626;6
2627;18
2628;59
2629;56
2630;19
2631;29
2632;24
2633;29
2634;45
2635;33
2636;86
2637;19
2638;52
2639;76
2640;66
2641;43
2642;15
2643;20
2644;39
2645;69
2646;51
2647;28
2648;39
2649;54
2650;89
2651;84
2652;91
2653;35
2654;38
2655;38
2656;21
2657;2
2658;5
2659;67
2660;36
2661;44
2662;18
2663;9
2664;80
2665;65
2666;65
2667;36
2668;31
2669;9
2670;45
2671;49
2672;15
2673;16
2674;65
2675;61
2676;59
2677;39
2678;38
2679;54
2680;20
2681;20
2682;24
2683;79
2684;61
2685;36
2686;51
2687;51
2688;35
2689;54
2690;73
2691;59
2692;67
2693;93
2694;47
2695;51
2696;63
2697;9
2698;7
2699;46
2700;47
2701;34
2702;69
2703;70
2704;32
2705;47
2706;7
2707;10
2708;7
2709;41
2710;59
2711;27
2712;9
2713;8
2714;51
2715;51
2716;87
2717;50
2718;72
2719;35
2720;39
2721;8
2722;4
2723;35
2724;31
2725;4
2726;0
2727;72
2728;57
2729;34
2730;20
2731;69
2732;35
2733;55
2734;71
2735;54
2736;22
2737;89
2738;53
2739;74
2740;52
2741;67
2742;23
2743;32
2744;5
2745;76
2746;73
2747;54
2748;20
2749;24
2750;21
2751;39
2752;2
2753;16
2754;55
2755;41
2756;16
2757;17
2758;39
2759;44
2760;10
2761;8
2762;16
2763;72
2764;45
2765;73
2766;56
2767;71
2768;20
2769;29
2770;19
2771;3
2772;4
2773;20
2774;75
2775;22
2776;4
2777;14
2778;32
2779;57
2780;34
2781;70
2782;57
2783;36
2784;50
2785;19
2786;25
2787;21
2788;27
2789;20
2790;46
2791;23
2792;55
2793;22
2794;24
2795;43
2796;12
2797;68
2798;64
2799;53
2800;14
2801;12
2802;38
2803;38
2804;7
2805;13
2806;38
2807;31
2808;2
2809;6
2810;31
2811;18
2812;57
2813;59
2814;62
2815;60
2816;59
2817;74
2818;75
2819;67
2820;21
2821;52
2822;53
2823;11
2824;11
2825;13
2826;6
2827;79
2828;71
2829;67
2830;70
2831;63
2832;32
2833;77
2834;50
2835;31
2836;48
2837;27
2838;4
2839;2
2840;38
2841;45
2842;17
2843;8
2844;49
2845;27
2846;32
2847;14
2848;8
2849;33
2850;13
2851;83
2852;71
2853;91
2854;82
2855;70
2856;37
2857;51
2858;17
2859;13
2860;63
2861;53
2862;53
2863;45
2864;40
2865;48
2866;42
2867;61
2868;65
2869;67
2870;38
2871;8
2872;51
2873;55
2874;52
2875;48
2876;49
2877;10
2878;13
2879;57
2880;72
2881;52
2882;12
2883;24
2884;41
2885;60
2886;41
2887;44
2888;45
2889;14
2890;3
2891;3
2892;2
2893;73
2894;19
2895;51
2896;72
2897;25
2898;22
2899;17
2900;35
2901;54
2902;18
2903;13
2904;74
2905;51
2906;92
2907;63
2908;75
2909;52
2910;21
2911;44
2912;27
2913;13
2914;4
2915;17
2916;11
2917;54
2918;43
2919;58
2920;33
2921;73
2922;64
2923;46
2924;37
2925;29
2926;7
2927;15
2928;60
2929;64
2930;60
2931;66
2932;89
2933;45
2934;45
2935;7
2936;13
2937;13
2938;21
2939;52
2940;20
2941;2
2942;13
2943;82
2944;69
2945;89
2946;82
2947;70
2948;76
2949;28
2950;22
2951;16
2952;19
2953;36
2954;52
2955;42
2956;55
2957;53
2958;11
2959;44
2960;52
2961;14
2962;8
2963;67
2964;53
2965;27
2966;53
2967;22
2968;31
2969;40
2970;36
2971;13
2972;16
2973;57
2974;86
2975;67
2976;41
2977;85
2978;71
2979;60
2980;51
2981;15
2982;12
2983;11
2984;68
2985;69
2986;34
2987;44
2988;20
2989;65
2990;36
2991;46
2992;30
2993;54
2994;82
2995;35
2996;65
2997;73
2998;61
2999;31
3000;44
3001;13
3002;3
3003;28
3004;90
3005;71
3006;40
3007;59
3008;16
3009;47
3010;47
3011;16
3012;7
3013;42
3014;33
3015;18
3016;16
3017;73
3018;88
3019;56
3020;47
3021;55
3022;36
3023;35
3024;15
3025;17
3026;4
3027;62
3028;58
3029;45
3030;72
3031;50
3032;31
3033;18
3034;12
3035;49
3036;62
3037;64
3038;52
3039;28
3040;52
3041;75
3042;61
3043;47
3044;10
3045;50
3046;22
3047;80
3048;41
3049;67
3050;58
3051;42
3052;82
3053;21
3054;31
3055;27
3056;50
3057;43
3058;52
3059;24
3060;25
3061;53
3062;25
3063;52
3064;61
3065;64
3066;62
3067;12
3068;7
3069;35
3070;32
3071;56
3072;56
3073;51
3074;57
3075;77
3076;52
3077;35
3078;61
3079;14
3080;12
3081;19
3082;54
3083;60
3084;69
3085;24
3086;88
3087;23
3088;41
3089;53
3090;12
3091;16
3092;32
3093;70
3094;24
3095;52
3096;91
3097;23
3098;65
3099;44
3100;41
3101;12
3102;16
3103;12
3104;47
3105;36
3106;15
3107;58
3108;83
3109;38
3110;59
3111;43
3112;14
3113;7
3114;53
3115;55
3116;34
3117;48
3118;16
3119;10
3120;45
3121;38
3122;2
3123;2
3124;26
3125;11
3126;9
3127;21
3128;73
3129;61
3130;52
3131;43
3132;25
3133;21
3134;50
3135;31
3136;48
3137;29
3138;28
3139;1
3140;4
3141;61
3142;52
3143;77
3144;31
3145;30
3146;14
3147;16
3148;27
3149;45
3150;7
3151;7
3152;17
3153;15
3154;77
3155;72
3156;51
3157;55
3158;56
3159;68
3160;34
3161;50
3162;75
3163;24
3164;38
3165;58
3166;59
3167;26
3168;54
3169;20
3170;24
3171;84
3172;21
3173;3
3174;58
3175;42
3176;51
3177;66
3178;50
3179;83
3180;35
3181;29
3182;18
3183;4
3184;0
3185;71
3186;57
3187;65
3188;84
3189;26
3190;20
3191;46
3192;37
3193;24
3194;1
3195;2
3196;51
3197;21
3198;64
3199;54
3200;59
3201;13
3202;62
3203;60
3204;71
3205;53
3206;67
3207;64
3208;96
3209;25
3210;45
3211;49
3212;46
3213;16
3214;7
3215;33
3216;46
3217;5
3218;12
3219;44
3220;44
3221;15
3222;18
3223;47
3224;52
3225;49
3226;15
3227;60
3228;12
3229;31
3230;50
3231;15
3232;10
3233;54
3234;64
3235;28
3236;44
3237;30
3238;58
3239;25
3240;62
3241;60
3242;25
3243;69
3244;22
3245;54
3246;86
3247;36
3248;45
3249;3
3250;1
3251;63
3252;55
3253;58
3254;48
3255;41
3256;1
3257;5
3258;36
3259;5
3260;31
3261;23
3262;1
3263;21
3264;59
3265;33
3266;84
3267;41
3268;63
3269;64
3270;48
3271;37
3272;41
3273;13
3274;0
3275;45
3276;34
3277;12
3278;15
3279;2
3280;43
3281;52
3282;69
3283;65
3284;66
3285;47
3286;54
3287;39
3288;18
3289;17
3290;11
3291;24
3292;57
3293;37
3294;41
3295;8
3296;6
3297;54
3298;30
3299;34
3300;15
3301;13
3302;28
3303;40
3304;18
3305;5
3306;69
3307;57
3308;50
3309;38
3310;31
3311;11
3312;63
3313;66
3314;51
3315;34
3316;57
3317;47
3318;65
3319;72
3320;64
3321;38
3322;24
3323;19
3324;54
3325;53
3326;58
3327;44
3328;25
3329;24
3330;23
3331;5
3332;5
3333;11
3334;55
3335;67
3336;21
3337;35
3338;44
3339;44
3340;0
3341;73
3342;81
3343;19
3344;31
3345;19
3346;39
3347;1
3348;1
3349;73
3350;44
3351;54
3352;64
3353;6
3354;9
3355;86
3356;69
3357;56
3358;82
3359;26
3360;71
3361;47
3362;50
3363;68
3364;60
3365;58
3366;37
3367;65
3368;74
3369;43
3370;77
3371;67
3372;68
3373;54
3374;79
3375;89
3376;54
3377;34
3378;61
3379;37
3380;29
3381;42
3382;8
3383;14
3384;13
3385;53
3386;55
3387;73
3388;85
3389;91
3390;72
3391;66
3392;70
3393;58
3394;63
3395;90
3396;73
3397;62
3398;63
3399;8
3400;62
3401;77
3402;87
3403;65
3404;70
3405;51
3406;47
3407;34
3408;14
3409;16
3410;21
3411;28
3412;3
3413;1
3414;40
3415;21
3416;11
3417;4
3418;84
3419;42
3420;51
3421;52
3422;57
3423;35
3424;9
3425;52
3426;28
3427;52
3428;20
3429;27
3430;18
3431;80
3432;58
3433;31
3434;43
3435;41
3436;60
3437;52
3438;85
3439;49
3440;63
3441;65
3442;62
3443;50
3444;39
3445;11
3446;10
3447;16
3448;68
3449;40
3450;73
3451;86
3452;52
3453;25
3454;66
3455;43
3456;35
3457;3
3458;13
3459;5
3460;54
3461;53
3462;58
3463;60
3464;62
3465;77
3466;94
3467;23
3468;57
3469;57
3470;57
3471;45
3472;36
3473;5
3474;4
3475;17
3476;0
3477;48
3478;42
3479;3
3480;58
3481;76
3482;66
3483;55
3484;69
3485;51
3486;49
3487;34
3488;14
3489;12
3490;54
3491;56
3492;47
3493;8
3494;10
3495;66
3496;52
3497;52
3498;10
3499;10
3500;19
3501;58
3502;18
3503;8
3504;44
3505;45
3506;1
3507;3
3508;41
3509;1
3510;5
3511;53
3512;8
3513;73
3514;36
3515;20
3516;5
3517;89
3518;49
3519;38
3520;16
3521;18
3522;10
3523;28
3524;23
3525;44
3526;43
3527;10
3528;4
3529;1
3530;36
3531;60
3532;13
3533;38
3534;34
3535;57
3536;76
3537;62
3538;29
3539;79
3540;34
3541;52
3542;23
3543;70
3544;37
3545;11
3546;49
3547;30
3548;22
3549;5
3550;2
3551;52
3552;60
3553;63
3554;57
3555;52
3556;78
3557;51
3558;85
3559;21
3560;22
3561;51
3562;39
3563;39
3564;18
3565;13
3566;13
3567;41
3568;10
3569;13
3570;32
3571;34
3572;9
3573;11
3574;5
3575;72
3576;50
3577;33
3578;41
3579;43
3580;7
3581;3
3582;3
3583;5
3584;51
3585;42
3586;58
3587;86
3588;32
3589;50
3590;12
3591;9
3592;19
3593;75
3594;68
3595;20
3596;74
3597;78
3598;43
3599;73
3600;56
3601;58
3602;48
3603;43
3604;48
3605;10
3606;5
3607;72
3608;59
3609;75
3610;51
3611;53
3612;60
3613;15
3614;71
3615;66
3616;40
3617;43
3618;10
3619;14
3620;12
3621;74
3622;65
3623;61
3624;52
3625;74
3626;27
3627;37
3628;16
3629;6
3630;18
3631;6
3632;29
3633;40
3634;47
3635;58
3636;6
3637;8
3638;62
3639;64
3640;42
3641;42
3642;7
3643;20
3644;64
3645;56
3646;53
3647;72
3648;51
3649;61
3650;17
3651;10
3652;38
3653;46
3654;36
3655;18
3656;18
3657;47
3658;24
3659;71
3660;39
3661;44
3662;90
3663;77
3664;71
3665;50
3666;42
3667;12
3668;10
3669;16
3670;55
3671;74
3672;72
3673;25
3674;69
3675;34
3676;46
3677;75
3678;77
3679;56
3680;84
3681;35
3682;76
3683;49
3684;61
3685;56
3686;47
3687;75
3688;80
3689;27
3690;57
3691;8
3692;8
3693;10
3694;58
3695;90
3696;67
3697;65
3698;76
3699;45
3700;46
3701;72
3702;58
3703;72
3704;62
3705;22
3706;72
3707;50
3708;68
3709;20
3710;38
3711;5
3712;0
3713;1
3714;48
3715;61
3716;62
3717;67
3718;84
3719;19
3720;61
3721;44
3722;48
3723;13
3724;25
3725;54
3726;31
3727;37
3728;14
3729;5
3730;0
3731;22
3732;67
3733;69
3734;73
3735;48
3736;69
3737;25
3738;59
3739;59
3740;81
3741;58
3742;53
3743;56
3744;72
3745;67
3746;62
3747;63
3748;65
3749;28
3750;31
3751;19
3752;16
3753;4
3754;45
3755;39
3756;9
3757;16
3758;29
3759;46
3760;8
3761;4
3762;5
3763;89
3764;84
3765;33
3766;62
3767;68
3768;32
3769;56
3770;31
3771;51
3772;48
3773;2
3774;13
3775;3
3776;50
3777;75
3778;86
3779;51
3780;77
3781;56
3782;72
3783;74
3784;53
3785;54
3786;87
3787;88
3788;52
3789;68
3790;69
3791;46
3792;76
3793;24
3794;80
3795;22
3796;20
3797;43
3798;16
3799;1
3800;64
3801;7
3802;35
3803;27
3804;46
3805;55
3806;46
3807;34
3808;6
3809;27
3810;38
3811;7
3812;12
3813;60
3814;85
3815;28
3816;33
3817;2
3818;1
3819;55
3820;20
3821;68
3822;21
3823;60
3824;70
3825;29
3826;53
3827;53
3828;54
3829;42
3830;6
3831;9
3832;40
3833;52
3834;6
3835;74
3836;24
3837;34
3838;35
3839;61
3840;49
3841;15
3842;15
3843;61
3844;52
3845;49
3846;40
3847;19
3848;0
3849;10
3850;41
3851;62
3852;8
3853;12
3854;56
3855;20
3856;67
3857;26
3858;42
3859;61
3860;64
3861;31
3862;33
3863;6
3864;8
3865;6
3866;64
3867;74
3868;40
3869;39
3870;79
3871;69
3872;28
3873;45
3874;24
3875;54
3876;26
3877;56
3878;40
3879;10
3880;11
3881;9
3882;49
3883;78
3884;66
3885;46
3886;70
3887;60
3888;26
3889;18
3890;9
3891;39
3892;35
3893;4
3894;68
3895;35
3896;36
3897;63
3898;75
3899;85
3900;65
3901;62
3902;19
3903;26
3904;60
3905;39
3906;27
3907;51
3908;23
3909;19
3910;63
3911;19
3912;26
3913;54
3914;48
3915;33
3916;70
3917;60
3918;52
3919;73
3920;42
3921;15
3922;79
3923;37
3924;48
3925;91
3926;49
3927;81
3928;48
3929;36
3930;10
3931;7
3932;46
3933;54
3934;61
3935;57
3936;50
3937;58
3938;12
3939;14
3940;24
3941;25
3942;3
3943;29
3944;38
3945;11
3946;13
3947;72
3948;43
3949;35
3950;3
3951;2
3952;16
3953;21
3954;73
3955;61
3956;61
3957;73
3958;87
3959;21
3960;74
3961;19
3962;67
3963;57
3964;35
3965;54
3966;54
3967;68
3968;27
3969;30
3970;40
3971;15
3972;11
3973;58
3974;46
3975;55
3976;86
3977;40
3978;20
3979;20
3980;83
3981;79
3982;70
3983;71
3984;64
3985;72
3986;75
3987;51
3988;56
3989;36
3990;57
3991;74
3992;73
3993;51
3994;22
3995;66
3996;25
3997;61
3998;91
3999;24
4000;57
4001;43
4002;6
4003;8
4004;71
4005;63
4006;22
4007;72
4008;92
4009;68
4010;34
4011;43
4012;3
4013;4
4014;68
4015;27
4016;39
4017;3
4018;45
4019;56
4020;65
4021;54
4022;43
4023;33
4024;17
4025;74
4026;44
4027;26
4028;1
4029;64
4030;54
4031;43
4032;66
4033;67
4034;49
4035;43
4036;44
4037;14
4038;11
4039;84
4040;50
4041;84
4042;36
4043;42
4044;9
4045;48
4046;41
4047;5
4048;64
4049;65
4050;40
4051;11
4052;40
4053;31
4054;5
4055;14
4056;51
4057;60
4058;74
4059;68
4060;67
4061;55
4062;76
4063;48
4064;45
4065;16
4066;39
4067;35
4068;1
4069;4
4070;76
4071;70
4072;55
4073;53
4074;24
4075;49
4076;79
4077;35
4078;37
4079;33
4080;3
4081;3
4082;78
4083;66
4084;53
4085;43
4086;36
4087;78
4088;21
4089;19
4090;24
4091;38
4092;34
4093;5
4094;38
4095;63
4096;15
4097;18
4098;78
4099;70
4100;69
4101;51
4102;38
4103;16
4104;43
4105;41
4106;32
4107;93
4108;46
4109;40
4110;12
4111;18
4112;31
4113;73
4114;52
4115;41
4116;57
4117;59
4118;59
4119;49
4120;10
4121;10
4122;11
4123;21
4124;50
4125;51
4126;56
4127;38
4128;66
4129;70
4130;55
4131;51
4132;57
4133;10
4134;10
4135;47
4136;57
4137;13
4138;12
4139;18
4140;88
4141;52
4142;62
4143;47
4144;11
4145;13
4146;20
4147;58
4148;33
4149;97
4150;42
4151;20
4152;9
4153;2
4154;73
4155;42
4156;48
4157;8
4158;2
4159;37
4160;74
4161;39
4162;60
4163;9
4164;68
4165;56
4166;67
4167;37
4168;56
4169;17
4170;14
4171;8
4172;57
4173;89
4174;32
4175;32
4176;12
4177;11
4178;22
4179;61
4180;33
4181;83
4182;29
4183;19
4184;31
4185;5
4186;16
4187;57
4188;41
4189;11
4190;6
4191;7
4192;55
4193;59
4194;58
4195;76
4196;66
4197;53
4198;48
4199;6
4200;66
4201;71
4202;23
4203;21
4204;32
4205;58
4206;76
4207;49
4208;65
4209;46
4210;72
4211;56
4212;47
4213;11
4214;16
4215;69
4216;75
4217;52
4218;58
4219;46
4220;41
4221;31
4222;12
4223;16
4224;49
4225;63
4226;17
4227;12
4228;12
4229;69
4230;65
4231;72
4232;61
4233;81
4234;42
4235;26
4236;16
4237;1
4238;90
4239;60
4240;24
4241;22
4242;69
4243;59
4244;75
4245;35
4246;88
4247;65
4248;77
4249;87
4250;52
4251;34
4252;10
4253;15
4254;12
4255;24
4256;24
4257;4
4258;2
4259;10
4260;68
4261;57
4262;62
4263;79
4264;46
4265;58
4266;45
4267;7
4268;65
4269;67
4270;21
4271;83
4272;64
4273;19
4274;56
4275;59
4276;76
4277;51
4278;40
4279;24
4280;58
4281;26
4282;27
4283;66
4284;19
4285;36
4286;19
4287;23
4288;25
4289;47
4290;49
4291;49
4292;13
4293;2
4294;4
4295;42
4296;15
4297;4
4298;35
4299;28
4300;4
4301;64
4302;20
4303;24
4304;3
4305;94
4306;89
4307;54
4308;69
4309;36
4310;19
4311;59
4312;65
4313;59
4314;45
4315;15
4316;68
4317;63
4318;50
4319;30
4320;41
4321;17
4322;16
4323;43
4324;41
4325;39
4326;27
4327;23
4328;43
4329;63
4330;94
4331;49
4332;33
4333;15
4334;15
4335;46
4336;53
4337;50
4338;49
4339;61
4340;68
4341;74
4342;38
4343;29
4344;7
4345;14
4346;2
4347;13
4348;45
4349;54
4350;48
4351;85
4352;25
4353;52
4354;39
4355;33
4356;4
4357;1
4358;60
4359;7
4360;38
4361;58
4362;67
4363;51
4364;69
4365;56
4366;43
4367;44
4368;13
4369;11
4370;52
4371;74
4372;44
4373;35
4374;9
4375;77
4376;77
4377;57
4378;69
4379;74
4380;19
4381;42
4382;40
4383;1
4384;11
4385;7
4386;58
4387;59
4388;36
4389;50
4390;6
4391;7
4392;36
4393;62
4394;13
4395;44
4396;72
4397;71
4398;73
4399;68
4400;44
4401;47
4402;14
4403;10
4404;42
4405;61
4406;11
4407;54
4408;63
4409;38
4410;44
4411;4
4412;72
4413;20
4414;27
4415;2
4416;51
4417;19
4418;57
4419;29
4420;10
4421;14
4422;45
4423;81
4424;63
4425;59
4426;89
4427;51
4428;32
4429;16
4430;54
4431;68
4432;62
4433;83
4434;32
4435;26
4436;6
4437;5
4438;19
4439;75
4440;57
4441;84
4442;47
4443;41
4444;11
4445;6
4446;15
4447;36
4448;64
4449;17
4450;17
4451;57
4452;16
4453;17
4454;69
4455;84
4456;66
4457;91
4458;70
4459;49
4460;78
4461;44
4462;2
4463;34
4464;69
4465;63
4466;49
4467;40
4468;73
4469;50
4470;90
4471;72
4472;25
4473;50
4474;75
4475;49
4476;73
4477;53
4478;71
4479;21
4480;62
4481;56
4482;36
4483;71
4484;47
4485;35
4486;0
4487;12
4488;69
4489;93
4490;62
4491;80
4492;38
4493;42
4494;60
4495;13
4496;7
4497;13
4498;57
4499;32
4500;30
4501;16
4502;29
4503;15
4504;12
4505;45
4506;19
4507;5
4508;18
4509;8
4510;52
4511;34
4512;43
4513;59
4514;56
4515;87
4516;33
4517;57
4518;50
4519;77
4520;65
4521;63
4522;28
4523;17
4524;18
4525;51
4526;56
4527;6
4528;13
4529;84
4530;70
4531;62
4532;31
4533;26
4534;73
4535;57
4536;48
4537;40
4538;54
4539;60
4540;68
4541;29
4542;37
4543;89
4544;95
4545;21
4546;47
4547;10
4548;45
4549;63
4550;17
4551;56
4552;26
4553;32
4554;10
4555;8
4556;70
4557;74
4558;72
4559;85
4560;24
4561;58
4562;67
4563;53
4564;43
4565;57
4566;68
4567;51
4568;36
4569;35
4570;6
4571;2
4572;36
4573;36
4574;4
4575;11
4576;48
4577;80
4578;39
4579;56
4580;12
4581;14
4582;53
4583;65
4584;88
4585;44
4586;38
4587;4
4588;15
4589;2
4590;52
4591;81
4592;51
4593;54
4594;60
4595;58
4596;45
4597;35
4598;47
4599;46
4600;54
4601;64
4602;17
4603;42
4604;64
4605;26
4606;33
4607;11
4608;50
4609;58
4610;35
4611;39
4612;18
4613;6
4614;75
4615;22
4616;72
4617;66
4618;36
4619;12
4620;10
4621;71
4622;74
4623;48
4624;51
4625;31
4626;48
4627;18
4628;17
4629;81
4630;30
4631;42
4632;6
4633;4
4634;51
4635;32
4636;16
4637;13
4638;56
4639;50
4640;56
4641;28
4642;66
4643;21
4644;74
4645;55
4646;73
4647;72
4648;68
4649;72
4650;44
4651;79
4652;32
4653;64
4654;79
4655;32
4656;71
4657;36
4658;64
4659;84
4660;75
4661;26
4662;59
4663;48
4664;45
4665;9
4666;17
4667;60
4668;74
4669;71
4670;73
4671;42
4672;33
4673;0
4674;18
4675;63
4676;57
4677;13
4678;60
4679;59
4680;13
4681;54
4682;19
4683;34
4684;9
4685;72
4686;62
4687;60
4688;66
4689;53
4690;64
4691;50
4692;14
4693;10
4694;11
4695;59
4696;25
4697;27
4698;41
4699;82
4700;93
4701;61
4702;47
4703;58
4704;41
4705;48
4706;17
4707;16
4708;66
4709;39
4710;61
4711;72
4712;24
4713;55
4714;51
4715;42
4716;24
4717;43
4718;21
4719;83
4720;66
4721;79
4722;67
4723;84
4724;68
4725;75
4726;39
4727;51
4728;56
4729;64
4730;44
4731;45
4732;1
4733;77
4734;21
4735;82
4736;52
4737;62
4738;75
4739;73
4740;60
4741;64
4742;77
4743;65
4744;52
4745;83
4746;28
4747;57
4748;21
4749;61
4750;61
4751;25
4752;41
4753;5
4754;2
4755;34
4756;44
4757;12
4758;16
4759;63
4760;52
4761;57
4762;53
4763;53
4764;53
4765;54
4766;29
4767;56
4768;45
4769;68
4770;64
4771;20
4772;20
4773;51
4774;74
4775;67
4776;51
4777;74
4778;35
4779;10
4780;61
4781;19
4782;62
4783;70
4784;69
4785;56
4786;56
4787;64
4788;6
4789;27
4790;86
4791;54
4792;35
4793;33
4794;14
4795;9
4796;86
4797;69
4798;44
4799;41
4800;68
4801;70
4802;37
4803;28
4804;1
4805;46
4806;11
4807;16
4808;65
4809;69
4810;65
4811;21
4812;21
4813;21
4814;45
4815;51
4816;21
4817;36
4818;18
4819;0
4820;17
4821;56
4822;54
4823;71
4824;75
4825;62
4826;65
4827;55
4828;32
4829;39
4830;49
4831;70
4832;66
4833;22
4834;32
4835;19
4836;51
4837;67
4838;73
4839;49
4840;62
4841;8
4842;8
4843;13
4844;32
4845;29
4846;78
4847;78
4848;27
4849;48
4850;51
4851;87
4852;58
4853;51
4854;67
4855;60
4856;19
4857;51
4858;59
4859;59
4860;62
4861;57
4862;8
4863;7
4864;80
4865;51
4866;31
4867;10
4868;35
4869;41
4870;60
4871;69
4872;80
4873;48
4874;79
4875;47
4876;46
4877;24
4878;2
4879;0
4880;49
4881;34
4882;15
4883;12
4884;9
4885;33
4886;85
4887;55
4888;35
4889;53
4890;52
4891;33
4892;3
4893;16
4894;77
4895;57
4896;58
4897;34
4898;55
4899;64
4900;60
4901;63
4902;24
4903;71
4904;67
4905;56
4906;82
4907;55
4908;74
4909;23
4910;58
4911;58
4912;49
4913;16
4914;12
4915;36
4916;44
4917;13
4918;5
4919;42
4920;52
4921;43
4922;10
4923;7
4924;79
4925;77
4926;63
4927;43
4928;9
4929;12
4930;14
4931;35
4932;30
4933;3
4934;2
4935;54
4936;79
4937;56
4938;66
4939;52
4940;40
4941;45
4942;47
4943;60
4944;15
4945;16
4946;81
4947;25
4948;28
4949;83
4950;65
4951;39
4952;63
4953;64
4954;29
4955;29
4956;32
4957;62
4958;15
4959;15
4960;57
4961;7
4962;62
4963;39
4964;61
4965;10
4966;9
4967;16
4968;47
4969;47
4970;1
4971;1
4972;62
4973;64
4974;25
4975;59
4976;49
4977;72
4978;54
4979;58
4980;32
4981;6
4982;9
4983;47
4984;37
4985;34
4986;54
4987;52
4988;95
4989;79
4990;59
4991;42
4992;63
4993;58
4994;53
4995;17
4996;7
4997;83
4998;38
4999;74
5000;45
5001;28
5002;45
5003;1
5004;3
5005;42
5006;34
5007;1
5008;1
5009;54
5010;28
5011;38
5012;50
5013;19
5014;61
5015;20
5016;76
5017;71
5018;76
5019;51
5020;62
5021;33
5022;8
5023;34
5024;54
5025;60
5026;62
5027;14
5028;7
5029;42
5030;24
5031;19
5032;57
5033;56
5034;62
5035;20
5036;20
5037;24
5038;49
5039;81
5040;35
5041;40
5042;10
5043;14
5044;72
5045;78
5046;63
5047;51
5048;54
5049;50
5050;55
5051;60
5052;62
5053;50
5054;52
5055;62
5056;75
5057;76
5058;84
5059;51
5060;59
5061;46
5062;40
5063;35
5064;13
5065;6
5066;43
5067;49
5068;52
5069;65
5070;77
5071;45
5072;43
5073;18
5074;56
5075;48
5076;47
5077;32
5078;5
5079;3
5080;90
5081;69
5082;29
5083;60
5084;8
5085;6
5086;69
5087;77
5088;73
5089;45
5090;70
5091;58
5092;64
5093;56
5094;13
5095;10
5096;66
5097;74
5098;69
5099;81
5100;67
5101;60
5102;83
5103;60
5104;65
5105;89
5106;65
5107;65
5108;76
5109;23
5110;60
5111;77
5112;52
5113;69
5114;29
5115;47
5116;2
5117;41
5118;44
5119;15
5120;12
5121;15
5122;34
5123;32
5124;44
5125;5
5126;13
5127;14
5128;34
5129;64
5130;34
5131;14
5132;16
5133;58
5134;9
5135;69
5136;75
5137;57
5138;73
5139;32
5140;24
5141;4
5142;10
5143;64
5144;75
5145;32
5146;69
5147;45
5148;53
5149;11
5150;30
5151;43
5152;6
5153;47
5154;33
5155;59
5156;88
5157;48
5158;39
5159;54
5160;28
5161;13
5162;12
5163;64
5164;70
5165;48
5166;46
5167;15
5168;43
5169;33
5170;37
5171;2
5172;5
5173;20
5174;19
5175;72
5176;65
5177;19
5178;24
5179;44
5180;32
5181;16
5182;11
5183;55
5184;36
5185;9
5186;9
5187;11
5188;77
5189;84
5190;65
5191;71
5192;74
5193;84
5194;50
5195;88
5196;21
5197;29
5198;69
5199;94
5200;68
5201;45
5202;16
5203;11
5204;60
5205;73
5206;34
5207;57
5208;64
5209;64
5210;21
5211;43
5212;8
5213;11
5214;19
5215;59
5216;65
5217;48
5218;43
5219;61
5220;88
5221;39
5222;44
5223;20
5224;48
5225;16
5226;5
5227;33
5228;48
5229;47
5230;73
5231;71
5232;73
5233;54
5234;69
5235;81
5236;23
5237;58
5238;66
5239;58
5240;42
5241;79
5242;23
5243;47
5244;62
5245;79
5246;70
5247;48
5248;62
5249;11
5250;13
5251;43
5252;56
5253;10
5254;6
5255;15
5256;47
5257;72
5258;34
5259;74
5260;74
5261;21
5262;38
5263;0
5264;5
5265;65
5266;65
5267;42
5268;41
5269;26
5270;81
5271;42
5272;52
5273;85
5274;67
5275;62
5276;30
5277;34
5278;6
5279;12
5280;87
5281;37
5282;37
5283;47
5284;8
5285;16
5286;6
5287;63
5288;91
5289;54
5290;68
5291;59
5292;88
5293;86
5294;73
5295;20
5296;57
5297;57
5298;8
5299;68
5300;25
5301;48
5302;30
5303;12
5304;3
5305;60
5306;51
5307;93
5308;29
5309;46
5310;73
5311;19
5312;69
5313;70
5314;28
5315;86
5316;22
5317;77
5318;40
5319;33
5320;12
5321;34
5322;57
5323;68
5324;56
5325;66
5326;44
5327;46
5328;14
5329;44
5330;65
5331;67
5332;21
5333;65
5334;45
5335;78
5336;54
5337;9
5338;60
5339;69
5340;36
5341;52
5342;13
5343;10
5344;44
5345;68
5346;81
5347;64
5348;46
5349;10
5350;39
5351;4
5352;0
5353;39
5354;44
5355;5
5356;2
5357;34
5358;46
5359;89
5360;76
5361;40
5362;21
5363;71
5364;46
5365;41
5366;30
5367;15
5368;44
5369;64
5370;53
5371;27
5372;32
5373;36
5374;13
5375;67
5376;34
5377;21
5378;8
5379;10
5380;26
5381;56
5382;69
5383;65
5384;61
5385;59
5386;17
5387;8
5388;72
5389;54
5390;64
5391;54
5392;7
5393;8
5394;77
5395;58
5396;28
5397;20
5398;72
5399;69
5400;68
5401;77
5402;53
5403;46
5404;6
5405;33
5406;32
5407;39
5408;17
5409;4
5410;33
5411;45
5412;91
5413;42
5414;5
5415;73
5416;47
5417;44
5418;10
5419;27
5420;39
5421;67
5422;99
5423;64
5424;61
5425;45
5426;77
5427;24
5428;30
5429;5
5430;5
5431;4
5432;34
5433;29
5434;18
5435;10
5436;70
5437;77
5438;61
5439;45
5440;17
5441;75
5442;58
5443;51
5444;40
5445;50
5446;67
5447;52
5448;23
5449;58
5450;19
5451;48
5452;5
5453;24
5454;56
5455;61
5456;76
5457;57
5458;40
5459;11
5460;8
5461;82
5462;19
5463;75
5464;75
5465;20
5466;20
5467;24
5468;47
5469;42
5470;63
5471;71
5472;61
5473;41
5474;30
5475;1
5476;17
5477;48
5478;29
5479;15
5480;19
5481;36
5482;0
5483;12
5484;49
5485;24
5486;37
5487;41
5488;11
5489;10
5490;8
5491;17
5492;49
5493;72
5494;53
5495;65
5496;38
5497;37
5498;11
5499;44
5500;38
5501;14
5502;21
5503;37
5504;25
5505;19
5506;27
5507;36
5508;8
5509;1
5510;2
5511;75
5512;47
5513;65
5514;23
5515;19
5516;43
5517;14
5518;4
5519;59
5520;35
5521;51
5522;76
5523;35
5524;19
5525;60
5526;72
5527;58
5528;37
5529;55
5530;77
5531;71
5532;64
5533;49
5534;70
5535;60
5536;67
5537;72
5538;63
5539;65
5540;66
5541;52
5542;63
5543;72
5544;42
5545;50
5546;8
5547;13
5548;61
5549;25
5550;30
5551;54
5552;54
5553;36
5554;65
5555;24
5556;73
5557;51
5558;6
5559;67
5560;79
5561;26
5562;47
5563;44
5564;36
5565;10
5566;13
5567;9
5568;74
5569;30
5570;37
5571;23
5572;24
5573;38
5574;21
5575;27
5576;81
5577;52
5578;71
5579;24
5580;43
5581;39
5582;0
5583;5
5584;34
5585;25
5586;0
5587;48
5588;24
5589;52
5590;21
5591;25
5592;66
5593;70
5594;33
5595;61
5596;7
5597;16
5598;8
5599;77
5600;65
5601;58
5602;70
5603;37
5604;47
5605;39
5606;33
5607;7
5608;2
5609;37
5610;69
5611;31
5612;48
5613;18
5614;18
5615;57
5616;57
5617;62
5618;21
5619;45
5620;56
5621;16
5622;17
5623;68
5624;23
5625;51
5626;52
5627;69
5628;55
5629;19
5630;52
5631;61
5632;57
5633;51
5634;55
5635;24
5636;51
5637;26
5638;20
5639;47
5640;64
5641;64
5642;9
5643;46
5644;56
5645;16
5646;12
5647;52
5648;58
5649;63
5650;29
5651;51
5652;46
5653;35
5654;20
5655;75
5656;58
5657;87
5658;61
5659;47
5660;10
5661;8
5662;71
5663;19
5664;60
5665;19
5666;23
5667;60
5668;21
5669;4
5670;5
5671;26
5672;78
5673;69
5674;62
5675;30
5676;60
5677;7
5678;17
5679;54
5680;51
5681;84
5682;36
5683;55
5684;9
5685;16
5686;25
5687;74
5688;64
5689;25
5690;58
5691;51
5692;56
5693;50
5694;32
5695;37
5696;14
5697;3
5698;5
5699;57
5700;53
5701;17
5702;7
5703;15
5704;58
5705;59
5706;21
5707;60
5708;37
5709;3
5710;1
5711;10
5712;37
5713;14
5714;54
5715;27
5716;9
5717;10
5718;6
5719;65
5720;20
5721;68
5722;62
5723;41
5724;52
5725;21
5726;63
5727;52
5728;12
5729;14
5730;63
5731;69
5732;44
5733;28
5734;38
5735;62
5736;61
5737;26
5738;33
5739;33
5740;41
5741;8
5742;16
5743;7
5744;69
5745;72
5746;74
5747;62
5748;59
5749;45
5750;16
5751;68
5752;72
5753;58
5754;73
5755;35
5756;53
5757;46
5758;75
5759;20
5760;31
5761;31
5762;1
5763;4
5764;73
5765;60
5766;71
5767;64
5768;87
5769;24
5770;42
5771;81
5772;60
5773;32
5774;52
5775;9
5776;9
5777;65
5778;53
5779;70
5780;25
5781;24
5782;74
5783;84
5784;70
5785;22
5786;77
5787;75
5788;34
5789;30
5790;10
5791;13
5792;13
5793;36
5794;37
5795;12
5796;11
5797;51
5798;37
5799;10
5800;14
5801;14
5802;75
5803;87
5804;70
5805;79
5806;61
5807;64
5808;64
5809;64
5810;39
5811;74
5812;54
5813;54
5814;60
5815;49
5816;78
5817;57
5818;59
5819;70
5820;64
5821;39
5822;77
5823;70
5824;52
5825;42
5826;47
5827;64
5828;49
5829;49
5830;46
5831;55
5832;51
5833;70
5834;35
5835;76
5836;19
5837;29
5838;13
5839;16
5840;35
5841;47
5842;15
5843;14
5844;55
5845;49
5846;63
5847;62
5848;29
5849;44
5850;56
5851;8
5852;9
5853;16
5854;37
5855;43
5856;13
5857;15
5858;41
5859;39
5860;16
5861;12
5862;84
5863;56
5864;21
5865;62
5866;38
5867;27
5868;16
5869;9
5870;73
5871;34
5872;1
5873;4
5874;2
5875;13
5876;24
5877;70
5878;52
5879;45
5880;29
5881;3
5882;77
5883;91
5884;61
5885;84
5886;67
5887;70
5888;52
5889;23
5890;67
5891;45
5892;51
5893;66
5894;73
5895;57
5896;59
5897;83
5898;43
5899;18
5900;59
5901;63
5902;67
5903;59
5904;63
5905;22
5906;86
5907;21
5908;23
5909;87
5910;48
5911;20
5912;3
5913;7
5914;31
5915;72
5916;22
5917;53
5918;65
5919;62
5920;50
5921;34
5922;29
5923;22
5924;20
5925;39
5926;79
5927;64
5928;74
5929;61
5930;54
5931;64
5932;59
5933;52
5934;77
5935;72
5936;29
5937;72
5938;61
5939;61
5940;26
5941;42
5942;54
5943;27
5944;15
5945;54
5946;42
5947;43
5948;1
5949;4
5950;49
5951;72
5952;71
5953;54
5954;61
5955;60
5956;64
5957;52
5958;37
5959;89
5960;45
5961;46
5962;14
5963;18
5964;56
5965;41
5966;23
5967;62
5968;40
5969;17
5970;6
5971;12
5972;74
5973;80
5974;57
5975;64
5976;58
5977;75
5978;62
5979;57
5980;84
5981;66
5982;53
5983;57
5984;51
5985;59
5986;54
5987;16
5988;83
5989;80
5990;58
5991;29
5992;44
5993;10
5994;8
5995;31
5996;86
5997;86
5998;65
5999;54
6000;63
6001;33
6002;28
6003;9
6004;12
6005;3
6006;61
6007;28
6008;82
6009;62
6010;52
6011;25
6012;41
6013;27
6014;23
6015;73
6016;52
6017;41
6018;15
6019;14
6020;14
6021;81
6022;43
6023;17
6024;16
6025;30
6026;83
6027;64
6028;70
6029;21
6030;55
6031;51
6032;9
6033;15
6034;48
6035;45
6036;31
6037;12
6038;18
6039;42
6040;65
6041;35
6042;35
6043;12
6044;10
6045;40
6046;35
6047;11
6048;1
6049;24
6050;88
6051;51
6052;51
6053;36
6054;65
6055;65
6056;54
6057;69
6058;51
6059;53
6060;31
6061;71
6062;69
6063;52
6064;31
6065;25
6066;76
6067;81
6068;23
6069;73
6070;29
6071;63
6072;17
6073;14
6074;72
6075;28
6076;28
6077;43
6078;3
6079;3
6080;14
6081;66
6082;78
6083;80
6084;53
6085;61
6086;12
6087;10
6088;14
6089;31
6090;81
6091;47
6092;73
6093;85
6094;27
6095;23
6096;19
6097;72
6098;31
6099;47
6100;12
6101;7
6102;7
6103;35
6104;51
6105;38
6106;47
6107;51
6108;39
6109;43
6110;13
6111;73
6112;72
6113;47
6114;38
6115;45
6116;6
6117;60
6118;65
6119;31
6120;25
6121;24
6122;21
6123;6
6124;11
6125;11
6126;76
6127;38
6128;48
6129;42
6130;57
6131;8
6132;16
6133;46
6134;31
6135;16
6136;18
6137;62
6138;51
6139;45
6140;41
6141;22
6142;43
6143;5
6144;16
6145;69
6146;57
6147;23
6148;55
6149;17
6150;49
6151;64
6152;53
6153;48
6154;64
6155;23
6156;57
6157;56
6158;74
6159;80
6160;45
6161;66
6162;69
6163;27
6164;48
6165;8
6166;13
6167;52
6168;53
6169;30
6170;59
6171;28
6172;19
6173;20
6174;65
6175;22
6176;72
6177;54
6178;78
6179;46
6180;40
6181;17
6182;9
6183;73
6184;64
6185;37
6186;52
6187;14
6188;32
6189;34
6190;6
6191;2
6192;70
6193;49
6194;59
6195;59
6196;83
6197;53
6198;21
6199;49
6200;37
6201;19
6202;66
6203;39
6204;6
6205;12
6206;75
6207;54
6208;75
6209;37
6210;63
6211;48
6212;52
6213;74
6214;54
6215;22
6216;23
6217;28
6218;19
6219;24
6220;68
6221;31
6222;28
6223;8
6224;7
6225;47
6226;1
6227;44
6228;42
6229;1
6230;3
6231;1
6232;33
6233;87
6234;81
6235;45
6236;27
6237;37
6238;5
6239;8
6240;67
6241;55
6242;48
6243;89
6244;33
6245;72
6246;61
6247;52
6248;33
6249;27
6250;44
6251;13
6252;0
6253;29
6254;82
6255;50
6256;90
6257;29
6258;72
6259;24
6260;22
6261;23
6262;64
6263;31
6264;31
6265;3
6266;2
6267;38
6268;56
6269;63
6270;12
6271;18
6272;35
6273;48
6274;12
6275;3
6276;83
6277;26
6278;38
6279;49
6280;17
6281;17
6282;74
6283;74
6284;46
6285;80
6286;52
6287;79
6288;56
6289;51
6290;44
6291;65
6292;62
6293;32
6294;34
6295;27
6296;53
6297;8
6298;11
6299;8
6300;39
6301;38
6302;15
6303;3
6304;56
6305;61
6306;14
6307;86
6308;51
6309;61
6310;47
6311;59
6312;36
6313;72
6314;67
6315;38
6316;58
6317;13
6318;11
6319;17
6320;86
6321;47
6322;55
6323;75
6324;54
6325;56
6326;48
6327;13
6328;6
6329;68
6330;59
6331;37
6332;6
6333;18
6334;54
6335;26
6336;55
6337;51
6338;13
6339;10
6340;52
6341;56
6342;78
6343;39
6344;40
6345;10
6346;11
6347;10
6348;81
6349;67
6350;71
6351;75
6352;71
6353;49
6354;53
6355;25
6356;52
6357;65
6358;46
6359;10
6360;57
6361;22
6362;19
6363;55
6364;27
6365;44
6366;5
6367;0
6368;103
6369;37
6370;76
6371;51
6372;60
6373;69
6374;53
6375;56
6376;62
6377;78
6378;27
6379;40
6380;5
6381;5
6382;19
6383;46
6384;5
6385;12
6386;48
6387;40
6388;1
6389;14
6390;18
6391;17
6392;0
6393;71
6394;26
6395;76
6396;51
6397;21
6398;56
6399;39
6400;29
6401;4
6402;56
6403;63
6404;72
6405;36
6406;49
6407;15
6408;9
6409;46
6410;20
6411;66
6412;74
6413;46
6414;55
6415;55
6416;44
6417;33
6418;16
6419;46
6420;40
6421;11
6422;3
6423;73
6424;36
6425;42
6426;12
6427;54
6428;47
6429;16
6430;49
6431;30
6432;10
6433;17
6434;53
6435;23
6436;80
6437;52
6438;50
6439;38
6440;42
6441;1
6442;1
6443;9
6444;77
6445;22
6446;62
6447;54
6448;42
6449;46
6450;14
6451;18
6452;3
6453;50
6454;41
6455;39
6456;64
6457;42
6458;68
6459;55
6460;82
6461;59
6462;92
6463;64
6464;88
6465;28
6466;15
6467;17
6468;38
6469;70
6470;52
6471;62
6472;42
6473;9
6474;49
6475;62
6476;50
6477;41
6478;39
6479;41
6480;5
6481;35
6482;51
6483;7
6484;16
6485;12
6486;34
6487;37
6488;82
6489;71
6490;73
6491;27
6492;65
6493;72
6494;23
6495;87
6496;29
6497;69
6498;58
6499;26
6500;16
6501;36
6502;64
6503;63
6504;56
6505;71
6506;21
6507;38
6508;18
6509;18
6510;1
6511;79
6512;48
6513;62
6514;52
6515;36
6516;47
6517;16
6518;40
6519;62
6520;24
6521;45
6522;52
6523;37
6524;23
6525;61
6526;38
6527;74
6528;71
6529;31
6530;30
6531;52
6532;47
6533;47
6534;67
6535;41
6536;41
6537;14
6538;11
6539;14
6540;33
6541;78
6542;65
6543;56
6544;34
6545;8
6546;17
6547;47
6548;84
6549;73
6550;82
6551;46
6552;41
6553;13
6554;5
6555;79
6556;57
6557;48
6558;35
6559;41
6560;2
6561;0
6562;2
6563;59
6564;67
6565;67
6566;47
6567;19
6568;26
6569;41
6570;65
6571;24
6572;20
6573;44
6574;3
6575;15
6576;46
6577;58
6578;65
6579;27
6580;49
6581;19
6582;55
6583;66
6584;60
6585;73
6586;61
6587;44
6588;56
6589;55
6590;32
6591;61
6592;44
6593;13
6594;9
6595;13
6596;66
6597;79
6598;84
6599;43
6600;0
6601;2
6602;42
6603;52
6604;75
6605;69
6606;53
6607;47
6608;40
6609;15
6610;7
6611;8
6612;26
6613;96
6614;35
6615;33
6616;4
6617;0
6618;4
6619;21
6620;69
6621;51
6622;64
6623;41
6624;31
6625;45
6626;17
6627;15
6628;69
6629;51
6630;34
6631;21
6632;51
6633;37
6634;70
6635;20
6636;77
6637;53
6638;71
6639;77
6640;24
6641;36
6642;45
6643;52
6644;57
6645;56
6646;43
6647;22
6648;2
6649;1
6650;1
6651;3
6652;5
6653;79
6654;42
6655;46
6656;61
6657;13
6658;8
6659;27
6660;55
6661;14
6662;6
6663;22
6664;60
6665;78
6666;92
6667;74
6668;55
6669;14
6670;55
6671;23
6672;47
6673;15
6674;49
6675;6
6676;46
6677;25
6678;1
6679;10
6680;57
6681;66
6682;66
6683;41
6684;51
6685;22
6686;37
6687;35
6688;48
6689;83
6690;37
6691;45
6692;53
6693;9
6694;9
6695;18
6696;18
6697;41
6698;37
6699;31
6700;12
6701;9
6702;39
6703;49
6704;48
6705;55
6706;55
6707;43
6708;70
6709;63
6710;24
6711;32
6712;55
6713;19
6714;53
6715;61
6716;60
6717;27
6718;19
6719;49
6720;53
6721;9
6722;16
6723;17
6724;61
6725;27
6726;14
6727;6
6728;41
6729;64
6730;55
6731;53
6732;72
6733;57
6734;23
6735;32
6736;1
6737;4
6738;26
6739;26
6740;38
6741;24
6742;50
6743;47
6744;42
6745;1
6746;10
6747;19
6748;51
6749;28
6750;42
6751;43
6752;17
6753;14
6754;30
6755;62
6756;15
6757;13
6758;69
6759;66
6760;41
6761;42
6762;18
6763;11
6764;67
6765;63
6766;23
6767;20
6768;65
6769;54
6770;68
6771;35
6772;39
6773;53
6774;19
6775;67
6776;51
6777;54
6778;16
6779;17
6780;17
6781;53
6782;56
6783;56
6784;61
6785;64
6786;50
6787;48
6788;60
6789;12
6790;48
6791;36
6792;7
6793;11
6794;21
6795;44
6796;65
6797;53
6798;61
6799;55
6800;41
6801;17
6802;16
6803;63
6804;63
6805;26
6806;32
6807;12
6808;10
6809;9
6810;70
6811;68
6812;72
6813;63
6814;71
6815;65
6816;45
6817;66
6818;59
6819;75
6820;43
6821;38
6822;93
6823;70
6824;50
6825;47
6826;11
6827;7
6828;16
6829;15
6830;44
6831;35
6832;2
6833;4
6834;38
6835;27
6836;1
6837;11
6838;26
6839;75
6840;62
6841;77
6842;57
6843;48
6844;36
6845;62
6846;71
6847;28
6848;44
6849;10
6850;54
6851;34
6852;44
6853;61
6854;19
6855;39
6856;29
6857;64
6858;18
6859;16
6860;10
6861;14
6862;21
6863;77
6864;47
6865;19
6866;80
6867;42
6868;40
6869;49
6870;18
6871;10
6872;8
6873;65
6874;57
6875;72
6876;69
6877;52
6878;64
6879;61
6880;56
6881;79
6882;40
6883;45
6884;27
6885;5
6886;5
6887;9
6888;63
6889;61
6890;54
6891;28
6892;62
6893;22
6894;84
6895;21
6896;71
6897;52
6898;59
6899;60
6900;47
6901;47
6902;14
6903;76
6904;58
6905;31
6906;64
6907;52
6908;26
6909;26
6910;26
6911;47
6912;17
6913;9
6914;6
6915;74
6916;30
6917;60
6918;48
6919;18
6920;18
6921;50
6922;74
6923;46
6924;81
6925;41
6926;89
6927;66
6928;74
6929;52
6930;54
6931;19
6932;44
6933;60
6934;6
6935;60
6936;42
6937;9
6938;40
6939;46
6940;7
6941;6
6942;74
6943;29
6944;30
6945;63
6946;10
6947;75
6948;55
6949;78
6950;19
6951;43
6952;55
6953;11
6954;44
6955;40
6956;17
6957;17
6958;79
6959;31
6960;80
6961;24
6962;24
6963;63
6964;54
6965;67
6966;32
6967;55
6968;9
6969;6
6970;52
6971;37
6972;8
6973;49
6974;37
6975;39
6976;15
6977;16
6978;54
6979;88
6980;45
6981;25
6982;5
6983;12
6984;50
6985;18
6986;37
6987;62
6988;82
6989;64
6990;26
6991;66
6992;89
6993;79
6994;50
6995;41
6996;73
6997;64
6998;58
6999;65
7000;43
7001;67
7002;72
7003;57
7004;42
7005;43
7006;7
7007;18
7008;13
7009;91
7010;57
7011;36
7012;64
7013;24
7014;63
7015;52
7016;15
7017;18
7018;49
7019;80
7020;73
7021;51
7022;40
7023;12
7024;13
7025;58
7026;23
7027;72
7028;26
7029;19
7030;23
7031;34
7032;40
7033;16
7034;9
7035;16
7036;41
7037;70
7038;55
7039;48
7040;16
7041;26
7042;22
7043;61
7044;50
7045;11
7046;17
7047;23
7048;36
7049;3
7050;5
7051;50
7052;61
7053;14
7054;8
7055;18
7056;47
7057;73
7058;41
7059;71
7060;62
7061;59
7062;22
7063;61
7064;37
7065;12
7066;11
7067;15
7068;54
7069;76
7070;55
7071;54
7072;18
7073;18
7074;13
7075;19
7076;51
7077;46
7078;8
7079;66
7080;64
7081;46
7082;31
7083;33
7084;12
7085;4
7086;11
7087;2
7088;15
7089;32
7090;63
7091;80
7092;52
7093;20
7094;54
7095;28
7096;24
7097;2
7098;55
7099;44
7100;31
7101;17
7102;6
7103;15
7104;21
7105;50
7106;74
7107;62
7108;47
7109;9
7110;12
7111;45
7112;41
7113;11
7114;82
7115;60
7116;68
7117;61
7118;54
7119;56
7120;27
7121;27
7122;9
7123;46
7124;6
7125;2
7126;54
7127;60
7128;16
7129;81
7130;32
7131;46
7132;14
7133;9
7134;12
7135;60
7136;60
7137;48
7138;72
7139;19
7140;35
7141;8
7142;9
7143;46
7144;20
7145;46
7146;16
7147;16
7148;62
7149;40
7150;53
7151;71
7152;33
7153;67
7154;56
7155;72
7156;32
7157;68
7158;75
7159;56
7160;49
7161;19
7162;22
7163;68
7164;67
7165;74
7166;33
7167;90
7168;78
7169;69
7170;49
7171;56
7172;12
7173;10
7174;17
7175;88
7176;55
7177;31
7178;5
7179;30
7180;29
7181;5
7182;90
7183;89
7184;43
7185;38
7186;33
7187;13
7188;16
7189;12
7190;36
7191;61
7192;19
7193;43
7194;19
7195;70
7196;75
7197;46
7198;49
7199;50
7200;21
7201;86
7202;67
7203;53
7204;23
7205;37
7206;31
7207;0
7208;11
7209;41
7210;20
7211;13
7212;5
7213;64
7214;82
7215;54
7216;43
7217;60
7218;14
7219;16
7220;27
7221;61
7222;47
7223;35
7224;11
7225;18
7226;18
7227;51
7228;53
7229;40
7230;54
7231;8
7232;11
7233;27
7234;53
7235;9
7236;9
7237;16
7238;68
7239;38
7240;77
7241;38
7242;40
7243;34
7244;2
7245;1
7246;43
7247;42
7248;16
7249;10
7250;49
7251;14
7252;18
7253;49
7254;38
7255;15
7256;12
7257;17
7258;20
7259;77
7260;20
7261;51
7262;61
7263;32
7264;38
7265;45
7266;18
7267;7
7268;62
7269;37
7270;27
7271;41
7272;0
7273;35
7274;43
7275;0
7276;73
7277;59
7278;45
7279;30
7280;10
7281;9
7282;72
7283;67
7284;75
7285;75
7286;69
7287;57
7288;60
7289;43
7290;46
7291;57
7292;14
7293;70
7294;49
7295;45
7296;49
7297;13
7298;4
7299;61
7300;29
7301;16
7302;13
7303;75
7304;89
7305;20
7306;61
7307;62
7308;28
7309;42
7310;11
7311;17
7312;17
7313;10
7314;33
7315;17
7316;52
7317;80
7318;65
7319;19
7320;49
7321;39
7322;9
7323;14
7324;22
7325;36
7326;57
7327;31
7328;89
7329;31
7330;69
7331;24
7332;24
7333;47
7334;60
7335;6
7336;14
7337;15
7338;8
7339;91
7340;55
7341;47
7342;16
7343;9
7344;91
7345;53
7346;49
7347;54
7348;28
7349;72
7350;77
7351;67
7352;64
7353;77
7354;52
7355;69
7356;47
7357;61
7358;56
7359;36
7360;26
7361;11
7362;14
7363;31
7364;73
7365;81
7366;71
7367;62
7368;36
7369;14
7370;18
7371;21
7372;26
7373;57
7374;32
7375;66
7376;60
7377;73
7378;64
7379;81
7380;51
7381;48
7382;51
7383;19
7384;38
7385;59
7386;53
7387;77
7388;33
7389;40
7390;55
7391;74
7392;24
7393;74
7394;76
7395;47
7396;44
7397;73
7398;20
7399;40
7400;5
7401;72
7402;21
7403;42
7404;72
7405;42
7406;38
7407;69
7408;44
7409;56
7410;30
7411;46
7412;2
7413;4
7414;35
7415;52
7416;38
7417;78
7418;75
7419;52
7420;61
7421;48
7422;68
7423;21
7424;71
7425;47
7426;55
7427;16
7428;8
7429;60
7430;51
7431;76
7432;66
7433;20
7434;59
7435;71
7436;72
7437;31
7438;39
7439;11
7440;15
7441;45
7442;71
7443;23
7444;37
7445;5
7446;0
7447;44
7448;49
7449;79
7450;63
7451;57
7452;45
7453;56
7454;48
7455;8
7456;9
7457;63
7458;19
7459;77
7460;61
7461;83
7462;73
7463;19
7464;89
7465;22
7466;22
7467;59
7468;74
7469;81
7470;58
7471;37
7472;53
7473;14
7474;16
7475;17
7476;65
7477;94
7478;42
7479;46
7480;66
7481;85
7482;53
7483;25
7484;79
7485;55
7486;54
7487;60
7488;47
7489;41
7490;40
7491;5
7492;5
7493;57
7494;70
7495;56
7496;70
7497;35
7498;45
7499;68
7500;24
7501;25
7502;45
7503;16
7504;2
7505;87
7506;71
7507;52
7508;20
7509;44
7510;53
7511;10
7512;11
7513;23
7514;21
7515;70
7516;71
7517;46
7518;61
7519;10
7520;16
7521;46
7522;61
7523;50
7524;82
7525;53
7526;45
7527;13
7528;8
7529;6
7530;9
7531;88
7532;68
7533;71
7534;60
7535;70
7536;47
7537;54
7538;44
7539;13
7540;7
7541;33
7542;15
7543;17
7544;62
7545;22
7546;41
7547;40
7548;56
7549;38
7550;74
7551;66
7552;64
7553;37
7554;15
7555;62
7556;64
7557;48
7558;10
7559;28
7560;35
7561;15
7562;15
7563;68
7564;53
7565;44
7566;44
7567;13
7568;15
7569;51
7570;53
7571;60
7572;55
7573;75
7574;41
7575;17
7576;71
7577;38
7578;42
7579;55
7580;10
7581;14
7582;77
7583;53
7584;25
7585;61
7586;20
7587;64
7588;44
7589;69
7590;64
7591;42
7592;13
7593;9
7594;45
7595;37
7596;35
7597;16
7598;3
7599;28
7600;29
7601;9
7602;17
7603;92
7604;54
7605;68
7606;64
7607;15
7608;41
7609;57
7610;51
7611;55
7612;34
7613;19
7614;19
7615;19
7616;24
7617;56
7618;71
7619;66
7620;52
7621;47
7622;33
7623;22
7624;74
7625;66
7626;32
7627;54
7628;19
7629;50
7630;24
7631;54
7632;30
7633;84
7634;45
7635;79
7636;34
7637;65
7638;39
7639;40
7640;50
7641;16
7642;6
7643;62
7644;55
7645;15
7646;13
7647;82
7648;26
7649;26
7650;61
7651;66
7652;46
7653;77
7654;52
7655;47
7656;21
7657;5
7658;1
7659;20
7660;42
7661;39
7662;68
7663;61
7664;59
7665;31
7666;35
7667;6
7668;38
7669;38
7670;15
7671;15
7672;74
7673;40
7674;42
7675;19
7676;13
7677;2
7678;5
7679;78
7680;54
7681;56
7682;71
7683;67
7684;72
7685;66
7686;73
7687;87
7688;31
7689;90
7690;65
7691;58
7692;38
7693;6
7694;11
7695;41
7696;45
7697;0
7698;24
7699;21
7700;91
7701;77
7702;50
7703;82
7704;79
7705;51
7706;69
7707;47
7708;7
7709;6
7710;76
7711;53
7712;47
7713;15
7714;41
7715;31
7716;35
7717;7
7718;43
7719;54
7720;15
7721;13
7722;29
7723;73
7724;56
7725;63
7726;19
7727;75
7728;55
7729;43
7730;11
7731;13
7732;6
7733;49
7734;54
7735;14
7736;8
7737;44
7738;34
7739;8
7740;9
7741;47
7742;64
7743;55
7744;22
7745;70
7746;36
7747;43
7748;9
7749;13
7750;47
7751;48
7752;39
7753;2
7754;3
7755;4
7756;4
7757;54
7758;38
7759;82
7760;90
7761;53
7762;80
7763;59
7764;47
7765;19
7766;67
7767;75
7768;58
7769;60
7770;47
7771;61
7772;81
7773;72
7774;37
7775;60
7776;11
7777;87
7778;72
7779;50
7780;66
7781;33
7782;66
7783;71
7784;50
7785;74
7786;24
7787;31
7788;71
7789;74
7790;36
7791;68
7792;43
7793;37
7794;43
7795;17
7796;5
7797;0
7798;43
7799;36
7800;17
7801;10
7802;16
7803;21
7804;29
7805;31
7806;71
7807;22
7808;58
7809;56
7810;63
7811;68
7812;50
7813;50
7814;18
7815;10
7816;13
7817;32
7818;52
7819;32
7820;30
7821;45
7822;3
7823;62
7824;69
7825;73
7826;34
7827;32
7828;49
7829;17
7830;44
7831;51
7832;51
7833;48
7834;46
7835;29
7836;17
7837;3
7838;1
7839;39
7840;32
7841;7
7842;41
7843;14
7844;85
7845;53
7846;64
7847;34
7848;69
7849;75
7850;42
7851;26
7852;11
7853;78
7854;64
7855;32
7856;53
7857;31
7858;6
7859;83
7860;50
7861;75
7862;59
7863;24
7864;40
7865;72
7866;52
7867;47
7868;43
7869;49
7870;33
7871;19
7872;1
7873;0
7874;45
7875;46
7876;10
7877;3
7878;43
7879;31
7880;3
7881;0
7882;52
7883;46
7884;9
7885;9
7886;15
7887;75
7888;41
7889;64
7890;71
7891;68
7892;47
7893;12
7894;59
7895;87
7896;63
7897;19
7898;43
7899;38
7900;6
7901;44
7902;57
7903;52
7904;52
7905;14
7906;9
7907;36
7908;32
7909;11
7910;18
7911;65
7912;51
7913;35
7914;43
7915;58
7916;6
7917;46
7918;31
7919;44
7920;40
7921;5
7922;18
7923;24
7924;39
7925;47
7926;24
7927;51
7928;25
7929;47
7930;4
7931;58
7932;46
7933;30
7934;58
7935;20
7936;38
7937;41
7938;10
7939;8
7940;61
7941;15
7942;57
7943;77
7944;28
7945;44
7946;35
7947;9
7948;10
7949;40
7950;37
7951;14
7952;50
7953;60
7954;54
7955;93
7956;41
7957;62
7958;11
7959;12
7960;70
7961;72
7962;61
7963;22
7964;24
7965;11
7966;13
7967;0
7968;51
7969;56
7970;71
7971;59
7972;79
7973;42
7974;37
7975;13
7976;10
7977;10
7978;46
7979;65
7980;51
7981;51
7982;74
7983;20
7984;71
7985;78
7986;21
7987;53
7988;86
7989;20
7990;84
7991;62
7992;63
7993;49
7994;22
7995;5
7996;16
7997;3
7998;55
7999;50
8000;17
8001;11
8002;12
8003;59
8004;54
8005;70
8006;39
8007;47
8008;14
8009;67
8010;71
8011;39
8012;88
8013;78
8014;83
8015;69
8016;59
8017;48
8018;33
8019;12
8020;18
8021;83
8022;67
8023;72
8024;75
8025;23
8026;73
8027;79
8028;52
8029;51
8030;14
8031;58
8032;52
8033;63
8034;71
8035;59
8036;58
8037;48
8038;48
8039;63
8040;14
8041;16
8042;17
8043;55
8044;48
8045;33
8046;40
8047;4
8048;13
8049;26
8050;11
8051;17
8052;68
8053;65
8054;72
8055;24
8056;70
8057;65
8058;48
8059;30
8060;16
8061;12
8062;27
8063;63
8064;61
8065;55
8066;86
8067;20
8068;89
8069;77
8070;77
8071;46
8072;70
8073;28
8074;48
8075;65
8076;46
8077;77
8078;25
8079;74
8080;71
8081;27
8082;19
8083;42
8084;4
8085;74
8086;70
8087;38
8088;55
8089;7
8090;50
8091;49
8092;64
8093;97
8094;19
8095;44
8096;60
8097;30
8098;18
8099;8
8100;7
8101;62
8102;54
8103;63
8104;45
8105;17
8106;13
8107;35
8108;27
8109;1
8110;18
8111;64
8112;74
8113;49
8114;30
8115;17
8116;21
8117;19
8118;34
8119;49
8120;39
8121;10
8122;0
8123;15
8124;0
8125;54
8126;54
8127;26
8128;21
8129;37
8130;64
8131;17
8132;10
8133;32
8134;69
8135;88
8136;58
8137;82
8138;19
8139;19
8140;51
8141;36
8142;19
8143;38
8144;60
8145;76
8146;52
8147;60
8148;73
8149;69
8150;58
8151;64
8152;48
8153;33
8154;41
8155;36
8156;79
8157;88
8158;64
8159;96
8160;46
8161;65
8162;58
8163;75
8164;63
8165;61
8166;51
8167;39
8168;48
8169;12
8170;13
8171;13
8172;45
8173;43
8174;3
8175;7
8176;3
8177;72
8178;72
8179;34
8180;57
8181;59
8182;63
8183;64
8184;51
8185;20
8186;42
8187;67
8188;52
8189;33
8190;75
8191;43
8192;57
8193;34
8194;43
8195;12
8196;15
8197;51
8198;20
8199;70
8200;75
8201;20
8202;72
8203;54
8204;60
8205;48
8206;49
8207;14
8208;64
8209;57
8210;35
8211;45
8212;85
8213;52
8214;63
8215;58
8216;63
8217;60
8218;32
8219;17
8220;14
8221;45
8222;63
8223;7
8224;40
8225;60
8226;8
8227;18
8228;13
8229;39
8230;24
8231;1
8232;1
8233;79
8234;77
8235;58
8236;79
8237;22
8238;44
8239;47
8240;63
8241;23
8242;37
8243;11
8244;77
8245;31
8246;34
8247;6
8248;17
8249;27
8250;71
8251;55
8252;50
8253;9
8254;12
8255;10
8256;44
8257;20
8258;2
8259;2
8260;42
8261;44
8262;16
8263;27
8264;15
8265;18
8266;78
8267;21
8268;76
8269;72
8270;37
8271;29
8272;10
8273;41
8274;64
8275;67
8276;101
8277;80
8278;64
8279;41
8280;36
8281;16
8282;9
8283;27
8284;82
8285;63
8286;17
8287;45
8288;40
8289;3
8290;11
8291;13
8292;60
8293;20
8294;21
8295;36
8296;12
8297;12
8298;5
8299;19
8300;69
8301;66
8302;56
8303;53
8304;70
8305;37
8306;84
8307;58
8308;54
8309;18
8310;14
8311;53
8312;59
8313;42
8314;71
8315;41
8316;86
8317;74
8318;47
8319;29
8320;34
8321;63
8322;62
8323;62
8324;51
8325;39
8326;8
8327;17
8328;56
8329;49
8330;75
8331;51
8332;24
8333;36
8334;23
8335;26
8336;75
8337;79
8338;48
8339;49
8340;16
8341;15
8342;65
8343;72
8344;51
8345;67
8346;74
8347;77
8348;71
8349;36
8350;9
8351;36
8352;48
8353;6
8354;14
8355;37
8356;36
8357;74
8358;86
8359;60
8360;72
8361;39
8362;28
8363;39
8364;38
8365;1
8366;4
8367;28
8368;48
8369;1
8370;11
8371;47
8372;61
8373;49
8374;15
8375;60
8376;40
8377;74
8378;80
8379;40
8380;81
8381;71
8382;57
8383;66
8384;37
8385;58
8386;27
8387;57
8388;57
8389;79
8390;68
8391;45
8392;42
8393;15
8394;7
8395;78
8396;55
8397;45
8398;6
8399;14
8400;68
8401;72
8402;66
8403;38
8404;55
8405;9
8406;14
8407;68
8408;41
8409;14
8410;18
8411;52
8412;75
8413;39
8414;15
8415;13
8416;59
8417;48
8418;49
8419;46
8420;83
8421;47
8422;32
8423;17
8424;14
8425;58
8426;21
8427;72
8428;54
8429;57
8430;53
8431;69
8432;56
8433;48
8434;53
8435;14
8436;16
8437;70
8438;25
8439;45
8440;42
8441;10
8442;72
8443;61
8444;45
8445;64
8446;51
8447;43
8448;75
8449;77
8450;80
8451;65
8452;71
8453;36
8454;27
8455;61
8456;33
8457;23
8458;46
8459;45
8460;40
8461;19
8462;71
8463;60
8464;35
8465;15
8466;17
8467;48
8468;66
8469;54
8470;61
8471;24
8472;78
8473;35
8474;43
8475;74
8476;78
8477;59
8478;20
8479;20
8480;54
8481;35
8482;41
8483;14
8484;15
8485;65
8486;54
8487;70
8488;26
8489;56
8490;22
8491;44
8492;68
8493;47
8494;45
8495;24
8496;38
8497;2
8498;2
8499;52
8500;52
8501;39
8502;18
8503;17
8504;35
8505;46
8506;31
8507;12
8508;13
8509;42
8510;50
8511;18
8512;6
8513;41
8514;22
8515;52
8516;65
8517;84
8518;33
8519;93
8520;42
8521;37
8522;15
8523;3
8524;11
8525;55
8526;82
8527;75
8528;71
8529;54
8530;83
8531;82
8532;25
8533;32
8534;36
8535;10
8536;18
8537;64
8538;26
8539;37
8540;16
8541;26
8542;39
8543;3
8544;15
8545;4
8546;44
8547;29
8548;5
8549;68
8550;70
8551;20
8552;68
8553;28
8554;36
8555;18
8556;14
8557;45
8558;53
8559;12
8560;15
8561;75
8562;51
8563;54
8564;46
8565;56
8566;74
8567;59
8568;63
8569;47
8570;16
8571;6
8572;42
8573;64
8574;39
8575;52
8576;52
8577;53
8578;44
8579;23
8580;94
8581;33
8582;21
8583;57
8584;27
8585;51
8586;15
8587;17
8588;60
8589;8
8590;16
8591;24
8592;88
8593;36
8594;46
8595;66
8596;37
8597;25
8598;39
8599;86
8600;53
8601;57
8602;62
8603;65
8604;64
8605;41
8606;40
8607;14
8608;53
8609;20
8610;48
8611;8
8612;62
8613;63
8614;74
8615;79
8616;27
8617;59
8618;15
8619;9
8620;51
8621;52
8622;39
8623;37
8624;22
8625;84
8626;57
8627;69
8628;36
8629;61
8630;62
8631;72
8632;67
8633;63
8634;52
8635;45
8636;68
8637;76
8638;38
8639;19
8640;13
8641;42
8642;18
8643;11
8644;47
8645;43
8646;15
8647;41
8648;37
8649;62
8650;70
8651;50
8652;64
8653;16
8654;13
8655;45
8656;47
8657;13
8658;9
8659;29
8660;41
8661;11
8662;11
8663;13
8664;51
8665;75
8666;67
8667;25
8668;73
8669;33
8670;57
8671;53
8672;11
8673;52
8674;84
8675;20
8676;23
8677;61
8678;67
8679;37
8680;20
8681;22
8682;53
8683;99
8684;23
8685;39
8686;72
8687;22
8688;34
8689;35
8690;9
8691;15
8692;9
8693;16
8694;53
8695;19
8696;84
8697;85
8698;60
8699;95
8700;38
8701;40
8702;42
8703;2
8704;8
8705;58
8706;36
8707;66
8708;29
8709;56
8710;16
8711;13
8712;12
8713;59
8714;72
8715;62
8716;37
8717;57
8718;51
8719;34
8720;48
8721;52
8722;24
8723;21
8724;24
8725;42
8726;22
8727;38
8728;33
8729;19
8730;16
8731;0
8732;31
8733;75
8734;68
8735;71
8736;49
8737;28
8738;7
8739;59
8740;41
8741;49
8742;2
8743;3
8744;3
8745;77
8746;68
8747;40
8748;35
8749;17
8750;10
8751;37
8752;79
8753;58
8754;21
8755;37
8756;73
8757;48
8758;57
8759;54
8760;66
8761;37
8762;68
8763;68
8764;51
8765;66
8766;36
8767;64
8768;11
8769;14
8770;18
8771;22
8772;51
8773;79
8774;48
8775;35
8776;51
8777;24
8778;30
8779;7
8780;1
8781;32
8782;32
8783;8
8784;8
8785;73
8786;54
8787;60
8788;7
8789;10
8790;78
8791;24
8792;39
8793;11
8794;3
8795;51
8796;22
8797;61
8798;22
8799;73
8800;25
8801;65
8802;85
8803;61
8804;30
8805;47
8806;17
8807;53
8808;62
8809;47
8810;19
8811;45
8812;5
8813;4
8814;0
8815;19
8816;66
8817;22
8818;74
8819;32
8820;21
8821;21
8822;20
8823;47
8824;42
8825;31
8826;11
8827;0
8828;44
8829;20
8830;33
8831;64
8832;54
8833;8
8834;14
8835;52
8836;53
8837;63
8838;57
8839;71
8840;61
8841;52
8842;65
8843;61
8844;7
8845;27
8846;29
8847;17
8848;1
8849;10
8850;62
8851;58
8852;16
8853;13
8854;39
8855;37
8856;10
8857;6
8858;5
8859;74
8860;76
8861;59
8862;75
8863;24
8864;25
8865;44
8866;45
8867;3
8868;14
8869;1
8870;27
8871;52
8872;62
8873;15
8874;9
8875;68
8876;19
8877;24
8878;23
8879;67
8880;76
8881;70
8882;41
8883;31
8884;18
8885;16
8886;1
8887;64
8888;50
8889;74
8890;75
8891;86
8892;96
8893;43
8894;44
8895;66
8896;25
8897;79
8898;48
8899;47
8900;58
8901;55
8902;13
8903;18
8904;76
8905;73
8906;84
8907;53
8908;30
8909;45
8910;52
8911;15
8912;48
8913;40
8914;52
8915;49
8916;49
8917;64
8918;45
8919;52
8920;25
8921;35
8922;28
8923;15
8924;8
8925;32
8926;28
8927;6
8928;19
8929;4
8930;64
8931;24
8932;20
8933;77
8934;79
8935;33
8936;33
8937;30
8938;15
8939;9
8940;53
8941;54
8942;40
8943;28
8944;18
8945;5
8946;54
8947;38
8948;49
8949;68
8950;24
8951;70
8952;67
8953;63
8954;62
8955;9
8956;16
8957;10
8958;52
8959;23
8960;69
8961;71
8962;26
8963;64
8964;12
8965;9
8966;8
8967;32
8968;46
8969;11
8970;12
8971;49
8972;29
8973;15
8974;6
8975;17
8976;41
8977;61
8978;43
8979;23
8980;5
8981;53
8982;67
8983;63
8984;43
8985;72
8986;22
8987;28
8988;67
8989;57
8990;66
8991;65
8992;71
8993;36
8994;42
8995;22
8996;45
8997;27
8998;22
8999;1
9000;0
9001;68
9002;75
9003;39
9004;36
9005;22
9006;71
9007;50
9008;72
9009;57
9010;73
9011;68
9012;21
9013;51
9014;57
9015;8
9016;6
9017;75
9018;71
9019;95
9020;50
9021;79
9022;74
9023;47
9024;54
9025;6
9026;8
9027;56
9028;57
9029;78
9030;44
9031;45
9032;9
9033;48
9034;8
9035;12
9036;47
9037;33
9038;3
9039;11
9040;43
9041;30
9042;1
9043;3
9044;0
9045;5
9046;2
9047;34
9048;27
9049;13
9050;14
9051;12
9052;15
9053;91
9054;70
9055;70
9056;59
9057;89
9058;77
9059;69
9060;73
9061;89
9062;27
9063;69
9064;65
9065;20
9066;74
9067;62
9068;71
9069;73
9070;74
9071;55
9072;60
9073;37
9074;56
9075;32
9076;49
9077;10
9078;6
9079;6
9080;51
9081;54
9082;43
9083;54
9084;41
9085;65
9086;78
9087;73
9088;77
9089;84
9090;60
9091;24
9092;62
9093;57
9094;61
9095;64
9096;10
9097;7
9098;24
9099;80
9100;67
9101;61
9102;45
9103;64
9104;36
9105;32
9106;41
9107;30
9108;48
9109;53
9110;16
9111;10
9112;91
9113;50
9114;57
9115;51
9116;52
9117;73
9118;81
9119;70
9120;43
9121;29
9122;59
9123;12
9124;17
9125;16
9126;70
9127;35
9128;21
9129;75
9130;52
9131;61
9132;58
9133;73
9134;72
9135;35
9136;72
9137;75
9138;64
9139;57
9140;73
9141;77
9142;48
9143;8
9144;76
9145;81
9146;47
9147;52
9148;10
9149;12
9150;88
9151;66
9152;21
9153;51
9154;47
9155;37
9156;37
9157;12
9158;11
9159;65
9160;46
9161;33
9162;16
9163;15
9164;9
9165;70
9166;72
9167;43
9168;62
9169;93
9170;41
9171;31
9172;16
9173;5
9174;88
9175;36
9176;54
9177;30
9178;33
9179;10
9180;13
9181;30
9182;40
9183;8
9184;7
9185;36
9186;89
9187;58
9188;32
9189;43
9190;7
9191;9
9192;25
9193;63
9194;53
9195;11
9196;54
9197;25
9198;63
9199;31
9200;52
9201;6
9202;17
9203;42
9204;69
9205;72
9206;74
9207;56
9208;77
9209;79
9210;75
9211;44
9212;52
9213;11
9214;13
9215;68
9216;44
9217;50
9218;53
9219;16
9220;8
9221;10
9222;33
9223;55
9224;59
9225;77
9226;48
9227;55
9228;66
9229;67
9230;73
9231;76
9232;77
9233;28
9234;60
9235;47
9236;62
9237;34
9238;12
9239;17
9240;38
9241;37
9242;11
9243;18
9244;50
9245;44
9246;9
9247;8
9248;74
9249;55
9250;32
9251;23
9252;13
9253;5
9254;8
9255;65
9256;45
9257;26
9258;53
9259;74
9260;74
9261;76
9262;86
9263;71
9264;54
9265;77
9266;23
9267;75
9268;20
9269;26
9270;53
9271;26
9272;89
9273;81
9274;73
9275;70
9276;47
9277;58
9278;64
9279;77
9280;62
9281;61
9282;44
9283;23
9284;3
9285;10
9286;3
9287;15
9288;59
9289;19
9290;20
9291;27
9292;27
9293;11
9294;80
9295;43
9296;16
9297;13
9298;76
9299;41
9300;63
9301;24
9302;61
9303;60
9304;19
9305;34
9306;4
9307;5
9308;21
9309;55
9310;53
9311;35
9312;23
9313;15
9314;5
9315;91
9316;92
9317;75
9318;72
9319;53
9320;16
9321;8
9322;37
9323;68
9324;67
9325;63
9326;48
9327;63
9328;84
9329;52
9330;27
9331;55
9332;10
9333;13
9334;12
9335;37
9336;78
9337;63
9338;64
9339;32
9340;13
9341;10
9342;44
9343;30
9344;78
9345;24
9346;23
9347;27
9348;21
9349;0
9350;5
9351;68
9352;45
9353;40
9354;18
9355;4
9356;72
9357;43
9358;58
9359;44
9360;11
9361;14
9362;61
9363;76
9364;45
9365;61
9366;74
9367;54
9368;9
9369;8
9370;54
9371;14
9372;50
9373;48
9374;70
9375;53
9376;67
9377;47
9378;24
9379;38
9380;6
9381;13
9382;89
9383;74
9384;42
9385;44
9386;5
9387;12
9388;9
9389;50
9390;72
9391;48
9392;54
9393;64
9394;10
9395;14
9396;41
9397;32
9398;3
9399;7
9400;76
9401;81
9402;56
9403;65
9404;72
9405;61
9406;46
9407;69
9408;27
9409;31
9410;2
9411;5
9412;78
9413;71
9414;53
9415;54
9416;56
9417;71
9418;55
9419;59
9420;68
9421;34
9422;67
9423;70
9424;89
9425;75
9426;35
9427;54
9428;32
9429;60
9430;61
9431;55
9432;18
9433;18
9434;76
9435;21
9436;88
9437;68
9438;71
9439;66
9440;45
9441;52
9442;44
9443;7
9444;56
9445;53
9446;60
9447;48
9448;66
9449;71
9450;60
9451;21
9452;57
9453;51
9454;40
9455;36
9456;73
9457;31
9458;37
9459;1
9460;17
9461;30
9462;55
9463;71
9464;92
9465;33
9466;64
9467;8
9468;13
9469;17
9470;27
9471;53
9472;29
9473;34
9474;0
9475;33
9476;5
9477;16
9478;54
9479;55
9480;51
9481;66
9482;73
9483;83
9484;49
9485;44
9486;16
9487;16
9488;36
9489;42
9490;13
9491;10
9492;10
9493;42
9494;41
9495;18
9496;44
9497;31
9498;66
9499;58
9500;65
9501;92
9502;20
9503;47
9504;62
9505;19
9506;71
9507;62
9508;52
9509;68
9510;23
9511;28
9512;8
9513;13
9514;17
9515;70
9516;83
9517;51
9518;60
9519;52
9520;35
9521;40
9522;0
9523;0
9524;4
9525;76
9526;22
9527;36
9528;14
9529;0
9530;27
9531;19
9532;9
9533;18
9534;4
9535;49
9536;8
9537;53
9538;56
9539;31
9540;64
9541;50
9542;44
9543;72
9544;36
9545;60
9546;59
9547;41
9548;26
9549;60
9550;57
9551;74
9552;20
9553;48
9554;3
9555;14
9556;34
9557;44
9558;1
9559;3
9560;16
9561;63
9562;61
9563;61
9564;45
9565;67
9566;61
9567;50
9568;10
9569;88
9570;26
9571;55
9572;59
9573;24
9574;40
9575;44
9576;3
9577;3
9578;14
9579;5
9580;33
9581;46
9582;77
9583;32
9584;53
9585;45
9586;10
9587;18
9588;11
9589;17
9590;65
9591;67
9592;40
9593;85
9594;91
9595;57
9596;44
9597;57
9598;9
9599;12
9600;10
9601;19
9602;84
9603;63
9604;50
9605;28
9606;10
9607;18
9608;76
9609;60
9610;88
9611;55
9612;47
9613;6
9614;10
9615;34
9616;47
9617;5
9618;15
9619;13
9620;67
9621;72
9622;43
9623;74
9624;22
9625;42
9626;15
9627;5
9628;1
9629;46
9630;50
9631;6
9632;69
9633;56
9634;50
9635;13
9636;14
9637;47
9638;53
9639;61
9640;31
9641;45
9642;7
9643;72
9644;72
9645;68
9646;64
9647;58
9648;53
9649;26
9650;17
9651;18
9652;28
9653;74
9654;43
9655;31
9656;11
9657;15
9658;17
9659;25
9660;34
9661;63
9662;22
9663;54
9664;72
9665;47
9666;48
9667;67
9668;72
9669;23
9670;56
9671;46
9672;37
9673;16
9674;14
9675;13
9676;60
9677;68
9678;61
9679;39
9680;60
9681;72
9682;58
9683;55
9684;33
9685;27
9686;7
9687;2
9688;64
9689;90
9690;75
9691;47
9692;45
9693;83
9694;74
9695;50
9696;19
9697;39
9698;73
9699;82
9700;60
9701;41
9702;59
9703;49
9704;13
9705;7
9706;75
9707;49
9708;38
9709;7
9710;8
9711;45
9712;47
9713;33
9714;14
9715;6
9716;33
9717;33
9718;5
9719;3
9720;20
9721;71
9722;70
9723;50
9724;23
9725;19
9726;4
9727;57
9728;85
9729;49
9730;47
9731;41
9732;2
9733;4
9734;11
9735;24
9736;37
9737;0
9738;5
9739;40
9740;38
9741;3
9742;2
9743;31
9744;65
9745;71
9746;33
9747;20
9748;53
9749;63
9750;71
9751;40
9752;49
9753;33
9754;13
9755;14
9756;46
9757;76
9758;39
9759;31
9760;57
9761;10
9762;12
9763;69
9764;21
9765;45
9766;0
9767;6
9768;60
9769;58
9770;68
9771;37
9772;44
9773;14
9774;11
9775;49
9776;69
9777;38
9778;62
9779;59
9780;6
9781;13
9782;32
9783;33
9784;10
9785;17
9786;17
9787;50
9788;86
9789;60
9790;56
9791;79
9792;23
9793;29
9794;46
9795;70
9796;73
9797;49
9798;63
9799;62
9800;11
9801;11
9802;52
9803;87
9804;29
9805;22
9806;19
9807;31
9808;49
9809;54
9810;11
9811;8
9812;11
9813;21
9814;63
9815;54
9816;58
9817;70
9818;64
9819;68
9820;52
9821;28
9822;49
9823;13
9824;11
9825;70
9826;33
9827;69
9828;69
9829;80
9830;23
9831;37
9832;3
9833;18
9834;3
9835;3
9836;72
9837;68
9838;36
9839;58
9840;9
9841;8
9842;75
9843;50
9844;40
9845;33
9846;2
9847;8
9848;74
9849;27
9850;33
9851;13
9852;12
9853;44
9854;39
9855;56
9856;34
9857;16
9858;8
9859;67
9860;38
9861;81
9862;52
9863;21
9864;59
9865;42
9866;24
9867;0
9868;9
9869;60
9870;59
9871;47
9872;70
9873;70
9874;83
9875;74
9876;81
9877;68
9878;64
9879;20
9880;65
9881;25
9882;23
9883;41
9884;41
9885;8
9886;10
9887;71
9888;61
9889;24
9890;62
9891;63
9892;41
9893;38
9894;49
9895;17
9896;11
9897;23
9898;45
9899;13
9900;48
9901;17
9902;72
9903;62
9904;6
9905;15
9906;29
9907;72
9908;65
9909;67
9910;81
9911;29
9912;50
9913;50
9914;31
9915;63
9916;44
9917;77
9918;23
9919;24
9920;32
9921;87
9922;75
9923;60
9924;53
9925;53
9926;49
9927;85
9928;70
9929;65
9930;55
9931;53
9932;41
9933;19
9934;7
9935;14
9936;46
9937;41
9938;62
9939;27
9940;21
9941;51
9942;19
9943;46
9944;5
9945;7
9946;78
9947;33
9948;48
9949;60
9950;59
9951;68
9952;24
9953;90
9954;24
9955;46
9956;69
9957;71
9958;65
9959;85
9960;53
9961;37
9962;13
9963;65
9964;73
9965;65
9966;67
9967;73
9968;78
9969;65
9970;64
9971;63
9972;45
9973;64
9974;57
9975;80
9976;58
9977;73
9978;65
9979;38
9980;41
9981;18
9982;1
9983;6
9984;58
9985;85
9986;27
9987;42
9988;56
9989;56
9990;15
9991;48
9992;40
9993;35
9994;8
9995;37
9996;62
9997;63
9998;32
9999;38
10000;13
10001;10
10002;60
10003;28
10004;20
10005;3
10006;4
10007;5
10008;57
10009;43
10010;22
10011;87
10012;75
10013;44
10014;28
10015;14
10016;51
10017;75
10018;27
10019;61
10020;73
10021;59
10022;47
10023;9
10024;11
10025;21
10026;82
10027;82
10028;77
10029;27
10030;17
10031;67
10032;24
10033;74
10034;55
10035;65
10036;20
10037;36
10038;23
10039;25
10040;54
10041;77
10042;73
10043;64
10044;35
10045;30
10046;6
10047;63
10048;71
10049;34
10050;23
10051;48
10052;8
10053;54
10054;51
10055;55
10056;58
10057;32
10058;50
10059;53
10060;9
10061;48
10062;42
10063;8
10064;15
10065;9
10066;73
10067;35
10068;73
10069;54
10070;90
10071;53
10072;40
10073;81
10074;51
10075;32
10076;24
10077;47
10078;60
10079;45
10080;44
10081;12
10082;6
10083;49
10084;5
10085;1
10086;5
10087;54
10088;37
10089;61
10090;72
10091;69
10092;43
10093;45
10094;4
10095;9
10096;14
10097;12
10098;1
10099;15
10100;47
10101;52
10102;27
10103;62
10104;86
10105;35
10106;84
10107;72
10108;73
10109;58
10110;85
10111;96
10112;47
10113;45
10114;5
10115;9
10116;51
10117;60
10118;48
10119;54
10120;59
10121;45
10122;42
10123;52
10124;40
10125;17
10126;11
10127;11
10128;56
10129;34
10130;34
10131;58
10132;93
10133;84
10134;55
10135;58
10136;83
10137;35
10138;0
10139;55
10140;74
10141;34
10142;42
10143;10
10144;28
10145;59
10146;69
10147;26
10148;49
10149;3
10150;6
10151;63
10152;63
10153;32
10154;75
10155;77
10156;48
10157;57
10158;63
10159;15
10160;65
10161;19
10162;57
10163;38
10164;69
10165;60
10166;45
10167;34
10168;41
10169;18
10170;29
10171;53
10172;7
10173;16
10174;15
10175;55
10176;58
10177;48
10178;8
10179;17
10180;47
10181;32
10182;18
10183;2
10184;79
10185;73
10186;35
10187;48
10188;45
10189;4
10190;0
10191;3
10192;22
10193;57
10194;64
10195;45
10196;72
10197;22
10198;62
10199;21
10200;25
10201;35
10202;51
10203;17
10204;10
10205;59
10206;68
10207;67
10208;54
10209;37
10210;53
10211;50
10212;44
10213;11
10214;66
10215;54
10216;56
10217;50
10218;9
10219;18
10220;57
10221;61
10222;26
10223;39
10224;16
10225;86
10226;81
10227;24
10228;56
10229;52
10230;67
10231;41
10232;40
10233;60
10234;15
10235;10
10236;70
10237;47
10238;52
10239;51
10240;12
10241;8
10242;69
10243;22
10244;74
10245;37
10246;32
10247;42
10248;8
10249;12
10250;49
10251;37
10252;32
10253;3
10254;48
10255;59
10256;55
10257;59
10258;54
10259;60
10260;56
10261;77
10262;49
10263;51
10264;44
10265;37
10266;15
10267;16
10268;9
10269;17
10270;54
10271;52
10272;29
10273;40
10274;34
10275;9
10276;32
10277;50
10278;59
10279;68
10280;49
