1;45
2;47
3;39
4;18
5;12
6;50
7;31
8;16
9;7
10;6
11;80
12;21
13;34
14;51
15;38
16;13
17;13
18;75
19;67
20;66
21;79
22;74
23;60
24;88
25;72
26;78
27;60
28;57
29;47
30;53
31;81
32;46
33;19
34;55
35;60
36;74
37;92
38;50
39;55
40;49
41;25
42;27
43;10
44;50
45;35
46;15
47;13
48;17
49;57
50;65
51;19
52;48
53;42
54;77
55;46
56;13
57;67
58;66
59;42
60;89
61;42
62;61
63;18
64;44
65;33
66;55
67;37
68;10
69;9
70;36
71;52
72;43
73;18
74;13
75;11
76;41
77;42
78;0
79;7
80;3
81;30
82;26
83;10
84;17
85;44
86;60
87;46
88;64
89;59
90;80
91;72
92;71
93;52
94;26
95;55
96;21
97;23
98;64
99;37
100;89
101;22
102;70
103;47
104;52
105;63
106;12
107;10
108;12
109;30
110;38
111;11
112;23
113;26
114;32
115;28
116;2
117;5
118;1
119;26
120;20
121;13
122;51
123;18
124;8
125;48
126;34
127;8
128;49
129;13
130;51
131;26
132;62
133;59
134;28
135;48
136;24
137;2
138;2
139;61
140;59
141;50
142;16
143;7
144;34
145;51
146;69
147;71
148;35
149;75
150;70
151;66
152;41
153;53
154;36
155;29
156;12
157;76
158;56
159;39
160;24
161;11
162;4
163;3
164;37
165;36
166;10
167;63
168;49
169;55
170;51
171;79
172;48
173;62
174;9
175;38
176;44
177;7
178;14
179;46
180;49
181;11
182;15
183;54
184;60
185;41
186;38
187;34
188;17
189;18
190;76
191;51
192;18
193;8
194;32
195;52
196;75
197;22
198;73
199;43
200;47
201;36
202;35
203;2
204;11
205;77
206;56
207;50
208;39
209;14
210;8
211;12
212;50
213;69
214;70
215;20
216;0
217;32
218;58
219;11
220;6
221;45
222;0
223;77
224;63
225;92
226;73
227;77
228;61
229;77
230;75
231;75
232;55
233;40
234;10
235;32
236;55
237;11
238;15
239;31
240;15
241;41
242;23
243;55
244;42
245;30
246;69
247;22
248;39
249;54
250;68
251;37
252;33
253;49
254;28
255;13
256;6
257;59
258;60
259;21
260;65
261;29
262;55
263;34
264;62
265;6
266;13
267;41
268;23
269;26
270;44
271;74
272;23
273;76
274;69
275;25
276;78
277;65
278;25
279;45
280;19
281;30
282;78
283;47
284;34
285;10
286;2
287;10
288;21
289;29
290;38
291;5
292;13
293;33
294;45
295;9
296;18
297;66
298;58
299;41
300;40
301;61
302;47
303;20
304;70
305;59
306;13
307;65
308;49
309;14
310;60
311;41
312;18
313;10
314;85
315;59
316;23
317;55
318;71
319;27
320;74
321;50
322;62
323;52
324;64
325;55
326;40
327;74
328;84
329;83
330;42
331;33
332;11
333;15
334;68
335;68
336;47
337;57
338;8
339;17
340;62
341;37
342;43
343;12
344;84
345;78
346;84
347;69
348;38
349;87
350;71
351;60
352;36
353;32
354;44
355;18
356;18
357;26
358;81
359;55
360;53
361;47
362;30
363;9
364;14
365;64
366;62
367;27
368;32
369;45
370;15
371;69
372;62
373;43
374;85
375;83
376;66
377;66
378;73
379;72
380;62
381;63
382;9
383;17
384;35
385;42
386;10
387;2
388;4
389;3
390;11
391;0
392;38
393;34
394;9
395;14
396;83
397;73
398;68
399;60
400;64
401;24
402;52
403;56
404;20
405;65
406;65
407;24
408;27
409;5
410;0
411;20
412;73
413;67
414;79
415;21
416;85
417;89
418;19
419;21
420;55
421;52
422;39
423;74
424;32
425;86
426;26
427;62
428;17
429;14
430;55
431;31
432;57
433;8
434;16
435;11
436;64
437;55
438;83
439;66
440;74
441;34
442;14
443;9
444;67
445;75
446;86
447;39
448;55
449;6
450;18
451;22
452;64
453;46
454;65
455;25
456;91
457;40
458;41
459;5
460;0
461;65
462;76
463;70
464;24
465;68
466;57
467;62
468;72
469;40
470;48
471;17
472;38
473;18
474;25
475;19
476;77
477;56
478;53
479;47
480;31
481;6
482;16
483;36
484;31
485;27
486;93
487;71
488;20
489;59
490;76
491;92
492;56
493;51
494;39
495;41
496;13
497;62
498;39
499;53
500;47
501;12
502;6
503;62
504;80
505;56
506;30
507;36
508;18
509;4
510;23
511;89
512;20
513;23
514;62
515;75
516;38
517;38
518;0
519;6
520;50
521;20
522;55
523;53
524;93
525;51
526;55
527;78
528;85
529;76
530;85
531;63
532;26
533;40
534;9
535;57
536;61
537;64
538;46
539;39
540;14
541;3
542;65
543;75
544;56
545;93
546;71
547;65
548;69
549;77
550;40
551;42
552;0
553;63
554;69
555;52
556;51
557;65
558;43
559;39
560;35
561;14
562;13
563;59
564;66
565;77
566;71
567;86
568;36
569;81
570;32
571;27
572;51
573;40
574;58
575;18
576;75
577;53
578;28
579;21
580;23
581;4
582;5
583;17
584;69
585;72
586;35
587;26
588;42
589;63
590;60
591;61
592;52
593;60
594;47
595;58
596;23
597;53
598;43
599;21
600;44
601;10
602;4
603;33
604;43
605;4
606;5
607;15
608;61
609;31
610;16
611;17
612;34
613;63
614;7
615;8
616;50
617;75
618;45
619;25
620;82
621;59
622;53
623;47
624;43
625;4
626;3
627;11
628;8
629;64
630;8
631;53
632;84
633;34
634;54
635;67
636;29
637;50
638;67
639;72
640;24
641;71
642;28
643;39
644;3
645;1
646;26
647;30
648;1
649;18
650;16
651;48
652;67
653;52
654;42
655;89
656;50
657;28
658;11
659;7
660;59
661;45
662;8
663;16
664;61
665;22
666;53
667;22
668;75
669;36
670;34
671;60
672;52
673;50
674;56
675;76
676;81
677;69
678;45
679;41
680;1
681;18
682;2
683;28
684;64
685;29
686;44
687;17
688;48
689;8
690;53
691;49
692;57
693;61
694;6
695;16
696;73
697;41
698;29
699;11
700;69
701;69
702;26
703;7
704;9
705;62
706;57
707;51
708;60
709;15
710;82
711;62
712;52
713;93
714;86
715;53
716;49
717;63
718;58
719;18
720;9
721;33
722;62
723;61
724;35
725;36
726;43
727;37
728;0
729;6
730;57
731;49
732;49
733;51
734;37
735;74
736;44
737;8
738;18
739;38
740;17
741;78
742;67
743;47
744;50
745;18
746;10
747;39
748;24
749;1
750;3
751;39
752;52
753;28
754;38
755;7
756;7
757;51
758;42
759;54
760;73
761;48
762;60
763;83
764;69
765;54
766;82
767;34
768;28
769;18
770;5
771;59
772;21
773;52
774;34
775;47
776;12
777;18
778;17
779;18
780;56
781;64
782;25
783;52
784;32
785;49
786;13
787;11
788;45
789;37
790;17
791;16
792;44
793;73
794;57
795;46
796;44
797;11
798;16
799;40
800;34
801;2
802;5
803;85
804;64
805;32
806;67
807;35
808;45
809;16
810;0
811;70
812;52
813;51
814;31
815;57
816;18
817;12
818;46
819;52
820;96
821;79
822;24
823;26
824;50
825;31
826;16
827;15
828;61
829;50
830;74
831;54
832;71
833;29
834;69
835;32
836;47
837;6
838;1
839;45
840;37
841;18
842;14
843;41
844;80
845;23
846;30
847;3
848;8
849;4
850;33
851;20
852;28
853;96
854;57
855;39
856;66
857;25
858;25
859;34
860;18
861;14
862;68
863;65
864;23
865;64
866;68
867;36
868;50
869;25
870;48
871;60
872;47
873;25
874;71
875;62
876;49
877;53
878;61
879;73
880;69
881;52
882;57
883;11
884;18
885;60
886;42
887;13
888;17
889;10
890;35
891;22
892;13
893;15
894;19
895;82
896;57
897;65
898;52
899;48
900;96
901;39
902;74
903;47
904;39
905;22
906;62
907;53
908;6
909;6
910;59
911;57
912;47
913;77
914;49
915;40
916;47
917;8
918;16
919;49
920;62
921;41
922;63
923;41
924;49
925;68
926;72
927;53
928;60
929;82
930;58
931;33
932;12
933;13
934;55
935;31
936;16
937;18
938;13
939;13
940;53
941;43
942;8
943;71
944;32
945;8
946;13
947;33
948;31
949;3
950;8
951;47
952;53
953;16
954;15
955;71
956;40
957;37
958;11
959;17
960;30
961;48
962;12
963;12
964;6
965;75
966;58
967;87
968;52
969;66
970;76
971;32
972;67
973;44
974;37
975;24
976;54
977;66
978;28
979;29
980;35
981;15
982;5
983;2
984;4
985;1
986;84
987;63
988;67
989;23
990;34
991;5
992;1
993;8
994;74
995;22
996;29
997;85
998;76
999;64
1000;47
1001;44
1002;65
1003;31
1004;55
1005;59
1006;18
1007;16
1008;62
1009;64
1010;43
1011;55
1012;13
1013;8
1014;64
1015;60
1016;88
1017;72
1018;54
1019;29
1020;24
1021;80
1022;73
1023;69
1024;63
1025;52
1026;22
1027;26
1028;77
1029;33
1030;53
1031;65
1032;72
1033;51
1034;31
1035;72
1036;54
1037;72
1038;72
1039;69
1040;36
1041;54
1042;14
1043;16
1044;59
1045;62
1046;29
1047;32
1048;11
1049;5
1050;27
1051;39
1052;10
1053;55
1054;31
1055;65
1056;55
1057;42
1058;12
1059;11
1060;54
1061;36
1062;18
1063;12
1064;78
1065;90
1066;70
1067;46
1068;17
1069;31
1070;40
1071;9
1072;60
1073;66
1074;22
1075;32
1076;3
1077;16
1078;89
1079;39
1080;11
1081;12
1082;25
1083;86
1084;45
1085;34
1086;36
1087;35
1088;17
1089;18
1090;44
1091;19
1092;25
1093;4
1094;3
1095;67
1096;46
1097;37
1098;34
1099;62
1100;11
1101;10
1102;6
1103;71
1104;65
1105;44
1106;49
1107;8
1108;20
1109;69
1110;41
1111;49
1112;67
1113;53
1114;70
1115;62
1116;66
1117;32
1118;47
1119;4
1120;36
1121;75
1122;30
1123;31
1124;20
1125;61
1126;79
1127;61
1128;24
1129;27
1130;15
1131;2
1132;16
1133;52
1134;45
1135;13
1136;9
1137;31
1138;28
1139;4
1140;3
1141;51
1142;76
1143;43
1144;22
1145;13
1146;6
1147;9
1148;87
1149;59
1150;62
1151;85
1152;39
1153;37
1154;50
1155;17
1156;16
1157;60
1158;81
1159;89
1160;46
1161;42
1162;12
1163;6
1164;58
1165;50
1166;33
1167;54
1168;47
1169;46
1170;32
1171;7
1172;9
1173;15
1174;50
1175;72
1176;62
1177;41
1178;86
1179;36
1180;50
1181;32
1182;33
1183;59
1184;38
1185;31
1186;15
1187;6
1188;81
1189;49
1190;44
1191;13
1192;3
1193;60
1194;57
1195;10
1196;42
1197;42
1198;14
1199;18
1200;49
1201;42
1202;44
1203;10
1204;13
1205;35
1206;26
1207;44
1208;68
1209;33
1210;23
1211;76
1212;74
1213;64
1214;20
1215;82
1216;91
1217;55
1218;41
1219;14
1220;16
1221;36
1222;45
1223;23
1224;87
1225;41
1226;86
1227;58
1228;59
1229;56
1230;59
1231;64
1232;51
1233;57
1234;31
1235;11
1236;26
1237;45
1238;11
1239;2
1240;29
1241;34
1242;27
1243;44
1244;12
1245;16
1246;57
1247;29
1248;49
1249;23
1250;56
1251;26
1252;62
1253;33
1254;28
1255;49
1256;14
1257;18
1258;11
1259;30
1260;61
1261;84
1262;34
1263;79
1264;60
1265;71
1266;51
1267;50
1268;56
1269;33
1270;34
1271;14
1272;4
1273;5
1274;13
1275;64
1276;73
1277;43
1278;76
1279;83
1280;59
1281;24
1282;64
1283;61
1284;36
1285;17
1286;29
1287;25
1288;0
1289;1
1290;41
1291;74
1292;56
1293;68
1294;82
1295;32
1296;51
1297;82
1298;19
1299;5
1300;1
1301;47
1302;41
1303;53
1304;8
1305;7
1306;13
1307;57
1308;78
1309;30
1310;22
1311;4
1312;5
1313;23
1314;70
1315;70
1316;43
1317;56
1318;10
1319;10
1320;22
1321;26
1322;15
1323;14
1324;45
1325;29
1326;27
1327;3
1328;5
1329;0
1330;57
1331;53
1332;23
1333;70
1334;50
1335;41
1336;37
1337;4
1338;58
1339;38
1340;64
1341;48
1342;18
1343;11
1344;73
1345;57
1346;81
1347;23
1348;68
1349;72
1350;36
1351;45
1352;4
1353;2
1354;33
1355;43
1356;61
1357;42
1358;42
1359;18
1360;4
1361;2
1362;72
1363;50
1364;70
1365;53
1366;68
1367;64
1368;28
1369;30
1370;26
1371;6
1372;10
1373;49
1374;31
1375;9
1376;7
1377;53
1378;22
1379;60
1380;45
1381;45
1382;13
1383;81
1384;82
1385;88
1386;58
1387;54
1388;36
1389;18
1390;8
1391;14
1392;31
1393;36
1394;0
1395;1
1396;54
1397;23
1398;40
1399;79
1400;72
1401;39
1402;42
1403;72
1404;76
1405;92
1406;90
1407;59
1408;49
1409;68
1410;73
1411;35
1412;32
1413;51
1414;45
1415;12
1416;11
1417;35
1418;56
1419;81
1420;45
1421;68
1422;56
1423;49
1424;33
1425;10
1426;8
1427;28
1428;60
1429;9
1430;8
1431;64
1432;50
1433;11
1434;12
1435;51
1436;60
1437;65
1438;64
1439;31
1440;16
1441;63
1442;16
1443;7
1444;38
1445;61
1446;16
1447;17
1448;52
1449;28
1450;60
1451;35
1452;76
1453;35
1454;34
1455;27
1456;4
1457;3
1458;60
1459;78
1460;70
1461;57
1462;68
1463;69
1464;54
1465;26
1466;43
1467;73
1468;23
1469;42
1470;5
1471;20
1472;82
1473;81
1474;82
1475;23
1476;56
1477;47
1478;56
1479;57
1480;7
1481;59
1482;51
1483;56
1484;49
1485;20
1486;21
1487;56
1488;37
1489;25
1490;24
1491;73
1492;78
1493;83
1494;48
1495;60
1496;47
1497;60
1498;60
1499;75
1500;67
1501;49
1502;42
1503;90
1504;80
1505;58
1506;83
1507;43
1508;72
1509;75
1510;81
1511;19
1512;70
1513;23
1514;62
1515;25
1516;20
1517;85
1518;53
1519;48
1520;8
1521;73
1522;65
1523;31
1524;53
1525;30
1526;13
1527;17
1528;75
1529;51
1530;30
1531;49
1532;7
1533;65
1534;65
1535;37
1536;7
1537;67
1538;65
1539;60
1540;22
1541;41
1542;3
1543;5
1544;28
1545;29
1546;4
1547;3
1548;28
1549;68
1550;87
1551;66
1552;27
1553;85
1554;52
1555;43
1556;9
1557;37
1558;41
1559;8
1560;0
1561;22
1562;23
1563;34
1564;35
1565;10
1566;11
1567;14
1568;46
1569;70
1570;55
1571;26
1572;60
1573;87
1574;41
1575;77
1576;56
1577;78
1578;62
1579;79
1580;45
1581;51
1582;14
1583;61
1584;64
1585;16
1586;70
1587;23
1588;90
1589;30
1590;27
1591;39
1592;10
1593;7
1594;33
1595;36
1596;15
1597;6
1598;53
1599;66
1600;33
1601;49
1602;56
1603;39
1604;36
1605;28
1606;4
1607;5
1608;61
1609;86
1610;24
1611;20
1612;75
1613;64
1614;23
1615;67
1616;57
1617;33
1618;55
1619;36
1620;43
1621;10
1622;15
1623;10
1624;76
1625;55
1626;49
1627;60
1628;61
1629;22
1630;28
1631;47
1632;51
1633;79
1634;43
1635;45
1636;5
1637;17
1638;5
1639;60
1640;33
1641;14
1642;11
1643;87
1644;23
1645;73
1646;75
1647;47
1648;57
1649;74
1650;37
1651;54
1652;17
1653;68
1654;49
1655;47
1656;17
1657;36
1658;54
1659;37
1660;80
1661;32
1662;53
1663;56
1664;34
1665;65
1666;19
1667;42
1668;8
1669;35
1670;52
1671;57
1672;21
1673;23
1674;77
1675;38
1676;56
1677;25
1678;34
1679;32
1680;48
1681;5
1682;2
1683;65
1684;85
1685;44
1686;58
1687;69
1688;46
1689;48
1690;33
1691;7
1692;11
1693;63
1694;61
1695;24
1696;37
1697;1
1698;7
1699;65
1700;46
1701;53
1702;52
1703;68
1704;70
1705;46
1706;36
1707;53
1708;14
1709;10
1710;28
1711;30
1712;18
1713;11
1714;93
1715;93
1716;57
1717;48
1718;65
1719;27
1720;60
1721;73
1722;83
1723;29
1724;46
1725;11
1726;21
1727;25
1728;54
1729;24
1730;47
1731;43
1732;82
1733;92
1734;31
1735;30
1736;14
1737;18
1738;68
1739;63
1740;64
1741;72
1742;50
1743;31
1744;10
1745;66
1746;70
1747;71
1748;24
1749;26
1750;31
1751;54
1752;38
1753;85
1754;71
1755;64
1756;64
1757;40
1758;16
1759;36
1760;32
1761;2
1762;16
1763;39
1764;46
1765;9
1766;18
1767;49
1768;45
1769;17
1770;41
1771;55
1772;54
1773;46
1774;79
1775;42
1776;20
1777;13
1778;31
1779;30
1780;25
1781;53
1782;46
1783;80
1784;85
1785;34
1786;63
1787;9
1788;15
1789;72
1790;29
1791;24
1792;49
1793;27
1794;36
1795;41
1796;8
1797;5
1798;35
1799;33
1800;49
1801;18
1802;18
1803;68
1804;19
1805;38
1806;3
1807;28
1808;47
1809;2
1810;1
1811;64
1812;42
1813;18
1814;55
1815;56
1816;14
1817;16
1818;29
1819;26
1820;2
1821;0
1822;82
1823;58
1824;43
1825;41
1826;5
1827;4
1828;1
1829;39
1830;61
1831;16
1832;7
1833;15
1834;66
1835;57
1836;61
1837;56
1838;46
1839;75
1840;20
1841;19
1842;12
1843;33
1844;62
1845;56
1846;34
1847;29
1848;2
1849;24
1850;64
1851;49
1852;47
1853;62
1854;37
1855;43
1856;18
1857;19
1858;78
1859;88
1860;30
1861;86
1862;58
1863;55
1864;20
1865;65
1866;50
1867;49
1868;31
1869;94
1870;79
1871;67
1872;35
1873;68
1874;71
1875;62
1876;51
1877;13
1878;14
1879;11
1880;46
1881;49
1882;37
1883;37
1884;5
1885;18
1886;49
1887;55
1888;62
1889;51
1890;68
1891;78
1892;82
1893;56
1894;37
1895;72
1896;66
1897;53
1898;28
1899;14
1900;16
1901;52
1902;62
1903;76
1904;45
1905;29
1906;15
1907;15
1908;59
1909;58
1910;85
1911;37
1912;45
1913;2
1914;54
1915;58
1916;53
1917;70
1918;33
1919;30
1920;15
1921;73
1922;74
1923;30
1924;76
1925;56
1926;64
1927;65
1928;90
1929;56
1930;61
1931;72
1932;74
1933;53
1934;51
1935;65
1936;63
1937;52
1938;31
1939;8
1940;13
1941;27
1942;40
1943;25
1944;62
1945;87
1946;64
1947;49
1948;28
1949;39
1950;33
1951;16
1952;63
1953;25
1954;31
1955;48
1956;54
1957;20
1958;72
1959;55
1960;50
1961;51
1962;10
1963;72
1964;24
1965;48
1966;80
1967;53
1968;37
1969;56
1970;75
1971;62
1972;57
1973;75
1974;32
1975;81
1976;51
1977;37
1978;28
1979;3
1980;3
1981;45
1982;42
1983;35
1984;38
1985;4
1986;8
1987;36
1988;42
1989;6
1990;17
1991;27
1992;46
1993;16
1994;10
1995;64
1996;86
1997;34
1998;14
1999;68
2000;44
2001;46
2002;12
2003;4
2004;19
2005;53
2006;29
2007;48
2008;17
2009;41
2010;43
2011;5
2012;2
2013;56
2014;47
2015;31
2016;49
2017;10
2018;12
2019;76
2020;52
2021;51
2022;22
2023;49
2024;6
2025;17
2026;71
2027;48
2028;80
2029;62
2030;19
2031;19
2032;68
2033;23
2034;59
2035;66
2036;65
2037;86
2038;42
2039;47
2040;11
2041;8
2042;35
2043;57
2044;10
2045;9
2046;8
2047;45
2048;45
2049;2
2050;11
2051;55
2052;59
2053;15
2054;18
2055;59
2056;73
2057;58
2058;77
2059;46
2060;70
2061;59
2062;52
2063;53
2064;33
2065;63
2066;9
2067;57
2068;47
2069;48
2070;10
2071;51
2072;10
2073;9
2074;34
2075;72
2076;20
2077;22
2078;33
2079;6
2080;37
2081;68
2082;34
2083;41
2084;27
2085;27
2086;40
2087;31
2088;5
2089;18
2090;73
2091;64
2092;59
2093;56
2094;52
2095;82
2096;40
2097;49
2098;11
2099;10
2100;11
2101;64
2102;71
2103;26
2104;22
2105;15
2106;10
2107;3
2108;49
2109;28
2110;5
2111;15
2112;42
2113;29
2114;10
2115;12
2116;25
2117;34
2118;1
2119;1
2120;61
2121;50
2122;54
2123;47
2124;11
2125;10
2126;83
2127;52
2128;21
2129;50
2130;19
2131;67
2132;67
2133;35
2134;58
2135;21
2136;76
2137;42
2138;39
2139;75
2140;31
2141;41
2142;10
2143;13
2144;14
2145;37
2146;47
2147;87
2148;40
2149;20
2150;38
2151;28
2152;8
2153;73
2154;36
2155;43
2156;72
2157;76
2158;73
2159;65
2160;72
2161;60
2162;34
2163;71
2164;54
2165;53
2166;38
2167;27
2168;0
2169;4
2170;81
2171;79
2172;33
2173;25
2174;31
2175;67
2176;44
2177;67
2178;38
2179;55
2180;49
2181;53
2182;23
2183;77
2184;57
2185;39
2186;37
2187;11
2188;13
2189;46
2190;7
2191;26
2192;53
2193;81
2194;54
2195;66
2196;51
2197;39
2198;54
2199;58
2200;37
2201;22
2202;26
2203;88
2204;32
2205;24
2206;61
2207;41
2208;62
2209;76
2210;68
2211;54
2212;55
2213;62
2214;82
2215;58
2216;62
2217;59
2218;65
2219;66
2220;43
2221;50
2222;79
2223;76
2224;39
2225;44
2226;14
2227;6
2228;15
2229;18
2230;54
2231;71
2232;57
2233;57
2234;47
2235;11
2236;39
2237;44
2238;41
2239;5
2240;8
2241;29
2242;64
2243;83
2244;43
2245;13
2246;7
2247;24
2248;36
2249;9
2250;1
2251;3
2252;59
2253;55
2254;18
2255;10
2256;13
2257;67
2258;86
2259;22
2260;50
2261;87
2262;68
2263;62
2264;61
2265;52
2266;56
2267;43
2268;34
2269;32
2270;54
2271;60
2272;70
2273;88
2274;78
2275;66
2276;49
2277;46
2278;26
2279;48
2280;54
2281;54
2282;32
2283;59
2284;27
2285;30
2286;34
2287;40
2288;0
2289;17
2290;5
2291;46
2292;75
2293;53
2294;61
2295;28
2296;65
2297;68
2298;56
2299;65
2300;46
2301;21
2302;28
2303;53
2304;75
2305;28
2306;59
2307;45
2308;37
2309;4
2310;5
2311;30
2312;54
2313;11
2314;52
2315;54
2316;89
2317;58
2318;63
2319;42
2320;69
2321;82
2322;59
2323;20
2324;47
2325;46
2326;49
2327;36
2328;8
2329;61
2330;87
2331;28
2332;41
2333;61
2334;8
2335;14
2336;48
2337;46
2338;16
2339;12
2340;14
2341;29
2342;35
2343;17
2344;6
2345;63
2346;51
2347;64
2348;11
2349;8
2350;37
2351;56
2352;89
2353;33
2354;35
2355;17
2356;14
2357;52
2358;39
2359;30
2360;61
2361;55
2362;33
2363;40
2364;32
2365;41
2366;19
2367;4
2368;34
2369;83
2370;71
2371;70
2372;68
2373;23
2374;37
2375;42
2376;40
2377;14
2378;10
2379;82
2380;40
2381;41
2382;18
2383;18
2384;16
2385;22
2386;83
2387;39
2388;98
2389;60
2390;46
2391;46
2392;54
2393;50
2394;8
2395;13
2396;86
2397;67
2398;28
2399;64
2400;78
2401;75
2402;46
2403;37
2404;41
2405;10
2406;0
2407;26
2408;61
2409;8
2410;7
2411;44
2412;49
2413;18
2414;6
2415;64
2416;25
2417;59
2418;55
2419;33
2420;45
2421;18
2422;78
2423;67
2424;47
2425;51
2426;56
2427;38
2428;53
2429;47
2430;18
2431;43
2432;44
2433;18
2434;24
2435;21
2436;21
2437;44
2438;43
2439;0
2440;3
2441;77
2442;61
2443;36
2444;35
2445;16
2446;37
2447;43
2448;72
2449;40
2450;25
2451;45
2452;69
2453;73
2454;61
2455;19
2456;59
2457;73
2458;73
2459;49
2460;51
2461;54
2462;24
2463;41
2464;43
2465;15
2466;12
2467;77
2468;49
2469;43
2470;31
2471;5
2472;4
2473;59
2474;57
2475;32
2476;47
2477;43
2478;16
2479;14
2480;65
2481;67
2482;87
2483;44
2484;23
2485;72
2486;73
2487;71
2488;64
2489;88
2490;51
2491;51
2492;32
2493;16
2494;14
2495;37
2496;29
2497;2
2498;7
2499;43
2500;9
2501;8
2502;79
2503;90
2504;25
2505;43
2506;9
2507;5
2508;29
2509;41
2510;16
2511;85
2512;47
2513;19
2514;25
2515;63
2516;36
2517;58
2518;56
2519;9
2520;7
2521;50
2522;72
2523;93
2524;58
2525;72
2526;58
2527;60
2528;32
2529;8
2530;63
2531;69
2532;54
2533;58
2534;66
2535;75
2536;69
2537;53
2538;19
2539;22
2540;25
2541;88
2542;86
2543;63
2544;51
2545;65
2546;58
2547;55
2548;13
2549;9
2550;69
2551;79
2552;24
2553;47
2554;36
2555;41
2556;52
2557;49
2558;8
2559;12
2560;45
2561;56
2562;11
2563;17
2564;41
2565;25
2566;31
2567;32
2568;9
2569;4
2570;2
2571;64
2572;53
2573;69
2574;83
2575;67
2576;41
2577;39
2578;37
2579;20
2580;13
2581;14
2582;17
2583;36
2584;30
2585;14
2586;64
2587;42
2588;33
2589;18
2590;2
2591;51
2592;26
2593;77
2594;67
2595;20
2596;38
2597;4
2598;1
2599;64
2600;61
2601;18
2602;55
2603;79
2604;51
2605;39
2606;35
2607;34
2608;10
2609;73
2610;30
2611;35
2612;27
2613;10
2614;34
2615;43
2616;14
2617;18
2618;70
2619;69
2620;39
2621;51
2622;64
2623;42
2624;54
2625;38
2626;12
2627;13
2628;15
2629;51
2630;54
2631;56
2632;53
2633;76
2634;49
2635;53
2636;61
2637;28
2638;17
2639;6
2640;97
2641;24
2642;31
2643;26
2644;15
2645;80
2646;73
2647;36
2648;27
2649;37
2650;74
2651;85
2652;25
2653;42
2654;39
2655;30
2656;43
2657;4
2658;17
2659;18
2660;32
2661;45
2662;27
2663;2
2664;9
2665;65
2666;60
2667;53
2668;33
2669;64
2670;52
2671;51
2672;13
2673;17
2674;69
2675;73
2676;76
2677;55
2678;50
2679;79
2680;19
2681;24
2682;44
2683;2
2684;5
2685;7
2686;60
2687;40
2688;17
2689;10
2690;73
2691;27
2692;51
2693;10
2694;8
2695;22
2696;65
2697;62
2698;42
2699;55
2700;48
2701;53
2702;33
2703;35
2704;47
2705;7
2706;33
2707;79
2708;59
2709;33
2710;11
2711;19
2712;62
2713;38
2714;33
2715;6
2716;11
2717;8
2718;75
2719;94
2720;66
2721;79
2722;76
2723;26
2724;61
2725;56
2726;42
2727;38
2728;10
2729;48
2730;47
2731;3
2732;1
2733;57
2734;50
2735;43
2736;45
2737;73
2738;58
2739;56
2740;36
2741;7
2742;64
2743;21
2744;77
2745;63
2746;69
2747;92
2748;74
2749;28
2750;37
2751;81
2752;81
2753;51
2754;28
2755;8
2756;10
2757;28
2758;64
2759;64
2760;25
2761;26
2762;23
2763;40
2764;1
2765;4
2766;53
2767;54
2768;63
2769;76
2770;59
2771;39
2772;15
2773;6
2774;58
2775;66
2776;40
2777;24
2778;44
2779;2
2780;17
2781;5
2782;4
2783;68
2784;66
2785;68
2786;81
2787;72
2788;73
2789;71
2790;34
2791;55
2792;9
2793;11
2794;8
2795;79
2796;84
2797;39
2798;49
2799;8
2800;17
2801;6
2802;58
2803;86
2804;41
2805;55
2806;33
2807;35
2808;4
2809;5
2810;82
2811;52
2812;47
2813;7
2814;63
2815;24
2816;33
2817;56
2818;24
2819;37
2820;5
2821;17
2822;4
2823;94
2824;46
2825;25
2826;36
2827;55
2828;75
2829;29
2830;45
2831;68
2832;48
2833;52
2834;40
2835;46
2836;10
2837;17
2838;84
2839;76
2840;48
2841;39
2842;40
2843;8
2844;3
2845;39
2846;30
2847;22
2848;2
2849;22
2850;29
2851;17
2852;4
2853;21
2854;23
2855;1
2856;18
2857;35
2858;40
2859;3
2860;79
2861;40
2862;63
2863;34
2864;11
2865;16
2866;7
2867;63
2868;42
2869;79
2870;68
2871;52
2872;41
2873;48
2874;43
2875;13
2876;9
2877;14
2878;33
2879;38
2880;7
2881;35
2882;33
2883;17
2884;16
2885;69
2886;85
2887;44
2888;22
2889;12
2890;35
2891;45
2892;15
2893;61
2894;66
2895;46
2896;36
2897;71
2898;69
2899;26
2900;68
2901;38
2902;52
2903;65
2904;58
2905;65
2906;61
2907;70
2908;28
2909;51
2910;63
2911;68
2912;91
2913;70
2914;72
2915;34
2916;70
2917;34
2918;28
2919;5
2920;4
2921;50
2922;88
2923;20
2924;38
2925;0
2926;3
2927;56
2928;55
2929;62
2930;74
2931;68
2932;24
2933;81
2934;50
2935;46
2936;32
2937;4
2938;5
2939;90
2940;26
2941;78
2942;21
2943;83
2944;64
2945;46
2946;103
2947;58
2948;32
2949;12
2950;17
2951;27
2952;45
2953;54
2954;10
2955;17
2956;43
2957;36
2958;25
2959;46
2960;60
2961;32
2962;39
2963;55
2964;39
2965;31
2966;6
2967;36
2968;37
2969;0
2970;16
2971;61
2972;18
2973;17
2974;37
2975;33
2976;5
2977;50
2978;30
2979;30
2980;2
2981;3
2982;65
2983;75
2984;55
2985;34
2986;32
2987;10
2988;13
2989;14
2990;25
2991;83
2992;83
2993;71
2994;61
2995;55
2996;46
2997;43
2998;37
2999;9
3000;13
3001;10
3002;39
3003;42
3004;7
3005;5
3006;3
3007;66
3008;22
3009;71
3010;47
3011;58
3012;42
3013;17
3014;74
3015;85
3016;44
3017;29
3018;7
3019;28
3020;46
3021;11
3022;8
3023;67
3024;39
3025;37
3026;10
3027;18
3028;33
3029;39
3030;39
3031;50
3032;35
3033;11
3034;18
3035;53
3036;81
3037;44
3038;73
3039;82
3040;76
3041;20
3042;30
3043;53
3044;60
3045;69
3046;55
3047;51
3048;60
3049;29
3050;34
3051;45
3052;34
3053;15
3054;21
3055;73
3056;32
3057;45
3058;9
3059;3
3060;0
3061;58
3062;79
3063;23
3064;49
3065;65
3066;68
3067;51
3068;55
3069;59
3070;47
3071;21
3072;57
3073;38
3074;27
3075;5
3076;3
3077;24
3078;34
3079;0
3080;1
3081;13
3082;0
3083;41
3084;53
3085;9
3086;14
3087;16
3088;61
3089;45
3090;15
3091;47
3092;91
3093;97
3094;31
3095;25
3096;3
3097;13
3098;53
3099;64
3100;46
3101;78
3102;36
3103;34
3104;56
3105;19
3106;30
3107;38
3108;35
3109;2
3110;78
3111;76
3112;43
3113;48
3114;79
3115;61
3116;19
3117;21
3118;78
3119;25
3120;53
3121;58
3122;52
3123;66
3124;50
3125;16
3126;50
3127;64
3128;30
3129;46
3130;5
3131;25
3132;77
3133;70
3134;23
3135;69
3136;22
3137;31
3138;45
3139;2
3140;4
3141;61
3142;29
3143;9
3144;15
3145;68
3146;37
3147;48
3148;21
3149;37
3150;54
3151;12
3152;10
3153;71
3154;61
3155;92
3156;42
3157;35
3158;3
3159;4
3160;45
3161;52
3162;78
3163;52
3164;54
3165;38
3166;28
3167;13
3168;6
3169;75
3170;45
3171;47
3172;50
3173;10
3174;14
3175;31
3176;38
3177;3
3178;3
3179;0
3180;45
3181;32
3182;3
3183;0
3184;3
3185;41
3186;11
3187;74
3188;68
3189;53
3190;45
3191;76
3192;38
3193;38
3194;7
3195;2
3196;12
3197;43
3198;26
3199;85
3200;53
3201;24
3202;29
3203;54
3204;60
3205;33
3206;9
3207;8
3208;36
3209;2
3210;27
3211;44
3212;61
3213;11
3214;17
3215;56
3216;53
3217;56
3218;18
3219;14
3220;33
3221;47
3222;77
3223;45
3224;31
3225;5
3226;11
3227;4
3228;5
3229;47
3230;34
3231;2
3232;4
3233;18
3234;25
3235;48
3236;5
3237;5
3238;52
3239;69
3240;104
3241;75
3242;51
3243;82
3244;30
3245;21
3246;25
3247;40
3248;47
3249;41
3250;17
3251;16
3252;16
3253;73
3254;66
3255;48
3256;41
3257;18
3258;10
3259;81
3260;51
3261;61
3262;49
3263;58
3264;40
3265;35
3266;13
3267;7
3268;60
3269;54
3270;52
3271;77
3272;46
3273;12
3274;26
3275;6
3276;50
3277;63
3278;14
3279;54
3280;12
3281;17
3282;68
3283;57
3284;19
3285;37
3286;35
3287;50
3288;26
3289;64
3290;13
3291;15
3292;41
3293;53
3294;72
3295;47
3296;16
3297;13
3298;19
3299;23
3300;58
3301;97
3302;24
3303;47
3304;38
3305;14
3306;17
3307;22
3308;63
3309;33
3310;63
3311;57
3312;49
3313;49
3314;44
3315;3
3316;75
3317;51
3318;73
3319;27
3320;74
3321;60
3322;60
3323;53
3324;44
3325;6
3326;15
3327;47
3328;80
3329;40
3330;13
3331;73
3332;71
3333;36
3334;22
3335;41
3336;50
3337;62
3338;29
3339;61
3340;25
3341;41
3342;25
3343;56
3344;33
3345;31
3346;7
3347;8
3348;6
3349;63
3350;55
3351;38
3352;15
3353;18
3354;75
3355;48
3356;34
3357;15
3358;8
3359;76
3360;50
3361;83
3362;55
3363;51
3364;78
3365;58
3366;57
3367;75
3368;55
3369;43
3370;49
3371;33
3372;36
3373;38
3374;73
3375;46
3376;40
3377;11
3378;45
3379;55
3380;10
3381;13
3382;15
3383;85
3384;33
3385;47
3386;4
3387;0
3388;39
3389;0
3390;2
3391;1
3392;28
3393;71
3394;40
3395;77
3396;22
3397;62
3398;35
3399;47
3400;32
3401;1
3402;5
3403;12
3404;34
3405;43
3406;0
3407;6
3408;2
3409;89
3410;53
3411;53
3412;48
3413;28
3414;28
3415;38
3416;0
3417;1
3418;14
3419;64
3420;34
3421;28
3422;12
3423;0
3424;3
3425;5
3426;46
3427;46
3428;18
3429;17
3430;55
3431;76
3432;32
3433;37
3434;17
3435;3
3436;60
3437;65
3438;82
3439;67
3440;79
3441;65
3442;93
3443;94
3444;23
3445;42
3446;90
3447;52
3448;47
3449;30
3450;49
3451;8
3452;64
3453;43
3454;16
3455;8
3456;12
3457;71
3458;50
3459;52
3460;90
3461;60
3462;13
3463;69
3464;67
3465;64
3466;43
3467;40
3468;11
3469;14
3470;19
3471;28
3472;47
3473;48
3474;40
3475;0
3476;3
3477;22
3478;12
3479;4
3480;42
3481;20
3482;41
3483;51
3484;20
3485;61
3486;25
3487;71
3488;33
3489;51
3490;45
3491;61
3492;30
3493;45
3494;62
3495;41
3496;39
3497;63
3498;10
3499;14
3500;61
3501;55
3502;11
3503;21
3504;30
3505;3
3506;12
3507;16
3508;48
3509;28
3510;14
3511;18
3512;69
3513;41
3514;34
3515;13
3516;17
3517;1
3518;63
3519;68
3520;72
3521;23
3522;53
3523;64
3524;41
3525;30
3526;0
3527;2
3528;41
3529;60
3530;72
3531;74
3532;55
3533;72
3534;33
3535;58
3536;8
3537;16
3538;24
3539;40
3540;3
3541;60
3542;45
3543;37
3544;4
3545;3
3546;32
3547;62
3548;36
3549;69
3550;33
3551;28
3552;43
3553;49
3554;92
3555;24
3556;25
3557;52
3558;54
3559;20
3560;54
3561;45
3562;65
3563;77
3564;29
3565;53
3566;9
3567;9
3568;17
3569;63
3570;70
3571;68
3572;34
3573;42
3574;49
3575;3
3576;1
3577;19
3578;25
3579;71
3580;58
3581;59
3582;66
3583;66
3584;58
3585;20
3586;51
3587;45
3588;53
3589;35
3590;46
3591;2
3592;3
3593;51
3594;54
3595;94
3596;23
3597;57
3598;78
3599;68
3600;55
3601;23
3602;66
3603;19
3604;42
3605;0
3606;5
3607;3
3608;46
3609;77
3610;44
3611;90
3612;44
3613;41
3614;17
3615;10
3616;60
3617;59
3618;55
3619;66
3620;67
3621;33
3622;44
3623;1
3624;9
3625;76
3626;69
3627;67
3628;78
3629;69
3630;39
3631;31
3632;22
3633;65
3634;65
3635;37
3636;19
3637;1
3638;5
3639;4
3640;50
3641;29
3642;41
3643;13
3644;6
3645;14
3646;39
3647;45
3648;17
3649;66
3650;21
3651;71
3652;47
3653;69
3654;50
3655;59
3656;50
3657;83
3658;60
3659;53
3660;75
3661;85
3662;84
3663;41
3664;40
3665;16
3666;17
3667;22
3668;54
3669;48
3670;83
3671;73
3672;32
3673;6
3674;13
3675;47
3676;71
3677;61
3678;53
3679;60
3680;23
3681;30
3682;5
3683;16
3684;0
3685;67
3686;52
3687;73
3688;57
3689;47
3690;20
3691;33
3692;14
3693;11
3694;40
3695;39
3696;12
3697;17
3698;62
3699;51
3700;30
3701;42
3702;14
3703;11
3704;15
3705;76
3706;63
3707;56
3708;14
3709;18
3710;63
3711;70
3712;36
3713;29
3714;7
3715;5
3716;5
3717;62
3718;60
3719;28
3720;58
3721;66
3722;70
3723;69
3724;77
3725;66
3726;45
3727;53
3728;9
3729;77
3730;61
3731;80
3732;61
3733;61
3734;33
3735;12
3736;18
3737;63
3738;75
3739;59
3740;59
3741;88
3742;76
3743;77
3744;60
3745;65
3746;41
3747;28
3748;0
3749;5
3750;69
3751;64
3752;60
3753;69
3754;21
3755;27
3756;35
3757;4
3758;5
3759;33
3760;29
3761;6
3762;17
3763;81
3764;29
3765;66
3766;54
3767;45
3768;53
3769;41
3770;11
3771;11
3772;33
3773;29
3774;8
3775;6
3776;7
3777;51
3778;35
3779;7
3780;11
3781;16
3782;34
3783;13
3784;11
3785;57
3786;70
3787;28
3788;51
3789;44
3790;8
3791;7
3792;67
3793;49
3794;42
3795;12
3796;7
3797;72
3798;61
3799;26
3800;12
3801;18
3802;75
3803;73
3804;78
3805;70
3806;63
3807;81
3808;56
3809;51
3810;47
3811;44
3812;11
3813;5
3814;14
3815;45
3816;14
3817;96
3818;54
3819;54
3820;62
3821;43
3822;45
3823;23
3824;19
3825;49
3826;55
3827;64
3828;28
3829;42
3830;5
3831;1
3832;46
3833;51
3834;40
3835;73
3836;26
3837;20
3838;20
3839;34
3840;60
3841;65
3842;37
3843;19
3844;36
3845;21
3846;4
3847;11
3848;65
3849;69
3850;31
3851;42
3852;16
3853;8
3854;43
3855;40
3856;4
3857;85
3858;81
3859;93
3860;77
3861;39
3862;21
3863;64
3864;64
3865;52
3866;49
3867;77
3868;52
3869;66
3870;74
3871;69
3872;71
3873;71
3874;76
3875;56
3876;65
3877;45
3878;61
3879;17
3880;18
3881;9
3882;30
3883;41
3884;1
3885;4
3886;0
3887;54
3888;24
3889;55
3890;43
3891;39
3892;5
3893;0
3894;39
3895;32
3896;1
3897;17
3898;81
3899;68
3900;32
3901;48
3902;8
3903;10
3904;43
3905;13
3906;18
3907;65
3908;26
3909;59
3910;70
3911;83
3912;65
3913;67
3914;20
3915;40
3916;16
3917;2
3918;5
3919;26
3920;66
3921;22
3922;51
3923;53
3924;74
3925;52
3926;21
3927;64
3928;67
3929;70
3930;27
3931;54
3932;12
3933;18
3934;60
3935;45
3936;48
3937;4
3938;43
3939;27
3940;1
3941;9
3942;30
3943;36
3944;11
3945;16
3946;40
3947;16
3948;8
3949;49
3950;17
3951;50
3952;42
3953;16
3954;7
3955;13
3956;62
3957;86
3958;56
3959;51
3960;61
3961;32
3962;61
3963;24
3964;53
3965;67
3966;74
3967;79
3968;19
3969;48
3970;86
3971;60
3972;74
3973;60
3974;65
3975;68
3976;43
3977;39
3978;41
3979;34
3980;40
3981;8
3982;17
3983;17
3984;8
3985;21
3986;22
3987;73
3988;68
3989;22
3990;74
3991;70
3992;82
3993;38
3994;41
3995;51
3996;49
3997;69
3998;64
3999;71
4000;33
4001;56
4002;9
4003;17
4004;68
4005;57
4006;54
4007;94
4008;24
4009;25
4010;53
4011;42
4012;73
4013;58
4014;80
4015;33
4016;53
4017;11
4018;52
4019;48
4020;44
4021;6
4022;8
4023;8
4024;49
4025;29
4026;12
4027;11
4028;56
4029;76
4030;62
4031;57
4032;31
4033;11
4034;17
4035;77
4036;81
4037;38
4038;45
4039;18
4040;8
4041;49
4042;55
4043;33
4044;75
4045;42
4046;55
4047;22
4048;90
4049;64
4050;43
4051;69
4052;27
4053;55
4054;31
4055;31
4056;2
4057;3
4058;44
4059;39
4060;31
4061;40
4062;18
4063;4
4064;32
4065;32
4066;35
4067;65
4068;46
4069;44
4070;49
4071;63
4072;18
4073;45
4074;64
4075;16
4076;22
4077;83
4078;86
4079;61
4080;55
4081;62
4082;60
4083;51
4084;61
4085;14
4086;12
4087;53
4088;68
4089;21
4090;59
4091;75
4092;52
4093;55
4094;13
4095;17
4096;34
4097;35
4098;12
4099;12
4100;55
4101;26
4102;94
4103;52
4104;68
4105;65
4106;75
4107;35
4108;44
4109;8
4110;1
4111;8
4112;20
4113;25
4114;45
4115;49
4116;7
4117;6
4118;52
4119;68
4120;45
4121;51
4122;15
4123;18
4124;51
4125;81
4126;31
4127;64
4128;49
4129;87
4130;47
4131;58
4132;31
4133;49
4134;45
4135;12
4136;9
4137;56
4138;39
4139;23
4140;78
4141;78
4142;62
4143;23
4144;62
4145;48
4146;64
4147;16
4148;15
4149;68
4150;78
4151;72
4152;61
4153;58
4154;87
4155;54
4156;56
4157;65
4158;23
4159;76
4160;61
4161;62
4162;57
4163;64
4164;8
4165;17
4166;17
4167;32
4168;58
4169;7
4170;59
4171;11
4172;76
4173;38
4174;47
4175;2
4176;10
4177;52
4178;97
4179;46
4180;46
4181;8
4182;15
4183;21
4184;27
4185;60
4186;62
4187;61
4188;33
4189;10
4190;13
4191;6
4192;9
4193;35
4194;26
4195;39
4196;58
4197;63
4198;53
4199;70
4200;72
4201;44
4202;8
4203;45
4204;52
4205;8
4206;11
4207;7
4208;32
4209;37
4210;3
4211;51
4212;50
4213;54
4214;59
4215;60
4216;59
4217;37
4218;42
4219;12
4220;3
4221;19
4222;19
4223;10
4224;54
4225;22
4226;23
4227;49
4228;82
4229;55
4230;89
4231;51
4232;22
4233;27
4234;46
4235;8
4236;7
4237;59
4238;32
4239;8
4240;6
4241;10
4242;54
4243;48
4244;48
4245;7
4246;8
4247;74
4248;73
4249;63
4250;24
4251;20
4252;22
4253;24
4254;32
4255;76
4256;42
4257;34
4258;2
4259;10
4260;27
4261;38
4262;21
4263;78
4264;59
4265;23
4266;45
4267;74
4268;77
4269;38
4270;45
4271;46
4272;26
4273;6
4274;3
4275;43
4276;43
4277;32
4278;18
4279;8
4280;60
4281;57
4282;13
4283;7
4284;84
4285;25
4286;26
4287;85
4288;22
4289;60
4290;11
4291;82
4292;72
4293;61
4294;54
4295;42
4296;60
4297;66
4298;45
4299;22
4300;26
4301;55
4302;50
4303;63
4304;8
4305;39
4306;33
4307;14
4308;12
4309;31
4310;20
4311;33
4312;0
4313;11
4314;60
4315;12
4316;54
4317;54
4318;53
4319;45
4320;81
4321;60
4322;40
4323;48
4324;11
4325;14
4326;11
4327;38
4328;48
4329;5
4330;35
4331;24
4332;83
4333;19
4334;43
4335;44
4336;69
4337;75
4338;73
4339;58
4340;24
4341;22
4342;41
4343;12
4344;33
4345;60
4346;89
4347;43
4348;83
4349;58
4350;20
4351;35
4352;4
4353;36
4354;21
4355;72
4356;69
4357;69
4358;63
4359;25
4360;24
4361;94
4362;84
4363;68
4364;38
4365;60
4366;18
4367;8
4368;53
4369;8
4370;18
4371;62
4372;73
4373;28
4374;31
4375;0
4376;3
4377;1
4378;14
4379;37
4380;38
4381;15
4382;13
4383;35
4384;61
4385;66
4386;44
4387;37
4388;3
4389;74
4390;93
4391;67
4392;25
4393;38
4394;49
4395;34
4396;73
4397;63
4398;38
4399;45
4400;58
4401;58
4402;25
4403;58
4404;59
4405;15
4406;7
4407;22
4408;35
4409;2
4410;2
4411;43
4412;56
4413;32
4414;36
4415;2
4416;8
4417;29
4418;28
4419;0
4420;1
4421;10
4422;3
4423;1
4424;59
4425;80
4426;61
4427;59
4428;47
4429;18
4430;11
4431;78
4432;61
4433;78
4434;40
4435;15
4436;24
4437;79
4438;69
4439;91
4440;34
4441;27
4442;2
4443;75
4444;67
4445;57
4446;28
4447;10
4448;31
4449;59
4450;10
4451;8
4452;67
4453;71
4454;28
4455;43
4456;36
4457;12
4458;17
4459;11
4460;19
4461;46
4462;36
4463;30
4464;8
4465;15
4466;8
4467;57
4468;72
4469;33
4470;28
4471;20
4472;19
4473;66
4474;67
4475;42
4476;55
4477;43
4478;8
4479;16
4480;31
4481;28
4482;18
4483;10
4484;81
4485;51
4486;90
4487;63
4488;28
4489;14
4490;20
4491;70
4492;51
4493;76
4494;48
4495;24
4496;36
4497;5
4498;18
4499;5
4500;53
4501;83
4502;23
4503;40
4504;36
4505;40
4506;16
4507;12
4508;82
4509;65
4510;47
4511;75
4512;50
4513;24
4514;50
4515;71
4516;22
4517;49
4518;84
4519;59
4520;69
4521;44
4522;47
4523;18
4524;5
4525;17
4526;29
4527;14
4528;37
4529;11
4530;14
4531;72
4532;87
4533;66
4534;55
4535;73
4536;81
4537;57
4538;61
4539;63
4540;82
4541;51
4542;51
4543;68
4544;84
4545;61
4546;20
4547;25
4548;21
4549;87
4550;33
4551;70
4552;55
4553;56
4554;74
4555;43
4556;28
4557;65
4558;63
4559;87
4560;20
4561;25
4562;20
4563;24
4564;52
4565;31
4566;59
4567;24
4568;25
4569;26
4570;24
4571;49
4572;48
4573;76
4574;22
4575;59
4576;49
4577;54
4578;53
4579;50
4580;51
4581;34
4582;15
4583;13
4584;17
4585;54
4586;79
4587;66
4588;80
4589;53
4590;85
4591;71
4592;91
4593;60
4594;79
4595;60
4596;49
4597;16
4598;35
4599;40
4600;3
4601;4
4602;37
4603;29
4604;17
4605;49
4606;40
4607;3
4608;4
4609;0
4610;68
4611;69
4612;76
4613;51
4614;33
4615;40
4616;2
4617;2
4618;49
4619;40
4620;2
4621;57
4622;79
4623;57
4624;47
4625;35
4626;28
4627;74
4628;26
4629;62
4630;11
4631;18
4632;69
4633;67
4634;20
4635;76
4636;31
4637;58
4638;69
4639;63
4640;62
4641;63
4642;45
4643;73
4644;76
4645;79
4646;63
4647;47
4648;31
4649;41
4650;41
4651;0
4652;2
4653;1
4654;38
4655;43
4656;3
4657;3
4658;43
4659;45
4660;2
4661;0
4662;0
4663;26
4664;56
4665;60
4666;59
4667;67
4668;72
4669;30
4670;39
4671;14
4672;15
4673;9
4674;40
4675;49
4676;64
4677;62
4678;54
4679;88
4680;40
4681;43
4682;53
4683;65
4684;60
4685;75
4686;29
4687;21
4688;13
4689;2
4690;28
4691;33
4692;16
4693;5
4694;62
4695;31
4696;57
4697;34
4698;27
4699;38
4700;39
4701;34
4702;1
4703;0
4704;36
4705;45
4706;18
4707;5
4708;57
4709;32
4710;11
4711;9
4712;11
4713;60
4714;41
4715;13
4716;6
4717;8
4718;12
4719;40
4720;40
4721;13
4722;13
4723;30
4724;20
4725;66
4726;76
4727;25
4728;87
4729;81
4730;84
4731;28
4732;75
4733;88
4734;62
4735;58
4736;61
4737;77
4738;64
4739;53
4740;64
4741;75
4742;38
4743;28
4744;22
4745;83
4746;54
4747;27
4748;33
4749;4
4750;90
4751;50
4752;87
4753;33
4754;10
4755;87
4756;26
4757;52
4758;12
4759;79
4760;57
4761;35
4762;66
4763;67
4764;61
4765;23
4766;75
4767;35
4768;32
4769;40
4770;15
4771;60
4772;63
4773;68
4774;59
4775;22
4776;65
4777;64
4778;87
4779;78
4780;69
4781;53
4782;42
4783;63
4784;30
4785;18
4786;9
4787;46
4788;38
4789;37
4790;61
4791;49
4792;56
4793;52
4794;47
4795;37
4796;1
4797;1
4798;80
4799;78
4800;45
4801;31
4802;71
4803;68
4804;47
4805;59
4806;85
4807;74
4808;50
4809;47
4810;7
4811;14
4812;58
4813;49
4814;47
4815;59
4816;41
4817;11
4818;14
4819;16
4820;56
4821;60
4822;59
4823;49
4824;14
4825;8
4826;69
4827;20
4828;40
4829;77
4830;44
4831;86
4832;71
4833;48
4834;30
4835;9
4836;57
4837;56
4838;28
4839;53
4840;61
4841;13
4842;12
4843;14
4844;18
4845;67
4846;72
4847;45
4848;84
4849;66
4850;51
4851;25
4852;66
4853;22
4854;19
4855;22
4856;52
4857;53
4858;52
4859;11
4860;66
4861;71
4862;24
4863;40
4864;51
4865;79
4866;62
4867;32
4868;79
4869;68
4870;48
4871;62
4872;20
4873;37
4874;43
4875;11
4876;9
4877;23
4878;59
4879;29
4880;37
4881;41
4882;6
4883;12
4884;64
4885;29
4886;40
4887;0
4888;14
4889;21
4890;40
4891;4
4892;3
4893;72
4894;72
4895;50
4896;74
4897;32
4898;40
4899;11
4900;49
4901;66
4902;76
4903;53
4904;47
4905;50
4906;73
4907;61
4908;32
4909;8
4910;9
4911;11
4912;47
4913;49
4914;20
4915;91
4916;22
4917;47
4918;82
4919;42
4920;30
4921;0
4922;18
4923;73
4924;77
4925;60
4926;23
4927;57
4928;41
4929;48
4930;3
4931;2
4932;34
4933;35
4934;50
4935;90
4936;66
4937;49
4938;76
4939;93
4940;76
4941;70
4942;92
4943;43
4944;40
4945;18
4946;14
4947;56
4948;7
4949;13
4950;28
4951;45
4952;2
4953;14
4954;4
4955;30
4956;34
4957;15
4958;14
4959;14
4960;31
4961;38
4962;2
4963;54
4964;25
4965;22
4966;19
4967;25
4968;73
4969;68
4970;32
4971;20
4972;30
4973;16
4974;11
4975;2
4976;58
4977;61
4978;18
4979;18
4980;65
4981;77
4982;37
4983;81
4984;82
4985;64
4986;49
4987;20
4988;71
4989;23
4990;44
4991;74
4992;49
4993;21
4994;96
4995;34
4996;45
4997;2
4998;0
4999;8
5000;59
5001;28
5002;39
5003;80
5004;40
5005;33
5006;2
5007;11
5008;28
5009;43
5010;61
5011;66
5012;51
5013;66
5014;85
5015;30
5016;61
5017;57
5018;74
5019;71
5020;52
5021;39
5022;52
5023;9
5024;17
5025;27
5026;13
5027;49
5028;48
5029;84
5030;68
5031;27
5032;26
5033;43
5034;40
5035;31
5036;10
5037;70
5038;93
5039;69
5040;63
5041;44
5042;63
5043;14
5044;29
5045;32
5046;59
5047;62
5048;36
5049;32
5050;21
5051;17
5052;8
5053;61
5054;48
5055;13
5056;6
5057;21
5058;42
5059;58
5060;22
5061;36
5062;28
5063;0
5064;0
5065;25
5066;47
5067;34
5068;95
5069;93
5070;72
5071;73
5072;44
5073;58
5074;61
5075;40
5076;65
5077;34
5078;71
5079;83
5080;70
5081;38
5082;45
5083;10
5084;17
5085;15
5086;8
5087;73
5088;86
5089;49
5090;47
5091;71
5092;53
5093;31
5094;32
5095;0
5096;5
5097;9
5098;26
5099;76
5100;30
5101;39
5102;8
5103;14
5104;73
5105;58
5106;31
5107;37
5108;3
5109;1
5110;36
5111;31
5112;11
5113;16
5114;58
5115;51
5116;18
5117;70
5118;47
5119;21
5120;40
5121;0
5122;16
5123;31
5124;20
5125;3
5126;2
5127;72
5128;63
5129;40
5130;11
5131;6
5132;14
5133;56
5134;79
5135;36
5136;40
5137;1
5138;18
5139;29
5140;73
5141;78
5142;40
5143;32
5144;11
5145;17
5146;49
5147;65
5148;41
5149;24
5150;0
5151;11
5152;16
5153;9
5154;34
5155;34
5156;7
5157;3
5158;12
5159;56
5160;84
5161;51
5162;71
5163;28
5164;23
5165;25
5166;24
5167;2
5168;5
5169;4
5170;41
5171;11
5172;48
5173;60
5174;17
5175;18
5176;74
5177;55
5178;47
5179;71
5180;81
5181;63
5182;12
5183;9
5184;28
5185;69
5186;25
5187;35
5188;26
5189;25
5190;63
5191;75
5192;82
5193;41
5194;39
5195;18
5196;12
5197;19
5198;61
5199;49
5200;43
5201;8
5202;11
5203;58
5204;31
5205;42
5206;60
5207;36
5208;11
5209;38
5210;73
5211;60
5212;67
5213;56
5214;36
5215;18
5216;12
5217;37
5218;29
5219;14
5220;16
5221;70
5222;71
5223;30
5224;4
5225;79
5226;63
5227;61
5228;36
5229;16
5230;11
5231;49
5232;47
5233;10
5234;12
5235;7
5236;32
5237;54
5238;70
5239;31
5240;51
5241;57
5242;6
5243;13
5244;57
5245;25
5246;38
5247;54
5248;35
5249;63
5250;49
5251;41
5252;35
5253;0
5254;38
5255;27
5256;24
5257;55
5258;57
5259;76
5260;40
5261;27
5262;13
5263;15
5264;52
5265;61
5266;79
5267;63
5268;77
5269;21
5270;40
5271;87
5272;72
5273;52
5274;53
5275;51
5276;27
5277;62
5278;57
5279;55
5280;42
5281;85
5282;38
5283;47
5284;5
5285;4
5286;30
5287;45
5288;63
5289;51
5290;28
5291;34
5292;29
5293;0
5294;4
5295;14
5296;57
5297;65
5298;74
5299;61
5300;25
5301;27
5302;5
5303;4
5304;57
5305;24
5306;63
5307;54
5308;75
5309;78
5310;67
5311;29
5312;48
5313;79
5314;27
5315;93
5316;47
5317;24
5318;72
5319;57
5320;49
5321;44
5322;33
5323;6
5324;18
5325;94
5326;36
5327;60
5328;54
5329;26
5330;24
5331;41
5332;33
5333;40
5334;27
5335;35
5336;32
5337;26
5338;24
5339;3
5340;0
5341;77
5342;19
5343;43
5344;19
5345;2
5346;49
5347;59
5348;48
5349;65
5350;24
5351;55
5352;34
5353;92
5354;28
5355;72
5356;63
5357;51
5358;49
5359;58
5360;9
5361;7
5362;40
5363;82
5364;55
5365;61
5366;43
5367;92
5368;52
5369;56
5370;29
5371;26
5372;39
5373;3
5374;4
5375;23
5376;28
5377;46
5378;75
5379;76
5380;60
5381;36
5382;11
5383;10
5384;70
5385;38
5386;34
5387;15
5388;19
5389;57
5390;81
5391;52
5392;41
5393;8
5394;15
5395;16
5396;51
5397;62
5398;62
5399;58
5400;78
5401;81
5402;58
5403;61
5404;63
5405;66
5406;75
5407;31
5408;29
5409;16
5410;8
5411;16
5412;58
5413;48
5414;45
5415;8
5416;1
5417;68
5418;96
5419;49
5420;64
5421;18
5422;7
5423;56
5424;85
5425;61
5426;45
5427;15
5428;16
5429;48
5430;41
5431;37
5432;25
5433;2
5434;2
5435;58
5436;43
5437;63
5438;18
5439;41
5440;35
5441;6
5442;16
5443;32
5444;23
5445;83
5446;60
5447;41
5448;16
5449;73
5450;26
5451;39
5452;33
5453;30
5454;31
5455;0
5456;11
5457;0
5458;65
5459;38
5460;80
5461;59
5462;57
5463;61
5464;10
5465;45
5466;68
5467;20
5468;25
5469;33
5470;34
5471;45
5472;34
5473;40
5474;15
5475;17
5476;6
5477;40
5478;46
5479;45
5480;0
5481;4
5482;34
5483;68
5484;35
5485;54
5486;53
5487;51
5488;36
5489;61
5490;54
5491;53
5492;66
5493;66
5494;60
5495;55
5496;17
5497;10
5498;62
5499;38
5500;45
5501;7
5502;10
5503;73
5504;19
5505;45
5506;1
5507;0
5508;78
5509;76
5510;93
5511;94
5512;54
5513;66
5514;66
5515;47
5516;70
5517;22
5518;42
5519;10
5520;2
5521;29
5522;20
5523;26
5524;36
5525;16
5526;8
5527;63
5528;51
5529;73
5530;72
5531;80
5532;52
5533;69
5534;64
5535;44
5536;42
5537;8
5538;3
5539;45
5540;39
5541;16
5542;49
5543;87
5544;40
5545;43
5546;11
5547;17
5548;40
5549;47
5550;67
5551;64
5552;90
5553;53
5554;59
5555;58
5556;63
5557;80
5558;50
5559;42
5560;38
5561;5
5562;2
5563;97
5564;94
5565;52
5566;80
5567;54
5568;59
5569;57
5570;39
5571;18
5572;52
5573;89
5574;20
5575;23
5576;61
5577;36
5578;32
5579;83
5580;43
5581;34
5582;0
5583;89
5584;25
5585;36
5586;6
5587;49
5588;87
5589;38
5590;35
5591;84
5592;60
5593;68
5594;46
5595;19
5596;26
5597;56
5598;24
5599;81
5600;69
5601;20
5602;21
5603;63
5604;63
5605;56
5606;74
5607;69
5608;72
5609;70
5610;79
5611;30
5612;16
5613;61
5614;48
5615;8
5616;15
5617;57
5618;64
5619;17
5620;15
5621;14
5622;20
5623;28
5624;26
5625;43
5626;22
5627;45
5628;57
5629;57
5630;80
5631;46
5632;35
5633;7
5634;16
5635;63
5636;15
5637;11
5638;22
5639;27
5640;71
5641;20
5642;45
5643;31
5644;65
5645;56
5646;37
5647;66
5648;51
5649;38
5650;33
5651;31
5652;33
5653;2
5654;1
5655;67
5656;19
5657;19
5658;24
5659;3
5660;13
5661;46
5662;27
5663;8
5664;13
5665;49
5666;42
5667;15
5668;6
5669;22
5670;84
5671;21
5672;35
5673;32
5674;10
5675;17
5676;32
5677;6
5678;78
5679;67
5680;40
5681;90
5682;46
5683;24
5684;76
5685;24
5686;26
5687;23
5688;61
5689;67
5690;56
5691;44
5692;51
5693;18
5694;53
5695;36
5696;37
5697;8
5698;17
5699;48
5700;32
5701;10
5702;16
5703;4
5704;73
5705;47
5706;39
5707;33
5708;1
5709;3
5710;47
5711;51
5712;30
5713;43
5714;33
5715;5
5716;2
5717;83
5718;41
5719;44
5720;29
5721;0
5722;1
5723;95
5724;30
5725;22
5726;70
5727;43
5728;80
5729;67
5730;88
5731;22
5732;31
5733;4
5734;4
5735;51
5736;41
5737;11
5738;72
5739;61
5740;41
5741;44
5742;1
5743;18
5744;1
5745;70
5746;71
5747;39
5748;89
5749;25
5750;37
5751;62
5752;16
5753;23
5754;71
5755;62
5756;20
5757;19
5758;87
5759;46
5760;56
5761;73
5762;63
5763;46
5764;73
5765;54
5766;69
5767;69
5768;47
5769;66
5770;57
5771;49
5772;52
5773;18
5774;12
5775;17
5776;44
5777;57
5778;18
5779;14
5780;32
5781;80
5782;31
5783;44
5784;2
5785;58
5786;81
5787;48
5788;62
5789;94
5790;76
5791;40
5792;81
5793;56
5794;61
5795;28
5796;60
5797;59
5798;30
5799;34
5800;53
5801;33
5802;27
5803;2
5804;3
5805;0
5806;48
5807;54
5808;51
5809;24
5810;41
5811;59
5812;33
5813;60
5814;78
5815;41
5816;71
5817;64
5818;60
5819;50
5820;49
5821;54
5822;87
5823;63
5824;100
5825;75
5826;87
5827;36
5828;30
5829;27
5830;45
5831;3
5832;5
5833;2
5834;57
5835;38
5836;28
5837;21
5838;69
5839;74
5840;40
5841;45
5842;14
5843;53
5844;55
5845;57
5846;40
5847;63
5848;50
5849;73
5850;19
5851;73
5852;64
5853;76
5854;25
5855;75
5856;27
5857;89
5858;58
5859;64
5860;59
5861;81
5862;47
5863;53
5864;59
5865;57
5866;61
5867;12
5868;37
5869;80
5870;65
5871;39
5872;8
5873;11
5874;49
5875;36
5876;70
5877;56
5878;61
5879;48
5880;60
5881;64
5882;20
5883;82
5884;87
5885;43
5886;59
5887;37
5888;20
5889;8
5890;3
5891;11
5892;61
5893;68
5894;65
5895;36
5896;42
5897;61
5898;82
5899;69
5900;35
5901;47
5902;17
5903;7
5904;41
5905;63
5906;9
5907;7
5908;66
5909;57
5910;49
5911;27
5912;81
5913;83
5914;39
5915;45
5916;41
5917;7
5918;18
5919;32
5920;48
5921;27
5922;10
5923;10
5924;16
5925;65
5926;85
5927;57
5928;63
5929;52
5930;60
5931;67
5932;47
5933;37
5934;8
5935;8
5936;12
5937;47
5938;75
5939;66
5940;58
5941;45
5942;22
5943;68
5944;58
5945;41
5946;75
5947;64
5948;26
5949;61
5950;32
5951;30
5952;2
5953;17
5954;30
5955;38
5956;12
5957;17
5958;92
5959;56
5960;83
5961;67
5962;39
5963;47
5964;68
5965;61
5966;37
5967;26
5968;0
5969;6
5970;72
5971;62
5972;48
5973;9
5974;9
5975;38
5976;39
5977;11
5978;1
5979;42
5980;25
5981;57
5982;59
5983;54
5984;56
5985;45
5986;71
5987;30
5988;27
5989;0
5990;30
5991;61
5992;52
5993;56
5994;56
5995;11
5996;10
5997;53
5998;52
5999;48
6000;17
6001;50
6002;32
6003;18
6004;9
6005;55
6006;57
6007;58
6008;69
6009;68
6010;74
6011;72
6012;45
6013;45
6014;15
6015;14
6016;26
6017;64
6018;75
6019;72
6020;22
6021;24
6022;25
6023;24
6024;32
6025;36
6026;38
6027;60
6028;72
6029;52
6030;46
6031;39
6032;0
6033;68
6034;24
6035;47
6036;62
6037;25
6038;65
6039;70
6040;81
6041;32
6042;29
6043;1
6044;0
6045;5
6046;14
6047;38
6048;69
6049;38
6050;16
6051;37
6052;43
6053;17
6054;20
6055;65
6056;52
6057;49
6058;12
6059;7
6060;47
6061;66
6062;51
6063;38
6064;48
6065;5
6066;10
6067;5
6068;17
6069;5
6070;11
6071;74
6072;67
6073;42
6074;72
6075;95
6076;40
6077;45
6078;1
6079;90
6080;80
6081;20
6082;32
6083;18
6084;12
6085;5
6086;48
6087;45
6088;14
6089;5
6090;43
6091;37
6092;9
6093;7
6094;51
6095;45
6096;7
6097;13
6098;24
6099;84
6100;50
6101;60
6102;71
6103;20
6104;85
6105;53
6106;60
6107;60
6108;69
6109;51
6110;70
6111;30
6112;45
6113;0
6114;16
6115;31
6116;39
6117;4
6118;5
6119;0
6120;56
6121;50
6122;47
6123;16
6124;18
6125;61
6126;31
6127;9
6128;16
6129;34
6130;57
6131;70
6132;36
6133;65
6134;46
6135;72
6136;80
6137;78
6138;35
6139;51
6140;67
6141;43
6142;42
6143;1
6144;4
6145;28
6146;16
6147;60
6148;70
6149;86
6150;60
6151;54
6152;51
6153;18
6154;57
6155;54
6156;20
6157;76
6158;80
6159;63
6160;49
6161;14
6162;11
6163;54
6164;27
6165;11
6166;52
6167;19
6168;37
6169;32
6170;5
6171;3
6172;18
6173;54
6174;63
6175;33
6176;60
6177;37
6178;35
6179;40
6180;6
6181;17
6182;71
6183;57
6184;84
6185;73
6186;30
6187;61
6188;64
6189;31
6190;6
6191;6
6192;29
6193;29
6194;11
6195;18
6196;11
6197;25
6198;48
6199;69
6200;48
6201;40
6202;13
6203;14
6204;62
6205;67
6206;37
6207;64
6208;17
6209;8
6210;64
6211;26
6212;35
6213;62
6214;10
6215;12
6216;56
6217;34
6218;69
6219;27
6220;38
6221;17
6222;33
6223;36
6224;51
6225;7
6226;12
6227;72
6228;92
6229;73
6230;45
6231;43
6232;40
6233;16
6234;20
6235;40
6236;61
6237;17
6238;13
6239;37
6240;58
6241;46
6242;9
6243;17
6244;80
6245;25
6246;59
6247;54
6248;40
6249;58
6250;72
6251;94
6252;44
6253;47
6254;67
6255;66
6256;73
6257;44
6258;73
6259;72
6260;25
6261;24
6262;64
6263;58
6264;49
6265;29
6266;35
6267;18
6268;1
6269;73
6270;55
6271;38
6272;69
6273;56
6274;14
6275;79
6276;66
6277;34
6278;30
6279;4
6280;28
6281;37
6282;17
6283;8
6284;14
6285;26
6286;39
6287;17
6288;3
6289;35
6290;78
6291;23
6292;64
6293;8
6294;59
6295;64
6296;52
6297;45
6298;49
6299;10
6300;9
6301;21
6302;52
6303;68
6304;68
6305;68
6306;41
6307;22
6308;55
6309;59
6310;74
6311;39
6312;40
6313;16
6314;13
6315;13
6316;83
6317;71
6318;47
6319;36
6320;39
6321;17
6322;18
6323;11
6324;30
6325;28
6326;5
6327;11
6328;100
6329;30
6330;33
6331;6
6332;0
6333;60
6334;79
6335;53
6336;80
6337;19
6338;19
6339;29
6340;21
6341;66
6342;20
6343;48
6344;58
6345;52
6346;20
6347;75
6348;46
6349;36
6350;24
6351;16
6352;68
6353;61
6354;50
6355;70
6356;65
6357;62
6358;16
6359;34
6360;35
6361;16
6362;0
6363;5
6364;3
6365;44
6366;49
6367;73
6368;71
6369;60
6370;61
6371;17
6372;10
6373;55
6374;13
6375;23
6376;58
6377;34
6378;33
6379;10
6380;14
6381;47
6382;10
6383;35
6384;2
6385;4
6386;15
6387;43
6388;64
6389;66
6390;78
6391;77
6392;46
6393;61
6394;35
6395;8
6396;54
6397;49
6398;29
6399;64
6400;81
6401;32
6402;54
6403;11
6404;14
6405;63
6406;51
6407;51
6408;31
6409;36
6410;12
6411;47
6412;55
6413;21
6414;40
6415;11
6416;39
6417;47
6418;1
6419;11
6420;12
6421;87
6422;87
6423;51
6424;31
6425;18
6426;33
6427;63
6428;82
6429;44
6430;37
6431;44
6432;64
6433;19
6434;34
6435;38
6436;2
6437;1
6438;5
6439;82
6440;71
6441;70
6442;54
6443;91
6444;68
6445;26
6446;37
6447;71
6448;25
6449;36
6450;66
6451;51
6452;44
6453;41
6454;17
6455;10
6456;6
6457;23
6458;69
6459;38
6460;74
6461;24
6462;89
6463;26
6464;76
6465;39
6466;42
6467;39
6468;72
6469;70
6470;24
6471;55
6472;57
6473;43
6474;74
6475;19
6476;22
6477;61
6478;65
6479;73
6480;75
6481;76
6482;56
6483;37
6484;20
6485;54
6486;69
6487;20
6488;51
6489;32
6490;12
6491;9
6492;23
6493;69
6494;42
6495;26
6496;73
6497;39
6498;54
6499;47
6500;84
6501;44
6502;63
6503;39
6504;10
6505;13
6506;74
6507;63
6508;20
6509;19
6510;56
6511;58
6512;31
6513;61
6514;42
6515;46
6516;42
6517;38
6518;49
6519;6
6520;13
6521;57
6522;79
6523;31
6524;44
6525;7
6526;7
6527;19
6528;22
6529;23
6530;76
6531;38
6532;61
6533;26
6534;70
6535;34
6536;61
6537;41
6538;63
6539;18
6540;6
6541;42
6542;29
6543;53
6544;73
6545;64
6546;45
6547;17
6548;75
6549;83
6550;80
6551;58
6552;20
6553;41
6554;39
6555;6
6556;2
6557;30
6558;38
6559;41
6560;8
6561;12
6562;65
6563;49
6564;53
6565;55
6566;6
6567;13
6568;31
6569;32
6570;10
6571;2
6572;40
6573;74
6574;74
6575;65
6576;79
6577;63
6578;77
6579;52
6580;52
6581;47
6582;48
6583;49
6584;62
6585;31
6586;11
6587;15
6588;19
6589;65
6590;67
6591;81
6592;81
6593;72
6594;77
6595;35
6596;47
6597;63
6598;15
6599;10
6600;60
6601;31
6602;16
6603;6
6604;75
6605;70
6606;57
6607;35
6608;11
6609;7
6610;23
6611;44
6612;3
6613;0
6614;72
6615;60
6616;50
6617;81
6618;47
6619;57
6620;46
6621;77
6622;94
6623;60
6624;26
6625;47
6626;18
6627;71
6628;80
6629;81
6630;26
6631;80
6632;59
6633;47
6634;40
6635;12
6636;13
6637;85
6638;56
6639;66
6640;88
6641;69
6642;66
6643;80
6644;40
6645;94
6646;81
6647;25
6648;21
6649;20
6650;70
6651;60
6652;25
6653;32
6654;31
6655;8
6656;16
6657;69
6658;49
6659;61
6660;11
6661;9
6662;47
6663;56
6664;21
6665;57
6666;72
6667;62
6668;26
6669;80
6670;34
6671;44
6672;10
6673;14
6674;91
6675;46
6676;68
6677;50
6678;44
6679;13
6680;13
6681;81
6682;52
6683;43
6684;66
6685;23
6686;52
6687;49
6688;56
6689;14
6690;34
6691;21
6692;40
6693;51
6694;47
6695;42
6696;9
6697;13
6698;25
6699;75
6700;68
6701;65
6702;41
6703;39
6704;11
6705;18
6706;5
6707;4
6708;26
6709;55
6710;14
6711;12
6712;21
6713;55
6714;78
6715;49
6716;11
6717;32
6718;66
6719;28
6720;8
6721;57
6722;66
6723;29
6724;30
6725;8
6726;13
6727;80
6728;59
6729;38
6730;29
6731;41
6732;48
6733;7
6734;14
6735;41
6736;57
6737;36
6738;49
6739;70
6740;51
6741;49
6742;62
6743;26
6744;33
6745;33
6746;11
6747;52
6748;17
6749;41
6750;38
6751;69
6752;45
6753;97
6754;56
6755;64
6756;72
6757;55
6758;76
6759;59
6760;18
6761;16
6762;49
6763;34
6764;4
6765;49
6766;53
6767;7
6768;6
6769;6
6770;39
6771;67
6772;51
6773;28
6774;43
6775;60
6776;10
6777;13
6778;82
6779;59
6780;42
6781;28
6782;13
6783;1
6784;49
6785;94
6786;71
6787;28
6788;19
6789;40
6790;78
6791;19
6792;50
6793;25
6794;33
6795;53
6796;22
6797;65
6798;22
6799;95
6800;27
6801;29
6802;14
6803;11
6804;47
6805;64
6806;72
6807;22
6808;72
6809;20
6810;29
6811;41
6812;76
6813;54
6814;41
6815;13
6816;15
6817;38
6818;52
6819;71
6820;49
6821;43
6822;35
6823;60
6824;15
6825;17
6826;62
6827;70
6828;60
6829;82
6830;50
6831;73
6832;27
6833;37
6834;18
6835;4
6836;34
6837;57
6838;21
6839;52
6840;22
6841;61
6842;70
6843;62
6844;61
6845;7
6846;11
6847;60
6848;41
6849;49
6850;78
6851;56
6852;59
6853;19
6854;25
6855;66
6856;68
6857;21
6858;32
6859;53
6860;11
6861;15
6862;39
6863;34
6864;14
6865;18
6866;38
6867;53
6868;58
6869;61
6870;16
6871;16
6872;40
6873;61
6874;47
6875;47
6876;47
6877;36
6878;25
6879;70
6880;49
6881;55
6882;43
6883;42
6884;33
6885;48
6886;68
6887;66
6888;75
6889;30
6890;79
6891;24
6892;40
6893;31
6894;35
6895;2
6896;0
6897;40
6898;48
6899;68
6900;64
6901;44
6902;48
6903;39
6904;57
6905;25
6906;70
6907;63
6908;20
6909;66
6910;57
6911;69
6912;53
6913;31
6914;52
6915;8
6916;13
6917;64
6918;56
6919;8
6920;18
6921;45
6922;46
6923;6
6924;73
6925;52
6926;38
6927;30
6928;55
6929;59
6930;47
6931;64
6932;16
6933;13
6934;23
6935;36
6936;72
6937;21
6938;20
6939;70
6940;49
6941;57
6942;67
6943;27
6944;54
6945;43
6946;49
6947;10
6948;40
6949;31
6950;12
6951;15
6952;57
6953;69
6954;39
6955;83
6956;76
6957;91
6958;62
6959;79
6960;32
6961;27
6962;2
6963;4
6964;62
6965;26
6966;14
6967;14
6968;72
6969;62
6970;74
6971;49
6972;63
6973;57
6974;62
6975;88
6976;55
6977;88
6978;61
6979;70
6980;45
6981;61
6982;42
6983;56
6984;47
6985;17
6986;54
6987;53
6988;60
6989;15
6990;6
6991;47
6992;46
6993;8
6994;14
6995;10
6996;52
6997;48
6998;55
6999;39
7000;33
7001;8
7002;5
7003;10
7004;91
7005;57
7006;46
7007;57
7008;97
7009;79
7010;51
7011;79
7012;69
7013;85
7014;83
7015;48
7016;60
7017;73
7018;31
7019;65
7020;52
7021;74
7022;53
7023;64
7024;23
7025;39
7026;32
7027;76
7028;48
7029;34
7030;14
7031;76
7032;33
7033;62
7034;67
7035;66
7036;86
7037;46
7038;34
7039;8
7040;14
7041;15
7042;13
7043;55
7044;46
7045;14
7046;36
7047;41
7048;2
7049;9
7050;43
7051;59
7052;67
7053;72
7054;23
7055;87
7056;89
7057;60
7058;21
7059;67
7060;41
7061;34
7062;4
7063;10
7064;26
7065;36
7066;13
7067;0
7068;14
7069;52
7070;80
7071;61
7072;71
7073;57
7074;26
7075;35
7076;5
7077;26
7078;30
7079;43
7080;6
7081;0
7082;5
7083;54
7084;63
7085;70
7086;64
7087;67
7088;73
7089;26
7090;94
7091;63
7092;92
7093;20
7094;30
7095;45
7096;9
7097;9
7098;18
7099;8
7100;71
7101;58
7102;68
7103;58
7104;45
7105;77
7106;60
7107;50
7108;20
7109;35
7110;36
7111;9
7112;21
7113;41
7114;51
7115;34
7116;33
7117;44
7118;10
7119;6
7120;55
7121;92
7122;51
7123;18
7124;18
7125;41
7126;39
7127;14
7128;11
7129;0
7130;89
7131;59
7132;51
7133;64
7134;71
7135;80
7136;63
7137;28
7138;43
7139;52
7140;58
7141;57
7142;62
7143;18
7144;10
7145;47
7146;31
7147;11
7148;54
7149;57
7150;7
7151;18
7152;11
7153;74
7154;44
7155;74
7156;77
7157;46
7158;45
7159;5
7160;19
7161;43
7162;40
7163;42
7164;14
7165;11
7166;10
7167;53
7168;56
7169;56
7170;70
7171;49
7172;66
7173;73
7174;93
7175;43
7176;35
7177;59
7178;10
7179;11
7180;11
7181;10
7182;49
7183;79
7184;70
7185;54
7186;56
7187;55
7188;29
7189;56
7190;57
7191;57
7192;81
7193;77
7194;80
7195;91
7196;49
7197;53
7198;41
7199;87
7200;39
7201;38
7202;2
7203;48
7204;33
7205;7
7206;37
7207;24
7208;71
7209;92
7210;64
7211;59
7212;76
7213;53
7214;20
7215;19
7216;54
7217;54
7218;59
7219;63
7220;51
7221;80
7222;22
7223;83
7224;88
7225;25
7226;76
7227;46
7228;56
7229;17
7230;10
7231;16
7232;10
7233;48
7234;64
7235;48
7236;74
7237;37
7238;33
7239;15
7240;22
7241;39
7242;46
7243;44
7244;44
7245;5
7246;2
7247;47
7248;40
7249;2
7250;67
7251;69
7252;68
7253;19
7254;30
7255;2
7256;5
7257;72
7258;68
7259;51
7260;19
7261;47
7262;42
7263;47
7264;11
7265;6
7266;46
7267;64
7268;13
7269;17
7270;37
7271;39
7272;17
7273;8
7274;85
7275;56
7276;57
7277;52
7278;21
7279;71
7280;53
7281;61
7282;64
7283;83
7284;78
7285;24
7286;33
7287;3
7288;16
7289;68
7290;70
7291;37
7292;43
7293;10
7294;16
7295;49
7296;67
7297;27
7298;35
7299;10
7300;18
7301;18
7302;15
7303;38
7304;33
7305;3
7306;2
7307;25
7308;27
7309;6
7310;4
7311;1
7312;13
7313;70
7314;31
7315;31
7316;13
7317;11
7318;19
7319;72
7320;43
7321;62
7322;32
7323;50
7324;14
7325;8
7326;18
7327;57
7328;41
7329;48
7330;36
7331;8
7332;8
7333;10
7334;48
7335;68
7336;27
7337;28
7338;88
7339;59
7340;38
7341;8
7342;17
7343;38
7344;56
7345;64
7346;8
7347;11
7348;84
7349;76
7350;65
7351;68
7352;40
7353;38
7354;52
7355;19
7356;57
7357;85
7358;68
7359;70
7360;35
7361;46
7362;68
7363;25
7364;55
7365;85
7366;67
7367;21
7368;28
7369;82
7370;77
7371;31
7372;39
7373;4
7374;74
7375;28
7376;19
7377;15
7378;4
7379;23
7380;27
7381;14
7382;84
7383;33
7384;56
7385;53
7386;9
7387;11
7388;65
7389;34
7390;34
7391;18
7392;3
7393;48
7394;71
7395;73
7396;52
7397;28
7398;36
7399;28
7400;87
7401;81
7402;45
7403;80
7404;43
7405;37
7406;30
7407;5
7408;3
7409;50
7410;49
7411;35
7412;40
7413;9
7414;13
7415;29
7416;39
7417;5
7418;5
7419;13
7420;47
7421;34
7422;6
7423;13
7424;39
7425;57
7426;53
7427;88
7428;39
7429;41
7430;39
7431;15
7432;3
7433;48
7434;26
7435;1
7436;8
7437;0
7438;27
7439;54
7440;71
7441;53
7442;40
7443;58
7444;85
7445;53
7446;27
7447;39
7448;25
7449;62
7450;57
7451;54
7452;22
7453;24
7454;1
7455;13
7456;3
7457;70
7458;65
7459;56
7460;60
7461;69
7462;87
7463;87
7464;39
7465;75
7466;69
7467;52
7468;70
7469;47
7470;53
7471;53
7472;13
7473;94
7474;94
7475;25
7476;40
7477;2
7478;15
7479;55
7480;60
7481;24
7482;61
7483;27
7484;23
7485;22
7486;97
7487;56
7488;61
7489;20
7490;49
7491;15
7492;0
7493;0
7494;37
7495;52
7496;15
7497;6
7498;29
7499;28
7500;30
7501;58
7502;57
7503;27
7504;62
7505;56
7506;34
7507;65
7508;87
7509;49
7510;51
7511;19
7512;67
7513;68
7514;66
7515;24
7516;74
7517;39
7518;32
7519;6
7520;16
7521;87
7522;23
7523;46
7524;26
7525;11
7526;7
7527;50
7528;85
7529;60
7530;46
7531;73
7532;54
7533;68
7534;24
7535;20
7536;19
7537;26
7538;32
7539;47
7540;3
7541;7
7542;43
7543;13
7544;58
7545;13
7546;40
7547;23
7548;6
7549;16
7550;10
7551;1
7552;32
7553;62
7554;10
7555;68
7556;57
7557;63
7558;76
7559;72
7560;51
7561;20
7562;53
7563;51
7564;38
7565;33
7566;36
7567;46
7568;37
7569;20
7570;2
7571;10
7572;6
7573;68
7574;34
7575;51
7576;24
7577;49
7578;58
7579;49
7580;60
7581;64
7582;58
7583;38
7584;61
7585;14
7586;8
7587;29
7588;34
7589;39
7590;16
7591;45
7592;12
7593;9
7594;27
7595;45
7596;64
7597;22
7598;36
7599;6
7600;14
7601;85
7602;20
7603;26
7604;45
7605;34
7606;9
7607;6
7608;52
7609;75
7610;54
7611;35
7612;60
7613;7
7614;8
7615;47
7616;21
7617;63
7618;34
7619;38
7620;15
7621;60
7622;12
7623;6
7624;33
7625;58
7626;49
7627;36
7628;12
7629;13
7630;63
7631;87
7632;54
7633;24
7634;53
7635;89
7636;76
7637;36
7638;22
7639;52
7640;82
7641;28
7642;14
7643;92
7644;67
7645;24
7646;28
7647;2
7648;15
7649;4
7650;51
7651;81
7652;67
7653;62
7654;34
7655;36
7656;5
7657;4
7658;72
7659;43
7660;54
7661;54
7662;44
7663;45
7664;6
7665;15
7666;83
7667;85
7668;85
7669;58
7670;71
7671;36
7672;74
7673;61
7674;51
7675;53
7676;79
7677;98
7678;45
7679;58
7680;42
7681;15
7682;13
7683;100
7684;84
7685;76
7686;69
7687;96
7688;74
7689;81
7690;102
7691;70
7692;87
7693;84
7694;69
7695;88
7696;67
7697;75
7698;67
7699;105
7700;87
7701;93
7702;85
7703;88
7704;87
7705;86
7706;93
7707;89
7708;73
7709;69
7710;97
7711;86
7712;85
7713;91
7714;97
7715;102
7716;87
7717;102
7718;86
7719;86
7720;102
7721;85
7722;71
7723;87
7724;99
7725;85
7726;83
7727;80
7728;89
7729;88
7730;82
7731;100
7732;93
7733;99
7734;96
7735;104
7736;88
7737;105
7738;82
7739;87
7740;69
7741;90
7742;104
7743;75
7744;88
7745;85
7746;87
7747;82
7748;86
7749;92
7750;82
7751;81
7752;81
7753;71
7754;71
7755;103
7756;81
7757;80
7758;86
7759;82
7760;97
7761;88
7762;78
7763;78
7764;68
7765;77
7766;89
7767;104
7768;88
7769;88
7770;88
7771;103
7772;79
7773;91
7774;98
7775;71
7776;68
7777;100
7778;94
7779;89
7780;95
7781;96
7782;94
7783;98
7784;83
7785;100
7786;75
7787;86
7788;100
7789;100
7790;69
7791;89
7792;79
7793;91
7794;103
7795;96
7796;70
7797;104
7798;80
7799;85
7800;81
7801;89
7802;87
7803;87
7804;92
7805;87
7806;81
7807;82
7808;93
7809;74
7810;82
7811;103
7812;86
