1;64
2;57
3;22
4;20
5;41
6;1
7;27
8;38
9;17
10;61
11;63
12;30
13;52
14;13
15;11
16;39
17;45
18;6
19;16
20;48
21;45
22;54
23;48
24;52
25;8
26;13
27;16
28;73
29;49
30;65
31;35
32;85
33;63
34;57
35;48
36;54
37;21
38;32
39;4
40;51
41;27
42;81
43;59
44;70
45;42
46;38
47;43
48;7
49;1
50;14
51;24
52;39
53;53
54;23
55;33
56;58
57;54
58;46
59;83
60;61
61;59
62;26
63;70
64;61
65;86
66;55
67;37
68;35
69;56
70;58
71;56
72;22
73;76
74;88
75;80
76;57
77;62
78;49
79;51
80;83
81;67
82;33
83;35
84;2
85;11
86;47
87;76
88;64
89;66
90;45
91;36
92;12
93;15
94;18
95;46
96;49
97;9
98;1
99;50
100;48
101;15
102;16
103;73
104;63
105;42
106;29
107;83
108;51
109;45
110;40
111;0
112;4
113;3
114;58
115;21
116;88
117;66
118;22
119;77
120;32
121;2
122;53
123;65
124;43
125;48
126;68
127;60
128;60
129;58
130;52
131;71
132;65
133;56
134;40
135;12
136;10
137;53
138;36
139;66
140;79
141;42
142;38
143;33
144;11
145;68
146;59
147;37
148;43
149;66
150;65
151;57
152;49
153;59
154;38
155;36
156;8
157;2
158;65
159;69
160;72
161;67
162;49
163;54
164;13
165;7
166;82
167;56
168;29
169;36
170;19
171;2
172;14
173;2
174;34
175;49
176;6
177;15
178;42
179;37
180;10
181;14
182;63
183;55
184;40
185;39
186;17
187;67
188;24
189;51
190;49
191;43
192;37
193;5
194;4
195;40
196;58
197;49
198;56
199;33
200;36
201;6
202;17
203;22
204;24
205;19
206;53
207;84
208;34
209;42
210;50
211;12
212;8
213;93
214;60
215;65
216;37
217;28
218;68
219;23
220;33
221;6
222;12
223;11
224;49
225;63
226;67
227;63
228;52
229;18
230;12
231;6
232;60
233;80
234;66
235;28
236;60
237;10
238;39
239;57
240;8
241;23
242;50
243;45
244;13
245;7
246;27
247;45
248;61
249;12
250;18
251;59
252;53
253;36
254;56
255;93
256;41
257;38
258;54
259;86
260;43
261;48
262;9
263;9
264;31
265;37
266;80
267;46
268;76
269;51
270;26
271;22
272;54
273;31
274;6
275;14
276;11
277;15
278;27
279;77
280;67
281;79
282;47
283;32
284;18
285;17
286;16
287;72
288;48
289;40
290;66
291;44
292;17
293;16
294;29
295;51
296;51
297;57
298;87
299;48
300;28
301;8
302;88
303;44
304;46
305;9
306;8
307;16
308;8
309;78
310;55
311;90
312;79
313;60
314;76
315;23
316;26
317;25
318;31
319;14
320;36
321;29
322;52
323;33
324;29
325;3
326;15
327;77
328;66
329;51
330;51
331;94
332;69
333;70
334;69
335;36
336;22
337;68
338;22
339;22
340;21
341;49
342;17
343;27
344;35
345;0
346;5
347;65
348;32
349;64
350;55
351;73
352;44
353;70
354;33
355;72
356;38
357;20
358;24
359;23
360;46
361;34
362;18
363;17
364;60
365;64
366;12
367;15
368;45
369;63
370;14
371;11
372;57
373;71
374;41
375;84
376;21
377;24
378;49
379;90
380;75
381;64
382;56
383;55
384;62
385;79
386;82
387;47
388;48
389;38
390;37
391;47
392;8
393;10
394;15
395;17
396;75
397;55
398;52
399;58
400;7
401;53
402;39
403;75
404;63
405;27
406;28
407;18
408;12
409;38
410;55
411;17
412;42
413;29
414;5
415;32
416;52
417;14
418;7
419;10
420;55
421;71
422;51
423;60
424;52
425;53
426;53
427;67
428;53
429;88
430;26
431;69
432;29
433;44
434;12
435;2
436;56
437;23
438;22
439;26
440;64
441;65
442;37
443;49
444;8
445;49
446;48
447;22
448;20
449;22
450;22
451;86
452;51
453;40
454;21
455;78
456;76
457;50
458;66
459;28
460;48
461;4
462;14
463;57
464;44
465;16
466;14
467;48
468;55
469;73
470;79
471;74
472;36
473;45
474;11
475;5
476;18
477;69
478;48
479;39
480;30
481;57
482;50
483;16
484;18
485;40
486;46
487;18
488;9
489;16
490;71
491;47
492;75
493;30
494;52
495;45
496;25
497;33
498;56
499;70
500;64
501;55
502;55
503;14
504;18
505;60
506;66
507;22
508;70
509;57
510;58
511;29
512;7
513;7
514;38
515;11
516;14
517;48
518;8
519;64
520;59
521;60
522;33
523;41
524;13
525;59
526;71
527;78
528;35
529;49
530;72
531;49
532;75
533;51
534;77
535;52
536;56
537;51
538;78
539;78
540;55
541;35
542;68
543;25
544;39
545;40
546;7
547;45
548;29
549;16
550;5
551;60
552;41
553;17
554;18
555;18
556;69
557;52
558;48
559;63
560;64
561;13
562;7
563;46
564;31
565;10
566;6
567;35
568;19
569;2
570;2
571;36
572;1
573;8
574;5
575;52
576;74
577;56
578;41
579;47
580;65
581;68
582;60
583;84
584;67
585;22
586;35
587;57
588;8
589;16
590;58
591;72
592;73
593;60
594;45
595;21
596;29
597;63
598;35
599;59
600;12
601;14
602;58
603;18
604;18
605;30
606;59
607;33
608;17
609;16
610;78
611;89
612;28
613;38
614;10
615;77
616;76
617;87
618;67
619;24
620;32
621;22
622;22
623;58
624;44
625;62
626;45
627;62
628;10
629;12
630;40
631;62
632;16
633;8
634;8
635;59
636;55
637;91
638;73
639;79
640;25
641;53
642;70
643;22
644;36
645;54
646;77
647;56
648;71
649;20
650;83
651;70
652;61
653;55
654;57
655;75
656;55
657;52
658;81
659;59
660;23
661;49
662;90
663;35
664;40
665;17
666;2
667;2
668;41
669;22
670;69
671;53
672;18
673;6
674;57
675;47
676;67
677;32
678;27
679;2
680;5
681;73
682;53
683;43
684;43
685;46
686;41
687;69
688;58
689;56
690;57
691;6
692;8
693;84
694;58
695;27
696;43
697;6
698;14
699;53
700;73
701;88
702;27
703;51
704;65
705;50
706;46
707;8
708;16
709;71
710;65
711;52
712;49
713;64
714;70
715;57
716;36
717;65
718;74
719;58
720;77
721;50
722;30
723;66
724;75
725;40
726;48
727;53
728;51
729;78
730;58
731;45
732;47
733;13
734;58
735;21
736;81
737;84
738;70
739;27
740;49
741;16
742;14
743;23
744;65
745;40
746;17
747;0
748;14
749;62
750;53
751;31
752;32
753;5
754;1
755;43
756;28
757;12
758;41
759;23
760;18
761;11
762;31
763;58
764;20
765;48
766;69
767;72
768;63
769;64
770;21
771;51
772;35
773;57
774;18
775;8
776;35
777;64
778;42
779;15
780;14
781;18
782;54
783;20
784;64
785;65
786;26
787;52
788;70
789;80
790;57
791;83
792;63
793;58
794;19
795;56
796;19
797;54
798;65
799;90
800;20
801;28
802;3
803;13
804;16
805;52
806;40
807;7
808;8
809;52
810;64
811;11
812;7
813;16
814;68
815;64
816;44
817;7
818;18
819;56
820;93
821;44
822;43
823;17
824;10
825;33
826;49
827;16
828;44
829;47
830;41
831;7
832;4
833;68
834;65
835;47
836;58
837;41
838;60
839;31
840;68
841;56
842;21
843;46
844;11
845;2
846;3
847;76
848;49
849;68
850;45
851;22
852;12
853;0
854;44
855;47
856;77
857;64
858;37
859;16
860;52
861;57
862;11
863;10
864;91
865;43
866;75
867;47
868;56
869;47
870;16
871;16
872;14
873;57
874;69
875;28
876;19
877;5
878;12
879;51
880;17
881;14
882;50
883;71
884;51
885;60
886;10
887;9
888;17
889;8
890;61
891;52
892;57
893;69
894;38
895;65
896;50
897;81
898;61
899;89
900;72
901;56
902;72
903;55
904;71
905;76
906;62
907;60
908;21
909;71
910;69
911;41
912;31
913;2
914;61
915;81
916;22
917;33
918;2
919;3
920;74
921;62
922;70
923;69
924;58
925;59
926;45
927;10
928;14
929;58
930;42
931;14
932;18
933;36
934;78
935;59
936;72
937;63
938;66
939;55
940;35
941;47
942;45
943;10
944;12
945;10
946;36
947;58
948;27
949;37
950;35
951;15
952;67
953;55
954;41
955;49
956;7
957;5
958;40
959;49
960;52
961;45
962;56
963;19
964;28
965;40
966;4
967;79
968;56
969;46
970;50
971;81
972;72
973;22
974;85
975;52
976;94
977;50
978;63
979;50
980;68
981;55
982;32
983;47
984;47
985;43
986;36
987;43
988;49
989;9
990;10
991;66
992;46
993;79
994;25
995;38
996;3
997;21
998;47
999;1
1000;38
1001;4
1002;74
1003;69
1004;39
1005;43
1006;4
1007;12
1008;61
1009;87
1010;70
1011;60
1012;19
1013;23
1014;45
1015;50
1016;54
1017;47
1018;62
1019;31
1020;42
1021;11
1022;18
1023;37
1024;41
1025;88
1026;48
1027;30
1028;14
1029;16
1030;14
1031;6
1032;75
1033;74
1034;65
1035;55
1036;27
1037;44
1038;6
1039;12
1040;20
1041;0
1042;60
1043;64
1044;73
1045;20
1046;79
1047;54
1048;51
1049;47
1050;24
1051;47
1052;46
1053;69
1054;25
1055;30
1056;50
1057;41
1058;21
1059;52
1060;43
1061;59
1062;56
1063;59
1064;59
1065;9
1066;17
1067;56
1068;60
1069;63
1070;45
1071;23
1072;20
1073;33
1074;76
1075;37
1076;73
1077;47
1078;51
1079;18
1080;10
1081;64
1082;27
1083;11
1084;18
1085;58
1086;51
1087;8
1088;12
1089;55
1090;32
1091;18
1092;7
1093;67
1094;83
1095;58
1096;43
1097;7
1098;15
1099;10
1100;41
1101;41
1102;8
1103;14
1104;47
1105;85
1106;29
1107;48
1108;37
1109;58
1110;96
1111;73
1112;65
1113;87
1114;49
1115;70
1116;45
1117;17
1118;48
1119;26
1120;66
1121;42
1122;33
1123;6
1124;4
1125;19
1126;54
1127;64
1128;65
1129;43
1130;2
1131;35
1132;43
1133;3
1134;3
1135;43
1136;42
1137;78
1138;46
1139;64
1140;79
1141;32
1142;36
1143;17
1144;6
1145;61
1146;16
1147;12
1148;41
1149;59
1150;60
1151;32
1152;61
1153;10
1154;11
1155;12
1156;70
1157;49
1158;23
1159;55
1160;47
1161;6
1162;9
1163;72
1164;56
1165;27
1166;49
1167;14
1168;38
1169;50
1170;35
1171;37
1172;71
1173;75
1174;49
1175;66
1176;92
1177;54
1178;50
1179;8
1180;11
1181;7
1182;17
1183;68
1184;22
1185;41
1186;3
1187;43
1188;4
1189;12
1190;69
1191;62
1192;33
1193;10
1194;11
1195;86
1196;71
1197;47
1198;47
1199;41
1200;15
1201;11
1202;51
1203;70
1204;59
1205;69
1206;51
1207;77
1208;36
1209;27
1210;4
1211;10
1212;38
1213;43
1214;7
1215;64
1216;75
1217;53
1218;66
1219;69
1220;61
1221;50
1222;71
1223;69
1224;43
1225;89
1226;22
1227;21
1228;4
1229;12
1230;84
1231;77
1232;45
1233;36
1234;10
1235;12
1236;47
1237;75
1238;19
1239;65
1240;37
1241;38
1242;11
1243;85
1244;90
1245;65
1246;52
1247;74
1248;84
1249;22
1250;23
1251;27
1252;79
1253;21
1254;71
1255;63
1256;38
1257;82
1258;69
1259;71
1260;60
1261;60
1262;83
1263;75
1264;74
1265;45
1266;32
1267;12
1268;13
1269;63
1270;72
1271;90
1272;75
1273;76
1274;40
1275;23
1276;67
1277;49
1278;15
1279;50
1280;60
1281;34
1282;49
1283;74
1284;49
1285;56
1286;56
1287;59
1288;36
1289;63
1290;31
1291;33
1292;15
1293;17
1294;23
1295;41
1296;90
1297;55
1298;46
1299;52
1300;80
1301;56
1302;79
1303;43
1304;49
1305;18
1306;16
1307;62
1308;15
1309;38
1310;20
1311;73
1312;62
1313;52
1314;50
1315;70
1316;49
1317;53
1318;64
1319;71
1320;43
1321;58
1322;7
1323;6
1324;17
1325;62
1326;85
1327;50
1328;32
1329;62
1330;48
1331;32
1332;42
1333;14
1334;15
1335;16
1336;34
1337;32
1338;14
1339;9
1340;63
1341;27
1342;61
1343;67
1344;53
1345;79
1346;69
1347;69
1348;81
1349;93
1350;73
1351;67
1352;68
1353;72
1354;78
1355;57
1356;71
1357;51
1358;40
1359;28
1360;46
1361;55
1362;48
1363;49
1364;28
1365;0
1366;13
1367;72
1368;80
1369;56
1370;85
1371;50
1372;40
1373;74
1374;54
1375;59
1376;37
1377;62
1378;20
1379;69
1380;45
1381;48
1382;12
1383;12
1384;58
1385;64
1386;60
1387;23
1388;52
1389;25
1390;43
1391;20
1392;25
1393;31
1394;5
1395;8
1396;69
1397;68
1398;73
1399;76
1400;49
1401;42
1402;71
1403;53
1404;69
1405;32
1406;35
1407;51
1408;18
1409;10
1410;73
1411;49
1412;34
1413;18
1414;9
1415;72
1416;21
1417;37
1418;19
1419;21
1420;62
1421;24
1422;23
1423;62
1424;56
1425;48
1426;46
1427;62
1428;74
1429;58
1430;6
1431;47
1432;23
1433;48
1434;45
1435;11
1436;16
1437;11
1438;25
1439;77
1440;69
1441;93
1442;31
1443;45
1444;14
1445;12
1446;41
1447;21
1448;55
1449;31
1450;72
1451;63
1452;22
1453;45
1454;35
1455;18
1456;0
1457;9
1458;1
1459;51
1460;52
1461;37
1462;42
1463;2
1464;12
1465;36
1466;61
1467;76
1468;27
1469;4
1470;13
1471;74
1472;70
1473;49
1474;40
1475;49
1476;14
1477;9
1478;64
1479;19
1480;49
1481;11
1482;13
1483;19
1484;68
1485;45
1486;45
1487;13
1488;51
1489;59
1490;48
1491;14
1492;17
1493;17
1494;46
1495;33
1496;7
1497;17
1498;12
1499;50
1500;13
1501;59
1502;47
1503;22
1504;85
1505;66
1506;61
1507;19
1508;25
1509;24
1510;51
1511;48
1512;31
1513;47
1514;1
1515;46
1516;26
1517;15
1518;18
1519;13
1520;82
1521;45
1522;48
1523;53
1524;25
1525;49
1526;62
1527;58
1528;65
1529;77
1530;65
1531;64
1532;57
1533;6
1534;7
1535;35
1536;48
1537;18
1538;57
1539;61
1540;33
1541;27
1542;13
1543;73
1544;71
1545;59
1546;41
1547;41
1548;36
1549;33
1550;0
1551;5
1552;46
1553;30
1554;18
1555;8
1556;64
1557;76
1558;79
1559;68
1560;60
1561;26
1562;57
1563;82
1564;35
1565;33
1566;0
1567;8
1568;31
1569;42
1570;3
1571;5
1572;19
1573;58
1574;79
1575;70
1576;57
1577;41
1578;25
1579;2
1580;0
1581;31
1582;23
1583;4
1584;6
1585;20
1586;63
1587;75
1588;71
1589;59
1590;40
1591;12
1592;17
1593;55
1594;44
1595;9
1596;14
1597;42
1598;61
1599;11
1600;6
1601;47
1602;60
1603;6
1604;8
1605;46
1606;55
1607;58
1608;86
1609;69
1610;43
1611;52
1612;38
1613;40
1614;7
1615;3
1616;43
1617;38
1618;3
1619;5
1620;73
1621;59
1622;57
1623;56
1624;9
1625;12
1626;7
1627;81
1628;58
1629;56
1630;50
1631;78
1632;19
1633;71
1634;68
1635;76
1636;58
1637;49
1638;75
1639;52
1640;70
1641;64
1642;85
1643;57
1644;73
1645;31
1646;0
1647;16
1648;1
1649;34
1650;19
1651;75
1652;47
1653;24
1654;23
1655;37
1656;66
1657;21
1658;49
1659;34
1660;33
1661;66
1662;28
1663;62
1664;65
1665;82
1666;77
1667;22
1668;40
1669;2
1670;71
1671;52
1672;36
1673;64
1674;18
1675;10
1676;49
1677;42
1678;12
1679;47
1680;33
1681;14
1682;9
1683;63
1684;49
1685;33
1686;34
1687;17
1688;47
1689;54
1690;84
1691;49
1692;36
1693;22
1694;23
1695;12
1696;17
1697;2
1698;3
1699;34
1700;72
1701;53
1702;59
1703;8
1704;17
1705;64
1706;66
1707;50
1708;56
1709;58
1710;62
1711;42
1712;32
1713;4
1714;4
1715;50
1716;45
1717;17
1718;87
1719;59
1720;33
1721;59
1722;51
1723;38
1724;23
1725;1
1726;2
1727;20
1728;74
1729;22
1730;19
1731;23
1732;66
1733;37
1734;54
1735;61
1736;81
1737;21
1738;45
1739;58
1740;81
1741;51
1742;31
1743;44
1744;19
1745;2
1746;1
1747;4
1748;63
1749;48
1750;50
1751;37
1752;25
1753;29
1754;19
1755;74
1756;67
1757;78
1758;61
1759;66
1760;48
1761;28
1762;70
1763;84
1764;40
1765;45
1766;15
1767;9
1768;3
1769;33
1770;54
1771;63
1772;27
1773;41
1774;49
1775;57
1776;47
1777;18
1778;8
1779;42
1780;31
1781;3
1782;27
1783;33
1784;4
1785;23
1786;53
1787;55
1788;20
1789;52
1790;47
1791;22
1792;34
1793;33
1794;41
1795;12
1796;5
1797;2
1798;36
1799;28
1800;38
1801;7
1802;11
1803;52
1804;33
1805;21
1806;17
1807;47
1808;26
1809;48
1810;43
1811;23
1812;4
1813;1
1814;22
1815;23
1816;26
1817;81
1818;66
1819;45
1820;45
1821;56
1822;65
1823;43
1824;75
1825;55
1826;66
1827;71
1828;27
1829;64
1830;70
1831;58
1832;41
1833;10
1834;52
1835;41
1836;32
1837;79
1838;53
1839;42
1840;57
1841;79
1842;58
1843;29
1844;59
1845;31
1846;30
1847;54
1848;33
1849;45
1850;15
1851;15
1852;24
1853;31
1854;54
1855;79
1856;20
1857;19
1858;20
1859;65
1860;20
1861;56
1862;66
1863;43
1864;47
1865;60
1866;71
1867;38
1868;63
1869;45
1870;67
1871;47
1872;45
1873;4
1874;5
1875;56
1876;46
1877;53
1878;8
1879;12
1880;18
1881;43
1882;70
1883;51
1884;19
1885;59
1886;48
1887;75
1888;25
1889;51
1890;38
1891;22
1892;62
1893;20
1894;65
1895;27
1896;17
1897;3
1898;36
1899;30
1900;2
1901;4
1902;25
1903;62
1904;97
1905;64
1906;21
1907;20
1908;22
1909;23
1910;58
1911;71
1912;62
1913;47
1914;54
1915;82
1916;45
1917;36
1918;73
1919;71
1920;51
1921;39
1922;12
1923;10
1924;55
1925;62
1926;58
1927;68
1928;53
1929;52
1930;60
1931;29
1932;27
1933;24
1934;3
1935;14
1936;56
1937;62
1938;10
1939;27
1940;30
1941;24
1942;69
1943;58
1944;52
1945;47
1946;32
1947;18
1948;10
1949;50
1950;60
1951;26
1952;94
1953;54
1954;24
1955;24
1956;22
1957;20
1958;71
1959;38
1960;38
1961;14
1962;11
1963;15
1964;53
1965;19
1966;1
1967;17
1968;62
1969;54
1970;71
1971;80
1972;79
1973;81
1974;19
1975;28
1976;69
1977;82
1978;23
1979;31
1980;5
1981;16
1982;55
1983;34
1984;26
1985;10
1986;16
1987;23
1988;17
1989;2
1990;37
1991;39
1992;27
1993;67
1994;60
1995;56
1996;47
1997;76
1998;73
1999;24
2000;63
2001;52
2002;56
2003;69
2004;82
2005;57
2006;58
2007;66
2008;53
2009;35
2010;29
2011;13
2012;12
2013;56
2014;35
2015;63
2016;64
2017;53
2018;72
2019;25
2020;68
2021;67
2022;33
2023;31
2024;8
2025;17
2026;4
2027;40
2028;47
2029;16
2030;13
2031;53
2032;76
2033;37
2034;33
2035;3
2036;10
2037;60
2038;73
2039;23
2040;49
2041;64
2042;23
2043;53
2044;57
2045;65
2046;76
2047;40
2048;74
2049;20
2050;53
2051;70
2052;70
2053;33
2054;9
2055;17
2056;83
2057;49
2058;57
2059;30
2060;48
2061;5
2062;11
2063;51
2064;39
2065;55
2066;17
2067;16
2068;56
2069;65
2070;66
2071;64
2072;6
2073;16
2074;21
2075;75
2076;67
2077;81
2078;78
2079;71
2080;49
2081;46
2082;12
2083;8
2084;70
2085;73
2086;62
2087;36
2088;45
2089;50
2090;12
2091;10
2092;10
2093;67
2094;27
2095;43
2096;4
2097;12
2098;70
2099;75
2100;22
2101;2
2102;46
2103;46
2104;23
2105;22
2106;82
2107;28
2108;40
2109;72
2110;54
2111;55
2112;58
2113;31
2114;31
2115;2
2116;22
2117;53
2118;64
2119;55
2120;12
2121;17
2122;37
2123;42
2124;8
2125;56
2126;58
2127;73
2128;37
2129;41
2130;11
2131;45
2132;37
2133;74
2134;34
2135;80
2136;59
2137;64
2138;60
2139;21
2140;68
2141;50
2142;59
2143;80
2144;51
2145;87
2146;47
2147;63
2148;57
2149;56
2150;60
2151;48
2152;12
2153;18
2154;24
2155;67
2156;47
2157;54
2158;66
2159;69
2160;35
2161;45
2162;5
2163;9
2164;5
2165;87
2166;63
2167;78
2168;52
2169;60
2170;62
2171;56
2172;57
2173;43
2174;31
2175;1
2176;8
2177;7
2178;33
2179;36
2180;68
2181;52
2182;67
2183;57
2184;80
2185;33
2186;17
2187;9
2188;68
2189;62
2190;63
2191;22
2192;47
2193;52
2194;13
2195;11
2196;12
2197;72
2198;63
2199;68
2200;96
2201;68
2202;48
2203;49
2204;14
2205;21
2206;88
2207;87
2208;84
2209;37
2210;51
2211;12
2212;70
2213;91
2214;48
2215;71
2216;70
2217;51
2218;49
2219;49
2220;12
2221;11
2222;42
2223;49
2224;17
2225;11
2226;17
2227;29
2228;45
2229;18
2230;38
2231;48
2232;30
2233;15
2234;12
2235;11
2236;25
2237;40
2238;1
2239;16
2240;19
2241;22
2242;80
2243;19
2244;69
2245;67
2246;50
2247;50
2248;54
2249;53
2250;23
2251;64
2252;43
2253;45
2254;5
2255;1
2256;18
2257;32
2258;26
2259;60
2260;59
2261;44
2262;17
2263;16
2264;12
2265;54
2266;27
2267;51
2268;51
2269;79
2270;77
2271;92
2272;68
2273;54
2274;43
2275;31
2276;27
2277;12
2278;10
2279;68
2280;55
2281;61
2282;19
2283;27
2284;47
2285;47
2286;59
2287;50
2288;67
2289;52
2290;57
2291;19
2292;49
2293;80
2294;57
2295;75
2296;63
2297;68
2298;63
2299;73
2300;45
2301;54
2302;78
2303;33
2304;39
2305;41
2306;1
2307;5
2308;15
2309;50
2310;45
2311;91
2312;53
2313;59
2314;53
2315;85
2316;80
2317;72
2318;51
2319;27
2320;73
2321;80
2322;50
2323;56
2324;12
2325;11
2326;61
2327;26
2328;52
2329;41
2330;29
2331;75
2332;65
2333;43
2334;45
2335;12
2336;12
2337;29
2338;91
2339;72
2340;23
2341;73
2342;81
2343;56
2344;73
2345;70
2346;59
2347;52
2348;73
2349;66
2350;56
2351;61
2352;56
2353;25
2354;60
2355;85
2356;37
2357;27
2358;5
2359;12
2360;13
2361;2
2362;22
2363;26
2364;67
2365;72
2366;60
2367;55
2368;63
2369;62
2370;17
2371;13
2372;27
2373;28
2374;13
2375;3
2376;61
2377;64
2378;62
2379;51
2380;38
2381;68
2382;28
2383;54
2384;63
2385;18
2386;17
2387;62
2388;44
2389;57
2390;47
2391;17
2392;12
2393;56
2394;33
2395;11
2396;18
2397;18
2398;56
2399;58
2400;38
2401;37
2402;12
2403;4
2404;49
2405;58
2406;72
2407;44
2408;33
2409;1
2410;3
2411;75
2412;39
2413;70
2414;85
2415;64
2416;52
2417;36
2418;67
2419;94
2420;38
2421;62
2422;72
2423;78
2424;31
2425;33
2426;4
2427;2
2428;4
2429;47
2430;65
2431;19
2432;54
2433;26
2434;48
2435;23
2436;61
2437;78
2438;50
2439;69
2440;57
2441;69
2442;51
2443;58
2444;49
2445;33
2446;43
2447;2
2448;18
2449;49
2450;34
2451;10
2452;8
2453;33
2454;80
2455;25
2456;28
2457;59
2458;56
2459;52
2460;54
2461;56
2462;52
2463;19
2464;68
2465;67
2466;70
2467;64
2468;47
2469;89
2470;72
2471;49
2472;23
2473;66
2474;58
2475;42
2476;14
2477;10
2478;13
2479;16
2480;72
2481;21
2482;79
2483;68
2484;47
2485;52
2486;62
2487;49
2488;17
2489;43
2490;55
2491;12
2492;16
2493;61
2494;43
2495;49
2496;56
2497;18
2498;18
2499;75
2500;35
2501;4
2502;4
2503;60
2504;26
2505;43
2506;38
2507;10
2508;11
2509;27
2510;35
2511;5
2512;1
2513;70
2514;48
2515;85
2516;29
2517;41
2518;0
2519;86
2520;63
2521;64
2522;19
2523;25
2524;40
2525;49
2526;61
2527;23
2528;85
2529;53
2530;26
2531;36
2532;2
2533;5
2534;4
2535;35
2536;21
2537;40
2538;48
2539;9
2540;17
2541;12
2542;49
2543;67
2544;27
2545;47
2546;37
2547;64
2548;62
2549;48
2550;51
2551;32
2552;48
2553;2
2554;11
2555;71
2556;49
2557;51
2558;24
2559;51
2560;20
2561;57
2562;49
2563;26
2564;27
2565;48
2566;16
2567;11
2568;10
2569;18
2570;57
2571;33
2572;29
2573;2
2574;12
2575;1
2576;79
2577;59
2578;38
2579;51
2580;35
2581;64
2582;25
2583;62
2584;60
2585;59
2586;62
2587;71
2588;19
2589;43
2590;23
2591;2
2592;17
2593;64
2594;58
2595;6
2596;49
2597;76
2598;19
2599;19
2600;70
2601;72
2602;63
2603;76
2604;58
2605;64
2606;58
2607;53
2608;29
2609;30
2610;10
2611;18
2612;2
2613;45
2614;53
2615;75
2616;62
2617;51
2618;76
2619;30
2620;15
2621;31
2622;10
2623;6
2624;80
2625;37
2626;70
2627;65
2628;63
2629;47
2630;54
2631;51
2632;31
2633;48
2634;72
2635;63
2636;40
2637;13
2638;60
2639;56
2640;18
2641;15
2642;9
2643;55
2644;72
2645;35
2646;56
2647;42
2648;67
2649;51
2650;36
2651;17
2652;16
2653;54
2654;27
2655;14
2656;6
2657;43
2658;55
2659;15
2660;43
2661;14
2662;56
2663;65
2664;78
2665;24
2666;84
2667;76
2668;76
2669;50
2670;61
2671;48
2672;21
2673;0
2674;4
2675;20
2676;47
2677;48
2678;51
2679;62
2680;72
2681;57
2682;22
2683;76
2684;76
2685;62
2686;57
2687;73
2688;48
2689;32
2690;17
2691;10
2692;16
2693;47
2694;56
2695;16
2696;11
2697;47
2698;45
2699;5
2700;4
2701;67
2702;65
2703;46
2704;79
2705;62
2706;63
2707;34
2708;1
2709;50
2710;31
2711;11
2712;12
2713;52
2714;25
2715;68
2716;37
2717;59
2718;18
2719;12
2720;70
2721;51
2722;39
2723;13
2724;10
2725;16
2726;10
2727;47
2728;82
2729;67
2730;63
2731;47
2732;18
2733;86
2734;58
2735;28
2736;35
2737;17
2738;12
2739;67
2740;85
2741;80
2742;83
2743;72
2744;72
2745;29
2746;57
2747;15
2748;12
2749;10
2750;18
2751;53
2752;47
2753;53
2754;53
2755;83
2756;83
2757;43
2758;35
2759;0
2760;16
2761;31
2762;27
2763;9
2764;12
2765;49
2766;43
2767;79
2768;27
2769;30
2770;5
2771;34
2772;46
2773;37
2774;60
2775;57
2776;38
2777;56
2778;84
2779;67
2780;34
2781;64
2782;14
2783;18
2784;66
2785;79
2786;53
2787;58
2788;51
2789;36
2790;84
2791;39
2792;92
2793;69
2794;56
2795;55
2796;30
2797;23
2798;23
2799;52
2800;54
2801;40
2802;6
2803;14
2804;60
2805;72
2806;59
2807;73
2808;59
2809;54
2810;63
2811;77
2812;48
2813;75
2814;73
2815;77
2816;46
2817;66
2818;65
2819;73
2820;45
2821;35
2822;2
2823;4
2824;47
2825;92
2826;49
2827;63
2828;53
2829;20
2830;42
2831;59
2832;71
2833;41
2834;17
2835;18
2836;59
2837;38
2838;12
2839;16
2840;16
2841;34
2842;68
2843;68
2844;59
2845;96
2846;84
2847;55
2848;56
2849;30
2850;87
2851;51
2852;71
2853;54
2854;45
2855;62
2856;48
2857;37
2858;45
2859;13
2860;11
2861;53
2862;48
2863;14
2864;79
2865;26
2866;43
2867;14
2868;3
2869;45
2870;18
2871;49
2872;51
2873;7
2874;11
2875;50
2876;22
2877;50
2878;64
2879;67
2880;25
2881;78
2882;57
2883;67
2884;23
2885;87
2886;74
2887;20
2888;71
2889;58
2890;71
2891;33
2892;17
2893;36
2894;16
2895;70
2896;68
2897;60
2898;78
2899;19
2900;77
2901;65
2902;31
2903;8
2904;7
2905;74
2906;80
2907;20
2908;52
2909;48
2910;31
2911;35
2912;17
2913;1
2914;49
2915;37
2916;5
2917;67
2918;49
2919;31
2920;16
2921;6
2922;43
2923;61
2924;13
2925;8
2926;16
2927;75
2928;60
2929;38
2930;73
2931;26
2932;74
2933;76
2934;24
2935;64
2936;40
2937;28
2938;4
2939;11
2940;78
2941;69
2942;30
2943;4
2944;17
2945;83
2946;76
2947;41
2948;24
2949;7
2950;37
2951;8
2952;6
2953;59
2954;68
2955;48
2956;23
2957;75
2958;56
2959;83
2960;48
2961;36
2962;12
2963;14
2964;71
2965;51
2966;32
2967;49
2968;40
2969;8
2970;9
2971;16
2972;33
2973;19
2974;27
2975;37
2976;30
2977;15
2978;35
2979;62
2980;23
2981;55
2982;63
2983;80
2984;40
2985;48
2986;65
2987;24
2988;68
2989;63
2990;22
2991;53
2992;20
2993;37
2994;43
2995;5
2996;0
2997;73
2998;37
2999;64
3000;49
3001;5
3002;38
3003;49
3004;22
3005;8
3006;17
3007;32
3008;49
3009;87
3010;61
3011;23
3012;66
3013;60
3014;85
3015;22
3016;63
3017;48
3018;39
3019;49
3020;16
3021;9
3022;89
3023;80
3024;24
3025;59
3026;27
3027;38
3028;6
3029;60
3030;40
3031;11
3032;10
3033;81
3034;64
3035;19
3036;43
3037;3
3038;2
3039;19
3040;25
3041;63
3042;23
3043;30
3044;51
3045;48
3046;46
3047;42
3048;8
3049;17
3050;12
3051;46
3052;19
3053;73
3054;76
3055;23
3056;22
3057;40
3058;37
3059;34
3060;35
3061;56
3062;11
3063;18
3064;6
3065;58
3066;22
3067;6
3068;48
3069;63
3070;45
3071;15
3072;8
3073;58
3074;59
3075;72
3076;53
3077;50
3078;71
3079;39
3080;44
3081;9
3082;62
3083;7
3084;49
3085;43
3086;69
3087;55
3088;64
3089;71
3090;56
3091;74
3092;54
3093;40
3094;15
3095;18
3096;51
3097;18
3098;18
3099;66
3100;65
3101;38
3102;27
3103;5
3104;11
3105;46
3106;72
3107;65
3108;79
3109;62
3110;62
3111;69
3112;59
3113;90
3114;33
3115;19
3116;94
3117;38
3118;71
3119;43
3120;19
3121;35
3122;15
3123;56
3124;38
3125;6
3126;7
3127;76
3128;60
3129;77
3130;30
3131;38
3132;1
3133;2
3134;49
3135;66
3136;74
3137;51
3138;66
3139;33
3140;86
3141;64
3142;66
3143;22
3144;81
3145;48
3146;23
3147;75
3148;68
3149;20
3150;32
3151;5
3152;9
3153;3
3154;59
3155;52
3156;45
3157;27
3158;10
3159;9
3160;40
3161;34
3162;23
3163;67
3164;45
3165;47
3166;26
3167;39
3168;91
3169;35
3170;40
3171;37
3172;13
3173;17
3174;75
3175;64
3176;56
3177;12
3178;11
3179;62
3180;52
3181;19
3182;67
3183;56
3184;60
3185;51
3186;43
3187;19
3188;2
3189;3
3190;9
3191;62
3192;30
3193;63
3194;37
3195;60
3196;68
3197;68
3198;25
3199;20
3200;51
3201;50
3202;10
3203;14
3204;65
3205;53
3206;22
3207;32
3208;2
3209;2
3210;82
3211;63
3212;8
3213;18
3214;29
3215;76
3216;33
3217;22
3218;14
3219;6
3220;56
3221;33
3222;24
3223;44
3224;52
3225;56
3226;27
3227;35
3228;37
3229;15
3230;35
3231;43
3232;10
3233;18
3234;18
3235;58
3236;23
3237;80
3238;47
3239;52
3240;53
3241;45
3242;36
3243;14
3244;12
3245;60
3246;58
3247;71
3248;41
3249;45
3250;9
3251;13
3252;62
3253;68
3254;58
3255;43
3256;8
3257;38
3258;28
3259;47
3260;70
3261;46
3262;53
3263;49
3264;81
3265;36
3266;74
3267;37
3268;47
3269;63
3270;48
3271;75
3272;75
3273;85
3274;37
3275;40
3276;36
3277;4
3278;17
3279;72
3280;34
3281;67
3282;51
3283;56
3284;76
3285;71
3286;66
3287;83
3288;66
3289;53
3290;63
3291;54
3292;35
3293;11
3294;45
3295;47
3296;47
3297;36
3298;43
3299;7
3300;14
3301;11
3302;55
3303;94
3304;39
3305;22
3306;65
3307;62
3308;69
3309;74
3310;66
3311;90
3312;62
3313;43
3314;50
3315;14
3316;10
3317;51
3318;89
3319;24
3320;61
3321;51
3322;54
3323;50
3324;78
3325;60
3326;45
3327;92
3328;19
3329;48
3330;34
3331;11
3332;8
3333;47
3334;34
3335;14
3336;10
3337;48
3338;94
3339;23
3340;55
3341;63
3342;22
3343;62
3344;56
3345;56
3346;78
3347;59
3348;56
3349;61
3350;47
3351;38
3352;49
3353;31
3354;47
3355;62
3356;59
3357;43
3358;6
3359;24
3360;31
3361;1
3362;5
3363;0
3364;26
3365;35
3366;13
3367;0
3368;30
3369;40
3370;6
3371;17
3372;60
3373;65
3374;79
3375;45
3376;76
3377;76
3378;46
3379;54
3380;57
3381;17
3382;10
3383;11
3384;12
3385;61
3386;68
3387;87
3388;47
3389;33
3390;51
3391;8
3392;14
3393;30
3394;32
3395;19
3396;45
3397;83
3398;75
3399;52
3400;76
3401;68
3402;47
3403;20
3404;50
3405;39
3406;10
3407;16
3408;59
3409;33
3410;17
3411;9
3412;51
3413;35
3414;31
3415;11
3416;53
3417;83
3418;20
3419;44
3420;54
3421;57
3422;24
3423;23
3424;60
3425;54
3426;45
3427;86
3428;56
3429;53
3430;49
3431;46
3432;28
3433;64
3434;25
3435;60
3436;67
3437;58
3438;81
3439;53
3440;57
3441;47
3442;61
3443;66
3444;49
3445;44
3446;47
3447;45
3448;15
3449;64
3450;45
3451;21
3452;2
3453;3
3454;0
3455;26
3456;65
3457;64
3458;72
3459;72
3460;80
3461;47
3462;53
3463;8
3464;47
3465;60
3466;7
3467;17
3468;11
3469;81
3470;67
3471;69
3472;68
3473;45
3474;45
3475;10
3476;8
3477;38
3478;52
3479;47
3480;73
3481;47
3482;43
3483;48
3484;14
3485;15
3486;66
3487;45
3488;41
3489;0
3490;92
3491;63
3492;69
3493;56
3494;14
3495;81
3496;75
3497;92
3498;33
3499;21
3500;57
3501;36
3502;75
3503;22
3504;74
3505;22
3506;69
3507;26
3508;79
3509;63
3510;55
3511;37
3512;50
3513;62
3514;60
3515;29
3516;62
3517;46
3518;27
3519;63
3520;68
3521;25
3522;22
3523;62
3524;59
3525;46
3526;14
3527;15
3528;14
3529;89
3530;69
3531;53
3532;39
3533;51
3534;45
3535;68
3536;73
3537;80
3538;69
3539;51
3540;77
3541;70
3542;19
3543;73
3544;71
3545;56
3546;73
3547;76
3548;71
3549;63
3550;61
3551;24
3552;78
3553;73
3554;22
3555;67
3556;65
3557;42
3558;54
3559;55
3560;58
3561;79
3562;24
3563;20
3564;65
3565;39
3566;73
3567;22
3568;47
3569;56
3570;7
3571;55
3572;75
3573;45
3574;54
3575;46
3576;32
3577;10
3578;1
3579;80
3580;20
3581;58
3582;23
3583;49
3584;65
3585;70
3586;49
3587;29
3588;64
3589;55
3590;42
3591;68
3592;65
3593;57
3594;24
3595;66
3596;26
3597;64
3598;31
3599;38
3600;38
3601;27
3602;66
3603;55
3604;46
3605;29
3606;53
3607;47
3608;55
3609;88
3610;66
3611;41
3612;65
3613;46
3614;38
3615;71
3616;33
3617;35
3618;9
3619;58
3620;19
3621;76
3622;60
3623;17
3624;40
3625;85
3626;66
3627;51
3628;27
3629;47
3630;12
3631;10
3632;36
3633;30
3634;50
3635;15
3636;12
3637;58
3638;54
3639;28
3640;11
3641;17
3642;66
3643;30
3644;26
3645;16
3646;18
3647;47
3648;49
3649;50
3650;82
3651;64
3652;52
3653;45
3654;56
3655;62
3656;48
3657;44
3658;12
3659;11
3660;48
3661;45
3662;40
3663;0
3664;2
3665;22
3666;86
3667;66
3668;83
3669;55
3670;36
3671;62
3672;68
3673;23
3674;76
3675;26
3676;92
3677;56
3678;84
3679;30
3680;36
3681;32
3682;14
3683;17
3684;73
3685;68
3686;50
3687;51
3688;18
3689;7
3690;33
3691;28
3692;45
3693;41
3694;17
3695;79
3696;66
3697;41
3698;30
3699;10
3700;9
3701;56
3702;63
3703;8
3704;14
3705;40
3706;66
3707;70
3708;23
3709;72
3710;25
3711;19
3712;52
3713;21
3714;42
3715;49
3716;6
3717;47
3718;34
3719;2
3720;74
3721;62
3722;41
3723;58
3724;8
3725;17
3726;26
3727;59
3728;15
3729;18
3730;45
3731;27
3732;2
3733;4
3734;9
3735;60
3736;27
3737;28
3738;9
3739;13
3740;76
3741;22
3742;43
3743;52
3744;50
3745;54
3746;68
3747;67
3748;66
3749;55
3750;56
3751;27
3752;20
3753;51
3754;72
3755;59
3756;50
3757;76
3758;33
3759;34
3760;12
3761;56
3762;67
3763;20
3764;36
3765;30
3766;80
3767;86
3768;23
3769;81
3770;46
3771;17
3772;17
3773;47
3774;49
3775;12
3776;8
3777;68
3778;49
3779;84
3780;37
3781;43
3782;8
3783;40
3784;37
3785;65
3786;80
3787;52
3788;62
3789;7
3790;17
3791;58
3792;20
3793;73
3794;66
3795;27
3796;51
3797;12
3798;12
3799;50
3800;61
3801;49
3802;41
3803;65
3804;66
3805;33
3806;20
3807;31
3808;42
3809;13
3810;18
3811;74
3812;73
3813;71
3814;47
3815;63
3816;43
3817;46
3818;56
3819;68
3820;84
3821;52
3822;90
3823;54
3824;56
3825;24
3826;39
3827;41
3828;2
3829;2
3830;28
3831;26
3832;8
3833;11
3834;25
3835;42
3836;51
3837;62
3838;16
3839;17
3840;74
3841;59
3842;23
3843;32
3844;31
3845;66
3846;62
3847;64
3848;41
3849;28
3850;15
3851;10
3852;73
3853;47
3854;43
3855;67
3856;43
3857;81
3858;79
3859;64
3860;40
3861;22
3862;67
3863;47
3864;49
3865;15
3866;12
3867;8
3868;56
3869;17
3870;51
3871;60
3872;63
3873;55
3874;86
3875;26
3876;49
3877;6
3878;14
3879;62
3880;52
3881;62
3882;70
3883;67
3884;47
3885;66
3886;24
3887;53
3888;70
3889;66
3890;58
3891;29
3892;46
3893;33
3894;45
3895;12
3896;6
3897;28
3898;1
3899;72
3900;51
3901;72
3902;41
3903;7
3904;51
3905;63
3906;61
3907;75
3908;30
3909;27
3910;1
3911;0
3912;0
3913;68
3914;58
3915;31
3916;0
3917;75
3918;52
3919;66
3920;76
3921;75
3922;64
3923;45
3924;44
3925;18
3926;14
3927;26
3928;49
3929;16
3930;10
3931;27
3932;55
3933;71
3934;26
3935;6
3936;11
3937;58
3938;36
3939;41
3940;10
3941;47
3942;64
3943;57
3944;82
3945;48
3946;77
3947;59
3948;48
3949;47
3950;43
3951;33
3952;10
3953;2
3954;7
3955;76
3956;46
3957;53
3958;78
3959;22
3960;51
3961;19
3962;23
3963;26
3964;20
3965;20
3966;86
3967;66
3968;46
3969;75
3970;59
3971;91
3972;35
3973;45
3974;17
3975;18
3976;55
3977;23
3978;70
3979;74
3980;19
3981;73
3982;19
3983;71
3984;45
3985;1
3986;2
3987;38
3988;27
3989;3
3990;12
3991;5
3992;71
3993;82
3994;50
3995;81
3996;42
3997;20
3998;2
3999;0
4000;27
4001;50
4002;60
4003;14
4004;14
4005;79
4006;47
4007;45
4008;3
4009;2
4010;61
4011;33
4012;49
4013;76
4014;67
4015;80
4016;77
4017;46
4018;53
4019;61
4020;62
4021;45
4022;22
4023;21
4024;36
4025;34
4026;30
4027;4
4028;4
4029;38
4030;31
4031;23
4032;47
4033;3
4034;18
4035;4
4036;64
4037;69
4038;75
4039;78
4040;56
4041;71
4042;60
4043;91
4044;40
4045;24
4046;22
4047;28
4048;26
4049;47
4050;39
4051;79
4052;56
4053;70
4054;61
4055;45
4056;35
4057;9
4058;15
4059;35
4060;43
4061;6
4062;16
4063;18
4064;55
4065;25
4066;19
4067;0
4068;43
4069;62
4070;79
4071;45
4072;19
4073;81
4074;22
4075;40
4076;49
4077;45
4078;6
4079;6
4080;12
4081;12
4082;19
4083;27
4084;7
4085;9
4086;2
4087;15
4088;53
4089;22
4090;67
4091;53
4092;59
4093;47
4094;68
4095;67
4096;90
4097;45
4098;72
4099;32
4100;35
4101;45
4102;28
4103;2
4104;4
4105;39
4106;73
4107;33
4108;66
4109;21
4110;39
4111;29
4112;29
4113;26
4114;1
4115;11
4116;72
4117;76
4118;58
4119;77
4120;80
4121;19
4122;61
4123;35
4124;61
4125;20
4126;63
4127;51
4128;51
4129;8
4130;10
4131;79
4132;62
4133;76
4134;21
4135;70
4136;76
4137;72
4138;52
4139;50
4140;54
4141;27
4142;8
4143;35
4144;71
4145;75
4146;49
4147;70
4148;33
4149;48
4150;23
4151;51
4152;35
4153;53
4154;7
4155;63
4156;69
4157;80
4158;25
4159;35
4160;49
4161;18
4162;65
4163;62
4164;58
4165;58
4166;28
4167;88
4168;76
4169;28
4170;45
4171;2
4172;1
4173;9
4174;53
4175;31
4176;13
4177;16
4178;34
4179;51
4180;77
4181;65
4182;27
4183;12
4184;17
4185;64
4186;53
4187;81
4188;30
4189;30
4190;16
4191;84
4192;30
4193;49
4194;18
4195;8
4196;32
4197;32
4198;33
4199;16
4200;18
4201;65
4202;19
4203;66
4204;22
4205;65
4206;24
4207;21
4208;27
4209;5
4210;28
4211;20
4212;20
4213;28
4214;32
4215;10
4216;26
4217;27
4218;29
4219;14
4220;2
4221;2
4222;28
4223;27
4224;35
4225;9
4226;17
4227;46
4228;49
4229;33
4230;46
4231;46
4232;10
4233;16
4234;7
4235;66
4236;31
4237;47
4238;21
4239;23
4240;20
4241;67
4242;50
4243;47
4244;49
4245;66
4246;63
4247;58
4248;6
4249;48
4250;49
4251;47
4252;34
4253;11
4254;40
4255;19
4256;15
4257;18
4258;30
4259;70
4260;57
4261;7
4262;35
4263;23
4264;52
4265;42
4266;17
4267;13
4268;36
4269;1
4270;78
4271;77
4272;77
4273;47
4274;45
4275;7
4276;67
4277;77
4278;43
4279;62
4280;51
4281;10
4282;10
4283;52
4284;23
4285;58
4286;32
4287;44
4288;1
4289;5
4290;4
4291;5
4292;3
4293;37
4294;56
4295;29
4296;7
4297;7
4298;36
4299;40
4300;13
4301;17
4302;10
4303;54
4304;49
4305;35
4306;57
4307;62
4308;26
4309;88
4310;49
4311;58
4312;52
4313;8
4314;17
4315;28
4316;18
4317;12
4318;24
4319;73
4320;57
4321;44
4322;28
4323;6
4324;1
4325;21
4326;37
4327;6
4328;18
4329;63
4330;52
4331;53
4332;19
4333;54
4334;56
4335;71
4336;49
4337;71
4338;64
4339;65
4340;58
4341;37
4342;23
4343;2
4344;13
4345;49
4346;32
4347;45
4348;0
4349;9
4350;78
4351;50
4352;70
4353;66
4354;69
4355;33
4356;54
4357;64
4358;68
4359;53
4360;28
4361;16
4362;48
4363;64
4364;15
4365;12
4366;52
4367;32
4368;28
4369;2
4370;15
4371;46
4372;42
4373;2
4374;17
4375;75
4376;25
4377;53
4378;27
4379;47
4380;48
4381;73
4382;24
4383;25
4384;63
4385;48
4386;65
4387;51
4388;63
4389;63
4390;20
4391;89
4392;49
4393;50
4394;33
4395;44
4396;18
4397;7
4398;97
4399;68
4400;66
4401;30
4402;35
4403;7
4404;9
4405;6
4406;6
4407;54
4408;64
4409;48
4410;55
4411;72
4412;69
4413;41
4414;39
4415;45
4416;4
4417;17
4418;90
4419;73
4420;34
4421;61
4422;8
4423;15
4424;60
4425;37
4426;8
4427;6
4428;67
4429;51
4430;43
4431;42
4432;49
4433;12
4434;14
4435;60
4436;50
4437;58
4438;54
4439;25
4440;20
4441;78
4442;21
4443;46
4444;56
4445;25
4446;20
4447;54
4448;74
4449;63
4450;58
4451;45
4452;56
4453;22
4454;78
4455;55
4456;48
4457;10
4458;9
4459;26
4460;66
4461;33
4462;18
4463;14
4464;81
4465;65
4466;19
4467;50
4468;57
4469;57
4470;64
4471;53
4472;38
4473;50
4474;17
4475;9
4476;46
4477;57
4478;27
4479;49
4480;5
4481;6
4482;84
4483;29
4484;19
4485;73
4486;48
4487;17
4488;33
4489;45
4490;13
4491;8
4492;9
4493;17
4494;57
4495;60
4496;12
4497;13
4498;19
4499;36
4500;1
4501;13
4502;1
4503;66
4504;33
4505;28
4506;5
4507;16
4508;43
4509;86
4510;72
4511;48
4512;31
4513;11
4514;5
4515;53
4516;18
4517;16
4518;36
4519;1
4520;62
4521;80
4522;25
4523;30
4524;5
4525;17
4526;45
4527;6
4528;16
4529;52
4530;52
4531;11
4532;75
4533;77
4534;92
4535;23
4536;25
4537;90
4538;89
4539;27
4540;62
4541;50
4542;11
4543;7
4544;7
4545;50
4546;26
4547;51
4548;60
4549;56
4550;66
4551;60
4552;48
4553;30
4554;8
4555;12
4556;61
4557;80
4558;30
4559;46
4560;63
4561;16
4562;12
4563;49
4564;45
4565;18
4566;17
4567;18
4568;18
4569;50
4570;27
4571;14
4572;16
4573;10
4574;52
4575;52
4576;11
4577;14
4578;29
4579;45
4580;8
4581;12
4582;58
4583;51
4584;75
4585;33
4586;5
4587;56
4588;64
4589;54
4590;25
4591;52
4592;61
4593;75
4594;57
4595;75
4596;50
4597;25
4598;45
4599;47
4600;67
4601;62
4602;40
4603;45
4604;0
4605;67
4606;66
4607;22
4608;66
4609;26
4610;31
4611;48
4612;3
4613;29
4614;33
4615;13
4616;33
4617;2
4618;79
4619;19
4620;38
4621;20
4622;71
4623;68
4624;34
4625;50
4626;19
4627;78
4628;58
4629;65
4630;64
4631;55
4632;66
4633;47
4634;30
4635;12
4636;11
4637;40
4638;28
4639;51
4640;58
4641;54
4642;30
4643;18
4644;16
4645;11
4646;76
4647;52
4648;59
4649;30
4650;21
4651;72
4652;45
4653;27
4654;22
4655;35
4656;23
4657;61
4658;52
4659;85
4660;72
4661;48
4662;79
4663;49
4664;30
4665;49
4666;18
4667;15
4668;64
4669;47
4670;41
4671;13
4672;7
4673;8
4674;49
4675;27
4676;12
4677;7
4678;38
4679;22
4680;75
4681;41
4682;41
4683;3
4684;22
4685;23
4686;10
4687;3
4688;42
4689;52
4690;61
4691;40
4692;14
4693;51
4694;87
4695;47
4696;37
4697;14
4698;17
4699;73
4700;71
4701;63
4702;34
4703;52
4704;37
4705;31
4706;64
4707;14
4708;14
4709;24
4710;72
4711;48
4712;21
4713;62
4714;19
4715;75
4716;45
4717;58
4718;38
4719;53
4720;81
4721;78
4722;23
4723;58
4724;88
4725;54
4726;23
4727;47
4728;36
4729;75
4730;24
4731;19
4732;27
4733;72
4734;54
4735;42
4736;44
4737;11
4738;18
4739;31
4740;49
4741;16
4742;28
4743;20
4744;63
4745;21
4746;62
4747;22
4748;59
4749;20
4750;70
4751;76
4752;65
4753;33
4754;47
4755;0
4756;18
4757;42
4758;12
4759;12
4760;84
4761;73
4762;69
4763;79
4764;22
4765;55
4766;51
4767;55
4768;7
4769;12
4770;70
4771;50
4772;44
4773;49
4774;75
4775;85
4776;73
4777;61
4778;79
4779;62
4780;52
4781;43
4782;58
4783;18
4784;10
4785;61
4786;60
4787;32
4788;11
4789;18
4790;27
4791;59
4792;13
4793;62
4794;33
4795;77
4796;70
4797;90
4798;28
4799;5
4800;50
4801;72
4802;43
4803;43
4804;36
4805;48
4806;87
4807;48
4808;77
4809;45
4810;26
4811;58
4812;60
4813;11
4814;16
4815;52
4816;45
4817;19
4818;4
4819;31
4820;52
4821;70
4822;47
4823;47
4824;26
4825;38
4826;5
4827;38
4828;46
4829;7
4830;13
4831;15
4832;45
4833;28
4834;16
4835;16
4836;63
4837;36
4838;60
4839;17
4840;15
4841;18
4842;45
4843;48
4844;20
4845;65
4846;23
4847;23
4848;49
4849;11
4850;15
4851;13
4852;2
4853;63
4854;71
4855;68
4856;45
4857;36
4858;43
4859;69
4860;80
4861;37
4862;60
4863;9
4864;9
4865;23
4866;49
4867;20
4868;22
4869;66
4870;24
4871;47
4872;61
4873;55
4874;76
4875;19
4876;73
4877;59
4878;51
4879;43
4880;62
4881;26
4882;74
4883;68
4884;65
4885;51
4886;68
4887;20
4888;43
4889;37
4890;47
4891;64
4892;48
4893;67
4894;47
4895;38
4896;17
4897;57
4898;27
4899;67
4900;19
4901;27
4902;66
4903;68
4904;27
4905;15
4906;8
4907;5
4908;79
4909;62
4910;55
4911;34
4912;34
4913;48
4914;16
4915;8
4916;75
4917;37
4918;54
4919;30
4920;48
4921;5
4922;17
4923;92
4924;34
4925;62
4926;31
4927;39
4928;8
4929;73
4930;51
4931;50
4932;65
4933;45
4934;48
4935;48
4936;36
4937;7
4938;45
4939;29
4940;29
4941;1
4942;16
4943;52
4944;64
4945;59
4946;51
4947;62
4948;28
4949;65
4950;66
4951;44
4952;79
4953;75
4954;51
4955;54
4956;35
4957;24
4958;23
4959;68
4960;32
4961;22
4962;42
4963;27
4964;35
4965;5
4966;15
4967;23
4968;69
4969;30
4970;50
4971;12
4972;14
4973;72
4974;23
4975;52
4976;63
4977;55
4978;29
4979;43
4980;79
4981;78
4982;71
4983;32
4984;2
4985;0
4986;12
4987;46
4988;64
4989;81
4990;62
4991;64
4992;64
4993;74
4994;52
4995;55
4996;61
4997;43
4998;58
4999;16
5000;35
5001;34
5002;14
5003;15
5004;70
5005;71
5006;54
5007;18
5008;28
5009;29
5010;14
5011;18
5012;8
5013;64
5014;40
5015;25
5016;60
5017;23
5018;75
5019;29
5020;58
5021;23
5022;61
5023;84
5024;60
5025;47
5026;72
5027;51
5028;24
5029;64
5030;54
5031;59
5032;49
5033;72
5034;48
5035;76
5036;63
5037;42
5038;16
5039;41
5040;46
5041;11
5042;24
5043;38
5044;27
5045;3
5046;71
5047;67
5048;25
5049;63
5050;70
5051;77
5052;54
5053;64
5054;13
5055;25
5056;41
5057;73
5058;62
5059;63
5060;24
5061;20
5062;66
5063;62
5064;21
5065;62
5066;62
5067;49
5068;25
5069;85
5070;77
5071;78
5072;52
5073;27
5074;20
5075;82
5076;19
5077;60
5078;45
5079;66
5080;78
5081;59
5082;51
5083;27
5084;26
5085;80
5086;76
5087;67
5088;33
5089;67
5090;73
5091;53
5092;67
5093;65
5094;37
5095;59
5096;7
5097;79
5098;51
5099;19
5100;22
5101;69
5102;85
5103;68
5104;61
5105;56
5106;53
5107;66
5108;54
5109;41
5110;40
5111;15
5112;8
5113;44
5114;29
5115;18
5116;18
5117;56
5118;61
5119;12
5120;18
5121;45
5122;68
5123;75
5124;57
5125;80
5126;91
5127;52
5128;70
5129;37
5130;37
5131;0
5132;14
5133;73
5134;62
5135;47
5136;56
5137;6
5138;12
5139;44
5140;43
5141;11
5142;33
5143;33
5144;74
5145;52
5146;76
5147;34
5148;47
5149;2
5150;2
5151;81
5152;71
5153;22
5154;19
5155;50
5156;56
5157;19
5158;19
5159;52
5160;62
5161;58
5162;57
5163;68
5164;38
5165;49
5166;11
5167;0
5168;50
5169;77
5170;30
5171;31
5172;32
5173;35
5174;2
5175;2
5176;24
5177;48
5178;13
5179;13
5180;69
5181;56
5182;62
5183;48
5184;57
5185;18
5186;44
5187;39
5188;1
5189;66
5190;61
5191;33
5192;11
5193;27
5194;32
5195;68
5196;35
5197;39
5198;65
5199;47
5200;43
5201;8
5202;17
5203;65
5204;26
5205;25
5206;38
5207;71
5208;74
5209;29
5210;28
5211;4
5212;0
5213;50
5214;57
5215;59
5216;51
5217;71
5218;64
5219;71
5220;49
5221;27
5222;74
5223;53
5224;60
5225;68
5226;33
5227;8
5228;79
5229;67
5230;26
5231;22
5232;74
5233;34
5234;44
5235;3
5236;6
5237;7
5238;66
5239;20
5240;33
5241;12
5242;16
5243;1
5244;73
5245;61
5246;65
5247;71
5248;67
5249;63
5250;41
5251;54
5252;52
5253;61
5254;19
5255;20
5256;77
5257;51
5258;63
5259;62
5260;82
5261;75
5262;64
5263;54
5264;82
5265;22
5266;32
5267;32
5268;72
5269;48
5270;51
5271;12
5272;18
5273;51
5274;22
5275;63
5276;88
5277;80
5278;54
5279;68
5280;76
5281;36
5282;61
5283;81
5284;55
5285;66
5286;26
5287;60
5288;64
5289;51
5290;22
5291;72
5292;65
5293;43
5294;78
5295;61
5296;59
5297;66
5298;68
5299;57
5300;63
5301;67
5302;76
5303;70
5304;61
5305;28
5306;51
5307;54
5308;38
5309;51
5310;44
5311;45
5312;10
5313;5
5314;34
5315;44
5316;3
5317;2
5318;64
5319;55
5320;60
5321;28
5322;49
5323;47
5324;63
5325;8
5326;12
5327;11
5328;12
5329;63
5330;68
5331;78
5332;55
5333;43
5334;50
5335;14
5336;36
5337;28
5338;23
5339;89
5340;30
5341;82
5342;74
5343;63
5344;50
5345;72
5346;50
5347;24
5348;29
5349;3
5350;1
5351;89
5352;69
5353;93
5354;83
5355;75
5356;102
5357;82
5358;88
5359;69
5360;90
5361;99
5362;97
5363;83
5364;82
5365;83
5366;89
5367;78
5368;79
5369;88
5370;91
5371;87
5372;86
5373;91
5374;72
5375;93
5376;86
5377;90
5378;88
5379;82
5380;73
5381;83
5382;86
5383;88
5384;67
5385;105
5386;87
5387;89
5388;70
