1;39
2;6
3;49
4;71
5;88
6;88
7;48
8;44
9;7
10;10
11;38
12;22
13;58
14;50
15;79
16;21
17;61
18;23
19;20
20;21
21;24
22;90
23;63
24;62
25;18
26;14
27;31
28;34
29;13
30;13
31;34
32;48
33;7
34;13
35;7
36;50
37;58
38;54
39;11
40;69
41;58
42;21
43;69
44;31
45;68
46;67
47;82
48;32
49;75
50;55
51;67
52;43
53;27
54;44
55;3
56;1
57;4
58;75
59;82
60;56
61;58
62;44
63;27
64;7
65;9
66;61
67;51
68;73
69;71
70;50
71;61
72;51
73;17
74;8
75;85
76;25
77;52
78;39
79;55
80;93
81;33
82;60
83;12
84;6
85;8
86;42
87;43
88;32
89;13
90;9
91;53
92;73
93;73
94;55
95;27
96;31
97;5
98;4
99;39
100;34
101;64
102;25
103;28
104;45
105;14
106;1
107;65
108;84
109;61
110;70
111;74
112;24
113;41
114;70
115;27
116;31
117;29
118;18
119;42
120;32
121;5
122;11
123;4
124;63
125;73
126;56
127;40
128;16
129;9
130;41
131;48
132;33
133;2
134;52
135;37
136;15
137;86
138;48
139;43
140;34
141;9
142;1
143;57
144;77
145;72
146;85
147;49
148;70
149;65
150;54
151;25
152;77
153;19
154;47
155;58
156;55
157;12
158;17
159;13
160;61
161;51
162;40
163;30
164;2
165;0
166;68
167;64
168;55
169;49
170;64
171;64
172;83
173;39
174;28
175;0
176;1
177;43
178;31
179;12
180;0
181;64
182;75
183;71
184;65
185;75
186;20
187;54
188;20
189;45
190;47
191;72
192;88
193;27
194;26
195;4
196;2
197;71
198;76
199;55
200;69
201;86
202;56
203;78
204;60
205;39
206;32
207;21
208;58
209;75
210;61
211;41
212;32
213;56
214;58
215;46
216;31
217;11
218;17
219;23
220;24
221;5
222;5
223;39
224;16
225;22
226;82
227;70
228;56
229;58
230;41
231;18
232;37
233;81
234;61
235;74
236;25
237;31
238;33
239;7
240;8
241;43
242;47
243;38
244;0
245;5
246;4
247;54
248;67
249;53
250;42
251;40
252;2
253;48
254;54
255;54
256;6
257;14
258;15
259;61
260;63
261;35
262;46
263;17
264;43
265;64
266;40
267;37
268;5
269;0
270;28
271;56
272;57
273;47
274;39
275;5
276;43
277;34
278;15
279;13
280;18
281;69
282;60
283;53
284;70
285;49
286;58
287;52
288;55
289;13
290;9
291;22
292;28
293;2
294;3
295;63
296;40
297;46
298;34
299;8
300;83
301;64
302;41
303;28
304;3
305;59
306;28
307;18
308;6
309;6
310;40
311;65
312;72
313;53
314;35
315;13
316;49
317;23
318;11
319;3
320;23
321;39
322;0
323;20
324;36
325;3
326;13
327;35
328;44
329;50
330;20
331;52
332;46
333;61
334;19
335;66
336;82
337;34
338;21
339;25
340;22
341;22
342;58
343;69
344;59
345;19
346;65
347;34
348;39
349;2
350;0
351;75
352;85
353;57
354;22
355;23
356;38
357;48
358;11
359;3
360;53
361;67
362;74
363;63
364;57
365;42
366;8
367;14
368;72
369;82
370;29
371;32
372;11
373;10
374;24
375;41
376;2
377;18
378;8
379;71
380;42
381;10
382;69
383;38
384;58
385;49
386;53
387;20
388;56
389;33
390;73
391;65
392;56
393;57
394;10
395;7
396;36
397;26
398;60
399;43
400;46
401;4
402;2
403;25
404;54
405;38
406;31
407;14
408;13
409;37
410;30
411;5
412;5
413;75
414;65
415;86
416;55
417;27
418;56
419;8
420;15
421;54
422;35
423;18
424;10
425;64
426;83
427;55
428;34
429;54
430;49
431;32
432;12
433;10
434;7
435;85
436;34
437;44
438;2
439;10
440;67
441;54
442;55
443;53
444;66
445;64
446;28
447;39
448;13
449;40
450;30
451;15
452;15
453;73
454;38
455;63
456;6
457;33
458;38
459;15
460;0
461;66
462;28
463;35
464;16
465;0
466;2
467;45
468;43
469;56
470;65
471;74
472;83
473;56
474;48
475;63
476;61
477;64
478;42
479;34
480;48
481;14
482;17
483;9
484;30
485;27
486;2
487;1
488;4
489;54
490;63
491;28
492;34
493;2
494;9
495;41
496;19
497;4
498;2
499;61
500;70
501;63
502;67
503;19
504;39
505;8
506;4
507;1
508;18
509;50
510;65
511;52
512;52
513;75
514;85
515;84
516;19
517;48
518;10
519;7
520;50
521;49
522;66
523;20
524;60
525;63
526;9
527;81
528;67
529;63
530;63
531;56
532;65
533;76
534;72
535;43
536;54
537;23
538;50
539;48
540;25
541;49
542;66
543;63
544;84
545;65
546;61
547;56
548;39
549;31
550;59
551;85
552;34
553;66
554;45
555;33
556;7
557;16
558;61
559;43
560;58
561;7
562;18
563;7
564;81
565;85
566;63
567;66
568;73
569;73
570;44
571;38
572;7
573;7
574;13
575;90
576;50
577;60
578;42
579;54
580;74
581;45
582;51
583;53
584;25
585;74
586;55
587;31
588;34
589;13
590;21
591;33
592;33
593;47
594;46
595;44
596;2
597;7
598;3
599;63
600;35
601;50
602;88
603;52
604;28
605;34
606;15
607;48
608;16
609;49
610;58
611;13
612;74
613;42
614;61
615;17
616;18
617;13
618;31
619;68
620;82
621;65
622;83
623;68
624;74
625;81
626;63
627;28
628;54
629;15
630;15
631;13
632;15
633;43
634;78
635;61
636;7
637;10
638;40
639;38
640;11
641;8
642;19
643;69
644;49
645;36
646;4
647;5
648;55
649;39
650;32
651;16
652;7
653;56
654;72
655;66
656;70
657;38
658;61
659;53
660;20
661;52
662;23
663;48
664;24
665;2
666;5
667;39
668;47
669;48
670;69
671;83
672;56
673;58
674;59
675;62
676;78
677;38
678;56
679;52
680;28
681;32
682;48
683;69
684;48
685;78
686;64
687;53
688;33
689;65
690;45
691;74
692;53
693;66
694;78
695;53
696;54
697;62
698;45
699;58
700;30
701;7
702;13
703;63
704;52
705;53
706;48
707;10
708;39
709;35
710;9
711;22
712;55
713;45
714;8
715;66
716;64
717;19
718;63
719;43
720;57
721;43
722;72
723;35
724;41
725;5
726;3
727;17
728;46
729;56
730;50
731;55
732;61
733;24
734;21
735;22
736;19
737;44
738;55
739;12
740;14
741;7
742;75
743;51
744;19
745;41
746;65
747;61
748;69
749;73
750;77
751;79
752;36
753;59
754;51
755;75
756;49
757;67
758;48
759;45
760;26
761;5
762;43
763;35
764;16
765;14
766;54
767;58
768;63
769;29
770;15
771;10
772;70
773;59
774;88
775;63
776;56
777;29
778;29
779;0
780;2
781;28
782;80
783;82
784;62
785;35
786;51
787;26
788;8
789;32
790;49
791;4
792;0
793;25
794;31
795;53
796;80
797;31
798;51
799;33
800;33
801;48
802;33
803;3
804;71
805;58
806;52
807;25
808;50
809;77
810;23
811;60
812;90
813;33
814;35
815;11
816;12
817;36
818;34
819;16
820;13
821;52
822;69
823;20
824;79
825;24
826;33
827;31
828;9
829;14
830;5
831;1
832;0
833;64
834;28
835;70
836;95
837;37
838;34
839;9
840;28
841;32
842;4
843;4
844;10
845;54
846;69
847;25
848;32
849;19
850;21
851;57
852;57
853;41
854;53
855;10
856;17
857;7
858;55
859;23
860;49
861;43
862;70
863;50
864;55
865;19
866;30
867;75
868;71
869;36
870;72
871;63
872;52
873;80
874;58
875;61
876;45
877;58
878;13
879;52
880;29
881;33
882;46
883;4
884;0
885;55
886;53
887;38
888;7
889;10
890;19
891;75
892;22
893;51
894;81
895;31
896;54
897;54
898;32
899;20
900;79
901;35
902;48
903;85
904;41
905;39
906;0
907;2
908;1
909;2
910;56
911;22
912;39
913;46
914;51
915;71
916;81
917;76
918;26
919;49
920;12
921;11
922;23
923;32
924;71
925;68
926;59
927;32
928;33
929;0
930;11
931;9
932;48
933;33
934;10
935;55
936;53
937;40
938;32
939;25
940;67
941;60
942;51
943;56
944;46
945;66
946;76
947;23
948;49
949;35
950;55
951;61
952;67
953;60
954;38
955;60
956;36
957;47
958;7
959;13
960;52
961;58
962;21
963;70
964;52
965;75
966;52
967;34
968;7
969;8
970;47
971;42
972;76
973;48
974;41
975;49
976;25
977;56
978;23
979;60
980;65
981;38
982;20
983;37
984;22
985;21
986;69
987;25
988;58
989;54
990;34
991;77
992;25
993;41
994;40
995;7
996;18
997;11
998;45
999;40
1000;0
1001;24
1002;20
1003;40
1004;48
1005;24
1006;20
1007;70
1008;68
1009;47
1010;65
1011;39
1012;35
1013;83
1014;93
1015;59
1016;22
1017;35
1018;68
1019;73
1020;23
1021;52
1022;20
1023;63
1024;61
1025;53
1026;53
1027;87
1028;63
1029;56
1030;16
1031;17
1032;15
1033;48
1034;8
1035;7
1036;44
1037;49
1038;29
1039;78
1040;65
1041;63
1042;51
1043;74
1044;57
1045;46
1046;16
1047;9
1048;53
1049;38
1050;25
1051;27
1052;5
1053;65
1054;55
1055;48
1056;70
1057;85
1058;66
1059;49
1060;63
1061;53
1062;54
1063;58
1064;32
1065;38
1066;17
1067;15
1068;4
1069;2
1070;38
1071;84
1072;92
1073;46
1074;2
1075;48
1076;10
1077;18
1078;72
1079;44
1080;31
1081;2
1082;52
1083;48
1084;48
1085;6
1086;4
1087;38
1088;66
1089;78
1090;78
1091;51
1092;28
1093;38
1094;32
1095;3
1096;15
1097;75
1098;25
1099;42
1100;7
1101;8
1102;44
1103;46
1104;3
1105;77
1106;70
1107;27
1108;13
1109;44
1110;28
1111;44
1112;33
1113;21
1114;1
1115;60
1116;92
1117;32
1118;51
1119;46
1120;48
1121;55
1122;17
1123;53
1124;56
1125;58
1126;51
1127;49
1128;33
1129;58
1130;59
1131;22
1132;57
1133;51
1134;61
1135;10
1136;65
1137;46
1138;48
1139;55
1140;33
1141;33
1142;10
1143;5
1144;53
1145;65
1146;51
1147;70
1148;35
1149;40
1150;0
1151;7
1152;77
1153;29
1154;83
1155;52
1156;47
1157;40
1158;57
1159;28
1160;55
1161;34
1162;45
1163;25
1164;25
1165;42
1166;49
1167;41
1168;79
1169;70
1170;39
1171;7
1172;8
1173;56
1174;26
1175;37
1176;28
1177;33
1178;8
1179;19
1180;60
1181;67
1182;22
1183;23
1184;42
1185;32
1186;3
1187;2
1188;40
1189;37
1190;2
1191;2
1192;85
1193;85
1194;53
1195;48
1196;48
1197;73
1198;38
1199;50
1200;73
1201;72
1202;37
1203;27
1204;52
1205;26
1206;75
1207;29
1208;49
1209;34
1210;5
1211;3
1212;0
1213;15
1214;18
1215;91
1216;34
1217;29
1218;43
1219;7
1220;30
1221;43
1222;9
1223;9
1224;14
1225;68
1226;67
1227;35
1228;19
1229;65
1230;40
1231;19
1232;88
1233;61
1234;83
1235;73
1236;88
1237;82
1238;35
1239;47
1240;42
1241;7
1242;11
1243;11
1244;47
1245;51
1246;37
1247;33
1248;5
1249;18
1250;5
1251;26
1252;62
1253;56
1254;59
1255;58
1256;43
1257;45
1258;9
1259;6
1260;48
1261;58
1262;88
1263;73
1264;41
1265;52
1266;57
1267;57
1268;53
1269;24
1270;30
1271;5
1272;5
1273;7
1274;61
1275;57
1276;22
1277;34
1278;55
1279;52
1280;83
1281;66
1282;47
1283;25
1284;58
1285;60
1286;26
1287;39
1288;52
1289;63
1290;63
1291;65
1292;40
1293;33
1294;69
1295;35
1296;64
1297;25
1298;77
1299;75
1300;60
1301;38
1302;35
1303;46
1304;33
1305;59
1306;78
1307;86
1308;52
1309;34
1310;15
1311;9
1312;53
1313;74
1314;48
1315;68
1316;33
1317;78
1318;55
1319;11
1320;60
1321;33
1322;37
1323;0
1324;16
1325;34
1326;84
1327;41
1328;68
1329;48
1330;77
1331;24
1332;57
1333;64
1334;30
1335;14
1336;17
1337;28
1338;81
1339;56
1340;42
1341;16
1342;9
1343;66
1344;21
1345;72
1346;61
1347;72
1348;63
1349;32
1350;54
1351;9
1352;11
1353;77
1354;54
1355;33
1356;25
1357;5
1358;2
1359;19
1360;79
1361;69
1362;59
1363;40
1364;44
1365;45
1366;2
1367;5
1368;22
1369;38
1370;11
1371;3
1372;52
1373;78
1374;81
1375;21
1376;66
1377;73
1378;22
1379;55
1380;24
1381;63
1382;77
1383;50
1384;61
1385;17
1386;11
1387;44
1388;88
1389;58
1390;31
1391;56
1392;77
1393;43
1394;34
1395;89
