1;45
2;34
3;9
4;13
5;63
6;87
7;57
8;64
9;66
10;71
11;44
12;4
13;16
14;17
15;3
16;29
17;52
18;72
19;21
20;49
21;57
22;25
23;22
24;23
25;49
26;56
27;39
28;9
29;14
30;17
31;9
32;58
33;45
34;37
35;47
36;74
37;23
38;60
39;58
40;28
41;70
42;76
43;64
44;66
45;21
46;72
47;57
48;80
49;70
50;40
51;56
52;54
53;68
54;51
55;43
56;49
57;58
58;59
59;22
60;43
61;19
62;20
63;66
64;22
65;34
66;13
67;7
68;6
69;41
70;21
71;64
72;80
73;71
74;62
75;79
76;35
77;42
78;1
79;17
80;71
81;71
82;70
83;80
84;65
85;73
86;19
87;37
88;53
89;68
90;54
91;36
92;17
93;18
94;50
95;25
96;59
97;75
98;25
99;56
100;35
101;67
102;84
103;29
104;49
105;40
106;13
107;8
108;11
109;71
110;48
111;66
112;63
113;20
114;25
115;39
116;59
117;55
118;52
119;52
120;31
121;27
122;11
123;8
124;18
125;71
126;69
127;57
128;89
129;66
130;48
131;62
132;59
133;59
134;80
135;51
136;53
137;52
138;56
139;12
140;9
141;10
142;73
143;47
144;63
145;70
146;72
147;68
148;53
149;57
150;13
151;11
152;78
153;69
154;52
155;40
156;39
157;17
158;71
159;51
160;22
161;59
162;51
163;45
164;38
165;6
166;15
167;17
168;81
169;61
170;67
171;48
172;66
173;30
174;63
175;53
176;66
177;67
178;72
179;50
180;23
181;43
182;56
183;67
184;65
185;67
186;59
187;74
188;27
189;42
190;4
191;7
192;3
193;71
194;41
195;44
196;11
197;1
198;58
199;92
200;48
201;54
202;57
203;31
204;52
205;67
206;26
207;39
208;18
209;6
210;32
211;31
212;15
213;15
214;6
215;80
216;70
217;66
218;28
219;7
220;18
221;32
222;76
223;39
224;65
225;19
226;40
227;33
228;2
229;55
230;41
231;20
232;19
233;21
234;3
235;10
236;74
237;66
238;58
239;64
240;55
241;35
242;21
243;7
244;69
245;57
246;22
247;22
248;30
249;21
250;40
251;33
252;6
253;14
254;50
255;24
256;24
257;21
258;64
259;66
260;31
261;29
262;17
263;1
264;69
265;68
266;56
267;67
268;49
269;34
270;36
271;0
272;25
273;49
274;68
275;52
276;11
277;30
278;28
279;2
280;17
281;66
282;66
283;39
284;50
285;76
286;21
287;22
288;74
289;78
290;50
291;31
292;50
293;17
294;11
295;59
296;64
297;16
298;13
299;65
300;72
301;26
302;58
303;50
304;34
305;74
306;19
307;69
308;65
309;72
310;22
311;21
312;42
313;40
314;71
315;96
316;19
317;60
318;31
319;56
320;15
321;14
322;18
323;64
324;42
325;13
326;6
327;71
328;51
329;90
330;24
331;72
332;69
333;34
334;76
335;49
336;60
337;24
338;86
339;42
340;10
341;30
342;57
343;37
344;70
345;68
346;30
347;61
348;22
349;40
350;72
351;53
352;36
353;60
354;18
355;13
356;11
357;57
358;73
359;30
360;87
361;28
362;53
363;68
364;69
365;26
366;35
367;55
368;55
369;60
370;80
371;60
372;64
373;39
374;19
375;27
376;50
377;10
378;80
379;41
380;32
381;15
382;38
383;39
384;38
385;6
386;85
387;56
388;66
389;56
390;38
391;67
392;72
393;72
394;69
395;83
396;64
397;72
398;28
399;32
400;4
401;9
402;49
403;32
404;14
405;6
406;12
407;51
408;27
409;50
410;7
411;18
412;38
413;54
414;66
415;70
416;25
417;36
418;68
419;50
420;54
421;41
422;61
423;30
424;29
425;12
426;4
427;37
428;33
429;11
430;58
431;55
432;13
433;13
434;69
435;84
436;45
437;63
438;24
439;21
440;1
441;3
442;3
443;56
444;63
445;11
446;10
447;68
448;35
449;29
450;12
451;68
452;38
453;52
454;60
455;71
456;58
457;55
458;49
459;37
460;72
461;63
462;49
463;45
464;21
465;60
466;80
467;72
468;54
469;35
470;85
471;55
472;72
473;60
474;34
475;53
476;15
477;11
478;16
479;82
480;71
481;41
482;74
483;60
484;51
485;57
486;63
487;87
488;38
489;43
490;18
491;42
492;25
493;77
494;56
495;78
496;77
497;56
498;52
499;52
500;56
501;81
502;86
503;47
504;20
505;38
506;18
507;3
508;53
509;67
510;41
511;35
512;18
513;8
514;44
515;22
516;57
517;25
518;82
519;19
520;24
521;51
522;53
523;71
524;58
525;87
526;44
527;55
528;74
529;71
530;22
531;44
532;36
533;9
534;13
535;82
536;52
537;71
538;60
539;12
540;48
541;65
542;27
543;33
544;0
545;9
546;61
547;40
548;69
549;74
550;47
551;79
552;36
553;68
554;76
555;58
556;48
557;60
558;73
559;56
560;78
561;76
562;50
563;80
564;41
565;24
566;47
567;13
568;5
569;87
570;72
571;48
572;60
573;24
574;87
575;46
576;25
577;28
578;79
579;49
580;87
581;44
582;67
583;71
584;32
585;57
586;30
587;69
588;64
589;42
590;4
591;11
592;58
593;26
594;53
595;54
596;41
597;52
598;58
599;22
600;24
601;2
602;13
603;69
604;69
605;67
606;60
607;31
608;68
609;72
610;62
611;76
612;23
613;42
614;25
615;25
616;30
617;31
618;30
619;56
620;15
621;12
622;85
623;44
624;36
625;49
626;12
627;17
628;36
629;20
630;11
631;4
632;0
633;70
634;80
635;82
636;63
637;69
638;53
639;67
640;34
641;11
642;17
643;50
644;67
645;56
646;66
647;38
648;37
649;3
650;14
651;2
652;47
653;92
654;58
655;60
656;55
657;69
658;48
659;49
660;72
661;90
662;36
663;32
664;48
665;66
666;67
667;48
668;59
669;73
670;80
671;74
672;53
673;54
674;41
675;36
676;24
677;53
678;72
679;70
680;63
681;60
682;11
683;14
684;42
685;54
686;87
687;55
688;68
689;69
690;28
691;38
692;3
693;0
694;70
695;22
696;80
697;59
698;48
699;37
700;11
701;12
702;43
703;70
704;82
705;28
706;5
707;66
708;36
709;67
710;62
711;25
712;26
713;38
714;8
715;3
716;3
717;69
718;31
719;21
720;65
721;36
722;53
723;54
724;23
725;26
726;34
727;4
728;9
729;55
730;61
731;55
732;71
733;66
734;59
735;61
736;77
737;54
738;48
739;88
740;72
741;21
742;20
743;40
744;33
745;61
746;15
747;49
748;50
749;8
750;6
751;54
752;24
753;56
754;20
755;29
756;55
757;89
758;34
759;29
760;51
761;16
762;9
763;41
764;26
765;12
766;1
767;61
768;47
769;50
770;21
771;30
772;24
773;73
774;81
775;31
776;49
777;17
778;8
779;84
780;70
781;57
782;38
783;55
784;54
785;71
786;65
787;30
788;91
789;75
790;59
791;54
792;46
793;43
794;33
795;16
796;7
797;70
798;74
799;84
800;42
801;55
802;38
803;38
804;57
805;68
806;69
807;72
808;75
809;60
810;46
811;44
812;10
813;6
814;43
815;49
816;0
817;3
818;64
819;65
820;21
821;22
822;72
823;54
824;63
825;53
826;49
827;81
828;24
829;73
830;62
831;51
832;81
833;72
834;67
835;59
836;52
837;75
838;31
839;68
840;70
841;62
842;25
843;47
844;87
845;56
846;51
847;65
848;93
849;49
850;26
851;37
852;7
853;65
854;40
855;48
856;15
857;61
858;53
859;75
860;76
861;40
862;21
863;34
864;39
865;12
866;7
867;14
868;51
869;43
870;40
871;14
872;11
873;69
874;76
875;72
876;57
877;65
878;74
879;47
880;39
881;40
882;13
883;17
884;39
885;68
886;44
887;1
888;9
889;1
890;35
891;57
892;76
893;62
894;20
895;35
896;69
897;50
898;54
899;24
900;51
901;19
902;64
903;30
904;7
905;15
906;82
907;28
908;71
909;44
910;51
911;46
912;51
913;6
914;6
915;33
916;24
917;13
918;5
919;34
920;47
921;8
922;48
923;76
924;46
925;37
926;8
927;14
928;58
929;13
930;6
931;74
932;60
933;57
934;50
935;48
936;88
937;26
938;30
939;14
940;42
941;25
942;69
943;72
944;69
945;76
946;64
947;76
948;71
949;55
950;59
951;13
952;13
953;35
954;50
955;68
956;25
957;58
958;36
959;7
960;10
961;15
962;64
963;36
964;9
965;18
966;10
967;56
968;47
969;25
970;42
971;47
972;54
973;34
974;68
975;19
976;45
977;44
978;9
979;8
980;50
981;64
982;29
983;22
984;61
985;24
986;32
987;26
988;35
989;28
990;87
991;66
992;82
993;57
994;71
995;32
996;38
997;14
998;17
999;69
1000;61
1001;78
1002;42
1003;12
1004;13
1005;80
1006;83
1007;73
1008;96
1009;69
1010;86
1011;19
1012;57
1013;51
1014;54
1015;91
1016;34
1017;30
1018;8
1019;10
1020;44
1021;22
1022;41
1023;25
1024;27
1025;28
1026;24
1027;6
1028;52
1029;39
1030;48
1031;37
1032;64
1033;66
1034;80
1035;76
1036;22
1037;60
1038;54
1039;25
1040;67
1041;20
1042;22
1043;28
1044;26
1045;62
1046;74
1047;48
1048;35
1049;14
1050;7
1051;75
1052;84
1053;78
1054;56
1055;90
1056;21
1057;76
1058;38
1059;45
1060;9
1061;13
1062;57
1063;35
1064;46
1065;0
1066;14
1067;25
1068;60
1069;71
1070;41
1071;73
1072;63
1073;83
1074;54
1075;37
1076;38
1077;3
1078;2
1079;67
1080;53
1081;89
1082;88
1083;80
1084;84
1085;66
1086;78
1087;56
1088;19
1089;48
1090;84
1091;35
1092;85
1093;54
1094;34
1095;50
1096;26
1097;40
1098;41
1099;75
1100;37
1101;45
1102;55
1103;50
1104;60
1105;52
1106;21
1107;24
1108;4
1109;4
1110;37
1111;43
1112;58
1113;51
1114;68
1115;71
1116;60
1117;47
1118;42
1119;21
1120;1
1121;1
1122;69
1123;68
1124;60
1125;50
1126;76
1127;35
1128;68
1129;79
1130;69
1131;23
1132;24
1133;87
1134;42
1135;40
1136;34
1137;45
1138;13
1139;8
1140;38
1141;21
1142;60
1143;42
1144;72
1145;68
1146;60
1147;48
1148;39
1149;56
1150;6
1151;10
1152;88
1153;23
1154;66
1155;22
1156;19
1157;38
1158;50
1159;19
1160;55
1161;58
1162;69
1163;59
1164;51
1165;63
1166;7
1167;67
1168;38
1169;43
1170;4
1171;0
1172;72
1173;77
1174;46
1175;55
1176;49
1177;38
1178;6
1179;17
1180;55
1181;24
1182;66
1183;74
1184;71
1185;88
1186;29
1187;41
1188;52
1189;74
1190;51
1191;68
1192;69
1193;54
1194;27
1195;42
1196;43
1197;3
1198;7
1199;49
1200;71
1201;75
1202;90
1203;89
1204;82
1205;28
1206;75
1207;63
1208;79
1209;57
1210;72
1211;55
1212;61
1213;36
1214;23
1215;4
1216;38
1217;11
1218;0
1219;70
1220;36
1221;58
1222;47
1223;23
1224;77
1225;61
1226;42
1227;45
