1;68
2;24
3;44
4;60
5;49
6;41
7;15
8;13
9;47
10;31
11;37
12;17
13;28
14;51
15;83
16;30
17;32
18;10
19;72
20;47
21;34
22;41
23;74
24;30
25;33
26;15
27;33
28;20
29;22
30;20
31;54
32;54
33;46
34;74
35;58
36;45
37;29
38;27
39;28
40;2
41;6
42;86
43;61
44;23
45;45
46;9
47;3
48;50
49;38
50;8
51;13
52;41
53;61
54;10
55;8
56;34
57;25
58;60
59;34
60;42
61;48
62;48
63;13
64;13
65;88
66;55
67;23
68;7
69;11
70;83
71;25
72;64
73;66
74;50
75;70
76;23
77;54
78;24
79;47
80;46
81;14
82;6
83;68
84;65
85;56
86;27
87;46
88;47
89;34
90;43
91;12
92;35
93;49
94;30
95;47
96;15
97;74
98;35
99;54
100;23
101;61
102;28
103;26
104;0
105;1
106;8
107;60
108;83
109;40
110;33
111;1
112;1
113;47
114;37
115;0
116;18
117;41
118;28
119;10
120;70
121;62
122;21
123;25
124;32
125;29
126;11
127;79
128;22
129;68
130;24
131;42
132;32
133;15
134;15
135;12
136;34
137;37
138;15
139;12
140;55
141;25
142;20
143;87
144;65
145;56
146;91
147;26
148;39
149;0
150;9
151;49
152;69
153;25
154;41
155;27
156;29
157;67
158;64
159;52
160;34
161;21
162;8
163;1
164;59
165;61
166;50
167;31
168;14
169;15
170;43
171;73
172;69
173;28
174;68
175;88
176;70
177;34
178;39
179;7
180;5
181;31
182;12
183;14
184;54
185;24
186;24
187;59
188;53
189;65
190;75
191;37
192;35
193;17
194;56
195;25
196;71
197;44
198;36
199;9
200;14
201;13
202;14
203;51
204;49
205;8
206;17
207;44
208;11
209;33
210;31
211;19
212;46
213;36
214;10
215;35
216;24
217;2
218;3
219;42
220;37
221;14
222;4
223;68
224;31
225;41
226;40
227;41
228;51
229;15
230;37
231;16
232;92
233;54
234;39
235;31
236;2
237;2
238;4
239;50
240;32
241;14
242;14
243;53
244;19
245;32
246;60
247;40
248;44
249;45
250;49
251;11
252;17
253;25
254;35
255;36
256;13
257;15
258;8
259;66
260;66
261;77
262;27
263;41
264;4
265;33
266;45
267;8
268;14
269;31
270;66
271;68
272;36
273;42
274;2
275;66
276;29
277;57
278;64
279;50
280;62
281;12
282;16
283;63
284;65
285;45
286;25
287;4
288;10
289;35
290;48
291;4
292;12
293;74
294;29
295;43
296;32
297;14
298;18
299;72
300;80
301;23
302;75
303;19
304;57
305;56
306;64
307;57
308;67
309;66
310;28
311;37
312;56
313;9
314;63
315;8
316;14
317;82
318;65
319;68
320;51
321;79
322;52
323;42
324;49
325;13
326;13
327;47
328;61
329;16
330;8
331;46
332;49
333;76
334;35
335;29
336;15
337;11
338;56
339;47
340;17
341;62
342;86
343;39
344;44
345;51
346;33
347;22
348;44
349;41
350;75
351;48
352;34
353;22
354;73
355;69
356;22
357;20
358;40
359;37
360;11
361;4
362;65
363;51
364;38
365;54
366;10
367;14
368;62
369;66
370;65
371;53
372;44
373;45
374;2
375;13
376;4
377;31
378;34
379;38
380;2
381;5
382;2
383;84
384;32
385;32
386;4
387;4
388;2
389;33
390;37
391;15
392;11
393;54
394;15
395;11
396;64
397;71
398;46
399;86
400;72
401;61
402;63
403;60
404;25
405;19
406;43
407;41
408;34
409;14
410;13
411;45
412;52
413;15
414;44
415;78
416;78
417;60
418;91
419;59
420;21
421;47
422;48
423;1
424;0
425;79
426;64
427;31
428;31
429;11
430;12
431;59
432;43
433;53
434;60
435;17
436;84
437;51
438;40
439;38
440;42
441;37
442;13
443;26
444;21
445;58
446;36
447;11
448;6
449;39
450;48
451;15
452;63
453;56
454;74
455;32
456;51
457;10
458;29
459;47
460;8
461;14
462;11
463;10
464;39
465;34
466;17
467;9
468;84
469;38
470;21
471;3
472;2
473;29
474;22
475;4
476;60
477;41
478;16
479;11
480;14
481;78
482;49
483;28
484;15
485;22
486;66
487;48
488;15
489;12
490;76
491;22
492;44
493;47
494;48
495;48
496;64
497;30
498;48
499;43
500;49
501;9
502;2
503;30
504;31
505;11
506;18
507;22
508;24
509;25
510;64
511;75
512;49
513;42
514;9
515;14
516;25
517;33
518;0
519;12
520;2
521;4
522;18
523;65
524;28
525;78
526;58
527;46
528;58
529;10
530;60
531;48
532;47
533;56
534;62
535;14
536;7
537;16
538;81
539;58
540;46
541;11
542;15
543;29
544;48
545;39
546;37
547;4
548;5
549;39
550;46
551;21
552;42
553;38
554;12
555;54
556;68
557;25
558;24
559;44
560;22
561;22
562;75
563;64
564;49
565;57
566;37
567;28
568;8
569;9
570;51
571;57
572;53
573;55
574;7
575;7
576;12
577;25
578;19
579;91
580;47
581;25
582;23
583;70
584;47
585;40
586;50
587;80
588;37
589;13
590;35
591;60
592;13
593;10
594;63
595;32
596;12
597;10
598;83
599;31
600;53
601;54
602;6
603;12
604;82
605;26
606;75
607;25
608;20
609;13
610;51
611;45
612;42
613;11
614;4
615;42
616;28
617;16
618;8
619;57
620;47
621;8
622;12
623;39
624;25
625;1
626;4
627;63
628;53
629;18
630;40
631;42
632;3
633;17
634;0
635;7
636;54
637;59
638;23
639;69
640;57
641;72
642;51
643;43
644;16
645;16
646;76
647;40
648;62
649;36
650;11
651;52
652;78
653;56
654;60
655;40
656;33
657;13
658;7
659;39
660;49
661;12
662;15
663;61
664;59
665;39
666;47
667;17
668;7
669;16
670;57
671;59
672;48
673;75
674;21
675;22
676;24
677;23
678;87
679;45
680;49
681;31
682;62
683;50
684;30
685;53
686;68
687;39
688;43
689;6
690;3
691;33
692;44
693;9
694;12
695;79
696;73
697;27
698;66
699;57
700;46
701;32
702;36
703;46
704;90
705;34
706;33
707;4
708;71
709;81
710;21
711;22
712;70
713;73
714;38
715;19
716;70
717;35
718;35
719;39
720;3
721;60
722;43
723;29
724;17
725;18
726;75
727;82
728;37
729;35
730;10
731;3
732;19
733;33
734;28
735;37
736;55
737;18
738;17
739;75
740;22
741;36
742;42
743;7
744;6
745;29
746;34
747;18
748;31
749;17
750;58
751;11
752;55
753;36
754;56
755;70
756;78
757;52
758;21
759;77
760;54
761;73
762;74
763;28
764;27
765;25
766;17
767;9
768;10
769;75
770;71
771;69
772;80
773;67
774;45
775;74
776;70
777;55
778;30
779;40
780;6
781;18
782;18
783;42
784;46
785;47
786;11
787;7
788;4
789;42
790;29
791;3
792;33
793;43
794;38
795;24
796;75
797;70
798;55
799;41
800;46
801;3
802;18
803;75
804;79
805;53
806;50
807;20
808;58
809;57
810;19
811;39
812;5
813;1
814;30
815;39
816;35
817;10
818;10
819;33
820;58
821;75
822;72
823;86
824;69
825;61
826;13
827;32
828;31
829;41
830;1
831;9
832;52
833;48
834;8
835;13
836;15
837;30
838;31
839;17
840;9
841;56
842;52
843;22
844;66
845;22
846;55
847;73
848;55
849;58
850;34
851;6
852;17
853;65
854;64
855;74
856;31
857;66
858;59
859;19
860;21
861;23
862;52
863;56
864;28
865;34
866;1
867;51
868;32
869;8
870;8
871;49
872;25
873;9
874;40
875;29
876;15
877;11
878;13
879;71
880;74
881;40
882;44
883;17
884;4
885;48
886;53
887;52
888;10
889;10
890;14
891;29
892;34
893;18
894;6
895;43
896;38
897;14
898;9
899;45
900;26
901;14
902;3
903;54
904;37
905;49
906;59
907;40
908;12
909;14
910;61
911;21
912;67
913;54
914;26
915;25
916;15
917;41
918;30
919;1
920;0
921;24
922;46
923;53
924;9
925;11
926;28
927;22
928;55
929;44
930;79
931;47
932;25
933;4
934;2
935;37
936;44
937;3
938;0
939;44
940;53
941;41
942;42
943;17
944;16
945;51
946;61
947;19
948;67
949;53
950;74
951;50
952;19
953;23
954;78
955;52
956;54
957;53
958;43
959;15
960;6
961;48
962;59
963;35
964;30
965;30
966;13
967;3
968;33
969;34
970;13
971;7
972;74
973;80
974;33
975;44
976;4
977;62
978;19
979;28
980;35
981;9
982;5
983;27
984;43
985;34
986;0
987;4
988;67
989;25
990;72
991;44
992;79
993;35
994;56
995;11
996;16
997;31
998;3
999;55
1000;16
1001;52
1002;64
1003;22
1004;41
1005;1
1006;0
1007;71
1008;57
1009;85
1010;73
1011;46
1012;31
1013;45
1014;8
1015;17
1016;50
1017;39
1018;12
1019;6
1020;36
1021;20
1022;17
1023;5
1024;63
1025;39
1026;15
1027;7
1028;58
1029;7
1030;9
1031;44
1032;74
1033;53
1034;62
1035;38
1036;43
1037;8
1038;3
1039;47
1040;53
1041;45
1042;21
1043;42
1044;1
1045;13
1046;68
1047;25
1048;76
1049;24
1050;22
1051;34
1052;32
1053;63
1054;28
1055;10
1056;16
1057;8
1058;33
1059;41
1060;32
1061;10
1062;14
1063;60
1064;47
1065;47
1066;27
1067;15
1068;51
1069;36
1070;50
1071;52
1072;14
1073;25
1074;70
1075;21
1076;47
1077;2
1078;5
1079;66
1080;53
1081;26
1082;41
1083;8
1084;2
1085;75
1086;31
1087;10
1088;68
1089;56
1090;36
1091;32
1092;53
1093;62
1094;30
1095;31
1096;11
1097;3
1098;30
1099;13
1100;50
1101;71
1102;47
1103;22
1104;31
1105;62
1106;89
1107;20
1108;82
1109;48
1110;58
1111;81
1112;38
1113;21
1114;13
1115;5
1116;40
1117;62
1118;66
1119;81
1120;75
1121;62
1122;82
1123;57
1124;75
1125;69
1126;26
1127;31
1128;2
1129;5
1130;26
1131;30
1132;2
1133;16
1134;4
1135;55
1136;52
1137;62
1138;60
1139;61
1140;50
1141;57
1142;26
1143;84
1144;30
1145;41
1146;10
1147;6
1148;11
1149;50
1150;61
1151;71
1152;77
1153;49
1154;42
1155;17
1156;11
1157;39
1158;31
1159;3
1160;16
1161;2
1162;62
1163;44
1164;40
1165;39
1166;63
1167;53
1168;62
1169;52
1170;32
1171;33
1172;18
1173;11
1174;49
1175;64
1176;41
1177;44
1178;4
1179;5
1180;47
1181;33
1182;13
1183;13
1184;47
1185;27
1186;9
1187;72
1188;48
1189;67
1190;71
1191;37
1192;38
1193;0
1194;3
1195;3
1196;74
1197;47
1198;22
1199;5
1200;3
1201;3
1202;39
1203;40
1204;14
1205;10
1206;44
1207;37
1208;1
1209;43
1210;6
1211;48
1212;46
1213;40
1214;28
1215;83
1216;63
1217;54
1218;62
1219;84
1220;61
1221;43
1222;48
1223;11
1224;38
1225;69
1226;59
1227;55
1228;23
1229;51
1230;53
1231;38
1232;50
1233;44
1234;11
1235;24
1236;74
1237;21
1238;75
1239;21
1240;71
1241;43
1242;44
1243;1
1244;0
1245;9
1246;79
1247;51
1248;62
1249;54
1250;45
1251;57
1252;16
1253;78
1254;59
1255;16
1256;9
1257;65
1258;35
1259;45
1260;50
1261;63
1262;7
1263;9
1264;34
1265;46
1266;17
1267;75
1268;78
1269;27
1270;42
1271;6
1272;16
1273;60
1274;64
1275;42
1276;51
1277;59
1278;18
1279;7
1280;33
1281;64
1282;16
1283;16
1284;54
1285;49
1286;9
1287;8
1288;48
1289;41
1290;2
1291;28
1292;40
1293;48
1294;14
1295;72
1296;31
1297;6
1298;52
1299;59
1300;52
1301;18
1302;8
1303;40
1304;23
1305;29
1306;32
1307;49
1308;18
1309;17
1310;49
1311;25
1312;3
1313;0
1314;47
1315;83
1316;48
1317;52
1318;71
1319;58
1320;50
1321;7
1322;50
1323;33
1324;57
1325;64
1326;48
1327;12
1328;12
1329;28
1330;67
1331;46
1332;38
1333;39
1334;4
1335;16
1336;55
1337;35
1338;60
1339;29
1340;48
1341;13
1342;10
1343;49
1344;32
1345;16
1346;14
1347;14
1348;31
1349;66
1350;19
1351;40
1352;22
1353;20
1354;25
1355;54
1356;79
1357;81
1358;53
1359;76
1360;64
1361;55
1362;47
1363;36
1364;7
1365;13
1366;62
1367;40
1368;61
1369;66
1370;54
1371;62
1372;55
1373;84
1374;81
1375;54
1376;76
1377;56
1378;50
1379;79
1380;39
1381;80
1382;69
1383;30
1384;32
1385;15
1386;6
1387;12
1388;46
1389;30
1390;10
1391;6
1392;6
1393;38
1394;31
1395;16
1396;68
1397;29
1398;29
1399;37
1400;17
1401;2
1402;59
1403;63
1404;53
1405;45
1406;46
1407;43
1408;14
1409;11
1410;35
1411;59
1412;48
1413;40
1414;13
1415;2
1416;50
1417;40
1418;44
1419;34
1420;2
1421;13
1422;51
1423;48
1424;50
1425;27
1426;13
1427;9
1428;76
1429;56
1430;55
1431;55
1432;52
1433;51
1434;8
1435;14
1436;13
1437;58
1438;33
1439;9
1440;14
1441;26
1442;63
1443;41
1444;14
1445;55
1446;78
1447;52
1448;42
1449;52
1450;11
1451;17
1452;49
1453;7
1454;57
1455;35
1456;17
1457;17
1458;15
1459;29
1460;27
1461;14
1462;0
1463;36
1464;27
1465;9
1466;6
1467;6
1468;64
1469;35
1470;94
1471;76
1472;66
1473;83
1474;44
1475;30
1476;5
1477;18
1478;40
1479;48
1480;4
1481;13
1482;57
1483;61
1484;18
1485;68
1486;55
1487;83
1488;42
1489;43
1490;4
1491;2
1492;28
1493;32
1494;46
1495;12
1496;10
1497;64
1498;69
1499;42
1500;8
1501;9
1502;54
1503;74
1504;19
1505;28
1506;4
1507;62
1508;19
1509;31
1510;59
1511;18
1512;48
1513;82
1514;29
1515;39
1516;18
1517;9
1518;16
1519;35
1520;60
1521;14
1522;64
1523;40
1524;6
1525;14
1526;60
1527;60
1528;40
1529;63
1530;8
1531;18
1532;51
1533;20
1534;28
1535;87
1536;24
1537;55
1538;74
1539;38
1540;29
1541;11
1542;2
1543;48
1544;53
1545;82
1546;53
1547;79
1548;19
1549;19
1550;43
1551;54
1552;19
1553;45
1554;37
1555;17
1556;16
1557;22
1558;49
1559;50
1560;11
1561;71
1562;75
1563;53
1564;72
1565;25
1566;61
1567;35
1568;50
1569;42
1570;15
1571;15
1572;50
1573;56
1574;32
1575;36
1576;15
1577;45
1578;33
1579;28
1580;44
1581;10
1582;0
1583;2
1584;25
1585;20
1586;53
1587;70
1588;44
1589;46
1590;4
1591;3
1592;8
1593;48
1594;50
1595;59
1596;35
1597;52
1598;68
1599;64
1600;84
1601;54
1602;7
1603;57
1604;11
1605;15
1606;51
1607;56
1608;8
1609;39
1610;40
1611;15
1612;8
1613;15
1614;38
1615;56
1616;14
1617;60
1618;39
1619;17
1620;10
1621;6
1622;47
1623;27
1624;12
1625;9
1626;47
1627;19
1628;24
1629;52
1630;19
1631;54
1632;53
1633;60
1634;71
1635;36
1636;36
1637;85
1638;48
1639;51
1640;36
1641;58
1642;21
1643;79
1644;69
1645;47
1646;47
1647;6
1648;11
1649;75
1650;60
1651;68
1652;70
1653;56
1654;52
1655;34
1656;37
1657;40
1658;4
1659;11
1660;56
1661;26
1662;14
1663;6
1664;64
1665;17
1666;7
1667;35
1668;45
1669;5
1670;62
1671;86
1672;67
1673;81
1674;37
1675;39
1676;3
1677;6
1678;46
1679;56
1680;9
1681;8
1682;53
1683;64
1684;62
1685;12
1686;13
1687;43
1688;37
1689;14
1690;17
1691;35
1692;38
1693;15
1694;17
1695;61
1696;66
1697;89
1698;37
1699;20
1700;37
1701;13
1702;9
1703;44
1704;64
1705;6
1706;6
1707;30
1708;46
1709;4
1710;8
1711;33
1712;60
1713;58
1714;65
1715;76
1716;63
1717;21
1718;60
1719;47
1720;33
1721;35
1722;13
1723;17
1724;67
1725;22
1726;63
1727;64
1728;10
1729;13
1730;41
1731;60
1732;31
1733;33
1734;48
1735;1
1736;5
1737;84
1738;59
1739;20
1740;84
1741;54
1742;54
1743;43
1744;40
1745;49
1746;8
1747;7
1748;50
1749;51
1750;79
1751;77
1752;68
1753;67
1754;35
1755;48
1756;18
1757;6
1758;35
1759;49
1760;11
1761;56
1762;21
1763;60
1764;66
1765;67
1766;80
1767;20
1768;40
1769;79
1770;43
1771;59
1772;9
1773;10
1774;56
1775;59
1776;57
1777;30
1778;45
1779;44
1780;7
1781;7
1782;9
1783;64
1784;58
1785;52
1786;51
1787;33
1788;73
1789;39
1790;43
1791;18
1792;12
1793;21
1794;53
1795;22
1796;33
1797;48
1798;62
1799;23
1800;46
1801;32
1802;29
1803;0
1804;8
1805;73
1806;71
1807;44
1808;53
1809;17
1810;10
1811;32
1812;63
1813;53
1814;71
1815;47
1816;36
1817;9
1818;28
1819;50
1820;22
1821;26
1822;87
1823;33
1824;27
1825;28
1826;21
1827;35
1828;16
1829;14
1830;61
1831;33
1832;37
1833;16
1834;8
1835;72
1836;43
1837;46
1838;77
1839;92
1840;30
1841;76
1842;59
1843;68
1844;68
1845;78
1846;21
1847;44
1848;27
1849;38
1850;12
1851;14
1852;45
1853;62
1854;21
1855;76
1856;72
1857;26
1858;44
1859;32
1860;9
1861;60
1862;67
1863;44
1864;82
1865;62
1866;68
1867;60
1868;32
1869;11
1870;8
1871;60
1872;14
1873;18
1874;56
1875;27
1876;27
1877;2
1878;4
1879;77
1880;39
1881;41
1882;8
1883;16
1884;31
1885;38
1886;1
1887;14
1888;31
1889;41
1890;16
1891;56
1892;60
1893;27
1894;44
1895;3
1896;4
1897;76
1898;56
1899;48
1900;32
1901;16
1902;16
1903;32
1904;34
1905;4
1906;0
1907;46
1908;58
1909;26
1910;34
1911;13
1912;11
1913;87
1914;34
1915;33
1916;10
1917;1
1918;47
1919;35
1920;14
1921;13
1922;38
1923;33
1924;49
1925;55
1926;9
1927;6
1928;17
1929;50
1930;61
1931;70
1932;58
1933;30
1934;87
1935;48
1936;51
1937;61
1938;18
1939;6
1940;9
1941;76
1942;42
1943;59
1944;32
1945;30
1946;9
1947;15
1948;42
1949;41
1950;12
1951;24
1952;33
1953;1
1954;1
1955;44
1956;27
1957;39
1958;9
1959;2
1960;9
1961;42
1962;62
1963;94
1964;61
1965;10
1966;72
1967;58
1968;30
1969;63
1970;11
1971;7
1972;6
1973;13
1974;22
1975;76
1976;44
1977;23
1978;80
1979;72
1980;49
1981;40
1982;52
1983;39
1984;32
1985;2
1986;57
1987;20
1988;64
1989;48
1990;54
1991;26
1992;42
1993;2
1994;19
1995;58
1996;32
1997;30
1998;16
1999;2
2000;28
2001;24
2002;5
2003;2
2004;47
2005;44
2006;1
2007;13
2008;31
2009;36
2010;9
2011;8
2012;77
2013;65
2014;62
2015;71
2016;55
2017;6
2018;10
2019;71
2020;48
2021;35
2022;61
2023;31
2024;9
2025;42
2026;27
2027;16
2028;8
2029;36
2030;29
2031;23
2032;58
2033;54
2034;34
2035;33
2036;35
2037;5
2038;9
2039;45
2040;64
2041;26
2042;63
2043;42
2044;45
2045;6
2046;12
2047;30
2048;41
2049;64
2050;10
2051;17
2052;6
2053;24
2054;64
2055;32
2056;44
2057;30
2058;7
2059;13
2060;37
2061;66
2062;48
2063;46
2064;39
2065;45
2066;2
2067;39
2068;40
2069;1
2070;8
2071;4
2072;34
2073;41
2074;50
2075;18
2076;6
2077;14
2078;53
2079;31
2080;18
2081;12
2082;64
2083;45
2084;26
2085;42
2086;40
2087;17
2088;16
2089;67
2090;53
2091;47
2092;34
2093;6
2094;12
2095;37
2096;39
2097;2
2098;2
2099;53
2100;53
2101;17
2102;10
2103;45
2104;36
2105;52
2106;62
2107;57
2108;21
2109;68
2110;59
2111;56
2112;79
2113;65
2114;69
2115;47
2116;73
2117;65
2118;59
2119;29
2120;28
2121;7
2122;51
2123;56
2124;8
2125;10
2126;60
2127;53
2128;27
2129;40
2130;1
2131;2
2132;60
2133;45
2134;62
2135;52
2136;71
2137;28
2138;19
2139;23
2140;44
2141;54
2142;24
2143;64
2144;28
2145;38
2146;6
2147;17
2148;17
2149;36
2150;40
2151;53
2152;75
2153;45
2154;45
2155;11
2156;47
2157;73
2158;65
2159;45
2160;10
2161;27
2162;27
2163;46
2164;6
2165;14
2166;44
2167;24
2168;52
2169;51
2170;40
2171;17
2172;13
2173;17
2174;33
2175;68
2176;31
2177;33
2178;14
2179;6
2180;9
2181;77
2182;26
2183;84
2184;61
2185;86
2186;84
2187;66
2188;64
2189;47
2190;26
2191;51
2192;45
2193;34
2194;22
2195;23
2196;70
2197;58
2198;53
2199;21
2200;37
2201;52
2202;12
2203;61
2204;59
2205;71
2206;51
2207;60
2208;64
2209;42
2210;35
2211;9
2212;9
2213;7
2214;12
2215;65
2216;50
2217;35
2218;31
2219;4
2220;69
2221;58
2222;39
2223;10
2224;18
2225;36
2226;65
2227;71
2228;95
2229;47
2230;55
2231;62
2232;57
2233;86
2234;56
2235;49
2236;36
2237;12
2238;6
2239;16
2240;32
2241;27
2242;9
2243;9
2244;27
2245;55
2246;78
2247;51
2248;70
2249;21
2250;23
2251;65
2252;43
2253;33
2254;21
2255;43
2256;9
2257;1
2258;40
2259;96
2260;70
2261;48
2262;46
2263;9
2264;14
2265;59
2266;32
2267;17
2268;10
2269;40
2270;29
2271;4
2272;25
2273;21
2274;40
2275;60
2276;47
2277;60
2278;22
2279;64
2280;20
2281;69
2282;24
2283;26
2284;72
2285;39
2286;19
2287;47
2288;60
2289;57
2290;40
2291;11
2292;10
2293;31
2294;38
2295;5
2296;0
2297;30
2298;62
2299;11
2300;8
2301;19
2302;34
2303;40
2304;40
2305;14
2306;6
2307;24
2308;56
2309;31
2310;29
2311;36
2312;0
2313;74
2314;49
2315;49
2316;22
2317;21
2318;53
2319;52
2320;55
2321;16
2322;19
2323;57
2324;53
2325;58
2326;52
2327;22
2328;33
2329;68
2330;54
2331;52
2332;41
2333;25
2334;66
2335;58
2336;66
2337;46
2338;44
2339;10
2340;18
2341;20
2342;21
2343;2
2344;39
2345;43
2346;7
2347;18
2348;18
2349;35
2350;64
2351;39
2352;87
2353;35
2354;53
2355;13
2356;6
2357;49
2358;33
2359;33
2360;17
2361;16
2362;65
2363;64
2364;52
2365;33
2366;39
2367;37
2368;3
2369;4
2370;3
2371;71
2372;42
2373;62
2374;68
2375;89
2376;53
2377;36
2378;45
2379;4
2380;0
2381;52
2382;46
2383;6
2384;6
2385;43
2386;38
2387;9
2388;3
2389;45
2390;54
2391;13
2392;53
2393;70
2394;54
2395;72
2396;67
2397;60
2398;55
2399;41
2400;46
2401;11
2402;7
2403;13
2404;12
2405;46
2406;61
2407;14
2408;18
2409;49
2410;34
2411;39
2412;6
2413;4
2414;5
2415;29
2416;46
2417;13
2418;14
2419;18
2420;32
2421;20
2422;62
2423;47
2424;74
2425;19
2426;51
2427;72
2428;42
2429;34
2430;6
2431;13
2432;66
2433;89
2434;20
2435;69
2436;45
2437;43
2438;39
2439;16
2440;0
2441;26
2442;44
2443;17
2444;16
2445;15
2446;39
2447;40
2448;17
2449;35
2450;38
2451;9
2452;13
2453;36
2454;4
2455;12
2456;44
2457;32
2458;5
2459;5
2460;9
2461;3
2462;76
2463;64
2464;67
2465;27
2466;35
2467;55
2468;79
2469;65
2470;45
2471;25
2472;2
2473;20
2474;61
2475;56
2476;67
2477;19
2478;59
2479;58
2480;76
2481;64
2482;83
2483;78
2484;90
2485;51
2486;47
2487;17
2488;15
2489;14
2490;29
2491;35
2492;5
2493;2
2494;69
2495;55
2496;18
2497;42
2498;41
2499;52
2500;7
2501;7
2502;53
2503;54
2504;63
2505;64
2506;70
2507;56
2508;84
2509;71
2510;60
2511;48
2512;86
2513;70
2514;57
2515;43
2516;32
2517;10
2518;12
2519;18
2520;6
2521;40
2522;25
2523;33
2524;43
2525;54
2526;49
2527;74
2528;66
2529;32
2530;23
2531;48
2532;71
2533;72
2534;53
2535;73
2536;78
2537;22
2538;34
2539;1
2540;3
2541;1
2542;50
2543;79
2544;59
2545;64
2546;8
2547;18
2548;73
2549;56
2550;61
2551;34
2552;21
2553;0
2554;53
2555;19
2556;48
2557;54
2558;26
2559;52
2560;41
2561;18
2562;17
2563;61
2564;36
2565;18
2566;11
2567;10
2568;65
2569;58
2570;74
2571;27
2572;43
2573;36
2574;13
2575;15
2576;81
2577;51
2578;27
2579;41
2580;4
2581;2
2582;38
2583;55
2584;57
2585;13
2586;9
2587;12
2588;36
2589;31
2590;17
2591;33
2592;39
2593;2
2594;6
2595;57
2596;51
2597;77
2598;54
2599;76
2600;19
2601;37
2602;57
2603;85
2604;70
2605;67
2606;49
2607;49
2608;25
2609;21
2610;45
2611;26
2612;8
2613;53
2614;26
2615;37
2616;1
2617;2
2618;34
2619;41
2620;12
2621;4
2622;58
2623;36
2624;36
2625;15
2626;18
2627;8
2628;17
2629;81
2630;52
2631;42
2632;16
2633;6
2634;17
2635;55
2636;76
2637;19
2638;36
2639;17
2640;12
2641;72
2642;20
2643;25
2644;41
2645;54
2646;12
2647;10
2648;14
2649;52
2650;57
2651;70
2652;23
2653;26
2654;22
2655;77
2656;61
2657;27
2658;33
2659;17
2660;5
2661;49
2662;29
2663;13
2664;5
2665;3
2666;50
2667;32
2668;39
2669;34
2670;2
2671;17
2672;72
2673;62
2674;72
2675;69
2676;50
2677;31
2678;45
2679;15
2680;8
2681;41
2682;10
2683;18
2684;25
2685;53
2686;41
2687;36
2688;0
2689;2
2690;87
2691;55
2692;19
2693;71
2694;57
2695;43
2696;71
2697;70
2698;40
2699;36
2700;0
2701;3
2702;50
2703;17
2704;9
2705;33
2706;30
2707;8
2708;71
2709;64
2710;58
2711;72
2712;23
2713;63
2714;26
2715;13
2716;66
2717;45
2718;35
2719;33
2720;2
2721;5
2722;9
2723;50
2724;66
2725;37
2726;13
2727;58
2728;38
2729;48
2730;11
2731;14
2732;66
2733;46
2734;51
2735;61
2736;79
2737;82
2738;36
2739;31
2740;16
2741;7
2742;24
2743;31
2744;5
2745;3
2746;48
2747;37
2748;23
2749;17
2750;1
2751;38
2752;23
2753;19
2754;24
2755;21
2756;35
2757;62
2758;64
2759;48
2760;51
2761;50
2762;68
2763;19
2764;65
2765;56
2766;58
2767;49
2768;48
2769;3
2770;4
2771;36
2772;61
2773;16
2774;11
2775;62
2776;32
2777;68
2778;72
2779;50
2780;75
2781;55
2782;43
2783;50
2784;46
2785;34
2786;55
2787;54
2788;50
2789;8
2790;13
2791;17
2792;44
2793;48
2794;4
2795;5
2796;45
2797;43
2798;5
2799;5
2800;46
2801;27
2802;75
2803;63
2804;30
2805;51
2806;32
2807;66
2808;30
2809;61
2810;8
2811;19
2812;62
2813;63
2814;10
2815;6
2816;7
2817;59
2818;60
2819;58
2820;6
2821;12
2822;37
2823;63
2824;48
2825;67
2826;80
2827;72
2828;78
2829;45
2830;20
2831;37
2832;11
2833;1
2834;44
2835;52
2836;12
2837;35
2838;54
2839;17
2840;46
2841;82
2842;48
2843;46
2844;32
2845;20
2846;4
2847;15
2848;62
2849;37
2850;57
2851;8
2852;15
2853;13
2854;38
2855;71
2856;53
2857;52
2858;21
2859;38
2860;61
2861;58
2862;36
2863;9
2864;17
2865;75
2866;84
2867;25
2868;48
2869;5
2870;4
2871;79
2872;65
2873;32
2874;37
2875;11
2876;17
2877;58
2878;33
2879;19
2880;53
2881;41
2882;31
2883;10
2884;3
2885;52
2886;46
2887;49
2888;11
2889;7
2890;57
2891;60
2892;8
2893;16
2894;36
2895;60
2896;58
2897;62
2898;54
2899;75
2900;65
2901;30
2902;35
2903;15
2904;6
2905;16
2906;41
2907;29
2908;10
2909;6
2910;42
2911;60
2912;11
2913;42
2914;64
2915;46
2916;43
2917;14
2918;8
2919;48
2920;33
2921;12
2922;8
2923;6
2924;39
2925;35
2926;5
2927;75
2928;86
2929;35
2930;46
2931;12
2932;15
2933;17
2934;27
2935;39
2936;19
2937;19
2938;36
2939;51
2940;55
2941;57
2942;10
2943;13
2944;83
2945;71
2946;52
2947;37
2948;6
2949;14
2950;72
2951;43
2952;39
2953;28
2954;64
2955;50
2956;10
2957;15
2958;40
2959;48
2960;39
2961;38
2962;6
2963;58
2964;64
2965;23
2966;24
2967;59
2968;47
2969;87
2970;44
2971;45
2972;23
2973;30
2974;37
2975;18
2976;15
2977;35
2978;33
2979;9
2980;9
2981;70
2982;80
2983;59
2984;75
2985;42
2986;46
2987;8
2988;48
2989;19
2990;37
2991;49
2992;28
2993;2
2994;1
2995;39
2996;41
2997;14
2998;30
2999;27
3000;5
3001;12
3002;67
3003;79
3004;67
3005;81
3006;68
3007;50
3008;28
3009;35
3010;12
3011;15
3012;72
3013;19
3014;52
3015;34
3016;78
3017;56
3018;21
3019;49
3020;59
3021;23
3022;67
3023;57
3024;48
3025;15
3026;6
3027;14
3028;24
3029;74
3030;52
3031;33
3032;59
3033;13
3034;8
3035;15
3036;6
3037;51
3038;16
3039;37
3040;43
3041;18
3042;13
3043;76
3044;61
3045;42
3046;43
3047;12
3048;4
3049;9
3050;32
3051;35
3052;30
3053;82
3054;50
3055;60
3056;35
3057;23
3058;3
3059;17
3060;43
3061;41
3062;61
3063;56
3064;34
3065;33
3066;29
3067;3
3068;5
3069;4
3070;59
3071;73
3072;60
3073;45
3074;34
3075;0
3076;1
3077;40
3078;60
3079;38
3080;15
3081;12
3082;35
3083;44
3084;49
3085;15
3086;11
3087;27
3088;54
3089;24
3090;60
3091;55
3092;26
3093;40
3094;38
3095;10
3096;77
3097;54
3098;62
3099;56
3100;69
3101;27
3102;42
3103;8
3104;81
3105;65
3106;48
3107;47
3108;9
3109;12
3110;47
3111;61
3112;7
3113;12
3114;50
3115;53
3116;13
3117;12
3118;8
3119;9
3120;33
3121;38
3122;9
3123;11
3124;10
3125;19
3126;22
3127;34
3128;25
3129;0
3130;38
3131;63
3132;27
3133;20
3134;27
3135;19
3136;19
3137;36
3138;24
3139;27
3140;39
3141;35
3142;18
3143;14
3144;7
3145;27
3146;45
3147;14
3148;13
3149;76
3150;62
3151;43
3152;31
3153;6
3154;15
3155;32
3156;81
3157;63
3158;27
3159;31
3160;8
3161;17
3162;7
3163;70
3164;52
3165;20
3166;55
3167;8
3168;25
3169;58
3170;52
3171;40
3172;10
3173;51
3174;68
3175;49
3176;27
3177;25
3178;57
3179;51
3180;21
3181;53
3182;53
3183;58
3184;58
3185;45
3186;44
3187;65
3188;70
3189;32
3190;39
3191;75
3192;58
3193;40
3194;13
3195;29
3196;45
3197;11
3198;5
3199;21
3200;76
3201;45
3202;38
3203;2
3204;9
3205;45
3206;28
3207;13
3208;6
3209;47
3210;13
3211;13
3212;62
3213;82
3214;77
3215;56
3216;36
3217;45
3218;9
3219;21
3220;54
3221;64
3222;55
3223;66
3224;21
3225;67
3226;58
3227;54
3228;32
3229;13
3230;18
3231;14
3232;34
3233;50
3234;10
3235;15
3236;46
3237;61
3238;37
3239;10
3240;17
3241;47
3242;30
3243;11
3244;58
3245;38
3246;14
3247;16
3248;48
3249;22
3250;72
3251;26
3252;26
3253;40
3254;44
3255;14
3256;16
3257;6
3258;30
3259;43
3260;79
3261;25
3262;57
3263;21
3264;22
3265;55
3266;44
3267;44
3268;18
3269;4
3270;21
3271;23
3272;53
3273;25
3274;46
3275;32
3276;46
3277;4
3278;18
3279;56
3280;61
3281;73
3282;21
3283;42
3284;12
3285;9
3286;51
3287;76
3288;21
3289;22
3290;24
3291;46
3292;37
3293;48
3294;29
3295;48
3296;79
3297;64
3298;20
3299;60
3300;39
3301;38
3302;5
3303;4
3304;70
3305;35
3306;82
3307;31
3308;59
3309;24
3310;78
3311;52
3312;79
3313;42
3314;40
3315;3
3316;16
3317;4
3318;45
3319;33
3320;22
3321;40
3322;32
3323;17
3324;0
3325;50
3326;34
3327;24
3328;60
3329;27
3330;11
3331;13
3332;69
3333;46
3334;28
3335;20
3336;6
3337;1
3338;61
3339;24
3340;24
3341;53
3342;33
3343;38
3344;3
3345;2
3346;0
3347;59
3348;20
3349;26
3350;46
3351;59
3352;6
3353;17
3354;69
3355;26
3356;21
3357;40
3358;25
3359;56
3360;92
3361;49
3362;66
3363;25
3364;40
3365;7
3366;16
3367;58
3368;62
3369;16
3370;60
3371;41
3372;8
3373;11
3374;41
3375;50
3376;8
3377;14
3378;83
3379;76
3380;86
3381;49
3382;31
3383;52
3384;38
3385;37
3386;14
3387;8
3388;44
3389;68
3390;47
3391;29
3392;44
3393;11
3394;9
3395;35
3396;38
3397;6
3398;1
3399;45
3400;51
3401;52
3402;41
3403;38
3404;66
3405;60
3406;41
3407;45
3408;15
3409;15
3410;8
3411;33
3412;61
3413;26
3414;50
3415;48
3416;18
3417;6
3418;6
3419;30
3420;10
3421;63
3422;72
3423;59
3424;82
3425;27
3426;41
3427;41
3428;23
3429;33
3430;2
3431;4
3432;62
3433;64
3434;33
3435;33
3436;6
3437;44
3438;32
3439;15
3440;37
3441;58
3442;52
3443;42
3444;55
3445;7
3446;11
3447;19
3448;57
3449;64
3450;61
3451;28
3452;36
3453;13
3454;10
3455;14
3456;45
3457;52
3458;52
3459;64
3460;43
3461;40
3462;65
3463;21
3464;36
3465;41
3466;17
3467;4
3468;33
3469;47
3470;8
3471;18
3472;12
3473;44
3474;39
3475;50
3476;75
3477;59
3478;22
3479;35
3480;25
3481;19
3482;5
3483;1
3484;21
3485;34
3486;33
3487;50
3488;23
3489;75
3490;34
3491;53
3492;64
3493;14
3494;6
3495;40
3496;31
3497;12
3498;8
3499;44
3500;12
3501;9
3502;42
3503;32
3504;11
3505;34
3506;33
3507;9
3508;5
3509;50
3510;58
3511;13
3512;15
3513;43
3514;29
3515;1
3516;2
3517;5
3518;27
3519;29
3520;83
3521;22
3522;47
3523;58
3524;39
3525;54
3526;15
3527;67
3528;74
3529;83
3530;71
3531;29
3532;26
3533;9
3534;11
3535;8
3536;36
3537;33
3538;15
3539;61
3540;50
3541;44
3542;15
3543;40
3544;34
3545;32
3546;15
3547;46
3548;50
3549;15
3550;7
3551;16
3552;53
3553;31
3554;6
3555;7
3556;63
3557;53
3558;17
3559;13
3560;6
3561;64
3562;50
3563;71
3564;21
3565;50
3566;90
3567;49
3568;61
3569;16
3570;9
3571;12
3572;13
3573;27
3574;44
3575;3
3576;2
3577;48
3578;31
3579;3
3580;9
3581;0
3582;45
3583;25
3584;43
3585;0
3586;5
3587;53
3588;52
3589;57
3590;73
3591;19
3592;65
3593;44
3594;24
3595;0
3596;8
3597;6
3598;4
3599;45
3600;39
3601;10
3602;1
3603;39
3604;59
3605;19
3606;43
3607;34
3608;35
3609;54
3610;44
3611;8
3612;12
3613;18
3614;33
3615;75
3616;36
3617;36
3618;5
3619;5
3620;38
3621;32
3622;29
3623;4
3624;50
3625;26
3626;9
3627;11
3628;49
3629;19
3630;77
3631;31
3632;65
3633;53
3634;49
3635;30
3636;10
3637;9
3638;83
3639;47
3640;86
3641;64
3642;53
3643;28
3644;24
3645;50
3646;66
3647;72
3648;60
3649;78
3650;33
3651;75
3652;65
3653;19
3654;44
3655;44
3656;12
3657;18
3658;59
3659;67
3660;32
3661;32
3662;7
3663;3
3664;17
3665;31
3666;55
3667;18
3668;68
3669;48
3670;43
3671;30
3672;11
3673;18
3674;39
3675;68
3676;33
3677;41
3678;16
3679;8
3680;66
3681;20
3682;76
3683;76
3684;22
3685;77
3686;74
3687;55
3688;57
3689;7
3690;12
3691;47
3692;34
3693;9
3694;48
3695;71
3696;61
3697;39
3698;8
3699;48
3700;63
3701;11
3702;8
3703;16
3704;33
3705;39
3706;2
3707;0
3708;33
3709;32
3710;35
3711;60
3712;11
3713;11
3714;7
3715;83
3716;44
3717;47
3718;40
3719;15
3720;18
3721;61
3722;47
3723;49
3724;33
3725;4
3726;4
3727;76
3728;49
3729;37
3730;73
3731;39
3732;47
3733;68
3734;68
3735;38
3736;55
3737;55
3738;49
3739;27
3740;58
3741;15
3742;13
3743;6
3744;35
3745;81
3746;68
3747;36
3748;49
3749;79
3750;24
3751;71
3752;77
3753;91
3754;58
3755;23
3756;38
3757;55
3758;11
3759;17
3760;22
3761;72
3762;63
3763;86
3764;43
3765;36
3766;17
3767;6
3768;30
3769;68
3770;57
3771;21
3772;39
3773;28
3774;44
3775;0
3776;16
3777;56
3778;19
3779;64
3780;15
3781;9
3782;56
3783;67
3784;34
3785;36
3786;12
3787;37
3788;9
3789;33
3790;60
3791;78
3792;29
3793;35
3794;36
3795;27
3796;37
3797;27
3798;7
3799;17
3800;38
3801;31
3802;28
3803;8
3804;13
3805;41
3806;22
3807;13
3808;5
3809;36
3810;40
3811;4
3812;3
3813;2
3814;61
3815;39
3816;84
3817;44
3818;46
3819;61
3820;41
3821;49
3822;30
3823;6
3824;8
3825;49
3826;48
3827;20
3828;27
3829;85
3830;71
3831;24
3832;19
3833;71
3834;60
3835;37
3836;19
3837;39
3838;73
3839;19
3840;36
3841;26
3842;7
3843;17
3844;13
3845;16
3846;71
3847;57
3848;69
3849;36
3850;26
3851;10
3852;4
3853;3
3854;64
3855;93
3856;55
3857;53
3858;56
3859;21
3860;44
3861;38
3862;11
3863;1
3864;81
3865;43
3866;59
3867;38
3868;48
3869;29
3870;40
3871;15
3872;11
3873;43
3874;52
3875;11
3876;12
3877;10
3878;74
3879;36
3880;29
3881;10
3882;3
3883;50
3884;22
3885;55
3886;40
3887;39
3888;13
3889;9
3890;16
3891;30
3892;20
3893;5
3894;11
3895;55
3896;27
3897;43
3898;46
3899;1
3900;5
3901;23
3902;68
3903;40
3904;64
3905;18
3906;18
3907;12
3908;38
3909;28
3910;74
3911;60
3912;76
3913;50
3914;75
3915;38
3916;10
3917;40
3918;54
3919;78
3920;25
3921;51
3922;72
3923;71
3924;73
3925;26
3926;62
3927;71
3928;79
3929;28
3930;21
3931;48
3932;48
3933;7
3934;14
3935;39
3936;48
3937;43
3938;12
3939;44
3940;37
3941;4
3942;12
3943;49
3944;70
3945;48
3946;58
3947;38
3948;46
3949;24
3950;17
3951;1
3952;37
3953;21
3954;1
3955;2
3956;8
3957;0
3958;36
3959;38
3960;0
3961;4
3962;15
3963;44
3964;44
3965;9
3966;0
3967;20
3968;73
3969;37
3970;19
3971;17
3972;72
3973;71
3974;51
3975;52
3976;39
3977;50
3978;11
3979;12
3980;95
3981;61
3982;83
3983;28
3984;82
3985;25
3986;19
3987;25
3988;53
3989;27
3990;41
3991;5
3992;1
3993;6
3994;1
3995;5
3996;46
3997;55
3998;52
3999;47
4000;43
4001;30
4002;10
4003;11
4004;48
4005;45
4006;56
4007;35
4008;47
4009;65
4010;41
4011;39
4012;76
4013;74
4014;37
4015;1
4016;74
4017;66
4018;54
4019;52
4020;79
4021;57
4022;55
4023;66
4024;65
4025;43
4026;31
4027;42
4028;34
4029;2
4030;0
4031;22
4032;43
4033;20
4034;43
4035;39
4036;46
4037;16
4038;7
4039;35
4040;30
4041;11
4042;78
4043;55
4044;81
4045;76
4046;65
4047;25
4048;22
4049;37
4050;41
4051;2
4052;7
4053;59
4054;36
4055;18
4056;46
4057;35
4058;14
4059;8
4060;18
4061;35
4062;22
4063;2
4064;14
4065;67
4066;28
4067;53
4068;47
4069;45
4070;70
4071;58
4072;55
4073;58
4074;73
4075;43
4076;39
4077;53
4078;16
4079;10
4080;43
4081;58
4082;57
4083;16
4084;18
4085;74
4086;61
4087;35
4088;83
4089;27
4090;55
4091;31
4092;12
4093;81
4094;36
4095;29
4096;34
4097;85
4098;85
4099;62
4100;51
4101;48
4102;70
4103;24
4104;74
4105;37
4106;47
4107;16
4108;33
4109;86
4110;58
4111;26
4112;39
4113;8
4114;61
4115;70
4116;36
4117;32
4118;43
4119;3
4120;53
4121;56
4122;70
4123;58
4124;16
4125;25
4126;42
4127;12
4128;1
4129;66
4130;19
4131;25
4132;43
4133;0
4134;5
4135;61
4136;78
4137;51
4138;40
4139;8
4140;14
4141;69
4142;67
4143;63
4144;60
4145;47
4146;69
4147;66
4148;71
4149;66
4150;60
4151;47
4152;55
4153;11
4154;74
4155;73
4156;60
4157;43
4158;34
4159;15
4160;9
4161;37
4162;19
4163;18
4164;6
4165;18
4166;51
4167;69
4168;81
4169;48
4170;32
4171;3
4172;2
4173;48
4174;19
4175;5
4176;7
4177;30
4178;36
4179;18
4180;10
4181;65
4182;62
4183;39
4184;38
4185;11
4186;13
4187;13
4188;31
4189;28
4190;18
4191;9
4192;69
4193;46
4194;52
4195;10
4196;15
4197;48
4198;36
4199;33
4200;6
4201;15
4202;57
4203;64
4204;33
4205;47
4206;1
4207;1
4208;71
4209;51
4210;40
4211;5
4212;28
4213;32
4214;50
4215;48
4216;68
4217;35
4218;49
4219;27
4220;1
4221;5
4222;3
4223;47
4224;96
4225;35
4226;37
4227;47
4228;11
4229;18
4230;62
4231;38
4232;61
4233;37
4234;12
4235;14
4236;66
4237;39
4238;37
4239;14
4240;12
4241;3
4242;27
4243;69
4244;72
4245;30
4246;67
4247;43
4248;49
4249;7
4250;38
4251;41
4252;18
4253;1
4254;75
4255;57
4256;43
4257;60
4258;12
4259;10
4260;41
4261;49
4262;34
4263;38
4264;13
4265;9
4266;49
4267;41
4268;7
4269;9
4270;21
4271;52
4272;83
4273;39
4274;46
4275;82
4276;77
4277;63
4278;79
4279;64
4280;71
4281;34
4282;46
4283;10
4284;13
4285;59
4286;46
4287;56
4288;74
4289;56
4290;47
4291;47
4292;36
4293;63
4294;27
4295;8
4296;74
4297;23
4298;61
4299;51
4300;50
4301;43
4302;11
4303;15
4304;66
4305;81
4306;51
4307;22
4308;65
4309;92
4310;71
4311;35
4312;20
4313;7
4314;11
4315;37
4316;52
4317;49
4318;6
4319;18
4320;58
4321;65
4322;50
4323;16
4324;70
4325;55
4326;62
4327;17
4328;17
4329;37
4330;32
4331;39
4332;11
4333;43
4334;19
4335;4
4336;2
4337;19
4338;69
4339;47
4340;29
4341;31
4342;18
4343;73
4344;49
4345;26
4346;22
4347;4
4348;4
4349;68
4350;47
4351;55
4352;25
4353;68
4354;47
4355;66
4356;61
4357;51
4358;46
4359;58
4360;65
4361;32
4362;57
4363;75
4364;42
4365;6
4366;14
4367;42
4368;0
4369;0
4370;19
4371;35
4372;27
4373;6
4374;16
4375;16
4376;37
4377;28
4378;28
4379;16
4380;8
4381;42
4382;32
4383;14
4384;13
4385;55
4386;71
4387;58
4388;79
4389;35
4390;47
4391;17
4392;11
4393;46
4394;43
4395;46
4396;14
4397;7
4398;60
4399;36
4400;27
4401;11
4402;15
4403;67
4404;38
4405;37
4406;34
4407;9
4408;9
4409;54
4410;21
4411;38
4412;49
4413;20
4414;23
4415;61
4416;68
4417;50
4418;29
4419;48
4420;10
4421;18
4422;43
4423;19
4424;7
4425;8
4426;34
4427;42
4428;16
4429;14
4430;48
4431;43
4432;10
4433;5
4434;17
4435;30
4436;27
4437;19
4438;54
4439;58
4440;8
4441;17
4442;34
4443;36
4444;18
4445;14
4446;49
4447;31
4448;21
4449;64
4450;26
4451;46
4452;24
4453;3
4454;13
4455;5
4456;55
4457;62
4458;63
4459;71
4460;44
4461;3
4462;1
4463;1
4464;45
4465;64
4466;17
4467;56
4468;36
4469;18
4470;15
4471;41
4472;63
4473;58
4474;68
4475;59
4476;68
4477;68
4478;58
4479;44
4480;46
4481;51
4482;20
4483;43
4484;62
4485;13
4486;37
4487;15
4488;19
4489;19
4490;69
4491;58
4492;32
4493;40
4494;14
4495;10
4496;20
4497;89
4498;42
4499;25
4500;66
4501;21
4502;20
4503;26
4504;50
4505;38
4506;58
4507;7
4508;12
4509;53
4510;29
4511;9
4512;26
4513;39
4514;17
4515;47
4516;85
4517;72
4518;54
4519;31
4520;43
4521;52
4522;12
4523;36
4524;36
4525;39
4526;19
4527;48
4528;73
4529;39
4530;62
4531;33
4532;17
4533;5
4534;75
4535;55
4536;19
4537;27
4538;14
4539;0
4540;19
4541;30
4542;0
4543;12
4544;9
4545;33
4546;48
4547;11
4548;16
4549;6
4550;48
4551;51
4552;18
4553;11
4554;53
4555;59
4556;11
4557;8
4558;78
4559;69
4560;45
4561;69
4562;29
4563;23
4564;50
4565;35
4566;26
4567;4
4568;10
4569;72
4570;27
4571;42
4572;60
4573;48
4574;55
4575;6
4576;44
4577;47
4578;17
4579;50
4580;45
4581;15
4582;11
4583;46
4584;39
4585;14
4586;18
4587;57
4588;36
4589;34
4590;40
4591;17
4592;6
4593;64
4594;65
4595;59
4596;44
4597;38
4598;32
4599;1
4600;10
4601;5
4602;46
4603;58
4604;31
4605;40
4606;53
4607;32
4608;22
4609;11
4610;12
4611;5
4612;57
4613;55
4614;34
4615;27
4616;33
4617;5
4618;48
4619;0
4620;1
4621;15
4622;58
4623;62
4624;14
4625;10
4626;33
4627;77
4628;68
4629;57
4630;74
4631;44
4632;80
4633;29
4634;21
4635;5
4636;7
4637;55
4638;92
4639;51
4640;27
4641;43
4642;67
4643;76
4644;72
4645;73
4646;23
4647;27
4648;26
4649;37
4650;10
4651;0
4652;43
4653;43
4654;10
4655;14
4656;25
4657;36
4658;13
4659;11
4660;41
4661;12
4662;8
4663;50
4664;9
4665;62
4666;40
4667;7
4668;18
4669;42
4670;4
4671;50
4672;45
4673;7
4674;12
4675;42
4676;3
4677;6
4678;57
4679;27
4680;15
4681;11
4682;61
4683;6
4684;9
4685;81
4686;53
4687;57
4688;74
4689;32
4690;21
4691;4
4692;0
4693;5
4694;46
4695;28
4696;9
4697;7
4698;43
4699;1
4700;0
4701;52
4702;41
4703;46
4704;48
4705;0
4706;16
4707;73
4708;43
4709;7
4710;12
4711;65
4712;64
4713;65
4714;31
4715;36
4716;36
4717;11
4718;11
4719;13
4720;43
4721;65
4722;74
4723;37
4724;58
4725;10
4726;20
4727;21
4728;42
4729;55
4730;69
4731;32
4732;66
4733;32
4734;35
4735;50
4736;15
4737;13
4738;54
4739;72
4740;24
4741;26
4742;16
4743;18
4744;5
4745;31
4746;49
4747;9
4748;15
4749;42
4750;54
4751;42
4752;16
4753;6
4754;9
4755;59
4756;26
4757;8
4758;26
4759;39
4760;17
4761;10
4762;30
4763;36
4764;7
4765;0
4766;26
4767;60
4768;19
4769;80
4770;48
4771;19
4772;36
4773;40
4774;19
4775;78
4776;53
4777;46
4778;45
4779;7
4780;14
4781;11
4782;58
4783;19
4784;29
4785;20
4786;20
4787;80
4788;57
4789;24
4790;31
4791;73
4792;78
4793;23
4794;34
4795;30
4796;42
4797;33
4798;17
4799;12
4800;10
4801;49
4802;60
4803;17
4804;31
4805;25
4806;66
4807;77
4808;34
4809;1
4810;6
4811;0
4812;4
4813;29
4814;25
4815;14
4816;15
4817;32
4818;27
4819;16
4820;60
4821;46
4822;8
4823;15
4824;48
4825;58
4826;27
4827;32
4828;16
4829;16
4830;23
4831;47
4832;71
4833;81
4834;54
4835;30
4836;52
4837;49
4838;42
4839;5
4840;30
4841;39
4842;3
4843;13
4844;9
4845;33
4846;22
4847;17
4848;3
4849;74
4850;67
4851;24
4852;79
4853;49
4854;54
4855;40
4856;39
4857;16
4858;69
4859;75
4860;46
4861;67
4862;21
4863;76
4864;26
4865;31
4866;30
4867;13
4868;21
4869;57
4870;43
4871;21
4872;0
4873;4
4874;59
4875;30
4876;14
4877;6
4878;14
4879;8
4880;45
4881;43
4882;4
4883;1
4884;39
4885;39
4886;3
4887;6
4888;69
4889;23
4890;52
4891;52
4892;6
4893;8
4894;37
4895;65
4896;43
4897;48
4898;7
4899;16
4900;59
4901;39
4902;14
4903;18
4904;60
4905;19
4906;23
4907;40
4908;70
4909;57
4910;54
4911;63
4912;35
4913;40
4914;4
4915;9
4916;17
4917;72
4918;60
4919;46
4920;63
4921;14
4922;13
4923;55
4924;43
4925;30
4926;9
4927;29
4928;37
4929;11
4930;8
4931;46
4932;27
4933;10
4934;17
4935;8
4936;82
4937;39
4938;65
4939;68
4940;47
4941;54
4942;47
4943;67
4944;45
4945;13
4946;12
4947;66
4948;38
4949;27
4950;13
4951;5
4952;67
4953;67
4954;70
4955;55
4956;58
4957;41
4958;48
4959;6
4960;27
4961;46
4962;84
4963;58
4964;31
4965;54
4966;10
4967;19
4968;70
4969;50
4970;32
4971;13
4972;13
4973;24
4974;34
4975;44
4976;43
4977;5
4978;3
4979;31
4980;39
4981;3
4982;4
4983;70
4984;78
4985;58
4986;51
4987;66
4988;73
4989;64
4990;9
4991;39
4992;25
4993;18
4994;7
4995;23
4996;52
4997;40
4998;48
4999;16
5000;47
5001;51
5002;46
5003;53
5004;59
5005;63
5006;45
5007;48
5008;42
5009;38
5010;31
5011;1
5012;55
5013;31
5014;50
5015;10
5016;11
5017;9
5018;17
5019;39
5020;49
5021;76
5022;21
5023;37
5024;53
5025;60
5026;51
5027;54
5028;24
5029;33
5030;33
5031;4
5032;64
5033;66
5034;36
5035;92
5036;61
5037;54
5038;53
5039;58
5040;55
5041;65
5042;64
5043;60
5044;18
5045;14
5046;36
5047;54
5048;60
5049;25
5050;27
5051;9
5052;2
5053;64
5054;53
5055;52
5056;48
5057;37
5058;30
5059;9
5060;17
5061;6
5062;53
5063;12
5064;57
5065;57
5066;30
5067;41
5068;10
5069;8
5070;82
5071;42
5072;58
5073;57
5074;75
5075;27
5076;43
5077;6
5078;5
5079;61
5080;35
5081;9
5082;13
5083;33
5084;34
5085;4
5086;55
5087;20
5088;63
5089;59
5090;38
5091;36
5092;7
5093;18
5094;15
5095;42
5096;47
5097;4
5098;6
5099;0
5100;49
5101;47
5102;18
5103;18
5104;69
5105;83
5106;72
5107;25
5108;69
5109;55
5110;42
5111;58
5112;16
5113;11
5114;44
5115;4
5116;0
5117;55
5118;62
5119;34
5120;36
5121;55
5122;52
5123;47
5124;52
5125;61
5126;75
5127;45
5128;44
5129;60
5130;32
5131;33
5132;0
5133;2
5134;15
5135;33
5136;59
5137;55
5138;61
5139;71
5140;63
5141;56
5142;35
5143;66
5144;33
5145;56
5146;44
5147;57
5148;61
5149;58
5150;28
5151;6
5152;8
5153;23
5154;70
5155;69
5156;73
5157;19
5158;33
5159;35
5160;31
5161;51
5162;71
5163;70
5164;59
5165;56
5166;66
5167;82
5168;22
5169;64
5170;52
5171;65
5172;73
5173;28
5174;44
5175;12
5176;18
5177;42
5178;34
5179;39
5180;39
5181;41
5182;13
5183;8
5184;45
5185;49
5186;61
5187;9
5188;7
5189;78
5190;78
5191;75
5192;61
5193;71
5194;24
5195;46
5196;61
5197;15
5198;15
5199;8
5200;71
5201;54
5202;48
5203;30
5204;15
5205;17
5206;62
5207;7
5208;18
5209;66
5210;46
5211;29
5212;13
5213;48
5214;29
5215;16
5216;3
5217;64
5218;87
5219;74
5220;63
5221;28
5222;13
5223;9
5224;69
5225;70
5226;48
5227;61
5228;9
5229;13
5230;64
5231;40
5232;25
5233;16
5234;14
5235;1
5236;53
5237;32
5238;18
5239;6
5240;64
5241;49
5242;51
5243;48
5244;18
5245;14
5246;30
5247;64
5248;8
5249;12
5250;45
5251;3
5252;53
5253;66
5254;41
5255;63
5256;45
5257;52
5258;61
5259;70
5260;29
5261;26
5262;6
5263;50
5264;51
5265;76
5266;71
5267;24
5268;61
5269;48
5270;37
5271;39
5272;10
5273;41
5274;39
5275;43
5276;4
5277;9
5278;55
5279;37
5280;32
5281;34
5282;30
5283;2
5284;9
5285;30
5286;32
5287;89
5288;39
5289;42
5290;44
5291;11
5292;14
5293;22
5294;33
5295;2
5296;5
5297;48
5298;21
5299;33
5300;10
5301;12
5302;50
5303;39
5304;14
5305;9
5306;41
5307;28
5308;5
5309;0
5310;3
5311;51
5312;47
5313;63
5314;70
5315;52
5316;64
5317;74
5318;24
5319;43
5320;38
5321;20
5322;35
5323;31
5324;12
5325;12
5326;51
5327;58
5328;58
5329;33
5330;57
5331;47
5332;48
5333;41
5334;46
5335;17
5336;11
5337;12
5338;76
5339;65
5340;41
5341;27
5342;5
5343;15
5344;22
5345;39
5346;23
5347;2
5348;18
5349;73
5350;42
5351;30
5352;18
5353;7
5354;9
5355;46
5356;46
5357;40
5358;39
5359;72
5360;69
5361;72
5362;52
5363;42
5364;25
5365;3
5366;15
5367;25
5368;70
5369;67
5370;60
5371;58
5372;65
5373;31
5374;35
5375;68
5376;75
5377;45
5378;24
5379;5
5380;7
5381;27
5382;44
5383;30
5384;8
5385;14
5386;24
5387;47
5388;48
5389;15
5390;12
5391;54
5392;66
5393;23
5394;49
5395;9
5396;0
5397;0
5398;4
5399;59
5400;49
5401;8
5402;12
5403;43
5404;45
5405;52
5406;62
5407;54
5408;60
5409;37
5410;82
5411;84
5412;49
5413;71
5414;54
5415;73
5416;47
5417;16
5418;14
5419;83
5420;21
5421;54
5422;15
5423;78
5424;25
5425;36
5426;52
5427;16
5428;17
5429;55
5430;36
5431;54
5432;49
5433;22
5434;57
5435;47
5436;8
5437;14
5438;17
5439;12
5440;86
5441;49
5442;75
5443;31
5444;56
5445;16
5446;10
5447;63
5448;76
5449;33
5450;30
5451;11
5452;37
5453;63
5454;15
5455;10
5456;89
5457;80
5458;74
5459;49
5460;27
5461;62
5462;77
5463;50
5464;41
5465;58
5466;10
5467;62
5468;62
5469;32
5470;45
5471;2
5472;1
5473;3
5474;26
5475;43
5476;10
5477;16
5478;9
5479;61
5480;33
5481;15
5482;27
5483;53
5484;19
5485;22
5486;48
5487;62
5488;35
5489;43
5490;8
5491;4
5492;12
5493;4
5494;46
5495;42
5496;16
5497;20
5498;4
5499;1
5500;52
5501;80
5502;29
5503;67
5504;37
5505;64
5506;37
5507;34
5508;49
5509;74
5510;45
5511;50
5512;9
5513;16
5514;61
5515;13
5516;18
5517;46
5518;54
5519;17
5520;6
5521;16
5522;42
5523;29
5524;12
5525;12
5526;15
5527;37
5528;59
5529;79
5530;74
5531;62
5532;91
5533;51
5534;50
5535;17
5536;16
5537;26
5538;63
5539;41
5540;33
5541;4
5542;29
5543;43
5544;3
5545;18
5546;40
5547;42
5548;30
5549;2
5550;15
5551;42
5552;61
5553;28
5554;22
5555;1
5556;12
5557;48
5558;18
5559;78
5560;87
5561;26
5562;42
5563;6
5564;17
5565;35
5566;37
5567;9
5568;9
5569;50
5570;54
5571;57
5572;22
5573;24
5574;51
5575;64
5576;8
5577;61
5578;45
5579;42
5580;6
5581;8
5582;70
5583;51
5584;70
5585;70
5586;32
5587;75
5588;29
5589;39
5590;49
5591;0
5592;1
5593;12
5594;83
5595;57
5596;46
5597;31
5598;1
5599;2
5600;9
5601;66
5602;20
5603;29
5604;16
5605;2
5606;54
5607;43
5608;14
5609;14
5610;33
5611;50
5612;16
5613;14
5614;9
5615;12
5616;50
5617;50
5618;11
5619;6
5620;57
5621;42
5622;14
5623;32
5624;41
5625;7
5626;1
5627;1
5628;70
5629;61
5630;72
5631;47
5632;21
5633;54
5634;52
5635;45
5636;70
5637;46
5638;33
5639;2
5640;4
5641;70
5642;58
5643;53
5644;78
5645;20
5646;58
5647;62
5648;50
5649;13
5650;10
5651;36
5652;1
5653;1
5654;74
5655;74
5656;53
5657;22
5658;21
5659;52
5660;82
5661;63
5662;47
5663;8
5664;11
5665;48
5666;34
5667;7
5668;6
5669;53
5670;39
5671;32
5672;2
5673;1
5674;32
5675;23
5676;59
5677;43
5678;13
5679;64
5680;25
5681;41
5682;43
5683;37
5684;18
5685;14
5686;15
5687;11
5688;49
5689;54
5690;22
5691;57
5692;79
5693;36
5694;38
5695;12
5696;44
5697;82
5698;21
5699;19
5700;53
5701;24
5702;62
5703;76
5704;21
5705;25
5706;33
5707;1
5708;1
5709;46
5710;43
5711;15
5712;6
5713;18
5714;55
5715;44
5716;15
5717;6
5718;18
5719;49
5720;56
5721;61
5722;9
5723;76
5724;23
5725;46
5726;46
5727;30
5728;42
5729;11
5730;3
5731;11
5732;65
5733;86
5734;65
5735;52
5736;89
5737;71
5738;54
5739;35
5740;30
5741;21
5742;0
5743;9
5744;33
5745;76
5746;44
5747;31
5748;14
5749;10
5750;19
5751;23
5752;43
5753;12
5754;46
5755;57
5756;32
5757;77
5758;37
5759;39
5760;37
5761;42
5762;40
5763;41
5764;3
5765;19
5766;84
5767;67
5768;24
5769;20
5770;19
5771;63
5772;41
5773;57
5774;100
5775;59
5776;40
5777;30
5778;18
5779;9
5780;8
5781;60
5782;51
5783;36
5784;10
5785;10
5786;33
5787;72
5788;66
5789;31
5790;45
5791;37
5792;18
5793;3
5794;46
5795;27
5796;5
5797;9
5798;34
5799;73
5800;63
5801;88
5802;63
5803;70
5804;69
5805;25
5806;64
5807;66
5808;34
5809;22
5810;4
5811;18
5812;84
5813;62
5814;71
5815;54
5816;19
5817;51
5818;91
5819;67
5820;38
5821;24
5822;46
5823;12
5824;8
5825;59
5826;69
5827;65
5828;66
5829;36
5830;43
5831;41
5832;15
5833;3
5834;60
5835;31
5836;9
5837;11
5838;56
5839;33
5840;14
5841;8
5842;79
5843;48
5844;32
5845;9
5846;18
5847;17
5848;67
5849;30
5850;40
5851;23
5852;6
5853;6
5854;15
5855;27
5856;47
5857;39
5858;5
5859;5
5860;93
5861;29
5862;28
5863;2
5864;5
5865;15
5866;89
5867;19
5868;82
5869;55
5870;32
5871;71
5872;41
5873;70
5874;64
5875;23
5876;34
5877;33
5878;4
5879;0
5880;31
5881;74
5882;80
5883;61
5884;32
5885;18
5886;49
5887;49
5888;37
5889;46
5890;7
5891;14
5892;18
5893;43
5894;50
5895;36
5896;59
5897;65
5898;28
5899;64
5900;38
5901;35
5902;18
5903;12
5904;62
5905;25
5906;38
5907;41
5908;8
5909;2
5910;62
5911;57
5912;18
5913;14
5914;30
5915;49
5916;7
5917;16
5918;46
5919;34
5920;9
5921;10
5922;64
5923;61
5924;77
5925;40
5926;13
5927;24
5928;38
5929;0
5930;60
5931;35
5932;30
5933;56
5934;24
5935;73
5936;41
5937;30
5938;32
5939;38
5940;8
5941;2
5942;35
5943;44
5944;15
5945;16
5946;24
5947;48
5948;1
5949;13
5950;38
5951;37
5952;18
5953;9
5954;45
5955;56
5956;18
5957;13
5958;36
5959;32
5960;13
5961;11
5962;39
5963;59
5964;17
5965;12
5966;32
5967;67
5968;63
5969;14
5970;40
5971;40
5972;37
5973;16
5974;35
5975;36
5976;18
5977;8
5978;50
5979;36
5980;8
5981;32
5982;45
5983;15
5984;7
5985;37
5986;29
5987;58
5988;17
5989;13
5990;38
5991;36
5992;4
5993;33
5994;20
5995;20
5996;30
5997;23
5998;41
5999;44
6000;66
6001;50
6002;29
6003;48
6004;10
6005;1
6006;4
6007;56
6008;48
6009;77
6010;75
6011;30
6012;44
6013;10
6014;3
6015;34
6016;66
6017;58
6018;47
6019;18
6020;8
6021;23
6022;5
6023;71
6024;48
6025;68
6026;70
6027;55
6028;57
6029;52
6030;19
6031;21
6032;91
6033;25
6034;44
6035;47
6036;3
6037;15
6038;61
6039;50
6040;27
6041;10
6042;6
6043;43
6044;39
6045;9
6046;38
6047;57
6048;60
6049;7
6050;8
6051;47
6052;74
6053;53
6054;47
6055;17
6056;13
6057;55
6058;66
6059;81
6060;92
6061;57
6062;39
6063;13
6064;8
6065;79
6066;39
6067;79
6068;41
6069;34
6070;5
6071;18
6072;0
6073;27
6074;76
6075;68
6076;44
6077;63
6078;49
6079;48
6080;16
6081;18
6082;49
6083;83
6084;24
6085;36
6086;3
6087;78
6088;33
6089;31
6090;58
6091;35
6092;79
6093;44
6094;43
6095;38
6096;11
6097;11
6098;8
6099;65
6100;23
6101;35
6102;44
6103;2
6104;63
6105;23
6106;39
6107;56
6108;34
6109;20
6110;59
6111;58
6112;65
6113;45
6114;18
6115;89
6116;34
6117;42
6118;30
6119;5
6120;14
6121;4
6122;25
6123;69
6124;51
6125;48
6126;23
6127;42
6128;41
6129;87
6130;60
6131;37
6132;34
6133;1
6134;4
6135;7
6136;60
6137;49
6138;22
6139;47
6140;1
6141;5
6142;12
6143;51
6144;67
6145;30
6146;24
6147;28
6148;23
6149;24
6150;72
6151;30
6152;37
6153;61
6154;11
6155;6
6156;44
6157;76
6158;68
6159;39
6160;66
6161;19
6162;20
6163;39
6164;52
6165;10
6166;17
6167;49
6168;54
6169;10
6170;9
6171;54
6172;58
6173;49
6174;38
6175;30
6176;16
6177;4
6178;33
6179;48
6180;11
6181;45
6182;50
6183;26
6184;42
6185;14
6186;18
6187;48
6188;68
6189;42
6190;36
6191;8
6192;15
6193;57
6194;79
6195;49
6196;22
6197;64
6198;35
6199;24
6200;63
6201;49
6202;39
6203;76
6204;75
6205;91
6206;72
6207;69
6208;43
6209;39
6210;18
6211;3
6212;10
6213;27
6214;20
6215;49
6216;4
6217;2
6218;22
6219;38
6220;42
6221;6
6222;4
6223;58
6224;43
6225;18
6226;11
6227;39
6228;35
6229;44
6230;17
6231;9
6232;33
6233;47
6234;1
6235;51
6236;82
6237;63
6238;60
6239;33
6240;37
6241;23
6242;40
6243;38
6244;4
6245;9
6246;4
6247;35
6248;25
6249;70
6250;71
6251;71
6252;57
6253;64
6254;64
6255;41
6256;60
6257;79
6258;75
6259;58
6260;76
6261;31
6262;0
6263;9
6264;32
6265;33
6266;11
6267;17
6268;56
6269;43
6270;37
6271;16
6272;0
6273;41
6274;63
6275;35
6276;65
6277;21
6278;22
6279;69
6280;46
6281;38
6282;78
6283;42
6284;35
6285;2
6286;4
6287;4
6288;38
6289;42
6290;43
6291;15
6292;1
6293;52
6294;56
6295;8
6296;14
6297;49
6298;68
6299;66
6300;60
6301;59
6302;77
6303;66
6304;31
6305;69
6306;46
6307;27
6308;53
6309;57
6310;31
6311;38
6312;60
6313;11
6314;8
6315;34
6316;29
6317;26
6318;38
6319;48
6320;30
6321;62
6322;46
6323;10
6324;18
6325;9
6326;10
6327;49
6328;60
6329;53
6330;22
6331;53
6332;76
6333;54
6334;65
6335;77
6336;50
6337;7
6338;12
6339;31
6340;60
6341;65
6342;29
6343;63
6344;18
6345;6
6346;58
6347;51
6348;11
6349;47
6350;49
6351;39
6352;13
6353;9
6354;12
6355;44
6356;36
6357;7
6358;44
6359;46
6360;47
6361;71
6362;46
6363;46
6364;6
6365;18
6366;6
6367;49
6368;49
6369;48
6370;65
6371;25
6372;40
6373;19
6374;0
6375;4
6376;67
6377;20
6378;50
6379;20
6380;53
6381;26
6382;79
6383;48
6384;19
6385;43
6386;1
6387;4
6388;37
6389;30
6390;10
6391;8
6392;21
6393;63
6394;46
6395;48
6396;51
6397;73
6398;32
6399;15
6400;73
6401;68
6402;83
6403;40
6404;47
6405;11
6406;10
6407;32
6408;35
6409;2
6410;39
6411;35
6412;18
6413;16
6414;7
6415;47
6416;42
6417;5
6418;32
6419;47
6420;17
6421;14
6422;47
6423;6
6424;24
6425;36
6426;44
6427;32
6428;62
6429;21
6430;47
6431;60
6432;61
6433;10
6434;18
6435;76
6436;68
6437;33
6438;38
6439;3
6440;5
6441;71
6442;47
6443;53
6444;74
6445;53
6446;59
6447;21
6448;56
6449;77
6450;59
6451;39
6452;54
6453;59
6454;21
6455;54
6456;65
6457;61
6458;39
6459;55
6460;54
6461;39
6462;37
6463;6
6464;2
6465;43
6466;34
6467;2
6468;8
6469;97
6470;24
6471;78
6472;51
6473;49
6474;34
6475;50
6476;17
6477;7
6478;9
6479;9
6480;53
6481;49
6482;43
6483;19
6484;37
6485;73
6486;35
6487;41
6488;0
6489;4
6490;49
6491;50
6492;43
6493;32
6494;1
6495;1
6496;36
6497;54
6498;53
6499;73
6500;72
6501;58
6502;30
6503;54
6504;54
6505;30
6506;62
6507;14
6508;54
6509;55
6510;24
6511;25
6512;34
6513;4
6514;4
6515;38
6516;51
6517;72
6518;87
6519;94
6520;68
6521;69
6522;29
6523;54
6524;18
6525;10
6526;13
6527;11
6528;75
6529;74
6530;25
6531;60
6532;53
6533;34
6534;7
6535;8
6536;58
6537;56
6538;15
6539;11
6540;8
6541;30
6542;47
6543;41
6544;10
6545;11
6546;43
6547;32
6548;49
6549;50
6550;51
6551;44
6552;40
6553;36
6554;17
6555;10
6556;4
6557;32
6558;40
6559;49
6560;50
6561;10
6562;13
6563;17
6564;38
6565;33
6566;12
6567;13
6568;58
6569;58
6570;52
6571;52
6572;47
6573;25
6574;3
6575;10
6576;60
6577;44
6578;7
6579;10
6580;12
6581;71
6582;75
6583;42
6584;23
6585;1
6586;2
6587;0
6588;28
6589;38
6590;5
6591;3
6592;53
6593;14
6594;59
6595;36
6596;14
6597;11
6598;83
6599;68
6600;31
6601;32
6602;6
6603;10
6604;35
6605;43
6606;6
6607;8
6608;19
6609;48
6610;18
6611;12
6612;73
6613;73
6614;69
6615;76
6616;28
6617;14
6618;6
6619;83
6620;60
6621;63
6622;57
6623;25
6624;81
6625;19
6626;35
6627;54
6628;44
6629;42
6630;4
6631;21
6632;19
6633;55
6634;71
6635;41
6636;41
6637;46
6638;1
6639;1
6640;4
6641;29
6642;41
6643;13
6644;17
6645;38
6646;36
6647;57
6648;18
6649;13
6650;57
6651;52
6652;32
6653;15
6654;15
6655;85
6656;21
6657;30
6658;45
6659;2
6660;0
6661;1
6662;1
6663;0
6664;39
6665;56
6666;77
6667;19
6668;27
6669;49
6670;83
6671;90
6672;32
6673;20
6674;68
6675;76
6676;57
6677;69
6678;43
6679;64
6680;50
6681;60
6682;21
6683;22
6684;60
6685;41
6686;31
6687;2
6688;16
6689;59
6690;32
6691;11
6692;11
6693;45
6694;22
6695;47
6696;14
6697;14
6698;70
6699;44
6700;29
6701;50
6702;57
6703;28
6704;35
6705;7
6706;60
6707;31
6708;53
6709;19
6710;41
6711;42
6712;15
6713;10
6714;31
6715;41
6716;2
6717;42
6718;42
6719;6
6720;13
6721;55
6722;36
6723;68
6724;41
6725;56
6726;62
6727;7
6728;9
6729;49
6730;64
6731;12
6732;11
6733;84
6734;36
6735;42
6736;27
6737;8
6738;8
6739;38
6740;69
6741;74
6742;49
6743;48
6744;47
6745;19
6746;64
6747;44
6748;38
6749;20
6750;30
6751;43
6752;18
6753;14
6754;45
6755;22
6756;0
6757;4
6758;2
6759;39
6760;82
6761;64
6762;21
6763;21
6764;20
6765;20
6766;42
6767;4
6768;7
6769;32
6770;25
6771;47
6772;20
6773;22
6774;19
6775;23
6776;67
6777;71
6778;54
6779;61
6780;56
6781;15
6782;47
6783;40
6784;54
6785;11
6786;14
6787;18
6788;58
6789;48
6790;64
6791;76
6792;55
6793;52
6794;27
6795;38
6796;11
6797;6
6798;19
6799;20
6800;57
6801;53
6802;49
6803;51
6804;30
6805;40
6806;2
6807;17
6808;70
6809;58
6810;40
6811;9
6812;9
6813;47
6814;76
6815;48
6816;40
6817;4
6818;14
6819;3
6820;3
6821;27
6822;34
6823;12
6824;12
6825;69
6826;37
6827;37
6828;27
6829;15
6830;6
6831;67
6832;55
6833;44
6834;42
6835;17
6836;1
6837;64
6838;55
6839;13
6840;15
6841;19
6842;60
6843;55
6844;22
6845;62
6846;62
6847;10
6848;8
6849;13
6850;56
6851;67
6852;45
6853;59
6854;7
6855;38
6856;47
6857;12
6858;14
6859;32
6860;36
6861;17
6862;18
6863;43
6864;25
6865;1
6866;62
6867;53
6868;49
6869;27
6870;13
6871;66
6872;35
6873;83
6874;47
6875;70
6876;37
6877;22
6878;31
6879;35
6880;36
6881;6
6882;9
6883;6
6884;51
6885;72
6886;25
6887;51
6888;29
6889;10
6890;1
6891;71
6892;66
6893;54
6894;20
6895;33
6896;25
6897;11
6898;0
6899;0
6900;53
6901;60
6902;74
6903;48
6904;35
6905;44
6906;21
6907;61
6908;58
6909;82
6910;62
6911;63
6912;13
6913;13
6914;59
6915;45
6916;45
6917;49
6918;13
6919;10
6920;48
6921;20
6922;68
6923;24
6924;32
6925;66
6926;57
6927;76
6928;61
6929;49
6930;12
6931;6
6932;9
6933;21
6934;88
6935;67
6936;51
6937;32
6938;63
6939;17
6940;14
6941;84
6942;58
6943;63
6944;52
6945;21
6946;70
6947;22
6948;71
6949;72
6950;76
6951;33
6952;59
6953;37
6954;48
6955;3
6956;6
6957;14
6958;25
6959;24
6960;22
6961;52
6962;20
6963;21
6964;39
6965;80
6966;44
6967;67
6968;80
6969;45
6970;34
6971;29
6972;16
6973;15
6974;2
6975;68
6976;21
6977;71
6978;69
6979;52
6980;36
6981;38
6982;38
6983;93
6984;50
6985;60
6986;75
6987;32
6988;83
6989;20
6990;32
6991;52
6992;66
6993;64
6994;52
6995;79
6996;50
6997;20
6998;52
6999;64
7000;31
7001;24
7002;6
7003;5
7004;46
7005;34
7006;9
7007;11
7008;48
7009;49
7010;11
7011;15
7012;47
7013;45
7014;16
7015;9
7016;57
7017;74
7018;38
7019;52
7020;84
7021;69
7022;79
7023;20
7024;73
7025;72
7026;20
7027;63
7028;22
7029;46
7030;43
7031;43
7032;42
7033;28
7034;4
7035;17
7036;41
7037;34
7038;17
7039;84
7040;25
7041;64
7042;11
7043;23
7044;61
7045;21
7046;37
7047;17
7048;59
7049;71
7050;54
7051;54
7052;55
7053;86
7054;48
7055;57
7056;29
7057;61
7058;43
7059;45
7060;22
7061;70
7062;46
7063;32
7064;7
7065;9
7066;40
7067;75
7068;60
7069;47
7070;21
7071;67
7072;48
7073;20
7074;19
7075;83
7076;71
7077;71
7078;30
7079;35
7080;48
7081;4
7082;51
7083;68
7084;59
7085;44
7086;15
7087;8
7088;37
7089;40
7090;39
7091;42
7092;5
7093;13
7094;38
7095;32
7096;17
7097;17
7098;81
7099;70
7100;71
7101;39
7102;31
7103;12
7104;9
7105;54
7106;48
7107;85
7108;58
7109;21
7110;70
7111;25
7112;71
7113;41
7114;44
7115;63
7116;41
7117;9
7118;14
7119;69
7120;40
7121;46
7122;38
7123;6
7124;59
7125;65
7126;35
7127;42
7128;33
7129;11
7130;1
7131;5
7132;34
7133;46
7134;2
7135;0
7136;6
7137;53
7138;38
7139;60
7140;41
7141;59
7142;22
7143;57
7144;51
7145;33
7146;46
7147;49
7148;13
7149;9
7150;60
7151;47
7152;12
7153;26
7154;68
7155;23
7156;33
7157;1
7158;15
7159;3
7160;47
7161;48
7162;58
7163;28
7164;16
7165;12
7166;39
7167;37
7168;36
7169;4
7170;1
7171;71
7172;36
7173;66
7174;73
7175;20
7176;23
7177;69
7178;78
7179;48
7180;39
7181;11
7182;12
7183;56
7184;81
7185;52
7186;61
7187;46
7188;38
7189;9
7190;15
7191;87
7192;74
7193;46
7194;39
7195;86
7196;61
7197;63
7198;68
7199;59
7200;78
7201;53
7202;36
7203;40
7204;5
7205;6
7206;66
7207;24
7208;36
7209;39
7210;11
7211;17
7212;39
7213;35
7214;66
7215;60
7216;58
7217;82
7218;68
7219;68
7220;38
7221;51
7222;58
7223;41
7224;59
7225;32
7226;56
7227;18
7228;11
7229;64
7230;46
7231;75
7232;35
7233;80
7234;38
7235;47
7236;4
7237;2
7238;6
7239;38
7240;43
7241;4
7242;2
7243;5
7244;37
7245;74
7246;40
7247;6
7248;8
7249;79
7250;52
7251;42
7252;74
7253;33
7254;22
7255;4
7256;14
7257;40
7258;61
7259;65
7260;23
7261;41
7262;31
7263;10
7264;7
7265;40
7266;6
7267;9
7268;40
7269;84
7270;33
7271;78
7272;71
7273;33
7274;40
7275;48
7276;46
7277;12
7278;6
7279;47
7280;63
7281;56
7282;22
7283;41
7284;69
7285;66
7286;53
7287;51
7288;47
7289;44
7290;2
7291;3
7292;5
7293;41
7294;44
7295;76
7296;95
7297;32
7298;31
7299;11
7300;54
7301;53
7302;48
7303;71
7304;40
7305;19
7306;1
7307;2
7308;38
7309;36
7310;46
7311;1
7312;5
7313;46
7314;40
7315;5
7316;14
7317;38
7318;30
7319;40
7320;34
7321;2
7322;33
7323;32
7324;1
7325;28
7326;31
7327;49
7328;66
7329;84
7330;61
7331;54
7332;59
7333;84
7334;22
7335;78
7336;22
7337;47
7338;52
7339;8
7340;7
7341;86
7342;77
7343;71
7344;33
7345;12
7346;0
7347;14
7348;7
7349;2
7350;47
7351;38
7352;4
7353;16
7354;59
7355;65
7356;42
7357;20
7358;24
7359;25
7360;43
7361;46
7362;42
7363;79
7364;62
7365;55
7366;55
7367;48
7368;53
7369;53
7370;14
7371;15
7372;36
7373;4
7374;41
7375;44
7376;31
7377;7
7378;16
7379;56
7380;23
7381;51
7382;59
7383;13
7384;7
7385;12
7386;29
7387;50
7388;80
7389;45
7390;21
7391;52
7392;73
7393;83
7394;38
7395;28
7396;6
7397;2
7398;10
7399;0
7400;64
7401;51
7402;58
7403;6
7404;6
7405;40
7406;37
7407;0
7408;7
7409;32
7410;64
7411;11
7412;15
7413;26
7414;44
7415;3
7416;3
7417;1
7418;7
7419;8
7420;2
7421;81
7422;28
7423;51
7424;74
7425;30
7426;37
7427;7
7428;14
7429;44
7430;57
7431;26
7432;72
7433;67
7434;49
7435;52
7436;9
7437;6
7438;11
7439;75
7440;73
7441;31
7442;37
7443;87
7444;66
7445;30
7446;32
7447;14
7448;7
7449;55
7450;64
7451;38
7452;55
7453;18
7454;37
7455;54
7456;13
7457;11
7458;27
7459;69
7460;35
7461;49
7462;62
7463;43
7464;32
7465;43
7466;66
7467;35
7468;61
7469;13
7470;62
7471;40
7472;17
7473;16
7474;13
7475;43
7476;83
7477;69
7478;48
7479;33
7480;14
7481;13
7482;89
7483;22
7484;23
7485;51
7486;35
7487;34
7488;1
7489;0
7490;41
7491;32
7492;36
7493;3
7494;3
7495;35
7496;27
7497;55
7498;36
7499;42
7500;5
7501;3
7502;5
7503;74
7504;88
7505;58
7506;55
7507;48
7508;27
7509;2
7510;9
7511;72
7512;39
7513;78
7514;20
7515;62
7516;41
7517;35
7518;34
7519;5
7520;2
7521;55
7522;53
7523;54
7524;38
7525;35
7526;29
7527;2
7528;2
7529;38
7530;78
7531;23
7532;76
7533;45
7534;17
7535;38
7536;39
7537;7
7538;6
7539;42
7540;37
7541;8
7542;11
7543;24
7544;32
7545;0
7546;51
7547;53
7548;37
7549;44
7550;16
7551;11
7552;45
7553;20
7554;22
7555;88
7556;30
7557;74
7558;56
7559;18
7560;32
7561;40
7562;3
7563;5
7564;5
7565;17
7566;47
7567;50
7568;8
7569;41
7570;52
7571;66
7572;20
7573;44
7574;1
7575;12
7576;47
7577;30
7578;9
7579;63
7580;55
7581;38
7582;72
7583;60
7584;48
7585;24
7586;13
7587;5
7588;45
7589;30
7590;4
7591;40
7592;27
7593;22
7594;42
7595;44
7596;11
7597;16
7598;45
7599;23
7600;56
7601;26
7602;42
7603;29
7604;7
7605;65
7606;38
7607;41
7608;59
7609;46
7610;45
7611;9
7612;68
7613;74
7614;49
7615;15
7616;54
7617;68
7618;33
7619;39
7620;14
7621;7
7622;8
7623;40
7624;47
7625;12
7626;47
7627;26
7628;9
7629;13
7630;11
7631;25
7632;79
7633;59
7634;57
7635;6
7636;71
7637;48
7638;31
7639;15
7640;10
7641;23
7642;49
7643;21
7644;55
7645;57
7646;65
7647;19
7648;34
7649;1
7650;51
7651;68
7652;47
7653;35
7654;9
7655;12
7656;31
7657;35
7658;16
7659;11
7660;75
7661;62
7662;35
7663;29
7664;23
7665;71
7666;64
7667;31
7668;9
7669;57
7670;42
7671;9
7672;18
7673;7
7674;30
7675;84
7676;52
7677;41
7678;9
7679;10
7680;11
7681;71
7682;55
7683;83
7684;51
7685;33
7686;51
7687;10
7688;17
7689;7
7690;26
7691;88
7692;53
7693;48
7694;23
7695;35
7696;51
7697;15
7698;11
7699;12
7700;72
7701;65
7702;74
7703;32
7704;53
7705;51
7706;43
7707;32
7708;15
7709;13
7710;33
7711;75
7712;48
7713;48
7714;60
7715;67
7716;40
7717;45
7718;10
7719;16
7720;61
7721;43
7722;17
7723;9
7724;30
7725;37
7726;11
7727;11
7728;44
7729;30
7730;12
7731;14
7732;53
7733;65
7734;29
7735;55
7736;18
7737;16
7738;44
7739;50
7740;31
7741;10
7742;10
7743;10
7744;83
7745;53
7746;75
7747;59
7748;36
7749;19
7750;4
7751;7
7752;9
7753;51
7754;44
7755;53
7756;53
7757;60
7758;16
7759;6
7760;6
7761;57
7762;46
7763;64
7764;50
7765;40
7766;45
7767;10
7768;52
7769;65
7770;32
7771;35
7772;4
7773;17
7774;15
7775;5
7776;1
7777;55
7778;14
7779;58
7780;53
7781;80
7782;58
7783;38
7784;38
7785;1
7786;5
7787;76
7788;37
7789;44
7790;12
7791;6
7792;53
7793;46
7794;18
7795;8
7796;17
7797;44
7798;59
7799;8
7800;13
7801;67
7802;74
7803;28
7804;58
7805;58
7806;56
7807;20
7808;22
7809;75
7810;22
7811;69
7812;63
7813;48
7814;47
7815;58
7816;58
7817;30
7818;45
7819;27
7820;16
7821;15
7822;54
7823;66
7824;25
7825;63
7826;37
7827;63
7828;15
7829;15
7830;32
7831;40
7832;0
7833;6
7834;65
7835;69
7836;49
7837;76
7838;62
7839;54
7840;6
7841;23
7842;39
7843;4
7844;40
7845;60
7846;8
7847;11
7848;18
7849;54
7850;69
7851;74
7852;28
7853;74
7854;53
7855;66
7856;21
7857;44
7858;18
7859;55
7860;59
7861;31
7862;31
7863;13
7864;13
7865;39
7866;26
7867;36
7868;0
7869;2
7870;36
7871;10
7872;19
7873;38
7874;1
7875;8
7876;39
7877;42
7878;9
7879;18
7880;9
7881;21
7882;61
7883;27
7884;32
7885;8
7886;34
7887;49
7888;14
7889;18
7890;44
7891;42
7892;38
7893;18
7894;3
7895;15
7896;55
7897;46
7898;25
7899;66
7900;54
7901;50
7902;53
7903;48
7904;48
7905;35
7906;3
7907;36
7908;64
7909;69
7910;69
7911;69
7912;86
7913;37
7914;21
7915;53
7916;37
7917;42
7918;3
7919;8
7920;61
7921;74
7922;93
7923;70
7924;59
7925;12
7926;24
7927;41
7928;52
7929;93
7930;36
7931;44
7932;2
7933;78
7934;52
7935;35
7936;22
7937;18
7938;40
7939;74
7940;68
7941;45
7942;35
7943;0
7944;5
7945;57
7946;63
7947;42
7948;12
7949;43
7950;14
7951;27
7952;28
7953;59
7954;16
7955;12
7956;9
7957;39
7958;33
7959;15
7960;5
7961;44
7962;34
7963;18
7964;3
7965;43
7966;29
7967;3
7968;9
7969;72
7970;47
7971;49
7972;36
7973;6
7974;58
7975;49
7976;56
7977;66
7978;46
7979;78
7980;57
7981;69
7982;58
7983;61
7984;19
7985;66
7986;29
7987;33
7988;12
7989;58
7990;25
7991;45
7992;44
7993;8
7994;48
7995;20
7996;62
7997;35
7998;15
7999;23
8000;68
8001;52
8002;37
8003;78
8004;25
8005;44
8006;5
8007;2
8008;12
8009;30
8010;64
8011;6
8012;6
8013;13
8014;34
8015;19
8016;2
8017;10
8018;57
8019;47
8020;47
8021;20
8022;34
8023;47
8024;49
8025;41
8026;72
8027;54
8028;22
8029;76
8030;49
8031;34
8032;0
8033;15
8034;74
8035;63
8036;33
8037;29
8038;7
8039;68
8040;49
8041;33
8042;12
8043;8
8044;63
8045;51
8046;33
8047;22
8048;38
8049;25
8050;72
8051;22
8052;76
8053;30
8054;34
8055;29
8056;4
8057;14
8058;20
8059;61
8060;54
8061;44
8062;6
8063;18
8064;33
8065;47
8066;1
8067;5
8068;67
8069;55
8070;39
8071;24
8072;45
8073;34
8074;23
8075;22
8076;59
8077;30
8078;32
8079;31
8080;11
8081;18
8082;61
8083;78
8084;38
8085;47
8086;9
8087;37
8088;65
8089;56
8090;69
8091;51
8092;20
8093;42
8094;38
8095;12
8096;0
8097;40
8098;59
8099;14
8100;12
8101;14
8102;39
8103;28
8104;0
8105;1
8106;30
8107;18
8108;53
8109;39
8110;6
8111;13
8112;69
8113;70
8114;79
8115;30
8116;28
8117;30
8118;1
8119;3
8120;32
8121;36
8122;41
8123;25
8124;93
8125;30
8126;5
8127;1
8128;57
8129;51
8130;81
8131;64
8132;76
8133;59
8134;51
8135;46
8136;12
8137;14
8138;7
8139;26
8140;39
8141;28
8142;18
8143;12
8144;21
8145;79
8146;71
8147;29
8148;54
8149;54
8150;22
8151;69
8152;36
8153;61
8154;75
8155;66
8156;69
8157;19
8158;27
8159;29
8160;0
8161;4
8162;69
8163;38
8164;46
8165;55
8166;56
8167;44
8168;26
8169;66
8170;43
8171;61
8172;10
8173;14
8174;43
8175;45
8176;7
8177;14
8178;65
8179;19
8180;77
8181;25
8182;78
8183;94
8184;62
8185;37
8186;65
8187;74
8188;38
8189;68
8190;72
8191;40
8192;43
8193;3
8194;3
8195;77
8196;52
8197;37
8198;15
8199;30
8200;23
8201;3
8202;3
8203;0
8204;39
8205;24
8206;39
8207;38
8208;58
8209;75
8210;21
8211;50
8212;57
8213;49
8214;14
8215;11
8216;50
8217;26
8218;35
8219;0
8220;2
8221;38
8222;38
8223;39
8224;46
8225;14
8226;11
8227;72
8228;46
8229;40
8230;43
8231;35
8232;17
8233;12
8234;24
8235;36
8236;20
8237;24
8238;32
8239;56
8240;63
8241;71
8242;73
8243;73
8244;89
8245;33
8246;54
8247;51
8248;23
8249;91
8250;45
8251;14
8252;64
8253;28
8254;16
8255;7
8256;30
8257;31
8258;5
8259;7
8260;34
8261;30
8262;59
8263;69
8264;75
8265;45
8266;34
8267;27
8268;2
8269;1
8270;2
8271;52
8272;75
8273;47
8274;47
8275;36
8276;34
8277;2
8278;9
8279;21
8280;24
8281;40
8282;16
8283;2
8284;0
8285;1
8286;21
8287;43
8288;17
8289;4
8290;34
8291;34
8292;65
8293;71
8294;66
8295;66
8296;84
8297;23
8298;79
8299;52
8300;76
8301;64
8302;94
8303;58
8304;69
8305;36
8306;12
8307;45
8308;55
8309;21
8310;42
8311;3
8312;6
8313;69
8314;55
8315;82
8316;41
8317;34
8318;14
8319;17
8320;31
8321;44
8322;4
8323;13
8324;44
8325;41
8326;2
8327;8
8328;53
8329;38
8330;35
8331;1
8332;2
8333;9
8334;14
8335;9
8336;65
8337;87
8338;38
8339;66
8340;58
8341;35
8342;16
8343;6
8344;48
8345;32
8346;14
8347;9
8348;54
8349;44
8350;49
8351;34
8352;42
8353;55
8354;14
8355;17
8356;84
8357;60
8358;39
8359;30
8360;13
8361;0
8362;2
8363;47
8364;43
8365;37
8366;4
8367;9
8368;51
8369;46
8370;14
8371;8
8372;66
8373;73
8374;41
8375;50
8376;22
8377;24
8378;77
8379;33
8380;47
8381;15
8382;4
8383;73
8384;24
8385;46
8386;55
8387;21
8388;77
8389;47
8390;21
8391;11
8392;8
8393;35
8394;78
8395;65
8396;77
8397;47
8398;51
8399;28
8400;47
8401;36
8402;5
8403;28
8404;38
8405;57
8406;17
8407;18
8408;13
8409;64
8410;70
8411;23
8412;45
8413;36
8414;8
8415;18
8416;37
8417;61
8418;45
8419;43
8420;1
8421;3
8422;2
8423;23
8424;47
8425;48
8426;57
8427;68
8428;55
8429;35
8430;29
8431;8
8432;17
8433;27
8434;48
8435;15
8436;12
8437;21
8438;62
8439;61
8440;76
8441;63
8442;53
8443;55
8444;29
8445;11
8446;8
8447;60
8448;49
8449;69
8450;46
8451;30
8452;46
8453;3
8454;7
8455;65
8456;52
8457;33
8458;48
8459;72
8460;63
8461;41
8462;8
8463;16
8464;31
8465;37
8466;4
8467;1
8468;31
8469;36
8470;38
8471;9
8472;9
8473;13
8474;42
8475;49
8476;3
8477;2
8478;40
8479;52
8480;13
8481;9
8482;60
8483;50
8484;66
8485;47
8486;45
8487;15
8488;10
8489;30
8490;40
8491;13
8492;46
8493;59
8494;12
8495;6
8496;6
8497;69
8498;58
8499;44
8500;92
8501;71
8502;29
8503;48
8504;15
8505;1
8506;39
8507;43
8508;81
8509;57
8510;75
8511;73
8512;24
8513;83
8514;32
8515;13
8516;49
8517;46
8518;37
8519;44
8520;6
8521;16
8522;32
8523;39
8524;8
8525;18
8526;75
8527;49
8528;69
8529;63
8530;43
8531;83
8532;66
8533;29
8534;41
8535;12
8536;21
8537;22
8538;42
8539;46
8540;11
8541;47
8542;45
8543;5
8544;11
8545;30
8546;51
8547;72
8548;69
8549;60
8550;61
8551;51
8552;34
8553;48
8554;14
8555;39
8556;61
8557;42
8558;13
8559;8
8560;55
8561;81
8562;80
8563;45
8564;81
8565;51
8566;57
8567;60
8568;54
8569;25
8570;26
8571;53
8572;49
8573;50
8574;73
8575;78
8576;77
8577;43
8578;52
8579;17
8580;8
8581;64
8582;16
8583;28
8584;26
8585;48
8586;66
8587;53
8588;22
8589;45
8590;74
8591;20
8592;20
8593;74
8594;29
8595;20
8596;6
8597;2
8598;62
8599;64
8600;42
8601;31
8602;8
8603;64
8604;41
8605;48
8606;13
8607;54
8608;70
8609;33
8610;40
8611;5
8612;14
8613;22
8614;24
8615;75
8616;50
8617;44
8618;67
8619;33
8620;46
8621;16
8622;3
8623;14
8624;5
8625;41
8626;31
8627;24
8628;67
8629;64
8630;32
8631;71
8632;68
8633;63
8634;36
8635;47
8636;43
8637;13
8638;33
8639;26
8640;1
8641;4
8642;8
8643;24
8644;69
8645;52
8646;49
8647;55
8648;12
8649;12
8650;13
8651;57
8652;48
8653;60
8654;41
8655;30
8656;6
8657;11
8658;9
8659;67
8660;50
8661;55
8662;11
8663;53
8664;47
8665;13
8666;10
8667;16
8668;80
8669;42
8670;20
8671;18
8672;39
8673;38
8674;8
8675;34
8676;20
8677;0
8678;17
8679;0
8680;82
8681;43
8682;38
8683;6
8684;1
8685;1
8686;47
8687;68
8688;33
8689;32
8690;4
8691;29
8692;44
8693;39
8694;6
8695;6
8696;42
8697;31
8698;4
8699;6
8700;40
8701;25
8702;49
8703;1
8704;58
8705;24
8706;25
8707;41
8708;2
8709;17
8710;61
8711;34
8712;6
8713;16
8714;58
8715;69
8716;42
8717;50
8718;6
8719;12
8720;23
8721;52
8722;49
8723;47
8724;35
8725;30
8726;6
8727;38
8728;46
8729;8
8730;12
8731;26
8732;51
8733;56
8734;27
8735;32
8736;41
8737;44
8738;9
8739;27
8740;81
8741;52
8742;45
8743;40
8744;65
8745;58
8746;41
8747;33
8748;37
8749;5
8750;12
8751;30
8752;35
8753;3
8754;1
8755;25
8756;46
8757;56
8758;66
8759;77
8760;32
8761;71
8762;73
8763;30
8764;54
8765;51
8766;73
8767;50
8768;12
8769;6
8770;83
8771;66
8772;48
8773;49
8774;31
8775;8
8776;26
8777;44
8778;44
8779;18
8780;13
8781;48
8782;53
8783;52
8784;18
8785;14
8786;54
8787;23
8788;44
8789;21
8790;39
8791;44
8792;45
8793;58
8794;59
8795;26
8796;39
8797;18
8798;21
8799;20
8800;46
8801;33
8802;30
8803;59
8804;33
8805;38
8806;9
8807;0
8808;60
8809;75
8810;57
8811;44
8812;10
8813;6
8814;62
8815;72
8816;47
8817;24
8818;17
8819;15
8820;19
8821;62
8822;49
8823;64
8824;34
8825;31
8826;5
8827;1
8828;83
8829;52
8830;59
8831;46
8832;43
8833;63
8834;51
8835;49
8836;76
8837;34
8838;33
8839;18
8840;14
8841;75
8842;61
8843;60
8844;25
8845;69
8846;49
8847;32
8848;14
8849;10
8850;35
8851;75
8852;59
8853;69
8854;49
8855;77
8856;36
8857;46
8858;14
8859;5
8860;74
8861;22
8862;61
8863;56
8864;62
8865;38
8866;40
8867;0
8868;4
8869;30
8870;34
8871;24
8872;9
8873;35
8874;8
8875;41
8876;31
8877;8
8878;2
8879;15
8880;22
8881;28
8882;60
8883;61
8884;7
8885;9
8886;10
8887;43
8888;42
8889;1
8890;15
8891;10
8892;29
8893;79
8894;76
8895;86
8896;39
8897;19
8898;2
8899;4
8900;41
8901;41
8902;36
8903;25
8904;34
8905;28
8906;1
8907;14
8908;1
8909;58
8910;25
8911;39
8912;4
8913;4
8914;44
8915;51
8916;16
8917;6
8918;58
8919;58
8920;38
8921;71
8922;67
8923;58
8924;63
8925;30
8926;53
8927;9
8928;38
8929;41
8930;42
8931;16
8932;33
8933;31
8934;16
8935;6
8936;71
8937;94
8938;20
8939;28
8940;13
8941;41
8942;47
8943;29
8944;17
8945;18
8946;12
8947;40
8948;36
8949;31
8950;8
8951;14
8952;35
8953;19
8954;9
8955;6
8956;46
8957;64
8958;60
8959;73
8960;37
8961;16
8962;9
8963;19
8964;33
8965;76
8966;55
8967;57
8968;87
8969;26
8970;12
8971;10
8972;57
8973;56
8974;13
8975;9
8976;59
8977;70
8978;62
8979;59
8980;47
8981;48
8982;13
8983;9
8984;33
8985;75
8986;50
8987;47
8988;52
8989;62
8990;63
8991;71
8992;51
8993;41
8994;3
8995;68
8996;19
8997;31
8998;60
8999;36
9000;50
9001;14
9002;7
9003;67
9004;19
9005;45
9006;30
9007;49
9008;17
9009;11
9010;6
9011;67
9012;38
9013;25
9014;32
9015;21
9016;46
9017;32
9018;70
9019;66
9020;51
9021;57
9022;45
9023;78
9024;58
9025;97
9026;44
9027;26
9028;19
9029;20
9030;80
9031;45
9032;45
9033;35
9034;4
9035;14
9036;82
9037;24
9038;61
9039;61
9040;62
9041;41
9042;56
9043;37
9044;35
9045;4
9046;2
9047;2
9048;29
9049;46
9050;5
9051;0
9052;17
9053;37
9054;37
9055;17
9056;15
9057;20
9058;54
9059;40
9060;44
9061;9
9062;7
9063;43
9064;55
9065;36
9066;28
9067;62
9068;20
9069;20
9070;66
9071;86
9072;47
9073;30
9074;5
9075;2
9076;75
9077;26
9078;55
9079;13
9080;10
9081;64
9082;86
9083;32
9084;37
9085;3
9086;2
9087;38
9088;9
9089;13
9090;47
9091;38
9092;60
9093;57
9094;54
9095;34
9096;84
9097;53
9098;48
9099;46
9100;50
9101;65
9102;36
9103;14
9104;18
9105;35
9106;30
9107;17
9108;14
9109;17
9110;52
9111;34
9112;31
9113;50
9114;17
9115;12
9116;49
9117;49
9118;17
9119;35
9120;22
9121;55
9122;35
9123;61
9124;14
9125;9
9126;76
9127;21
9128;26
9129;75
9130;78
9131;37
9132;34
9133;5
9134;5
9135;48
9136;63
9137;25
9138;30
9139;4
9140;2
9141;16
9142;2
9143;67
9144;20
9145;45
9146;43
9147;12
9148;23
9149;62
9150;50
9151;58
9152;78
9153;88
9154;61
9155;39
9156;7
9157;14
9158;41
9159;48
9160;15
9161;15
9162;80
9163;33
9164;55
9165;17
9166;15
9167;60
9168;76
9169;43
9170;22
9171;43
9172;32
9173;29
9174;9
9175;4
9176;39
9177;37
9178;1
9179;46
9180;49
9181;54
9182;47
9183;38
9184;49
9185;3
9186;9
9187;65
9188;65
9189;72
9190;38
9191;64
9192;7
9193;10
9194;56
9195;53
9196;70
9197;58
9198;31
9199;9
9200;8
9201;74
9202;71
9203;72
9204;49
9205;71
9206;75
9207;37
9208;72
9209;72
9210;21
9211;22
9212;15
9213;7
9214;34
9215;63
9216;14
9217;16
9218;51
9219;53
9220;15
9221;6
9222;44
9223;44
9224;17
9225;45
9226;68
9227;33
9228;40
9229;38
9230;50
9231;34
9232;24
9233;57
9234;58
9235;49
9236;38
9237;5
9238;17
9239;48
9240;21
9241;44
9242;41
9243;17
9244;16
9245;68
9246;52
9247;30
9248;29
9249;75
9250;54
9251;7
9252;41
9253;33
9254;38
9255;3
9256;12
9257;42
9258;83
9259;45
9260;75
9261;55
9262;47
9263;77
9264;33
9265;28
9266;49
9267;11
9268;9
9269;44
9270;8
9271;16
9272;40
9273;46
9274;13
9275;37
9276;32
9277;6
9278;1
9279;45
9280;72
9281;80
9282;30
9283;32
9284;6
9285;4
9286;5
9287;27
9288;37
9289;2
9290;36
9291;11
9292;29
9293;36
9294;16
9295;10
9296;55
9297;85
9298;71
9299;49
9300;48
9301;18
9302;8
9303;55
9304;30
9305;9
9306;14
9307;18
9308;36
9309;24
9310;5
9311;5
9312;62
9313;37
9314;60
9315;77
9316;44
9317;50
9318;6
9319;32
9320;42
9321;1
9322;9
9323;14
9324;41
9325;39
9326;13
9327;11
9328;50
9329;55
9330;18
9331;6
9332;12
9333;74
9334;55
9335;73
9336;19
9337;91
9338;30
9339;43
9340;6
9341;2
9342;86
9343;25
9344;44
9345;27
9346;4
9347;1
9348;41
9349;30
9350;6
9351;16
9352;13
9353;60
9354;24
9355;34
9356;35
9357;3
9358;17
9359;17
9360;34
9361;49
9362;13
9363;53
9364;95
9365;71
9366;63
9367;73
9368;55
9369;33
9370;44
9371;29
9372;44
9373;21
9374;62
9375;52
9376;79
9377;32
9378;58
9379;31
9380;13
9381;7
9382;68
9383;22
9384;34
9385;38
9386;4
9387;2
9388;39
9389;6
9390;4
9391;71
9392;48
9393;35
9394;35
9395;13
9396;15
9397;13
9398;32
9399;34
9400;5
9401;3
9402;41
9403;5
9404;0
9405;39
9406;45
9407;25
9408;43
9409;21
9410;19
9411;68
9412;72
9413;34
9414;38
9415;14
9416;61
9417;30
9418;32
9419;29
9420;33
9421;0
9422;3
9423;75
9424;51
9425;34
9426;46
9427;59
9428;53
9429;43
9430;17
9431;11
9432;70
9433;57
9434;40
9435;76
9436;60
9437;56
9438;78
9439;47
9440;43
9441;17
9442;26
9443;31
9444;18
9445;74
9446;38
9447;21
9448;70
9449;58
9450;55
9451;81
9452;25
9453;58
9454;67
9455;37
9456;31
9457;13
9458;59
9459;32
9460;13
9461;6
9462;48
9463;60
9464;50
9465;56
9466;57
9467;8
9468;52
9469;73
9470;21
9471;42
9472;36
9473;14
9474;4
9475;36
9476;33
9477;7
9478;4
9479;30
9480;60
9481;10
9482;11
9483;71
9484;48
9485;43
9486;28
9487;4
9488;14
9489;41
9490;69
9491;50
9492;43
9493;17
9494;11
9495;40
9496;48
9497;11
9498;10
9499;40
9500;59
9501;9
9502;24
9503;23
9504;9
9505;2
9506;63
9507;37
9508;44
9509;14
9510;5
9511;18
9512;4
9513;1
9514;68
9515;75
9516;46
9517;49
9518;29
9519;12
9520;3
9521;70
9522;32
9523;90
9524;37
9525;48
9526;84
9527;79
9528;75
9529;48
9530;45
9531;7
9532;9
9533;14
9534;21
9535;39
9536;1
9537;2
9538;39
9539;48
9540;9
9541;7
9542;12
9543;64
9544;57
9545;74
9546;59
9547;51
9548;55
9549;20
9550;65
9551;68
9552;30
9553;43
9554;32
9555;17
9556;14
9557;38
9558;29
9559;0
9560;5
9561;84
9562;51
9563;68
9564;47
9565;37
9566;53
9567;9
9568;32
9569;29
9570;8
9571;15
9572;61
9573;63
9574;85
9575;40
9576;36
9577;0
9578;5
9579;41
9580;29
9581;5
9582;11
9583;4
9584;36
9585;37
9586;11
9587;12
9588;61
9589;76
9590;40
9591;26
9592;59
9593;79
9594;61
9595;44
9596;15
9597;59
9598;70
9599;55
9600;20
9601;48
9602;49
9603;8
9604;37
9605;41
9606;12
9607;1
9608;11
9609;44
9610;65
9611;29
9612;32
9613;29
9614;6
9615;15
9616;5
9617;42
9618;77
9619;71
9620;75
9621;40
9622;34
9623;4
9624;2
9625;65
9626;69
9627;63
9628;58
9629;34
9630;89
9631;57
9632;81
9633;20
9634;48
9635;5
9636;4
9637;14
9638;30
9639;24
9640;21
9641;29
9642;3
9643;52
9644;53
9645;73
9646;44
9647;19
9648;12
9649;0
9650;57
9651;61
9652;19
9653;58
9654;66
9655;35
9656;22
9657;72
9658;50
9659;83
9660;50
9661;26
9662;47
9663;10
9664;5
9665;30
9666;60
9667;12
9668;7
9669;40
9670;21
9671;54
9672;42
9673;55
9674;48
9675;55
9676;46
9677;77
9678;53
9679;92
9680;22
9681;43
9682;11
9683;16
9684;67
9685;43
9686;50
9687;13
9688;13
9689;73
9690;52
9691;39
9692;32
9693;12
9694;17
9695;5
9696;31
9697;76
9698;57
9699;37
9700;89
9701;52
9702;42
9703;62
9704;17
9705;8
9706;36
9707;37
9708;3
9709;17
9710;13
9711;60
9712;70
9713;40
9714;70
9715;60
9716;39
9717;59
9718;74
9719;90
9720;68
9721;29
9722;65
9723;55
9724;46
9725;22
9726;38
9727;80
9728;69
9729;22
9730;37
9731;64
9732;24
9733;53
9734;70
9735;74
9736;71
9737;41
9738;42
9739;9
9740;10
9741;95
9742;43
9743;33
9744;31
9745;5
9746;8
9747;25
9748;25
9749;1
9750;9
9751;40
9752;55
9753;45
9754;34
9755;37
9756;64
9757;14
9758;18
9759;69
9760;67
9761;32
9762;40
9763;5
9764;52
9765;21
9766;26
9767;6
9768;63
9769;25
9770;30
9771;2
9772;2
9773;86
9774;82
9775;66
9776;75
9777;65
9778;44
9779;12
9780;11
9781;45
9782;23
9783;31
9784;54
9785;9
9786;30
9787;65
9788;47
9789;92
9790;65
9791;21
9792;35
9793;42
9794;15
9795;17
9796;23
9797;75
9798;31
9799;61
9800;72
9801;75
9802;29
9803;25
9804;64
9805;44
9806;79
9807;46
9808;70
9809;54
9810;33
9811;8
9812;12
9813;22
9814;21
9815;32
9816;7
9817;12
9818;40
9819;50
9820;6
9821;6
9822;68
9823;67
9824;92
9825;43
9826;20
9827;82
9828;24
9829;25
9830;38
9831;51
9832;34
9833;41
9834;52
9835;10
9836;69
9837;35
9838;68
9839;25
9840;4
9841;2
9842;15
9843;5
9844;0
9845;33
9846;55
9847;58
9848;73
9849;38
9850;41
9851;57
9852;6
9853;7
9854;10
9855;61
9856;11
9857;15
9858;63
9859;47
9860;12
9861;13
9862;14
9863;38
9864;32
9865;16
9866;18
9867;47
9868;32
9869;18
9870;59
9871;76
9872;54
9873;19
9874;50
9875;50
9876;6
9877;9
9878;12
9879;31
9880;71
9881;58
9882;36
9883;7
9884;17
9885;48
9886;55
9887;23
9888;41
9889;30
9890;38
9891;5
9892;0
9893;44
9894;22
9895;9
9896;4
9897;46
9898;70
9899;45
9900;33
9901;4
9902;5
9903;55
9904;10
9905;11
9906;55
9907;69
9908;76
9909;72
9910;40
9911;50
9912;8
9913;9
9914;8
9915;7
9916;23
9917;26
9918;48
9919;32
9920;3
9921;14
9922;74
9923;72
9924;51
9925;62
9926;28
9927;58
9928;64
9929;27
9930;41
9931;16
9932;16
9933;95
9934;60
9935;51
9936;61
9937;33
9938;41
9939;17
9940;12
9941;38
9942;49
9943;18
9944;2
9945;4
9946;69
9947;63
9948;61
9949;48
9950;49
9951;4
9952;2
9953;5
9954;78
9955;80
9956;63
9957;71
9958;30
9959;20
9960;8
9961;7
9962;51
9963;62
9964;60
9965;43
9966;63
9967;47
9968;27
9969;0
9970;4
9971;4
9972;100
9973;68
9974;19
9975;50
9976;57
9977;50
9978;68
9979;20
9980;65
9981;88
9982;75
9983;54
9984;8
9985;17
9986;54
9987;46
9988;42
9989;2
9990;9
9991;59
9992;45
9993;35
9994;3
9995;14
9996;57
9997;76
9998;60
9999;15
10000;14
10001;80
10002;65
10003;38
10004;26
10005;20
10006;30
10007;19
10008;20
10009;64
10010;47
10011;37
10012;14
10013;15
10014;78
10015;54
10016;35
10017;40
10018;0
10019;7
10020;70
10021;70
10022;39
10023;44
10024;48
10025;43
10026;13
10027;12
10028;34
10029;61
10030;55
10031;16
10032;31
10033;28
10034;2
10035;1
10036;53
10037;71
10038;80
10039;20
10040;67
10041;38
10042;36
10043;4
10044;13
10045;63
10046;64
10047;57
10048;46
10049;43
10050;85
10051;77
10052;28
10053;66
10054;70
10055;53
10056;32
10057;11
10058;91
10059;75
10060;62
10061;33
10062;59
10063;80
10064;61
10065;82
10066;39
10067;31
10068;35
10069;11
10070;8
10071;92
10072;39
10073;54
10074;26
10075;60
10076;47
10077;56
10078;86
10079;52
10080;19
10081;47
10082;47
10083;74
10084;54
10085;33
10086;13
10087;18
10088;18
10089;73
10090;38
10091;22
10092;46
10093;64
10094;44
10095;34
10096;32
10097;6
10098;9
10099;68
10100;49
10101;70
10102;83
10103;23
10104;27
10105;76
10106;69
10107;23
10108;30
10109;10
10110;4
10111;26
10112;21
10113;20
10114;34
10115;42
10116;0
10117;1
10118;18
10119;34
10120;55
10121;17
10122;14
10123;45
10124;85
10125;104
10126;81
10127;95
10128;87
10129;86
10130;80
10131;83
10132;71
10133;80
10134;88
10135;79
10136;79
10137;102
10138;81
10139;69
10140;67
10141;92
10142;88
10143;89
10144;100
10145;84
10146;85
10147;84
10148;88
10149;87
10150;88
10151;77
10152;86
10153;79
10154;88
10155;78
10156;69
10157;84
10158;78
10159;82
10160;92
10161;81
10162;79
10163;91
10164;80
10165;78
10166;104
10167;82
10168;78
10169;78
10170;84
10171;68
