1;45
2;22
3;75
4;63
5;50
6;57
7;52
8;6
9;14
10;88
11;67
12;68
13;49
14;26
15;46
16;18
17;17
18;25
19;30
20;0
21;48
22;35
23;14
24;39
25;27
26;27
27;101
28;32
29;5
30;51
31;55
32;37
33;22
34;74
35;55
36;44
37;14
38;8
39;56
40;49
41;6
42;6
43;7
44;51
45;65
46;52
47;37
48;50
49;49
50;50
51;21
52;39
53;21
54;0
55;3
56;5
57;74
58;28
59;62
60;42
61;16
62;18
63;64
64;80
65;92
66;47
67;24
68;42
69;46
70;50
71;6
72;89
73;56
74;63
75;34
76;42
77;48
78;29
79;5
80;5
81;14
82;62
83;37
84;52
85;8
86;50
87;48
88;30
89;71
90;50
91;10
92;40
93;51
94;63
95;34
96;52
97;52
98;54
99;63
100;79
101;30
102;6
103;18
104;38
105;32
106;72
107;64
108;56
109;55
110;63
111;31
112;31
113;40
114;33
115;20
116;69
117;48
118;44
119;52
120;41
121;36
122;74
123;63
124;45
125;18
126;13
127;41
128;7
129;47
130;31
131;59
132;57
133;56
134;61
135;25
136;94
137;61
138;56
139;32
140;78
141;40
142;53
143;60
144;42
145;57
146;54
147;26
148;57
149;18
150;6
151;59
152;55
153;40
154;24
155;51
156;47
157;41
158;49
159;38
160;75
161;63
162;64
163;58
164;59
165;79
166;62
167;22
168;83
169;80
170;46
171;54
172;33
173;42
174;11
175;13
176;67
177;75
178;47
179;31
180;10
181;11
182;70
183;60
184;52
185;62
186;46
187;6
188;8
189;46
190;51
191;43
192;1
193;23
194;19
195;87
196;24
197;29
198;32
199;76
200;35
201;54
202;37
203;29
204;34
205;43
206;44
207;63
208;71
209;42
210;28
211;27
212;32
213;2
214;4
215;1
216;61
217;32
218;83
219;25
220;21
221;15
222;0
223;28
224;34
225;8
226;14
227;53
228;49
229;29
230;35
231;3
232;5
233;46
234;35
235;12
236;15
237;9
238;40
239;40
240;0
241;1
242;56
243;23
244;19
245;38
246;22
247;57
248;43
249;73
250;51
251;18
252;53
253;36
254;46
255;6
256;13
257;45
258;21
259;20
260;82
261;54
262;82
263;87
264;55
265;29
266;20
267;62
268;56
269;75
270;29
271;72
272;45
273;37
274;10
275;9
276;18
277;22
278;80
279;35
280;40
281;13
282;7
283;18
284;8
285;23
286;43
287;79
288;88
289;55
290;10
291;34
292;51
293;56
294;88
295;70
296;61
297;49
298;65
299;49
300;28
301;31
302;10
303;5
304;71
305;71
306;22
307;59
308;24
309;70
310;46
311;38
312;5
313;5
314;65
315;75
316;58
317;22
318;62
319;66
320;23
321;50
322;25
323;40
324;35
325;3
326;16
327;48
328;39
329;61
330;56
331;63
332;24
333;31
334;4
335;15
336;16
337;29
338;33
339;75
340;39
341;34
342;10
343;7
344;2
345;35
346;12
347;9
348;53
349;40
350;16
351;7
352;22
353;74
354;76
355;22
356;75
357;49
358;68
359;73
360;56
361;33
362;36
363;0
364;14
365;53
366;50
367;52
368;40
369;32
370;18
371;4
372;8
373;74
374;27
375;31
376;70
377;21
378;82
379;77
380;63
381;75
382;32
383;62
384;28
385;6
386;65
387;54
388;22
389;28
390;32
391;14
392;13
393;49
394;48
395;45
396;15
397;12
398;6
399;16
400;39
401;24
402;19
403;19
404;27
405;14
406;8
407;42
408;36
409;1
410;2
411;46
412;77
413;40
414;46
415;10
416;14
417;18
418;8
419;47
420;49
421;56
422;19
423;24
424;20
425;23
426;21
427;22
428;47
429;43
430;41
431;64
432;18
433;13
434;16
435;58
436;47
437;48
438;30
439;8
440;48
441;43
442;23
443;62
444;30
445;10
446;60
447;64
448;12
449;29
450;23
451;50
452;52
453;63
454;51
455;22
456;40
457;25
458;30
459;3
460;12
461;60
462;53
463;68
464;20
465;48
466;57
467;21
468;65
469;47
470;58
471;52
472;7
473;18
474;63
475;82
476;26
477;61
478;59
479;62
480;11
481;17
482;25
483;56
484;59
485;77
486;47
487;54
488;14
489;12
490;58
491;45
492;27
493;6
494;8
495;68
496;32
497;15
498;38
499;44
500;5
501;11
502;54
503;93
504;59
505;56
506;17
507;12
508;38
509;45
510;3
511;19
512;44
513;48
514;47
515;65
516;46
517;52
518;19
519;42
520;9
521;29
522;47
523;0
524;8
525;27
526;47
527;54
528;55
529;56
530;62
531;31
532;54
533;65
534;56
535;55
536;78
537;75
538;35
539;53
540;70
541;70
542;45
543;63
544;52
545;26
546;35
547;6
548;17
549;47
550;16
551;70
552;77
553;73
554;19
555;74
556;57
557;26
558;64
559;42
560;8
561;6
562;53
563;40
564;78
565;85
566;35
567;12
568;13
569;44
570;31
571;12
572;55
573;78
574;79
575;29
576;60
577;73
578;79
579;47
580;55
581;22
582;69
583;44
584;49
585;8
586;3
587;32
588;52
589;11
590;16
591;93
592;19
593;49
594;40
595;3
596;14
597;8
598;8
599;63
600;49
601;9
602;7
603;42
604;63
605;72
606;33
607;37
608;10
609;45
610;55
611;74
612;49
613;27
614;74
615;75
616;55
617;91
618;27
619;50
620;31
621;43
622;3
623;2
624;64
625;45
626;49
627;50
628;40
629;22
630;73
631;71
632;57
633;97
634;72
635;62
636;35
637;49
638;2
639;1
640;40
641;39
642;48
643;18
644;66
645;69
646;74
647;63
648;42
649;30
650;0
651;12
652;82
653;70
654;22
655;42
656;42
657;32
658;5
659;76
660;55
661;71
662;21
663;71
664;44
665;62
666;60
667;50
668;15
669;13
670;26
671;15
672;17
673;55
674;50
675;36
676;53
677;17
678;10
679;7
680;21
681;86
682;19
683;20
684;22
685;78
686;62
687;41
688;74
689;34
690;48
691;8
692;14
693;45
694;9
695;11
696;42
697;51
698;63
699;79
700;31
701;31
702;30
703;11
704;0
705;27
706;46
707;4
708;2
709;36
710;30
711;3
712;4
713;5
714;0
715;4
716;93
717;71
718;53
719;42
720;47
721;6
722;11
723;64
724;65
725;31
726;80
727;38
728;75
729;53
730;54
731;11
732;14
733;75
734;21
735;53
736;22
737;40
738;3
739;4
740;95
741;60
742;30
743;73
744;41
745;25
746;75
747;57
748;40
749;7
750;14
751;35
752;5
753;39
754;31
755;4
756;90
757;58
758;60
759;60
760;9
761;11
762;6
763;53
764;41
765;27
766;8
767;10
768;55
769;55
770;16
771;10
772;6
773;35
774;33
775;47
776;6
777;61
778;77
779;60
780;45
781;26
782;13
783;12
784;3
785;5
786;5
787;37
788;44
789;6
790;9
791;8
792;9
793;73
794;34
795;63
796;54
797;40
798;27
799;31
800;17
801;17
802;18
803;44
804;79
805;47
806;68
807;47
808;60
809;32
810;10
811;14
812;8
813;43
814;28
815;42
816;55
817;30
818;44
819;38
820;49
821;15
822;8
823;10
824;73
825;72
826;69
827;46
828;44
829;37
830;35
831;60
832;72
833;49
834;70
835;32
836;30
837;10
838;0
839;0
840;42
841;77
842;49
843;48
844;7
845;8
846;20
847;29
848;22
849;40
850;49
851;36
852;46
853;69
854;67
855;42
856;51
857;17
858;8
859;8
860;17
861;82
862;60
863;58
864;66
865;68
866;53
867;24
868;44
869;94
870;24
871;33
872;3
873;76
874;84
875;25
876;24
877;56
878;67
879;98
880;83
881;61
882;41
883;37
884;13
885;0
886;26
887;72
888;91
889;29
890;20
891;79
892;54
893;51
894;34
895;16
896;17
897;56
898;71
899;55
900;31
901;3
902;26
903;70
904;56
905;26
906;15
907;24
908;72
909;87
910;63
911;56
912;36
913;12
914;70
915;88
916;45
917;60
918;14
919;14
920;73
921;59
922;56
923;56
924;10
925;18
926;27
927;41
928;29
929;1
930;14
931;44
932;23
933;1
934;70
935;51
936;37
937;72
938;64
939;35
940;55
941;82
942;60
943;93
944;32
945;71
946;55
947;33
948;28
949;15
950;30
951;76
952;45
953;31
954;9
955;4
956;18
957;42
958;84
959;69
960;21
961;66
962;28
963;53
964;61
965;54
966;68
967;46
968;37
969;8
970;10
971;60
972;67
973;64
974;46
975;77
976;72
977;22
978;64
979;51
980;63
981;24
982;20
983;25
984;74
985;51
986;38
987;12
988;10
989;69
990;20
991;46
992;34
993;42
994;16
995;62
996;66
997;71
998;69
999;95
1000;82
1001;55
1002;85
1003;47
1004;63
1005;61
1006;80
1007;54
1008;31
1009;35
1010;63
1011;12
1012;7
1013;16
1014;44
1015;55
1016;65
1017;34
1018;32
1019;7
1020;11
1021;79
1022;63
1023;56
1024;31
1025;13
1026;18
1027;53
1028;67
1029;65
1030;37
1031;38
1032;6
1033;54
1034;74
1035;72
1036;84
1037;60
1038;49
1039;64
1040;36
1041;18
1042;12
1043;54
1044;70
1045;60
1046;60
1047;20
1048;24
1049;83
1050;51
1051;51
1052;12
1053;9
1054;47
1055;70
1056;62
1057;80
1058;32
1059;56
1060;67
1061;22
1062;42
1063;39
1064;22
1065;19
1066;43
1067;73
1068;31
1069;32
1070;48
1071;54
1072;50
1073;16
1074;29
1075;11
1076;12
1077;57
1078;55
1079;30
1080;50
1081;49
1082;79
1083;39
1084;36
1085;14
1086;68
1087;54
1088;29
1089;25
1090;56
1091;33
1092;25
1093;59
1094;51
1095;55
1096;78
1097;74
1098;52
1099;80
1100;33
1101;76
1102;56
1103;79
1104;61
1105;31
1106;13
1107;11
1108;35
1109;94
1110;51
1111;32
1112;54
1113;66
1114;56
1115;57
1116;12
1117;8
1118;18
1119;29
1120;63
1121;68
1122;54
1123;58
1124;26
1125;51
1126;67
1127;28
1128;23
1129;65
1130;36
1131;43
1132;1
1133;3
1134;84
1135;25
1136;46
1137;60
1138;52
1139;85
1140;19
1141;61
1142;46
1143;35
1144;19
1145;19
1146;4
1147;3
1148;3
1149;61
1150;57
1151;32
1152;48
1153;20
1154;6
1155;5
1156;32
1157;27
1158;18
1159;9
1160;56
1161;50
1162;64
1163;50
1164;72
1165;75
1166;46
1167;26
1168;47
1169;13
1170;10
1171;80
1172;43
1173;49
1174;3
1175;1
1176;5
1177;1
1178;22
1179;35
1180;66
1181;22
1182;55
1183;50
1184;24
1185;25
1186;72
1187;75
1188;71
1189;77
1190;43
1191;36
1192;2
1193;56
1194;52
1195;46
1196;38
1197;54
1198;19
1199;51
1200;19
1201;38
1202;5
1203;2
1204;28
1205;32
1206;9
1207;2
1208;66
1209;50
1210;74
1211;31
1212;30
1213;0
1214;2
1215;93
1216;43
1217;54
1218;18
1219;20
1220;72
1221;50
1222;52
1223;56
1224;31
1225;35
1226;5
1227;2
1228;5
1229;31
1230;40
1231;0
1232;15
1233;17
1234;16
1235;77
1236;60
1237;37
1238;44
1239;4
1240;2
1241;26
1242;57
1243;59
1244;26
1245;56
1246;55
1247;54
1248;59
1249;62
1250;55
1251;80
1252;53
1253;77
1254;72
1255;21
1256;28
1257;38
1258;8
1259;9
1260;73
1261;59
1262;66
1263;19
1264;26
1265;46
1266;58
1267;15
1268;12
1269;18
1270;76
1271;38
1272;51
1273;47
1274;55
1275;65
1276;58
1277;44
1278;49
1279;18
1280;65
1281;35
1282;69
1283;70
1284;51
1285;78
1286;86
1287;71
1288;80
1289;53
1290;72
1291;51
1292;52
1293;24
1294;35
1295;43
1296;12
1297;18
1298;33
1299;49
1300;14
1301;22
1302;49
1303;80
1304;67
1305;36
1306;93
1307;19
1308;76
1309;29
1310;59
1311;41
1312;52
1313;32
1314;42
1315;0
1316;72
1317;37
1318;21
1319;1
1320;3
1321;59
1322;57
1323;91
1324;38
1325;4
1326;6
1327;1
1328;30
1329;27
1330;11
1331;17
1332;13
1333;28
1334;44
1335;61
1336;66
1337;57
1338;57
1339;53
1340;74
1341;78
1342;76
1343;61
1344;36
1345;78
1346;26
1347;32
1348;2
1349;1
1350;45
1351;30
1352;47
1353;7
1354;59
1355;54
1356;49
1357;60
1358;69
1359;62
1360;66
1361;75
1362;63
1363;55
1364;32
1365;46
1366;17
1367;6
1368;14
1369;19
1370;67
1371;57
1372;50
1373;70
1374;49
1375;29
1376;33
1377;52
1378;38
1379;33
1380;77
1381;57
1382;62
1383;75
1384;25
1385;10
1386;79
1387;63
1388;32
1389;78
1390;57
1391;40
1392;66
1393;65
1394;53
1395;75
1396;26
1397;20
1398;53
1399;54
1400;8
1401;10
1402;22
1403;55
1404;57
1405;67
1406;19
1407;62
1408;42
1409;27
1410;15
1411;5
1412;4
1413;71
1414;55
1415;27
1416;35
1417;5
1418;9
1419;47
1420;76
1421;67
1422;55
1423;63
1424;37
1425;35
1426;44
1427;9
1428;7
1429;28
1430;59
1431;31
1432;16
1433;10
1434;10
1435;62
1436;15
1437;28
1438;56
1439;26
1440;56
1441;47
1442;23
1443;34
1444;13
1445;21
1446;27
1447;14
1448;13
1449;2
1450;33
1451;40
1452;18
1453;66
1454;57
1455;82
1456;76
1457;49
1458;32
1459;15
1460;9
1461;21
1462;55
1463;19
1464;24
1465;25
1466;22
1467;60
1468;95
1469;40
1470;31
1471;30
1472;3
1473;4
1474;0
1475;16
1476;37
1477;28
1478;20
1479;44
1480;0
1481;5
1482;21
1483;72
1484;64
1485;52
1486;47
1487;20
1488;91
1489;92
1490;52
1491;49
1492;52
1493;52
1494;74
1495;42
1496;62
1497;54
1498;42
1499;51
1500;66
1501;51
1502;51
1503;75
1504;57
1505;38
1506;74
1507;43
1508;55
1509;19
1510;22
1511;2
1512;1
1513;54
1514;58
1515;82
1516;51
1517;29
1518;52
1519;51
1520;73
1521;49
1522;25
1523;40
1524;28
1525;63
1526;53
1527;75
1528;25
1529;20
1530;71
1531;58
1532;49
1533;33
1534;6
1535;59
1536;53
1537;42
1538;7
1539;46
1540;79
1541;74
1542;49
1543;55
1544;47
1545;93
1546;69
1547;52
1548;51
1549;74
1550;31
1551;58
1552;52
1553;6
1554;8
1555;9
1556;24
1557;47
1558;16
1559;16
1560;7
1561;47
1562;11
1563;71
1564;52
1565;61
1566;42
1567;28
1568;0
1569;9
1570;67
1571;29
1572;32
1573;1
1574;52
1575;23
1576;28
1577;10
1578;86
1579;23
1580;41
1581;33
1582;11
1583;61
1584;69
1585;31
1586;27
1587;0
1588;16
1589;87
1590;21
1591;37
1592;15
1593;3
1594;51
1595;38
1596;64
1597;26
1598;36
1599;43
1600;38
1601;16
1602;14
1603;65
1604;26
1605;62
1606;43
1607;49
1608;21
1609;25
1610;25
1611;33
1612;25
1613;62
1614;55
1615;63
1616;6
1617;64
1618;90
1619;60
1620;44
1621;29
1622;2
1623;2
1624;2
1625;4
1626;59
1627;10
1628;55
1629;54
1630;75
1631;38
1632;34
1633;33
1634;15
1635;12
1636;34
1637;67
1638;46
1639;42
1640;55
1641;18
1642;67
1643;46
1644;76
1645;63
1646;52
1647;21
1648;34
1649;39
1650;50
1651;16
1652;30
1653;50
1654;40
1655;45
1656;17
1657;15
1658;32
1659;48
1660;1
1661;2
1662;3
1663;51
1664;43
1665;63
1666;57
1667;35
1668;57
1669;18
1670;6
1671;56
1672;63
1673;67
1674;25
1675;29
1676;38
1677;15
1678;2
1679;46
1680;49
1681;42
1682;51
1683;33
1684;36
1685;16
1686;3
1687;12
1688;35
1689;2
1690;3
1691;56
1692;76
1693;64
1694;54
1695;66
1696;64
1697;85
1698;63
1699;77
1700;40
1701;44
1702;12
1703;1
1704;51
1705;34
1706;73
1707;66
1708;52
1709;52
1710;78
1711;54
1712;78
1713;84
1714;73
1715;65
1716;60
1717;55
1718;88
1719;75
1720;59
1721;43
1722;43
1723;34
1724;48
1725;0
1726;6
1727;37
1728;50
1729;18
1730;8
1731;16
1732;17
1733;30
1734;56
1735;15
1736;16
1737;42
1738;42
1739;12
1740;59
1741;55
1742;70
1743;68
1744;24
1745;22
1746;24
1747;36
1748;58
1749;83
1750;48
1751;7
1752;11
1753;57
1754;16
1755;49
1756;55
1757;20
1758;55
1759;69
1760;27
1761;28
1762;35
1763;57
1764;22
1765;60
1766;39
1767;24
1768;61
1769;33
1770;88
1771;57
1772;81
1773;38
1774;47
1775;13
1776;13
1777;48
1778;34
1779;10
1780;30
1781;60
1782;15
1783;18
1784;73
1785;55
1786;47
1787;1
1788;45
1789;24
1790;36
1791;7
1792;13
1793;56
1794;24
1795;36
1796;10
1797;68
1798;44
1799;29
1800;18
1801;9
1802;50
1803;64
1804;48
1805;52
1806;23
1807;54
1808;74
1809;58
1810;59
1811;69
1812;55
1813;54
1814;41
1815;73
1816;46
1817;61
1818;63
1819;26
1820;25
1821;29
1822;44
1823;1
1824;4
1825;6
1826;69
1827;37
1828;56
1829;57
1830;20
1831;66
1832;78
1833;50
1834;30
1835;39
1836;65
1837;75
1838;51
1839;19
1840;26
1841;77
1842;61
1843;76
1844;83
1845;85
1846;89
1847;66
1848;60
1849;43
1850;22
1851;50
1852;76
1853;49
1854;59
1855;14
1856;52
1857;70
1858;62
1859;44
1860;53
1861;80
1862;43
1863;13
1864;63
1865;28
1866;44
1867;16
1868;8
1869;12
1870;13
1871;28
1872;21
1873;31
1874;2
1875;2
1876;6
1877;31
1878;38
1879;7
1880;0
1881;30
1882;32
1883;5
1884;2
1885;12
1886;15
1887;2
1888;2
1889;32
1890;59
1891;15
1892;10
1893;47
1894;27
1895;20
1896;43
1897;15
1898;18
1899;14
1900;49
1901;38
1902;13
1903;7
1904;41
1905;56
1906;18
1907;12
1908;35
1909;57
1910;62
1911;52
1912;21
1913;49
1914;3
1915;26
1916;30
1917;44
1918;11
1919;6
1920;40
1921;27
1922;5
1923;14
1924;53
1925;59
1926;20
1927;40
1928;6
1929;10
1930;5
1931;27
1932;52
1933;72
1934;60
1935;40
1936;28
1937;17
1938;17
1939;11
1940;40
1941;25
1942;55
1943;63
1944;55
1945;34
1946;25
1947;75
1948;61
1949;29
1950;49
1951;71
1952;66
1953;55
1954;21
1955;63
1956;80
1957;56
1958;35
1959;58
1960;10
1961;18
1962;22
1963;22
1964;84
1965;46
1966;28
1967;28
1968;23
1969;3
1970;5
1971;46
1972;9
1973;11
1974;38
1975;35
1976;5
1977;55
1978;36
1979;60
1980;55
1981;6
1982;9
1983;70
1984;76
1985;62
1986;58
1987;56
1988;64
1989;58
1990;32
1991;33
1992;12
1993;7
1994;33
1995;62
1996;49
1997;46
1998;12
1999;60
2000;65
2001;64
2002;62
2003;53
2004;54
2005;73
2006;75
2007;66
2008;76
2009;59
2010;20
2011;72
2012;62
2013;61
2014;27
2015;32
2016;4
2017;3
2018;28
2019;40
2020;4
2021;78
2022;50
2023;71
2024;61
2025;64
2026;23
2027;55
2028;58
2029;80
2030;34
2031;34
2032;13
2033;17
2034;60
2035;79
2036;44
2037;8
2038;43
2039;44
2040;65
2041;25
2042;76
2043;41
2044;58
2045;38
2046;8
2047;32
2048;15
2049;84
2050;24
2051;19
2052;45
2053;1
2054;3
2055;1
2056;43
2057;8
2058;42
2059;28
2060;0
2061;16
2062;56
2063;56
2064;62
2065;83
2066;61
2067;75
2068;37
2069;82
2070;57
2071;63
2072;52
2073;38
2074;7
2075;56
2076;29
2077;47
2078;8
2079;54
2080;54
2081;52
2082;79
2083;79
2084;88
2085;36
2086;46
2087;7
2088;11
2089;73
2090;86
2091;43
2092;21
2093;38
2094;50
2095;45
2096;52
2097;21
2098;54
2099;52
2100;34
2101;6
2102;18
2103;56
2104;64
2105;67
2106;56
2107;30
2108;42
2109;69
2110;74
2111;69
2112;28
2113;47
2114;14
2115;8
2116;6
2117;27
2118;36
2119;17
2120;1
2121;79
2122;76
2123;25
2124;37
2125;39
2126;42
2127;39
2128;2
2129;13
2130;3
2131;89
2132;19
2133;34
2134;56
2135;75
2136;57
2137;52
2138;54
2139;23
2140;25
2141;65
2142;49
2143;46
2144;75
2145;56
2146;52
2147;66
2148;81
2149;32
2150;27
2151;29
2152;12
2153;69
2154;54
2155;73
2156;25
2157;54
2158;52
2159;49
2160;13
2161;26
2162;30
2163;15
2164;11
2165;31
2166;45
2167;6
2168;7
2169;65
2170;57
2171;45
2172;11
2173;51
2174;32
2175;59
2176;61
2177;24
2178;36
2179;31
2180;0
2181;3
2182;10
2183;43
2184;10
2185;13
2186;20
2187;52
2188;51
2189;52
2190;83
2191;45
2192;25
2193;3
2194;10
2195;48
2196;23
2197;33
2198;5
2199;18
2200;57
2201;68
2202;59
2203;39
2204;55
2205;19
2206;73
2207;49
2208;56
2209;59
2210;52
2211;74
2212;31
2213;45
2214;18
2215;38
2216;44
2217;49
2218;61
2219;37
2220;43
2221;55
2222;42
2223;19
2224;67
2225;27
2226;55
2227;14
2228;18
2229;71
2230;45
2231;42
2232;14
2233;18
2234;16
2235;71
2236;87
2237;39
2238;37
2239;0
2240;52
2241;63
2242;28
2243;23
2244;33
2245;8
2246;8
2247;48
2248;55
2249;11
2250;67
2251;64
2252;27
2253;42
2254;4
2255;4
2256;29
2257;49
2258;57
2259;29
2260;30
2261;51
2262;17
2263;8
2264;75
2265;55
2266;57
2267;78
2268;55
2269;13
2270;33
2271;40
2272;40
2273;5
2274;16
2275;50
2276;17
2277;9
2278;36
2279;45
2280;61
2281;15
2282;10
2283;64
2284;55
2285;23
2286;36
2287;63
2288;61
2289;34
2290;15
2291;76
2292;74
2293;53
2294;55
2295;63
2296;48
2297;41
2298;38
2299;16
2300;18
2301;61
2302;63
2303;77
2304;21
2305;81
2306;83
2307;78
2308;25
2309;50
2310;80
2311;48
2312;7
2313;54
2314;57
2315;39
2316;19
2317;3
2318;62
2319;54
2320;43
2321;59
2322;25
2323;53
2324;40
2325;32
2326;5
2327;2
2328;43
2329;32
2330;12
2331;4
2332;3
2333;58
2334;61
2335;50
2336;78
2337;62
2338;57
2339;68
2340;23
2341;47
2342;33
2343;11
2344;6
2345;48
2346;43
2347;8
2348;12
2349;41
2350;30
2351;1
2352;4
2353;52
2354;70
2355;30
2356;50
2357;46
2358;38
2359;9
2360;43
2361;46
2362;25
2363;79
2364;23
2365;53
2366;43
2367;22
2368;8
2369;1
2370;2
2371;61
2372;37
2373;43
2374;14
2375;58
2376;55
2377;24
2378;24
2379;22
2380;29
2381;28
2382;32
2383;4
2384;0
2385;70
2386;79
2387;26
2388;50
2389;12
2390;45
2391;57
2392;35
2393;29
2394;56
2395;9
2396;14
2397;26
2398;26
2399;0
2400;52
2401;62
2402;55
2403;46
2404;58
2405;60
2406;8
2407;69
2408;58
2409;66
2410;76
2411;62
2412;63
2413;69
2414;40
2415;15
2416;56
2417;28
2418;62
2419;59
2420;53
2421;54
2422;62
2423;59
2424;18
2425;10
2426;60
2427;57
2428;28
2429;75
2430;88
2431;40
2432;48
2433;14
2434;6
2435;15
2436;21
2437;31
2438;3
2439;47
2440;56
2441;43
2442;32
2443;52
2444;66
2445;49
2446;11
2447;6
2448;36
2449;32
2450;3
2451;5
2452;4
2453;20
2454;27
2455;43
2456;28
2457;3
2458;2
2459;70
2460;55
2461;56
2462;58
2463;80
2464;79
2465;42
2466;27
2467;6
2468;9
2469;59
2470;68
2471;59
2472;15
2473;7
2474;77
2475;42
2476;35
2477;10
2478;7
2479;10
2480;51
2481;78
2482;69
2483;86
2484;73
2485;63
2486;31
2487;47
2488;4
2489;11
2490;84
2491;50
2492;40
2493;44
2494;41
2495;87
2496;60
2497;29
2498;67
2499;50
2500;76
2501;56
2502;47
2503;50
2504;16
2505;6
2506;8
2507;51
2508;53
2509;79
2510;94
2511;35
2512;38
2513;15
2514;18
2515;65
2516;63
2517;55
2518;84
2519;83
2520;54
2521;69
2522;55
2523;71
2524;86
2525;46
2526;93
2527;37
2528;59
2529;55
2530;48
2531;77
2532;74
2533;71
2534;35
2535;41
2536;17
2537;49
2538;37
2539;54
2540;70
2541;60
2542;52
2543;19
2544;75
2545;45
2546;56
2547;62
2548;59
2549;11
2550;10
2551;73
2552;56
2553;44
2554;61
2555;16
2556;6
2557;59
2558;85
2559;62
2560;36
2561;35
2562;35
2563;13
2564;10
2565;53
2566;43
2567;10
2568;18
2569;73
2570;75
2571;86
2572;24
2573;44
2574;52
2575;43
2576;6
2577;54
2578;47
2579;8
2580;8
2581;17
2582;11
2583;82
2584;63
2585;36
2586;58
2587;14
2588;8
2589;14
2590;14
2591;49
2592;4
2593;37
2594;5
2595;11
2596;5
2597;42
2598;63
2599;38
2600;31
2601;14
2602;6
2603;56
2604;43
2605;10
2606;13
2607;42
2608;29
2609;11
2610;7
2611;37
2612;19
2613;55
2614;45
2615;43
2616;37
2617;16
2618;13
2619;33
2620;71
2621;51
2622;46
2623;6
2624;13
2625;57
2626;67
2627;57
2628;35
2629;67
2630;25
2631;62
2632;76
2633;32
2634;57
2635;45
2636;2
2637;48
2638;71
2639;54
2640;30
2641;8
2642;13
2643;16
2644;45
2645;43
2646;47
2647;6
2648;3
2649;34
2650;33
2651;22
2652;68
2653;47
2654;61
2655;47
2656;37
2657;80
2658;20
2659;30
2660;19
2661;81
2662;73
2663;29
2664;62
2665;15
2666;16
2667;32
2668;34
2669;3
2670;5
2671;23
2672;22
2673;0
2674;3
2675;2
2676;31
2677;54
2678;43
2679;85
2680;46
2681;62
2682;61
2683;72
2684;73
2685;79
2686;52
2687;40
2688;13
2689;11
2690;14
2691;50
2692;55
2693;81
2694;39
2695;48
2696;57
2697;30
2698;45
2699;6
2700;6
2701;51
2702;87
2703;51
2704;21
2705;19
2706;40
2707;2
2708;16
2709;76
2710;62
2711;49
2712;56
2713;79
2714;36
2715;24
2716;46
2717;65
2718;31
2719;29
2720;31
2721;33
2722;2
2723;3
2724;22
2725;29
2726;11
2727;1
2728;66
2729;55
2730;43
2731;57
2732;49
2733;47
2734;11
2735;36
2736;49
2737;12
2738;10
2739;55
2740;9
2741;11
2742;40
2743;20
2744;16
2745;37
2746;61
2747;50
2748;22
2749;62
2750;65
2751;33
2752;26
2753;0
2754;6
2755;58
2756;46
2757;69
2758;33
2759;60
2760;68
2761;62
2762;41
2763;23
2764;4
2765;5
2766;12
2767;54
2768;75
2769;77
2770;58
2771;51
2772;51
2773;62
2774;36
2775;60
2776;14
2777;76
2778;63
2779;49
2780;71
2781;26
2782;44
2783;4
2784;3
2785;46
2786;29
2787;40
2788;12
2789;11
2790;16
2791;58
2792;6
2793;67
2794;53
2795;30
2796;61
2797;78
2798;72
2799;45
2800;52
2801;81
2802;67
2803;97
2804;75
2805;67
2806;38
2807;36
2808;16
2809;13
2810;48
2811;2
2812;53
2813;65
2814;29
2815;38
2816;3
2817;2
2818;0
2819;45
2820;5
2821;20
2822;44
2823;58
2824;17
2825;12
2826;76
2827;53
2828;70
2829;54
2830;25
2831;54
2832;61
2833;18
2834;9
2835;59
2836;21
2837;68
2838;35
2839;47
2840;1
2841;5
2842;57
2843;60
2844;61
2845;27
2846;43
2847;2
2848;2
2849;33
2850;6
2851;15
2852;57
2853;79
2854;49
2855;28
2856;13
2857;10
2858;35
2859;86
2860;53
2861;39
2862;48
2863;16
2864;17
2865;72
2866;74
2867;63
2868;82
2869;44
2870;29
2871;58
2872;65
2873;68
2874;43
2875;72
2876;21
2877;52
2878;46
2879;57
2880;75
2881;46
2882;18
2883;14
2884;56
2885;65
2886;72
2887;77
2888;50
2889;57
2890;60
2891;54
2892;40
2893;18
2894;54
2895;23
2896;84
2897;21
2898;45
2899;37
2900;6
2901;58
2902;24
2903;32
2904;0
2905;2
2906;20
2907;40
2908;11
2909;16
2910;45
2911;57
2912;29
2913;43
2914;8
2915;3
2916;19
2917;33
2918;61
2919;47
2920;76
2921;68
2922;35
2923;45
2924;9
2925;78
2926;72
2927;42
2928;58
2929;12
2930;68
2931;65
2932;37
2933;36
2934;6
2935;33
2936;50
2937;12
2938;9
2939;65
2940;33
2941;46
2942;60
2943;16
2944;6
2945;47
2946;79
2947;81
2948;60
2949;48
2950;64
2951;21
2952;33
2953;35
2954;64
2955;30
2956;55
2957;23
2958;54
2959;55
2960;87
2961;34
2962;29
2963;14
2964;2
2965;27
2966;30
2967;5
2968;83
2969;49
2970;29
2971;66
2972;40
2973;42
2974;2
2975;4
2976;58
2977;14
2978;44
2979;54
2980;23
2981;56
2982;35
2983;44
2984;2
2985;9
2986;11
2987;17
2988;8
2989;37
2990;10
2991;12
2992;60
2993;47
2994;76
2995;96
2996;82
2997;62
2998;31
2999;65
3000;56
3001;32
3002;47
3003;37
3004;10
3005;7
3006;77
3007;65
3008;42
3009;69
3010;44
3011;28
3012;2
3013;0
3014;3
3015;65
3016;61
3017;54
3018;80
3019;69
3020;79
3021;47
3022;47
3023;68
3024;35
3025;37
3026;33
3027;18
3028;93
3029;57
3030;56
3031;50
3032;55
3033;6
3034;14
3035;39
3036;28
3037;6
3038;6
3039;50
3040;36
3041;44
3042;7
3043;51
3044;31
3045;6
3046;14
3047;58
3048;66
3049;63
3050;79
3051;90
3052;60
3053;61
3054;69
3055;36
3056;21
3057;55
3058;41
3059;41
3060;40
3061;14
3062;27
3063;2
3064;12
3065;69
3066;67
3067;71
3068;26
3069;51
3070;55
3071;82
3072;36
3073;83
3074;40
3075;58
3076;35
3077;25
3078;4
3079;3
3080;27
3081;32
3082;16
3083;10
3084;0
3085;60
3086;46
3087;54
3088;12
3089;10
3090;74
3091;81
3092;43
3093;44
3094;38
3095;93
3096;62
3097;64
3098;48
3099;63
3100;13
3101;51
3102;88
3103;20
3104;27
3105;2
3106;16
3107;64
3108;35
3109;6
3110;52
3111;55
3112;44
3113;6
3114;22
3115;66
3116;21
3117;26
3118;35
3119;8
3120;16
3121;49
3122;32
3123;11
3124;12
3125;58
3126;68
3127;51
3128;33
3129;14
3130;9
3131;45
3132;27
3133;46
3134;41
3135;15
3136;16
3137;56
3138;24
3139;43
3140;44
3141;49
3142;6
3143;8
3144;39
3145;31
3146;4
3147;18
3148;76
3149;75
3150;74
3151;35
3152;39
3153;4
3154;14
3155;6
3156;61
3157;75
3158;62
3159;29
3160;14
3161;14
3162;22
3163;7
3164;63
3165;30
3166;48
3167;28
3168;50
3169;54
3170;20
3171;20
3172;31
3173;93
3174;20
3175;52
3176;54
3177;55
3178;69
3179;51
3180;33
3181;36
3182;3
3183;3
3184;39
3185;59
3186;36
3187;41
3188;4
3189;2
3190;0
3191;28
3192;55
3193;33
3194;54
3195;46
3196;51
3197;11
3198;9
3199;56
3200;31
3201;15
3202;18
3203;18
3204;66
3205;59
3206;45
3207;27
3208;8
3209;2
3210;77
3211;54
3212;20
3213;44
3214;53
3215;48
3216;8
3217;8
3218;17
3219;51
3220;74
3221;25
3222;20
3223;55
3224;57
3225;74
3226;31
3227;32
3228;22
3229;38
3230;53
3231;93
3232;95
3233;53
3234;58
3235;53
3236;82
3237;76
3238;71
3239;63
3240;83
3241;39
3242;32
3243;12
3244;6
3245;18
3246;70
3247;43
3248;64
3249;73
3250;69
3251;23
3252;19
3253;20
3254;25
3255;19
3256;24
3257;49
3258;37
3259;48
3260;32
3261;12
3262;10
3263;16
3264;60
3265;56
3266;18
3267;11
3268;18
3269;85
3270;70
3271;44
3272;31
3273;6
3274;5
3275;67
3276;59
3277;35
3278;32
3279;0
3280;60
3281;41
3282;11
3283;12
3284;32
3285;74
3286;60
3287;22
3288;47
3289;18
3290;47
3291;16
3292;39
3293;43
3294;14
3295;11
3296;15
3297;45
3298;16
3299;50
3300;55
3301;71
3302;49
3303;38
3304;35
3305;41
3306;36
3307;18
3308;9
3309;59
3310;31
3311;83
3312;22
3313;55
3314;40
3315;19
3316;69
3317;99
3318;86
3319;44
3320;82
3321;74
3322;52
3323;39
3324;35
3325;56
3326;42
3327;40
3328;14
3329;15
3330;82
3331;33
3332;26
3333;25
3334;31
3335;83
3336;71
3337;78
3338;26
3339;48
3340;30
3341;22
3342;59
3343;78
3344;55
3345;45
3346;32
3347;2
3348;65
3349;23
3350;54
3351;56
3352;26
3353;9
3354;7
3355;39
3356;9
3357;7
3358;31
3359;36
3360;55
3361;11
3362;15
3363;53
3364;74
3365;69
3366;50
3367;57
3368;64
3369;29
3370;43
3371;3
3372;11
3373;0
3374;24
3375;33
3376;36
3377;61
3378;38
3379;13
3380;17
3381;9
3382;75
3383;45
3384;56
3385;89
3386;57
3387;48
3388;37
3389;3
3390;8
3391;48
3392;19
3393;2
3394;11
3395;2
3396;61
3397;61
3398;17
3399;15
3400;67
3401;51
3402;40
3403;76
3404;46
3405;47
3406;28
3407;38
3408;77
3409;85
3410;32
3411;26
3412;1
3413;78
3414;73
3415;57
3416;47
3417;59
3418;56
3419;43
3420;56
3421;67
3422;52
3423;81
3424;54
3425;73
3426;27
3427;18
3428;29
3429;33
3430;17
3431;7
3432;9
3433;71
3434;73
3435;75
3436;55
3437;38
3438;36
3439;8
3440;3
3441;62
3442;11
3443;11
3444;73
3445;19
3446;20
3447;48
3448;55
3449;53
3450;65
3451;24
3452;47
3453;57
3454;73
3455;67
3456;50
3457;41
3458;33
3459;39
3460;65
3461;22
3462;46
3463;88
3464;20
3465;36
3466;9
3467;84
3468;59
3469;19
3470;49
3471;55
3472;19
3473;41
3474;2
3475;18
3476;66
3477;25
3478;61
3479;80
3480;21
3481;34
3482;55
3483;26
3484;11
3485;14
3486;8
3487;11
3488;45
3489;32
3490;67
3491;83
3492;72
3493;63
3494;39
3495;34
3496;2
3497;10
3498;32
3499;62
3500;8
3501;16
3502;65
3503;76
3504;93
3505;52
3506;73
3507;82
3508;66
3509;42
3510;43
3511;64
3512;65
3513;40
3514;37
3515;2
3516;2
3517;94
3518;77
3519;52
3520;73
3521;37
3522;40
3523;56
3524;70
3525;58
3526;58
3527;22
3528;87
3529;54
3530;70
3531;37
3532;28
3533;35
3534;9
3535;23
3536;30
3537;0
3538;0
3539;5
3540;47
3541;32
3542;61
3543;63
3544;57
3545;11
3546;7
3547;7
3548;61
3549;19
3550;71
3551;52
3552;25
3553;75
3554;75
3555;55
3556;66
3557;38
3558;40
3559;45
3560;9
3561;13
3562;52
3563;61
3564;51
3565;49
3566;18
3567;14
3568;68
3569;45
3570;9
3571;14
3572;54
3573;45
3574;7
3575;18
3576;31
3577;11
3578;31
3579;51
3580;22
3581;52
3582;42
3583;66
3584;57
3585;49
3586;69
3587;57
3588;50
3589;47
3590;49
3591;56
3592;51
3593;34
3594;39
3595;47
3596;21
3597;51
3598;44
3599;26
3600;22
3601;5
3602;7
3603;60
3604;55
3605;80
3606;71
3607;78
3608;60
3609;47
3610;9
3611;33
3612;32
3613;36
3614;29
3615;4
3616;9
3617;61
3618;44
3619;17
3620;1
3621;57
3622;37
3623;17
3624;47
3625;49
3626;15
3627;11
3628;38
3629;36
3630;3
3631;3
3632;99
3633;50
3634;74
3635;83
3636;58
3637;59
3638;46
3639;53
3640;60
3641;64
3642;73
3643;58
3644;58
3645;28
3646;54
3647;27
3648;47
3649;57
3650;10
3651;46
3652;30
3653;11
3654;10
3655;38
3656;36
3657;0
3658;17
3659;11
3660;16
3661;27
3662;65
3663;80
3664;30
3665;55
3666;27
3667;47
3668;5
3669;4
3670;3
3671;64
3672;75
3673;19
3674;29
3675;19
3676;51
3677;29
3678;30
3679;15
3680;17
3681;18
3682;6
3683;72
3684;48
3685;61
3686;47
3687;29
3688;19
3689;0
3690;5
3691;41
3692;31
3693;7
3694;18
3695;43
3696;88
3697;35
3698;43
3699;84
3700;33
3701;7
3702;10
3703;93
3704;59
3705;40
3706;56
3707;60
3708;70
3709;45
3710;42
3711;14
3712;5
3713;47
3714;74
3715;36
3716;4
3717;0
3718;30
3719;47
3720;9
3721;17
3722;3
3723;5
3724;62
3725;44
3726;57
3727;72
3728;78
3729;57
3730;71
3731;48
3732;36
3733;10
3734;9
3735;12
3736;53
3737;78
3738;37
3739;21
3740;1
3741;59
3742;49
3743;26
3744;55
3745;17
3746;10
3747;84
3748;45
3749;69
3750;51
3751;60
3752;26
3753;12
3754;11
3755;12
3756;48
3757;43
3758;17
3759;9
3760;39
3761;59
3762;63
3763;77
3764;42
3765;12
3766;41
3767;35
3768;8
3769;12
3770;45
3771;45
3772;18
3773;10
3774;34
3775;24
3776;15
3777;10
3778;86
3779;31
3780;29
3781;55
3782;73
3783;49
3784;1
3785;75
3786;60
3787;40
3788;29
3789;8
3790;11
3791;45
3792;44
3793;18
3794;17
3795;11
3796;55
3797;82
3798;73
3799;64
3800;88
3801;21
3802;60
3803;30
3804;61
3805;17
3806;34
3807;55
3808;64
3809;65
3810;28
3811;63
3812;82
3813;20
3814;60
3815;74
3816;28
3817;45
3818;36
3819;3
3820;44
3821;9
3822;28
3823;24
3824;66
3825;84
3826;49
3827;30
3828;9
3829;6
3830;40
3831;13
3832;16
3833;49
3834;64
3835;29
3836;40
3837;44
3838;10
3839;16
3840;24
3841;75
3842;47
3843;49
3844;20
3845;26
3846;44
3847;33
3848;17
3849;11
3850;50
3851;66
3852;61
3853;48
3854;24
3855;59
3856;51
3857;73
3858;61
3859;47
3860;47
3861;10
3862;6
3863;57
3864;41
3865;31
3866;40
3867;78
3868;75
3869;81
3870;51
3871;74
3872;47
3873;13
3874;51
3875;65
3876;82
3877;72
3878;29
3879;50
3880;52
3881;32
3882;44
3883;28
3884;18
3885;29
3886;43
3887;44
3888;0
3889;3
3890;64
3891;52
3892;35
3893;32
3894;26
3895;60
3896;47
3897;50
3898;80
3899;53
3900;31
3901;61
3902;16
3903;9
3904;36
3905;32
3906;3
3907;18
3908;75
3909;39
3910;55
3911;51
3912;73
3913;59
3914;65
3915;53
3916;55
3917;38
3918;14
3919;89
3920;70
3921;54
3922;40
3923;30
3924;26
3925;57
3926;64
3927;32
3928;41
3929;18
3930;50
3931;34
3932;51
3933;47
3934;59
3935;80
3936;72
3937;60
3938;39
3939;5
3940;55
3941;57
3942;55
3943;28
3944;46
3945;3
3946;3
3947;31
3948;25
3949;83
3950;22
3951;72
3952;29
3953;45
3954;27
3955;6
3956;11
3957;6
3958;65
3959;51
3960;49
3961;15
3962;14
3963;58
3964;71
3965;32
3966;69
3967;52
3968;69
3969;27
3970;21
3971;36
3972;35
3973;39
3974;48
3975;62
3976;69
3977;59
3978;79
3979;74
3980;51
3981;82
3982;51
3983;27
3984;21
3985;42
3986;35
3987;20
3988;48
3989;28
3990;50
3991;7
3992;9
3993;86
3994;49
3995;46
3996;28
3997;65
3998;75
3999;66
4000;49
4001;59
4002;10
4003;6
4004;33
4005;30
4006;6
4007;1
4008;0
4009;1
4010;78
4011;56
4012;72
4013;21
4014;37
4015;58
4016;52
4017;47
4018;35
4019;12
4020;8
4021;10
4022;28
4023;32
4024;58
4025;7
4026;61
4027;72
4028;36
4029;84
4030;30
4031;51
4032;38
4033;84
4034;51
4035;25
4036;52
4037;54
4038;54
4039;59
4040;59
4041;47
4042;50
4043;7
4044;33
4045;66
4046;64
4047;88
4048;83
4049;63
4050;27
4051;74
4052;30
4053;21
4054;77
4055;28
4056;38
4057;35
4058;15
4059;14
4060;50
4061;32
4062;20
4063;69
4064;25
4065;23
4066;22
4067;31
4068;23
4069;2
4070;2
4071;42
4072;44
4073;2
4074;2
4075;24
4076;22
4077;73
4078;19
4079;19
4080;52
4081;13
4082;87
4083;26
4084;69
4085;40
4086;30
4087;53
4088;13
4089;8
4090;27
4091;67
4092;52
4093;27
4094;2
4095;56
4096;80
4097;31
4098;39
4099;35
4100;8
4101;37
4102;62
4103;80
4104;27
4105;55
4106;67
4107;25
4108;64
4109;24
4110;51
4111;58
4112;25
4113;46
4114;51
4115;10
4116;53
4117;74
4118;57
4119;63
4120;21
4121;28
4122;0
4123;2
4124;8
4125;37
4126;38
4127;16
4128;88
4129;70
4130;63
4131;50
4132;50
4133;70
4134;61
4135;67
4136;19
4137;53
4138;28
4139;65
4140;89
4141;21
4142;29
4143;43
4144;38
4145;0
4146;10
4147;57
4148;31
4149;60
4150;60
4151;15
4152;55
4153;68
4154;66
4155;74
4156;37
4157;80
4158;55
4159;74
4160;52
4161;38
4162;44
4163;9
4164;18
4165;56
4166;61
4167;68
4168;54
4169;73
4170;85
4171;40
4172;49
4173;5
4174;0
4175;33
4176;58
4177;31
4178;6
4179;14
4180;8
4181;51
4182;61
4183;59
4184;70
4185;60
4186;51
4187;24
4188;64
4189;54
4190;61
4191;74
4192;67
4193;48
4194;50
4195;7
4196;7
4197;22
4198;45
4199;2
4200;3
4201;82
4202;78
4203;26
4204;53
4205;8
4206;9
4207;49
4208;47
4209;28
4210;41
4211;15
4212;23
4213;30
4214;14
4215;2
4216;1
4217;52
4218;46
4219;8
4220;9
4221;39
4222;9
4223;56
4224;22
4225;40
4226;52
4227;83
4228;63
4229;23
4230;35
4231;1
4232;1
4233;36
4234;35
4235;51
4236;39
4237;50
4238;54
4239;32
4240;36
4241;40
4242;9
4243;48
4244;43
4245;37
4246;6
4247;12
4248;59
4249;53
4250;75
4251;21
4252;39
4253;62
4254;16
4255;10
4256;37
4257;27
4258;57
4259;20
4260;3
4261;64
4262;45
4263;12
4264;32
4265;40
4266;17
4267;17
4268;39
4269;36
4270;18
4271;12
4272;65
4273;79
4274;65
4275;59
4276;60
4277;65
4278;43
4279;47
4280;29
4281;16
4282;7
4283;11
4284;23
4285;60
4286;75
4287;63
4288;74
4289;80
4290;49
4291;21
4292;34
4293;64
4294;56
4295;23
4296;30
4297;11
4298;16
4299;5
4300;37
4301;40
4302;8
4303;50
4304;60
4305;75
4306;75
4307;52
4308;40
4309;33
4310;10
4311;4
4312;43
4313;70
4314;57
4315;37
4316;4
4317;3
4318;71
4319;43
4320;63
4321;50
4322;26
4323;80
4324;40
4325;35
4326;6
4327;15
4328;63
4329;59
4330;57
4331;68
4332;40
4333;48
4334;18
4335;30
4336;47
4337;49
4338;14
4339;29
4340;36
4341;69
4342;23
4343;65
4344;43
4345;39
4346;15
4347;17
4348;38
4349;55
4350;15
4351;9
4352;28
4353;57
4354;50
4355;50
4356;59
4357;45
4358;4
4359;4
4360;59
4361;30
4362;43
4363;14
4364;4
4365;47
4366;35
4367;8
4368;18
4369;65
4370;72
4371;49
4372;51
4373;24
4374;42
4375;82
4376;51
4377;65
4378;74
4379;27
4380;31
4381;8
4382;3
4383;83
4384;25
4385;46
4386;49
4387;7
4388;14
4389;68
4390;40
4391;17
4392;11
4393;34
4394;37
4395;8
4396;18
4397;11
4398;39
4399;30
4400;8
4401;10
4402;11
4403;24
4404;50
4405;63
4406;55
4407;59
4408;50
4409;57
4410;38
4411;13
4412;47
4413;75
4414;88
4415;42
4416;23
4417;26
4418;46
4419;60
4420;70
4421;65
4422;57
4423;71
4424;86
4425;88
4426;84
4427;54
4428;29
4429;37
4430;23
4431;86
4432;78
4433;50
4434;74
4435;63
4436;56
4437;92
4438;60
4439;36
4440;27
4441;39
4442;18
4443;5
4444;47
4445;65
4446;56
4447;47
4448;88
4449;22
4450;33
4451;54
4452;47
4453;46
4454;11
4455;23
4456;67
4457;77
4458;61
4459;25
4460;23
4461;3
4462;2
4463;34
4464;52
4465;40
4466;11
4467;12
4468;17
4469;66
4470;76
4471;36
4472;51
4473;58
4474;91
4475;35
4476;71
4477;58
4478;65
4479;67
4480;89
4481;74
4482;23
4483;38
4484;4
4485;18
4486;52
4487;51
4488;32
4489;65
4490;31
4491;34
4492;18
4493;14
4494;22
4495;59
4496;65
4497;24
4498;6
4499;25
4500;73
4501;63
4502;40
4503;6
4504;60
4505;27
4506;17
4507;10
4508;12
4509;32
4510;62
4511;49
4512;67
4513;43
4514;56
4515;53
4516;68
4517;71
4518;49
4519;30
4520;15
4521;10
4522;28
4523;35
4524;11
4525;7
4526;73
4527;68
4528;60
4529;57
4530;28
4531;60
4532;15
4533;12
4534;14
4535;56
4536;56
4537;70
4538;20
4539;23
4540;46
4541;57
4542;38
4543;47
4544;56
4545;27
4546;34
4547;5
4548;10
4549;52
4550;52
4551;9
4552;8
4553;29
4554;0
4555;20
4556;43
4557;49
4558;39
4559;25
4560;19
4561;89
4562;62
4563;47
4564;72
4565;40
4566;28
4567;1
4568;9
4569;0
4570;19
4571;73
4572;32
4573;45
4574;9
4575;18
4576;15
4577;40
4578;35
4579;52
4580;69
4581;42
4582;42
4583;6
4584;5
4585;2
4586;44
4587;29
4588;64
4589;20
4590;21
4591;30
4592;52
4593;22
4594;32
4595;56
4596;8
4597;9
4598;35
4599;68
4600;62
4601;56
4602;48
4603;31
4604;14
4605;18
4606;63
4607;59
4608;62
4609;28
4610;47
4611;70
4612;48
4613;10
4614;8
4615;41
4616;12
4617;47
4618;49
4619;58
4620;60
4621;63
4622;81
4623;63
4624;44
4625;34
4626;0
4627;17
4628;0
4629;63
4630;61
4631;29
4632;37
4633;10
4634;9
4635;11
4636;14
4637;56
4638;39
4639;13
4640;14
4641;34
4642;28
4643;12
4644;4
4645;5
4646;42
4647;64
4648;60
4649;44
4650;25
4651;16
4652;18
4653;63
4654;46
4655;25
4656;10
4657;17
4658;54
4659;74
4660;75
4661;65
4662;33
4663;79
4664;76
4665;66
4666;55
4667;38
4668;57
4669;65
4670;20
4671;61
4672;59
4673;83
4674;38
4675;80
4676;53
4677;68
4678;70
4679;44
4680;1
4681;86
4682;50
4683;61
4684;10
4685;15
4686;24
4687;78
4688;73
4689;23
4690;63
4691;73
4692;62
4693;65
4694;36
4695;51
4696;28
4697;65
4698;46
4699;19
4700;22
4701;31
4702;27
4703;57
4704;65
4705;43
4706;26
4707;45
4708;52
4709;48
4710;74
4711;72
4712;19
4713;54
4714;72
4715;53
4716;64
4717;62
4718;81
4719;79
4720;26
4721;39
4722;7
4723;16
4724;8
4725;60
4726;75
4727;50
4728;47
4729;30
4730;18
4731;11
4732;39
4733;49
4734;56
4735;10
4736;55
4737;53
4738;16
4739;7
4740;31
4741;35
4742;18
4743;16
4744;0
4745;49
4746;35
4747;11
4748;6
4749;50
4750;32
4751;30
4752;7
4753;10
4754;43
4755;58
4756;55
4757;57
4758;54
4759;31
4760;10
4761;13
4762;70
4763;58
4764;48
4765;59
4766;53
4767;60
4768;80
4769;42
4770;11
4771;25
4772;62
4773;29
4774;15
4775;16
4776;10
4777;78
4778;62
4779;76
4780;61
4781;29
4782;8
4783;50
4784;51
4785;40
4786;49
4787;8
4788;13
4789;81
4790;42
4791;46
4792;17
4793;7
4794;38
4795;40
4796;9
4797;6
4798;79
4799;66
4800;63
4801;72
4802;72
4803;55
4804;46
4805;40
4806;6
4807;39
4808;33
4809;17
4810;9
4811;79
4812;39
4813;28
4814;35
4815;8
4816;54
4817;75
4818;38
4819;52
4820;42
4821;6
4822;56
4823;62
4824;28
4825;19
4826;67
4827;76
4828;70
4829;63
4830;53
4831;63
4832;70
4833;67
4834;74
4835;76
4836;59
4837;25
4838;47
4839;71
4840;30
4841;35
4842;2
4843;15
4844;1
4845;61
4846;58
4847;62
4848;63
4849;82
4850;42
4851;60
4852;57
4853;46
4854;22
4855;66
4856;73
4857;75
4858;56
4859;48
4860;14
4861;29
4862;84
4863;39
4864;41
4865;17
4866;15
4867;23
4868;57
4869;20
4870;69
4871;25
4872;41
4873;75
4874;21
4875;41
4876;20
4877;25
4878;21
4879;20
4880;31
4881;82
4882;35
4883;33
4884;0
4885;3
4886;29
4887;49
4888;8
4889;55
4890;17
4891;6
4892;24
4893;44
4894;62
4895;58
4896;49
4897;73
4898;63
4899;56
4900;21
4901;45
4902;17
4903;2
4904;20
4905;43
4906;63
4907;29
4908;16
4909;10
4910;75
4911;40
4912;21
4913;26
4914;25
4915;24
4916;3
4917;45
4918;31
4919;6
4920;17
4921;54
4922;16
4923;24
4924;20
4925;23
4926;59
4927;33
4928;79
4929;35
4930;28
4931;50
4932;15
4933;45
4934;34
4935;42
4936;10
4937;9
4938;89
4939;29
4940;58
4941;16
4942;15
4943;39
4944;24
4945;5
4946;51
4947;28
4948;47
4949;41
4950;61
4951;46
4952;78
4953;39
4954;4
4955;2
4956;61
4957;45
4958;24
4959;22
4960;20
4961;37
4962;30
4963;34
4964;10
4965;12
4966;4
4967;63
4968;41
4969;32
4970;48
4971;7
4972;19
4973;39
4974;4
4975;5
4976;28
4977;24
4978;44
4979;1
4980;5
4981;1
4982;84
4983;52
4984;56
4985;94
4986;63
4987;25
4988;54
4989;20
4990;34
4991;47
4992;6
4993;12
4994;73
4995;72
4996;78
4997;38
4998;55
4999;11
5000;6
5001;44
5002;31
5003;15
5004;13
5005;56
5006;51
5007;11
5008;17
5009;67
5010;72
5011;75
5012;52
5013;75
5014;47
5015;39
5016;7
5017;7
5018;43
5019;45
5020;5
5021;2
5022;79
5023;19
5024;58
5025;60
5026;47
5027;65
5028;53
5029;64
5030;64
5031;62
5032;75
5033;25
5034;3
5035;1
5036;56
5037;53
5038;56
5039;48
5040;35
5041;38
5042;13
5043;62
5044;68
5045;26
5046;28
5047;14
5048;8
5049;17
5050;63
5051;55
5052;63
5053;34
5054;16
5055;10
5056;19
5057;25
5058;44
5059;46
5060;33
5061;2
5062;17
5063;48
5064;43
5065;61
5066;22
5067;23
5068;55
5069;25
5070;89
5071;89
5072;49
5073;60
5074;68
5075;34
5076;57
5077;13
5078;6
5079;70
5080;19
5081;50
5082;51
5083;12
5084;16
5085;38
5086;2
5087;16
5088;86
5089;71
5090;56
5091;47
5092;38
5093;52
5094;33
5095;18
5096;10
5097;7
5098;63
5099;51
5100;28
5101;12
5102;7
5103;15
5104;71
5105;60
5106;47
5107;27
5108;54
5109;26
5110;63
5111;45
5112;38
5113;2
5114;3
5115;10
5116;14
5117;53
5118;38
5119;45
5120;50
5121;10
5122;18
5123;31
5124;3
5125;0
5126;28
5127;33
5128;3
5129;6
5130;60
5131;34
5132;82
5133;72
5134;52
5135;20
5136;23
5137;3
5138;4
5139;57
5140;24
5141;3
5142;0
5143;1
5144;27
5145;56
5146;17
5147;16
5148;17
5149;39
5150;15
5151;46
5152;44
5153;2
5154;6
5155;1
5156;24
5157;2
5158;45
5159;63
5160;55
5161;48
5162;70
5163;27
5164;27
5165;24
5166;50
5167;33
5168;11
5169;8
5170;54
5171;24
5172;26
5173;84
5174;63
5175;64
5176;39
5177;75
5178;49
5179;59
5180;13
5181;35
5182;33
5183;16
5184;11
5185;14
5186;7
5187;21
5188;57
5189;63
5190;41
5191;60
5192;15
5193;9
5194;74
5195;59
5196;66
5197;87
5198;49
5199;3
5200;1
5201;1
5202;51
5203;44
5204;70
5205;57
5206;10
5207;36
5208;19
5209;56
5210;36
5211;68
5212;68
5213;32
5214;56
5215;30
5216;29
5217;33
5218;45
5219;16
5220;16
5221;33
5222;36
5223;18
5224;15
5225;14
5226;21
5227;41
5228;31
5229;68
5230;36
5231;52
5232;32
5233;48
5234;39
5235;52
5236;75
5237;65
5238;66
5239;51
5240;56
5241;36
5242;80
5243;74
5244;49
5245;50
5246;72
5247;64
5248;81
5249;62
5250;26
5251;84
5252;25
5253;50
5254;63
5255;74
5256;56
5257;62
5258;19
5259;56
5260;90
5261;83
5262;64
5263;51
5264;49
5265;6
5266;12
5267;56
5268;20
5269;50
5270;25
5271;66
5272;52
5273;66
5274;35
5275;30
5276;16
5277;9
5278;56
5279;22
5280;45
5281;21
5282;3
5283;13
5284;47
5285;22
5286;28
5287;30
5288;16
5289;8
5290;11
5291;11
5292;64
5293;72
5294;45
5295;28
5296;0
5297;3
5298;41
5299;9
5300;18
5301;19
5302;31
5303;32
5304;9
5305;7
5306;13
5307;52
5308;66
5309;31
5310;41
5311;10
5312;17
5313;30
5314;33
5315;13
5316;6
5317;39
5318;70
5319;41
5320;48
5321;9
5322;14
5323;74
5324;57
5325;66
5326;19
5327;20
5328;10
5329;38
5330;22
5331;19
5332;36
5333;3
5334;7
5335;33
5336;43
5337;0
5338;13
5339;45
5340;50
5341;39
5342;38
5343;12
5344;18
5345;37
5346;42
5347;0
5348;11
5349;98
5350;22
5351;39
5352;0
5353;48
5354;65
5355;60
5356;64
5357;46
5358;42
5359;5
5360;16
5361;20
5362;61
5363;46
5364;46
5365;33
5366;43
5367;49
5368;10
5369;16
5370;39
5371;40
5372;3
5373;4
5374;33
5375;54
5376;6
5377;16
5378;62
5379;52
5380;52
5381;74
5382;56
5383;25
5384;56
5385;34
5386;44
5387;23
5388;40
5389;55
5390;49
5391;31
5392;24
5393;57
5394;49
5395;58
5396;10
5397;16
5398;28
5399;20
5400;54
5401;45
5402;72
5403;21
5404;58
5405;54
5406;42
5407;68
5408;67
5409;56
5410;23
5411;39
5412;32
5413;40
5414;17
5415;8
5416;35
5417;40
5418;49
5419;5
5420;68
5421;73
5422;52
5423;61
5424;49
5425;66
5426;49
5427;46
5428;17
5429;49
5430;44
5431;42
5432;88
5433;51
5434;47
5435;10
5436;11
5437;53
5438;57
5439;23
5440;70
5441;25
5442;19
5443;77
5444;20
5445;64
5446;38
5447;11
5448;12
5449;38
5450;43
5451;35
5452;14
5453;11
5454;8
5455;31
5456;61
5457;66
5458;23
5459;57
5460;37
5461;39
5462;3
5463;8
5464;58
5465;50
5466;85
5467;44
5468;47
5469;49
5470;14
5471;9
5472;55
5473;51
5474;43
5475;69
5476;73
5477;55
5478;55
5479;53
5480;33
5481;67
5482;56
5483;65
5484;69
5485;67
5486;48
5487;34
5488;41
5489;58
5490;82
5491;27
5492;79
5493;60
5494;50
5495;83
5496;24
5497;41
5498;12
5499;52
5500;69
5501;25
5502;40
5503;2
5504;13
5505;63
5506;50
5507;32
5508;42
5509;5
5510;54
5511;66
5512;71
5513;21
5514;53
5515;55
5516;55
5517;32
5518;25
5519;52
5520;60
5521;58
5522;67
5523;68
5524;40
5525;36
5526;2
5527;36
5528;34
5529;60
5530;25
5531;67
5532;59
5533;24
5534;47
5535;47
5536;35
5537;26
5538;12
5539;22
5540;33
5541;26
5542;39
5543;1
5544;6
5545;28
5546;45
5547;15
5548;6
5549;1
5550;3
5551;18
5552;9
5553;70
5554;45
5555;56
5556;68
5557;62
5558;52
5559;32
5560;61
5561;52
5562;52
5563;52
5564;53
5565;89
5566;61
5567;54
5568;58
5569;62
5570;28
5571;71
5572;80
5573;24
5574;24
5575;43
5576;4
5577;2
5578;4
5579;27
5580;16
5581;8
5582;44
5583;49
5584;14
5585;60
5586;54
5587;50
5588;76
5589;24
5590;56
5591;49
5592;57
5593;44
5594;6
5595;12
5596;52
5597;65
5598;41
5599;65
5600;79
5601;26
5602;58
5603;70
5604;43
5605;20
5606;28
5607;20
5608;53
5609;49
5610;62
5611;33
5612;60
5613;74
5614;68
5615;88
5616;64
5617;56
5618;59
5619;17
5620;10
5621;64
5622;52
5623;73
5624;100
5625;76
5626;85
5627;87
5628;88
5629;98
5630;89
5631;76
5632;86
5633;96
5634;87
5635;84
5636;77
5637;89
5638;86
5639;105
5640;101
5641;67
5642;78
5643;93
5644;86
5645;87
5646;89
5647;84
5648;84
5649;99
5650;90
5651;88
5652;84
5653;88
5654;74
5655;85
5656;103
5657;86
5658;82
5659;101
5660;83
5661;100
5662;101
5663;69
5664;84
5665;88
5666;67
5667;82
5668;69
5669;86
5670;89
5671;89
5672;74
