1;66
2;42
3;30
4;2
5;10
6;69
7;67
8;35
9;24
10;57
11;67
12;60
13;46
14;63
15;74
16;71
17;62
18;87
19;67
20;42
21;47
22;88
23;38
24;29
25;31
26;2
27;0
28;26
29;34
30;5
31;1
32;61
33;43
34;25
35;38
36;90
37;72
38;53
39;48
40;50
41;11
42;44
43;19
44;4
45;48
46;69
47;49
48;60
49;52
50;36
51;7
52;14
53;9
54;19
55;35
56;69
57;30
58;80
59;32
60;85
61;85
62;64
63;62
64;54
65;79
66;52
67;71
68;24
69;95
70;63
71;8
72;36
73;33
74;9
75;9
76;80
77;32
78;74
79;39
80;36
81;22
82;42
83;33
84;17
85;3
86;69
87;72
88;81
89;55
90;39
91;87
92;59
93;29
94;13
95;6
96;71
97;90
98;82
99;76
100;63
101;39
102;41
103;0
104;17
105;53
106;26
107;46
108;2
109;2
110;28
111;19
112;50
113;55
114;53
115;10
116;9
117;58
118;63
119;62
120;66
121;27
122;55
123;9
124;17
125;44
126;47
127;13
128;14
129;34
130;29
131;14
132;61
133;38
134;17
135;7
136;48
137;77
138;82
139;59
140;67
141;77
142;51
143;45
144;33
145;11
146;18
147;82
148;33
149;10
150;72
151;71
152;60
153;70
154;80
155;87
156;38
157;58
158;59
159;30
160;39
161;1
162;2
163;57
164;65
165;59
166;70
167;56
168;22
169;82
170;28
171;23
172;81
173;70
174;54
175;69
176;45
177;64
178;73
179;95
180;44
181;9
182;66
183;39
184;95
185;51
186;59
187;86
188;69
189;57
190;76
191;34
192;65
193;47
194;87
195;31
196;63
197;11
198;8
199;15
200;64
201;59
202;47
203;47
204;11
205;8
206;35
207;34
208;7
209;0
210;70
211;39
212;88
213;72
214;43
215;38
216;18
217;44
218;18
219;31
220;76
221;55
222;79
223;82
224;44
225;48
226;38
227;57
228;16
229;13
230;51
231;47
232;48
233;39
234;30
235;17
236;10
237;89
238;53
239;19
240;56
241;35
242;87
243;49
244;37
245;30
246;1
247;2
248;50
249;8
250;25
251;88
252;63
253;63
254;79
255;41
256;49
257;32
258;29
259;7
260;1
261;6
262;84
263;51
264;93
265;61
266;46
267;48
268;62
269;85
270;39
271;40
272;15
273;6
274;18
275;21
276;51
277;26
278;53
279;38
280;4
281;31
282;11
283;80
284;65
285;69
286;53
287;73
288;82
289;64
290;31
291;46
292;37
293;74
294;69
295;83
296;55
297;47
298;34
299;75
300;55
301;56
302;53
303;29
304;28
305;18
306;8
307;55
308;73
309;52
310;31
311;8
312;11
313;77
314;55
315;59
316;19
317;59
318;63
319;28
320;37
321;17
322;10
323;17
324;11
325;44
326;60
327;7
328;10
329;54
330;68
331;48
332;63
333;42
334;42
335;8
336;15
337;18
338;78
339;29
340;48
341;68
342;60
343;27
344;22
345;75
346;31
347;72
348;53
349;22
350;64
351;32
352;17
353;75
354;81
355;80
356;59
357;46
358;81
359;82
360;34
361;48
362;52
363;69
364;83
365;52
366;35
367;51
368;59
369;27
370;39
371;1
372;7
373;69
374;31
375;31
376;7
377;0
378;0
379;2
380;45
381;24
382;51
383;26
384;84
385;33
386;55
387;39
388;34
389;4
390;14
391;41
392;48
393;13
394;16
395;72
396;55
397;52
398;71
399;69
400;47
401;60
402;59
403;9
404;17
405;72
406;47
407;60
408;55
409;46
410;46
411;86
412;72
413;22
414;90
415;23
416;76
417;60
418;26
419;49
420;54
421;54
422;90
423;42
424;68
425;78
426;29
427;19
428;29
429;33
430;2
431;10
432;69
433;49
434;32
435;38
436;15
437;6
438;15
439;17
440;60
441;20
442;50
443;44
444;40
445;31
446;33
447;20
448;74
449;23
450;81
451;52
452;81
453;46
454;40
455;6
456;15
457;14
458;73
459;19
460;42
461;69
462;26
463;29
464;78
465;19
466;43
467;25
468;74
469;64
470;63
471;29
472;16
473;13
474;61
475;16
476;6
477;61
478;70
479;31
480;49
481;16
482;17
483;15
484;61
485;63
486;77
487;20
488;25
489;75
490;22
491;45
492;48
493;56
494;61
495;60
496;53
497;54
498;37
499;11
500;6
501;11
502;21
503;61
504;16
505;76
506;58
507;95
508;31
509;78
510;53
511;59
512;48
513;64
514;77
515;24
516;32
517;0
518;4
519;50
520;26
521;8
522;14
523;74
524;70
525;61
526;42
527;49
528;9
529;14
530;18
531;64
532;87
533;51
534;26
535;75
536;69
537;90
538;33
539;28
540;59
541;25
542;68
543;53
544;55
545;47
546;12
547;69
548;26
549;30
550;18
551;17
552;63
553;40
554;10
555;64
556;52
557;54
558;94
559;52
560;37
561;51
562;13
563;13
564;38
565;29
566;60
567;78
568;25
569;59
570;94
571;52
572;31
573;27
574;59
575;37
576;22
577;25
578;29
579;50
580;27
581;18
582;14
583;16
584;85
585;68
586;46
587;26
588;14
589;1
590;47
591;60
592;62
593;16
594;29
595;51
596;64
597;41
598;33
599;2
600;17
601;62
602;57
603;18
604;8
605;54
606;49
607;16
608;17
609;26
610;49
611;13
612;17
613;50
614;46
615;27
616;16
617;53
618;53
619;64
620;70
621;54
622;79
623;84
624;49
625;70
626;45
627;30
628;8
629;18
630;47
631;70
632;46
633;36
634;4
635;17
636;11
637;17
638;72
639;49
640;29
641;44
642;50
643;90
644;53
645;21
646;23
647;24
648;65
649;20
650;73
651;25
652;42
653;73
654;62
655;50
656;39
657;7
658;14
659;74
660;59
661;40
662;43
663;4
664;0
665;16
666;57
667;31
668;42
669;22
670;16
671;10
672;45
673;43
674;1
675;0
676;0
677;39
678;35
679;3
680;16
681;52
682;11
683;10
684;23
685;40
686;0
687;1
688;33
689;69
690;97
691;36
692;23
693;12
694;10
695;61
696;37
697;77
698;54
699;53
700;56
701;44
702;39
703;9
704;3
705;43
706;18
707;9
708;29
709;57
710;76
711;73
712;43
713;55
714;71
715;50
716;86
717;76
718;19
719;34
720;31
721;87
722;58
723;37
724;52
725;42
726;36
727;8
728;13
729;16
730;72
731;40
732;53
733;33
734;18
735;13
736;52
737;72
738;40
739;71
740;27
741;19
742;28
743;7
744;11
745;10
746;83
747;53
748;36
749;19
750;76
751;81
752;63
753;62
754;47
755;16
756;16
757;47
758;11
759;39
760;48
761;60
762;14
763;7
764;52
765;54
766;21
767;85
768;33
769;64
770;25
771;69
772;65
773;54
774;61
775;75
776;35
777;86
778;46
779;25
780;20
781;72
782;56
783;66
784;58
785;42
786;7
787;69
788;26
789;21
790;35
791;36
792;16
793;28
794;32
795;18
796;8
797;30
798;45
799;4
800;4
801;0
802;49
803;91
804;69
805;68
806;78
807;89
808;33
809;47
810;69
811;44
812;70
813;67
814;64
815;48
816;67
817;71
818;59
819;54
820;53
821;17
822;6
823;73
824;60
825;85
826;86
827;40
828;74
829;59
830;30
831;69
832;45
833;30
834;61
835;55
836;35
837;39
838;12
839;7
840;50
841;18
842;14
843;26
844;24
845;61
846;67
847;53
848;70
849;40
850;56
851;45
852;26
853;51
854;61
855;81
856;22
857;82
858;25
859;36
860;30
861;30
862;8
863;15
864;32
865;47
866;3
867;5
868;29
869;30
870;18
871;18
872;9
873;6
874;34
875;26
876;31
877;5
878;12
879;73
880;49
881;46
882;59
883;14
884;46
885;84
886;25
887;36
888;69
889;19
890;46
891;47
892;60
893;43
894;11
895;7
896;40
897;42
898;12
899;18
900;27
901;26
902;35
903;55
904;21
905;43
906;52
907;46
908;49
909;29
910;6
911;9
912;43
913;57
914;49
915;54
916;50
917;46
918;54
919;63
920;60
921;78
922;76
923;35
924;37
925;15
926;6
927;24
928;74
929;38
930;61
931;61
932;64
933;60
934;36
935;31
936;23
937;54
938;36
939;57
940;54
941;87
942;95
943;42
944;54
945;51
946;57
947;29
948;64
949;62
950;84
951;76
952;59
953;81
954;75
955;71
956;54
957;55
958;50
959;29
960;65
961;86
962;36
963;37
964;3
965;27
966;48
967;81
968;47
969;54
970;70
971;71
972;19
973;23
974;85
975;47
976;16
977;30
978;81
979;73
980;39
981;75
982;53
983;83
984;54
985;70
986;79
987;77
988;32
989;35
990;16
991;11
992;53
993;43
994;19
995;31
996;23
997;33
998;0
999;3
1000;34
1001;37
1002;14
1003;4
1004;58
1005;87
1006;76
1007;84
1008;71
1009;72
1010;47
1011;48
1012;17
1013;16
1014;16
1015;61
1016;60
1017;27
1018;41
1019;17
1020;13
1021;35
1022;74
1023;51
1024;64
1025;54
1026;15
1027;14
1028;42
1029;35
1030;12
1031;16
1032;64
1033;32
1034;28
1035;50
1036;69
1037;30
1038;31
1039;13
1040;7
1041;50
1042;36
1043;43
1044;17
1045;81
1046;60
1047;67
1048;37
1049;29
1050;19
1051;21
1052;31
1053;94
1054;53
1055;60
1056;47
1057;7
1058;16
1059;78
1060;51
1061;60
1062;77
1063;21
1064;67
1065;59
1066;82
1067;34
1068;80
1069;27
1070;34
1071;12
1072;27
1073;30
1074;0
1075;2
1076;2
1077;22
1078;54
1079;68
1080;28
1081;73
1082;82
1083;30
1084;32
1085;34
1086;2
1087;10
1088;33
1089;39
1090;0
1091;11
1092;54
1093;62
1094;77
1095;73
1096;73
1097;19
1098;64
1099;49
1100;74
1101;48
1102;40
1103;75
1104;59
1105;55
1106;90
1107;22
1108;36
1109;2
1110;0
1111;4
1112;54
1113;57
1114;75
1115;38
1116;53
1117;48
1118;75
1119;19
1120;35
1121;45
1122;47
1123;47
1124;55
1125;45
1126;10
1127;49
1128;30
1129;17
1130;48
1131;44
1132;75
1133;34
1134;27
1135;2
1136;0
1137;58
1138;21
1139;57
1140;87
1141;57
1142;34
1143;29
1144;5
1145;2
1146;57
1147;26
1148;41
1149;32
1150;20
1151;63
1152;16
1153;6
1154;60
1155;71
1156;78
1157;79
1158;52
1159;45
1160;69
1161;76
1162;33
1163;7
1164;61
1165;61
1166;62
1167;7
1168;9
1169;54
1170;90
1171;54
1172;68
1173;22
1174;70
1175;54
1176;24
1177;66
1178;80
1179;76
1180;53
1181;70
1182;42
1183;33
1184;16
1185;45
1186;53
1187;13
1188;14
1189;25
1190;77
1191;37
1192;26
1193;2
1194;2
1195;13
1196;75
1197;29
1198;70
1199;71
1200;76
1201;67
1202;21
1203;26
1204;48
1205;52
1206;19
1207;33
1208;5
1209;4
1210;76
1211;37
1212;36
1213;60
1214;9
1215;15
1216;25
1217;56
1218;38
1219;83
1220;39
1221;84
1222;25
1223;74
1224;22
1225;31
1226;22
1227;24
1228;31
1229;78
1230;58
1231;57
1232;36
1233;44
1234;39
1235;2
1236;1
1237;62
1238;83
1239;55
1240;53
1241;55
1242;23
1243;49
1244;81
1245;101
1246;67
1247;19
1248;71
1249;67
1250;37
1251;81
1252;72
1253;19
1254;75
1255;43
1256;24
1257;23
1258;24
1259;36
1260;25
1261;65
1262;68
1263;72
1264;34
1265;37
1266;37
1267;4
1268;36
1269;36
1270;16
1271;12
1272;13
1273;72
1274;44
1275;13
1276;8
1277;36
1278;7
1279;51
1280;46
1281;48
1282;50
1283;64
1284;22
1285;57
1286;58
1287;54
1288;50
1289;59
1290;49
1291;62
1292;72
1293;59
1294;41
1295;14
1296;7
1297;70
1298;62
1299;80
1300;20
1301;31
1302;49
1303;87
1304;36
1305;63
1306;57
1307;57
1308;72
1309;88
1310;62
1311;27
1312;46
1313;14
1314;3
1315;30
1316;35
1317;12
1318;69
1319;48
1320;71
1321;43
1322;34
1323;10
1324;17
1325;51
1326;30
1327;63
1328;47
1329;17
1330;17
1331;29
1332;8
1333;40
1334;88
1335;57
1336;62
1337;20
1338;23
1339;45
1340;5
1341;0
1342;64
1343;94
1344;24
1345;19
1346;31
1347;62
1348;47
1349;61
1350;35
1351;55
1352;75
1353;83
1354;78
1355;27
1356;35
1357;8
1358;7
1359;29
1360;62
1361;14
1362;15
1363;19
1364;20
1365;74
1366;48
1367;29
1368;27
1369;12
1370;16
1371;42
1372;34
1373;7
1374;7
1375;51
1376;33
1377;39
1378;11
1379;59
1380;39
1381;63
1382;39
1383;84
1384;42
1385;77
1386;25
1387;43
1388;69
1389;28
1390;44
1391;18
1392;9
1393;8
1394;69
1395;55
1396;26
1397;15
1398;54
1399;73
1400;68
1401;27
1402;66
1403;35
1404;34
1405;5
1406;4
1407;14
1408;48
1409;19
1410;69
1411;60
1412;44
1413;25
1414;3
1415;30
1416;59
1417;6
1418;19
1419;89
1420;46
1421;31
1422;73
1423;35
1424;77
1425;48
1426;27
1427;41
1428;3
1429;5
1430;91
1431;41
1432;57
1433;76
1434;72
1435;32
1436;35
1437;1
1438;15
1439;6
1440;9
1441;0
1442;11
1443;46
1444;35
1445;37
1446;18
1447;17
1448;7
1449;70
1450;23
1451;64
1452;22
1453;34
1454;69
1455;80
1456;36
1457;20
1458;66
1459;73
1460;61
1461;83
1462;81
1463;66
1464;29
1465;45
1466;4
1467;0
1468;25
1469;47
1470;41
1471;25
1472;84
1473;87
1474;21
1475;43
1476;2
1477;18
1478;43
1479;85
1480;51
1481;47
1482;6
1483;6
1484;49
1485;89
1486;63
1487;39
1488;40
1489;18
1490;16
1491;57
1492;34
1493;17
1494;86
1495;86
1496;49
1497;26
1498;49
1499;7
1500;1
1501;36
1502;64
1503;57
1504;70
1505;20
1506;57
1507;31
1508;75
1509;67
1510;74
1511;59
1512;86
1513;29
1514;55
1515;9
1516;12
1517;29
1518;42
1519;0
1520;34
1521;53
1522;28
1523;49
1524;33
1525;38
1526;11
1527;18
1528;63
1529;64
1530;85
1531;39
1532;55
1533;96
1534;21
1535;68
1536;36
1537;30
1538;13
1539;18
1540;37
1541;37
1542;3
1543;10
1544;93
1545;48
1546;31
1547;13
1548;30
1549;47
1550;35
1551;82
1552;56
1553;61
1554;78
1555;43
1556;29
1557;16
1558;0
1559;33
1560;38
1561;28
1562;0
1563;4
1564;81
1565;81
1566;67
1567;40
1568;78
1569;23
1570;50
1571;59
1572;12
1573;57
1574;34
1575;15
1576;30
1577;68
1578;61
1579;48
1580;35
1581;7
1582;8
1583;14
1584;59
1585;19
1586;37
1587;3
1588;64
1589;30
1590;53
1591;51
1592;67
1593;93
1594;64
1595;84
1596;37
1597;38
1598;13
1599;3
1600;33
1601;48
1602;9
1603;7
1604;18
1605;51
1606;23
1607;30
1608;0
1609;86
1610;58
1611;51
1612;30
1613;56
1614;6
1615;36
1616;45
1617;0
1618;10
1619;10
1620;30
1621;36
1622;10
1623;15
1624;63
1625;54
1626;31
1627;63
1628;59
1629;40
1630;18
1631;13
1632;8
1633;60
1634;37
1635;14
1636;46
1637;57
1638;16
1639;7
1640;56
1641;55
1642;91
1643;53
1644;83
1645;58
1646;50
1647;36
1648;72
1649;56
1650;66
1651;29
1652;58
1653;42
1654;87
1655;62
1656;28
1657;68
1658;55
1659;48
1660;64
1661;65
1662;48
1663;71
1664;97
1665;74
1666;58
1667;33
1668;59
1669;28
1670;35
1671;8
1672;9
1673;11
1674;51
1675;62
1676;42
1677;6
1678;57
1679;86
1680;49
1681;89
1682;48
1683;69
1684;41
1685;43
1686;62
1687;9
1688;16
1689;37
1690;84
1691;53
1692;64
1693;73
1694;31
1695;48
1696;62
1697;17
1698;12
1699;60
1700;36
1701;8
1702;33
1703;22
1704;17
1705;11
1706;2
1707;66
1708;30
1709;24
1710;52
1711;57
1712;45
1713;59
1714;12
1715;10
1716;17
1717;78
1718;23
1719;55
1720;51
1721;10
1722;13
1723;10
1724;25
1725;48
1726;31
1727;8
1728;11
1729;78
1730;26
1731;90
1732;62
1733;51
1734;42
1735;16
1736;77
1737;71
1738;29
1739;59
1740;25
1741;50
1742;33
1743;41
1744;6
1745;17
1746;13
1747;30
1748;33
1749;0
1750;0
1751;73
1752;94
1753;80
1754;60
1755;19
1756;28
1757;39
1758;1
1759;52
1760;60
1761;7
1762;10
1763;9
1764;87
1765;67
1766;45
1767;20
1768;32
1769;24
1770;64
1771;31
1772;40
1773;30
1774;5
1775;3
1776;42
1777;19
1778;56
1779;46
1780;70
1781;77
1782;53
1783;44
1784;64
1785;64
1786;64
1787;81
1788;69
1789;71
1790;34
1791;80
1792;62
1793;76
1794;39
1795;55
1796;25
1797;78
1798;87
1799;68
1800;25
1801;39
1802;63
1803;8
1804;7
1805;32
1806;34
1807;19
1808;21
1809;41
1810;36
1811;9
1812;6
1813;15
1814;5
1815;40
1816;19
1817;28
1818;21
1819;60
1820;51
1821;46
1822;13
1823;55
1824;49
1825;61
1826;8
1827;13
1828;53
1829;38
1830;74
1831;59
1832;19
1833;76
1834;25
1835;53
1836;80
1837;28
1838;60
1839;92
1840;87
1841;33
1842;39
1843;10
1844;67
1845;47
1846;24
1847;54
1848;51
1849;62
1850;40
1851;50
1852;11
1853;7
1854;73
1855;42
1856;41
1857;45
1858;13
1859;10
1860;21
1861;21
1862;78
1863;36
1864;53
1865;59
1866;58
1867;13
1868;7
1869;50
1870;70
1871;40
1872;85
1873;60
1874;51
1875;24
1876;64
1877;65
1878;55
1879;59
1880;80
1881;29
1882;90
1883;39
1884;75
1885;57
1886;62
1887;52
1888;84
1889;89
1890;58
1891;55
1892;62
1893;70
1894;52
1895;37
1896;15
1897;14
1898;88
1899;56
1900;74
1901;67
1902;28
1903;92
1904;49
1905;58
1906;45
1907;56
1908;43
1909;11
1910;18
1911;39
1912;63
1913;15
1914;61
1915;79
1916;97
1917;82
1918;48
1919;47
1920;52
1921;39
1922;11
1923;6
1924;6
1925;14
1926;56
1927;39
1928;16
1929;15
1930;58
1931;80
1932;32
1933;62
1934;81
1935;70
1936;46
1937;46
1938;39
1939;67
1940;83
1941;84
1942;83
1943;51
1944;73
1945;60
1946;36
1947;49
1948;28
1949;44
1950;3
1951;6
1952;34
1953;19
1954;26
1955;69
1956;58
1957;47
1958;6
1959;50
1960;21
1961;42
1962;58
1963;21
1964;57
1965;57
1966;52
1967;35
1968;82
1969;61
1970;44
1971;2
1972;49
1973;31
1974;16
1975;17
1976;32
1977;39
1978;15
1979;73
1980;63
1981;64
1982;50
1983;63
1984;74
1985;59
1986;47
1987;80
1988;40
1989;32
1990;5
1991;7
1992;13
1993;26
1994;73
1995;64
1996;30
1997;13
1998;7
1999;76
2000;83
2001;19
2002;30
2003;31
2004;10
2005;9
2006;70
2007;26
2008;36
2009;16
2010;3
2011;79
2012;82
2013;38
2014;53
2015;39
2016;14
2017;49
2018;47
2019;70
2020;46
2021;58
2022;48
2023;9
2024;73
2025;30
2026;36
2027;4
2028;2
2029;46
2030;81
2031;46
2032;27
2033;14
2034;18
2035;18
2036;28
2037;29
2038;40
2039;63
2040;60
2041;26
2042;64
2043;42
2044;16
2045;18
2046;56
2047;47
2048;87
2049;59
2050;67
2051;33
2052;0
2053;35
2054;31
2055;18
2056;17
2057;10
2058;12
2059;75
2060;86
2061;20
2062;85
2063;28
2064;49
2065;41
2066;14
2067;14
2068;8
2069;27
2070;30
2071;0
2072;84
2073;78
2074;59
2075;56
2076;20
2077;69
2078;19
2079;49
2080;19
2081;56
2082;55
2083;38
2084;63
2085;15
2086;17
2087;17
2088;85
2089;56
2090;70
2091;63
2092;43
2093;48
2094;15
2095;15
2096;73
2097;29
2098;25
2099;24
2100;44
2101;34
2102;5
2103;0
2104;45
2105;12
2106;7
2107;47
2108;63
2109;72
2110;91
2111;43
2112;52
2113;88
2114;50
2115;59
2116;58
2117;35
2118;33
2119;24
2120;30
2121;21
2122;81
2123;61
2124;55
2125;58
2126;17
2127;14
2128;17
2129;60
2130;20
2131;36
2132;19
2133;48
2134;1
2135;51
2136;8
2137;61
2138;71
2139;63
2140;88
2141;88
2142;85
2143;79
2144;21
2145;85
2146;37
2147;23
2148;4
2149;86
2150;74
2151;66
2152;49
2153;50
2154;34
2155;51
2156;13
2157;6
2158;71
2159;38
2160;66
2161;47
2162;23
2163;34
2164;0
2165;3
2166;29
2167;55
2168;7
2169;16
2170;8
2171;31
2172;77
2173;20
2174;75
2175;71
2176;82
2177;49
2178;90
2179;25
2180;48
2181;32
2182;54
2183;19
2184;20
2185;61
2186;24
2187;28
2188;29
2189;15
2190;10
2191;42
2192;36
2193;3
2194;82
2195;59
2196;32
2197;0
2198;5
2199;27
2200;15
2201;72
2202;58
2203;49
2204;30
2205;45
2206;11
2207;16
2208;39
2209;19
2210;27
2211;5
2212;2
2213;38
2214;43
2215;1
2216;1
2217;87
2218;82
2219;82
2220;70
2221;56
2222;80
2223;28
2224;6
2225;61
2226;68
2227;87
2228;73
2229;75
2230;61
2231;44
2232;6
2233;17
2234;21
2235;30
2236;18
2237;0
2238;85
2239;70
2240;82
2241;43
2242;58
2243;59
2244;36
2245;84
2246;19
2247;53
2248;58
2249;76
2250;78
2251;27
2252;25
2253;3
2254;4
2255;33
2256;27
2257;59
2258;94
2259;25
2260;26
2261;36
2262;21
2263;67
2264;80
2265;49
2266;51
2267;58
2268;54
2269;61
2270;52
2271;30
2272;26
2273;19
2274;68
2275;24
2276;64
2277;74
2278;32
2279;27
2280;39
2281;43
2282;72
2283;72
2284;35
2285;48
2286;18
2287;17
2288;89
2289;75
2290;71
2291;51
2292;26
2293;58
2294;32
2295;39
2296;14
2297;7
2298;62
2299;71
2300;47
2301;61
2302;6
2303;9
2304;20
2305;19
2306;56
2307;30
2308;30
2309;12
2310;11
2311;10
2312;39
2313;33
2314;71
2315;54
2316;35
2317;57
2318;17
2319;10
2320;14
2321;24
2322;21
2323;3
2324;18
2325;77
2326;57
2327;44
2328;43
2329;39
2330;51
2331;27
2332;71
2333;60
2334;69
2335;38
2336;48
2337;14
2338;62
2339;30
2340;18
2341;6
2342;88
2343;58
2344;31
2345;27
2346;7
2347;14
2348;4
2349;41
2350;20
2351;35
2352;38
2353;9
2354;10
2355;62
2356;74
2357;59
2358;32
2359;61
2360;11
2361;63
2362;53
2363;45
2364;80
2365;44
2366;53
2367;15
2368;16
2369;70
2370;59
2371;58
2372;73
2373;93
2374;59
2375;63
2376;80
2377;74
2378;65
2379;29
2380;38
2381;19
2382;41
2383;23
2384;65
2385;56
2386;27
2387;57
2388;68
2389;54
2390;28
2391;57
2392;79
2393;23
2394;43
2395;12
2396;12
2397;8
2398;51
2399;56
2400;28
2401;77
2402;59
2403;28
2404;44
2405;3
2406;5
2407;59
2408;80
2409;44
2410;34
2411;66
2412;51
2413;55
2414;69
2415;39
2416;29
2417;3
2418;66
2419;51
2420;30
2421;13
2422;12
2423;42
2424;46
2425;10
2426;16
2427;33
2428;52
2429;13
2430;7
2431;11
2432;40
2433;46
2434;11
2435;9
2436;8
2437;24
2438;70
2439;44
2440;73
2441;46
2442;61
2443;30
2444;32
2445;17
2446;9
2447;4
2448;31
2449;51
2450;48
2451;18
2452;15
2453;28
2454;50
2455;18
2456;16
2457;10
2458;40
2459;63
2460;56
2461;96
2462;53
2463;60
2464;16
2465;11
2466;29
2467;51
2468;76
2469;47
2470;53
2471;63
2472;63
2473;29
2474;13
2475;15
2476;55
2477;72
2478;51
2479;66
2480;66
2481;66
2482;48
2483;57
2484;59
2485;32
2486;70
2487;51
2488;28
2489;36
2490;13
2491;14
2492;18
2493;74
2494;66
2495;68
2496;36
2497;51
2498;83
2499;78
2500;85
2501;72
2502;68
2503;60
2504;58
2505;16
2506;31
2507;22
2508;33
2509;20
2510;19
2511;24
2512;48
2513;40
2514;5
2515;3
2516;5
2517;53
2518;51
2519;61
2520;25
2521;28
2522;35
2523;20
2524;45
2525;0
2526;30
2527;40
2528;77
2529;44
2530;66
2531;26
2532;38
2533;41
2534;1
2535;4
2536;40
2537;40
2538;14
2539;13
2540;29
2541;26
2542;12
2543;0
2544;50
2545;49
2546;48
2547;94
2548;49
2549;57
2550;56
2551;6
2552;51
2553;66
2554;77
2555;90
2556;33
2557;31
2558;17
2559;11
2560;60
2561;51
2562;69
2563;48
2564;53
2565;21
2566;85
2567;46
2568;40
2569;11
2570;42
2571;38
2572;49
2573;15
2574;11
2575;64
2576;45
2577;59
2578;32
2579;59
2580;64
2581;26
2582;76
2583;41
2584;40
2585;7
2586;35
2587;31
2588;37
2589;16
2590;33
2591;27
2592;12
2593;9
2594;29
2595;37
2596;4
2597;1
2598;31
2599;31
2600;75
2601;55
2602;42
2603;31
2604;35
2605;17
2606;13
2607;62
2608;51
2609;36
2610;51
2611;47
2612;32
2613;19
2614;4
2615;3
2616;30
2617;51
2618;61
2619;44
2620;64
2621;64
2622;55
2623;58
2624;14
2625;8
2626;22
2627;68
2628;60
2629;49
2630;73
2631;65
2632;35
2633;69
2634;66
2635;96
2636;55
2637;46
2638;12
2639;6
2640;63
2641;47
2642;37
2643;5
2644;49
2645;20
2646;80
2647;51
2648;73
2649;20
2650;19
2651;94
2652;37
2653;52
2654;56
2655;33
2656;22
2657;29
2658;0
2659;2
2660;34
2661;37
2662;46
2663;2
2664;7
2665;5
2666;56
2667;38
2668;17
2669;10
2670;86
2671;56
2672;38
2673;55
2674;12
2675;50
2676;55
2677;28
2678;35
2679;3
2680;84
2681;40
2682;36
2683;34
2684;2
2685;77
2686;49
2687;13
2688;45
2689;22
2690;24
2691;55
2692;22
2693;25
2694;72
2695;50
2696;86
2697;27
2698;48
2699;60
2700;56
2701;71
2702;36
2703;58
2704;52
2705;47
2706;46
2707;44
2708;49
2709;8
2710;19
2711;57
2712;33
2713;82
2714;63
2715;84
2716;70
2717;44
2718;37
2719;35
2720;1
2721;0
2722;41
2723;6
2724;17
2725;67
2726;73
2727;26
2728;31
2729;3
2730;64
2731;7
2732;36
2733;48
2734;82
2735;49
2736;33
2737;18
2738;6
2739;18
2740;23
2741;64
2742;31
2743;45
2744;3
2745;13
2746;64
2747;66
2748;55
2749;87
2750;34
2751;45
2752;34
2753;18
2754;51
2755;31
2756;18
2757;16
2758;69
2759;67
2760;80
2761;63
2762;38
2763;85
2764;27
2765;49
2766;16
2767;80
2768;22
2769;60
2770;22
2771;23
2772;36
2773;87
2774;79
2775;48
2776;64
2777;50
2778;12
2779;10
2780;50
2781;40
2782;8
2783;34
2784;30
2785;33
2786;41
2787;11
2788;16
2789;9
2790;1
2791;60
2792;87
2793;31
2794;43
2795;31
2796;7
2797;83
2798;35
2799;87
2800;52
2801;57
2802;73
2803;34
2804;56
2805;20
2806;21
2807;61
2808;22
2809;42
2810;9
2811;12
2812;74
2813;84
2814;99
2815;26
2816;52
2817;62
2818;43
2819;32
2820;16
2821;18
2822;4
2823;57
2824;61
2825;20
2826;15
2827;60
2828;19
2829;28
2830;74
2831;63
2832;48
2833;30
2834;76
2835;35
2836;21
2837;31
2838;20
2839;54
2840;84
2841;39
2842;55
2843;15
2844;17
2845;20
2846;71
2847;71
2848;41
2849;69
2850;86
2851;44
2852;54
2853;93
2854;69
2855;43
2856;56
2857;69
2858;60
2859;30
2860;58
2861;63
2862;68
2863;84
2864;48
2865;17
2866;34
2867;33
2868;11
2869;45
2870;30
2871;33
2872;11
2873;6
2874;17
2875;86
2876;74
2877;54
2878;67
2879;19
2880;53
2881;86
2882;82
2883;69
2884;76
2885;23
2886;52
2887;47
2888;5
2889;5
2890;45
2891;33
2892;1
2893;5
2894;4
2895;34
2896;48
2897;29
2898;52
2899;10
2900;92
2901;57
2902;21
2903;23
2904;70
2905;77
2906;82
2907;31
2908;41
2909;6
2910;7
2911;88
2912;53
2913;90
2914;33
2915;49
2916;6
2917;83
2918;50
2919;58
2920;24
2921;29
2922;12
2923;57
2924;54
2925;48
2926;38
2927;27
2928;70
2929;63
2930;58
2931;84
2932;50
2933;71
2934;77
2935;73
2936;40
2937;30
2938;13
2939;0
2940;15
2941;12
2942;72
2943;65
2944;35
2945;62
2946;49
2947;68
2948;22
2949;22
2950;52
2951;75
2952;75
2953;33
2954;31
2955;17
2956;15
2957;49
2958;73
2959;23
2960;48
2961;68
2962;80
2963;48
2964;32
2965;14
2966;16
2967;90
2968;21
2969;35
2970;87
2971;82
2972;32
2973;54
2974;12
2975;18
2976;11
2977;19
2978;61
2979;64
2980;63
2981;88
2982;28
2983;24
2984;5
2985;3
2986;39
2987;7
2988;17
2989;58
2990;91
2991;40
2992;81
2993;69
2994;80
2995;28
2996;37
2997;3
2998;4
2999;37
3000;58
3001;50
3002;68
3003;46
3004;87
3005;46
3006;51
3007;76
3008;33
3009;36
3010;1
3011;0
3012;5
3013;50
3014;50
3015;55
3016;20
3017;19
3018;38
3019;42
3020;14
3021;6
3022;57
3023;62
3024;47
3025;68
3026;59
3027;32
3028;50
3029;69
3030;34
3031;41
3032;7
3033;8
3034;3
3035;36
3036;22
3037;29
3038;55
3039;54
3040;22
3041;24
3042;54
3043;20
3044;77
3045;57
3046;50
3047;33
3048;30
3049;21
3050;47
3051;15
3052;0
3053;71
3054;39
3055;47
3056;76
3057;45
3058;31
3059;47
3060;29
3061;47
3062;35
3063;6
3064;61
3065;88
3066;22
3067;73
3068;39
3069;44
3070;5
3071;13
3072;4
3073;48
3074;66
3075;47
3076;52
3077;24
3078;57
3079;8
3080;6
3081;43
3082;36
3083;17
3084;8
3085;27
3086;35
3087;0
3088;14
3089;87
3090;68
3091;64
3092;20
3093;70
3094;57
3095;23
3096;34
3097;55
3098;69
3099;54
3100;55
3101;40
3102;56
3103;55
3104;29
3105;64
3106;32
3107;30
3108;69
3109;40
3110;70
3111;58
3112;24
3113;89
3114;83
3115;49
3116;56
3117;71
3118;49
3119;47
3120;51
3121;74
3122;69
3123;85
3124;51
3125;55
3126;97
3127;59
3128;75
3129;31
3130;35
3131;94
3132;76
3133;27
3134;40
3135;0
3136;1
3137;50
3138;50
3139;18
3140;18
3141;14
3142;68
3143;19
3144;58
3145;23
3146;51
3147;29
3148;44
3149;8
3150;11
3151;17
3152;29
3153;28
3154;17
3155;66
3156;66
3157;56
3158;52
3159;80
3160;91
3161;22
3162;60
3163;23
3164;45
3165;44
3166;16
3167;4
3168;64
3169;53
3170;14
3171;17
3172;53
3173;46
3174;13
3175;8
3176;59
3177;48
3178;23
3179;3
3180;14
3181;72
3182;65
3183;56
3184;50
3185;28
3186;56
3187;89
3188;35
3189;76
3190;52
3191;23
3192;88
3193;83
3194;67
3195;38
3196;47
3197;33
3198;5
3199;6
3200;58
3201;36
3202;16
3203;6
3204;48
3205;47
3206;40
3207;74
3208;53
3209;29
3210;15
3211;17
3212;55
3213;71
3214;51
3215;37
3216;69
3217;53
3218;64
3219;45
3220;6
3221;17
3222;17
3223;36
3224;43
3225;8
3226;15
3227;58
3228;60
3229;14
3230;6
3231;13
3232;46
3233;25
3234;72
3235;28
3236;23
3237;28
3238;25
3239;95
3240;76
3241;65
3242;75
3243;86
3244;62
3245;55
3246;8
3247;10
3248;42
3249;20
3250;63
3251;56
3252;59
3253;49
3254;30
3255;47
3256;84
3257;25
3258;47
3259;19
3260;35
3261;30
3262;4
3263;3
3264;3
3265;55
3266;80
3267;62
3268;27
3269;46
3270;47
3271;17
3272;11
3273;53
3274;93
3275;41
3276;59
3277;31
3278;15
3279;10
3280;51
3281;72
3282;37
3283;60
3284;87
3285;39
3286;15
3287;55
3288;43
3289;15
3290;45
3291;40
3292;2
3293;11
3294;69
3295;66
3296;80
3297;58
3298;73
3299;37
3300;48
3301;11
3302;45
3303;60
3304;6
3305;9
3306;9
3307;18
3308;37
3309;45
3310;36
3311;2
3312;6
3313;38
3314;29
3315;7
3316;76
3317;67
3318;55
3319;38
3320;33
3321;12
3322;17
3323;56
3324;66
3325;54
3326;53
3327;36
3328;56
3329;22
3330;39
3331;3
3332;72
3333;19
3334;31
3335;45
3336;86
3337;58
3338;63
3339;61
3340;70
3341;78
3342;63
3343;32
3344;45
3345;11
3346;7
3347;0
3348;3
3349;33
3350;26
3351;15
3352;11
3353;11
3354;52
3355;66
3356;39
3357;38
3358;73
3359;67
3360;26
3361;54
3362;45
3363;28
3364;4
3365;13
3366;5
3367;19
3368;52
3369;19
3370;30
3371;89
3372;53
3373;43
3374;85
3375;83
3376;59
3377;39
3378;46
3379;7
3380;14
3381;16
3382;61
3383;14
3384;16
3385;28
3386;32
3387;7
3388;38
3389;34
3390;53
3391;53
3392;44
3393;37
3394;2
3395;70
3396;29
3397;28
3398;12
3399;2
3400;21
3401;60
3402;70
3403;85
3404;51
3405;73
3406;86
3407;30
3408;38
3409;76
3410;65
3411;20
3412;53
3413;46
3414;47
3415;13
3416;7
3417;54
3418;27
3419;38
3420;48
3421;14
3422;40
3423;49
3424;10
3425;12
3426;85
3427;52
3428;25
3429;25
3430;34
3431;22
3432;47
3433;20
3434;18
3435;8
3436;0
3437;48
3438;19
3439;17
3440;7
3441;74
3442;23
3443;76
3444;58
3445;92
3446;74
3447;49
3448;64
3449;68
3450;34
3451;58
3452;9
3453;17
3454;38
3455;12
3456;8
3457;38
3458;30
3459;18
3460;17
3461;88
3462;57
3463;69
3464;30
3465;27
3466;0
3467;1
3468;39
3469;45
3470;16
3471;13
3472;54
3473;34
3474;7
3475;16
3476;23
3477;32
3478;12
3479;5
3480;29
3481;32
3482;46
3483;49
3484;26
3485;81
3486;57
3487;45
3488;9
3489;13
3490;82
3491;59
3492;70
3493;80
3494;54
3495;26
3496;34
3497;75
3498;33
3499;31
3500;7
3501;10
3502;30
3503;31
3504;0
3505;4
3506;4
3507;49
3508;49
3509;40
3510;20
3511;40
3512;55
3513;59
3514;54
3515;70
3516;81
3517;63
3518;85
3519;31
3520;35
3521;12
3522;11
3523;44
3524;31
3525;64
3526;22
3527;25
3528;30
3529;25
3530;65
3531;76
3532;52
3533;42
3534;11
3535;11
3536;33
3537;32
3538;39
3539;13
3540;2
3541;11
3542;55
3543;56
3544;24
3545;35
3546;70
3547;22
3548;63
3549;54
3550;65
3551;39
3552;79
3553;55
3554;36
3555;72
3556;55
3557;42
3558;35
3559;61
3560;70
3561;49
3562;51
3563;86
3564;48
3565;46
3566;18
3567;39
3568;31
3569;1
3570;9
3571;13
3572;80
3573;49
3574;83
3575;23
3576;85
3577;57
3578;40
3579;42
3580;36
3581;14
3582;7
3583;47
3584;81
3585;45
3586;39
3587;82
3588;49
3589;54
3590;23
3591;69
3592;29
3593;78
3594;24
3595;43
3596;19
3597;25
3598;59
3599;22
3600;75
3601;63
3602;73
3603;73
3604;51
3605;63
3606;21
3607;52
3608;53
3609;70
3610;42
3611;45
3612;7
3613;4
3614;12
3615;85
3616;64
3617;48
3618;62
3619;57
3620;82
3621;28
3622;45
3623;13
3624;17
3625;9
3626;38
3627;33
3628;13
3629;13
3630;44
3631;22
3632;68
3633;61
3634;50
3635;72
3636;64
3637;66
3638;52
3639;24
3640;19
3641;62
3642;90
3643;24
3644;62
3645;49
3646;8
3647;7
3648;49
3649;41
3650;1
3651;8
3652;32
3653;40
3654;56
3655;87
3656;54
3657;75
3658;66
3659;60
3660;46
3661;90
3662;45
3663;50
3664;39
3665;17
3666;16
3667;51
3668;57
3669;54
3670;58
3671;67
3672;62
3673;67
3674;63
3675;53
3676;54
3677;60
3678;25
3679;75
3680;59
3681;59
3682;31
3683;30
3684;72
3685;69
3686;71
3687;43
3688;41
3689;2
3690;51
3691;71
3692;77
3693;86
3694;49
3695;73
3696;46
3697;48
3698;68
3699;20
3700;42
3701;24
3702;28
3703;26
3704;7
3705;0
3706;11
3707;80
3708;76
3709;38
3710;73
3711;58
3712;34
3713;75
3714;34
3715;34
3716;46
3717;16
3718;9
3719;69
3720;25
3721;70
3722;66
3723;63
3724;22
3725;53
3726;63
3727;74
3728;62
3729;67
3730;56
3731;69
3732;47
3733;70
3734;20
3735;51
3736;55
3737;75
3738;71
3739;49
3740;34
3741;37
3742;61
3743;11
3744;11
3745;8
3746;43
3747;46
3748;17
3749;24
3750;39
3751;9
3752;12
3753;0
3754;38
3755;26
3756;17
3757;32
3758;36
3759;15
3760;4
3761;79
3762;61
3763;51
3764;87
3765;19
3766;58
3767;49
3768;57
3769;53
3770;69
3771;35
3772;45
3773;4
3774;36
3775;71
3776;74
3777;64
3778;54
3779;60
3780;26
3781;75
3782;65
3783;19
3784;19
3785;51
3786;68
3787;55
3788;42
3789;25
3790;53
3791;37
3792;7
3793;16
3794;86
3795;57
3796;34
3797;57
3798;12
3799;9
3800;83
3801;32
3802;47
3803;57
3804;9
3805;77
3806;49
3807;24
3808;61
3809;38
3810;20
3811;0
3812;3
3813;61
3814;55
3815;53
3816;79
3817;22
3818;50
3819;62
3820;62
3821;15
3822;63
3823;74
3824;71
3825;32
3826;27
3827;18
3828;12
3829;17
3830;39
3831;39
3832;5
3833;3
3834;70
3835;45
3836;30
3837;16
3838;5
3839;60
3840;52
3841;73
3842;29
3843;50
3844;13
3845;6
3846;61
3847;76
3848;67
3849;69
3850;56
3851;19
3852;20
3853;49
3854;40
3855;50
3856;16
3857;50
3858;74
3859;52
3860;83
3861;51
3862;94
3863;58
3864;52
3865;48
3866;24
3867;57
3868;40
3869;40
3870;55
3871;25
3872;67
3873;60
3874;31
3875;58
3876;65
3877;21
3878;99
3879;57
3880;55
3881;85
3882;57
3883;71
3884;39
3885;29
3886;18
3887;5
3888;31
3889;81
3890;59
3891;72
3892;51
3893;38
3894;52
3895;55
3896;19
3897;26
3898;36
3899;3
3900;0
3901;50
3902;28
3903;12
3904;18
3905;20
3906;25
3907;78
3908;95
3909;55
3910;65
3911;57
3912;50
3913;27
3914;17
3915;17
3916;82
3917;39
3918;91
3919;51
3920;50
3921;41
3922;9
3923;18
3924;28
3925;47
3926;91
3927;56
3928;49
3929;79
3930;78
3931;61
3932;9
3933;37
3934;39
3935;3
3936;0
3937;40
3938;74
3939;85
3940;70
3941;53
3942;43
3943;10
3944;11
3945;23
3946;29
3947;19
3948;40
3949;19
3950;31
3951;37
3952;0
3953;5
3954;1
3955;14
3956;38
3957;37
3958;78
3959;83
3960;77
3961;28
3962;74
3963;72
3964;57
3965;61
3966;58
3967;17
3968;94
3969;51
3970;87
3971;30
3972;29
3973;5
3974;2
3975;16
3976;77
3977;77
3978;79
3979;59
3980;49
3981;31
3982;42
3983;6
3984;17
3985;43
3986;40
3987;35
3988;33
3989;2
3990;0
3991;45
3992;83
3993;54
3994;52
3995;61
3996;43
3997;34
3998;1
3999;12
4000;83
4001;72
4002;72
4003;36
4004;21
4005;11
4006;0
4007;2
4008;40
4009;81
4010;39
4011;25
4012;45
4013;0
4014;3
4015;48
4016;46
4017;34
4018;10
4019;17
4020;16
4021;31
4022;38
4023;16
4024;15
4025;51
4026;82
4027;31
4028;37
4029;13
4030;0
4031;58
4032;19
4033;58
4034;55
4035;29
4036;38
4037;41
4038;14
4039;9
4040;8
4041;15
4042;62
4043;64
4044;58
4045;65
4046;48
4047;83
4048;82
4049;87
4050;70
4051;56
4052;80
4053;50
4054;43
4055;24
4056;1
4057;10
4058;37
4059;47
4060;5
4061;4
4062;52
4063;63
4064;46
4065;73
4066;51
4067;73
4068;21
4069;54
4070;68
4071;30
4072;26
4073;17
4074;10
4075;73
4076;43
4077;45
4078;37
4079;7
4080;15
4081;49
4082;49
4083;55
4084;86
4085;58
4086;53
4087;55
4088;19
4089;27
4090;11
4091;1
4092;9
4093;101
4094;24
4095;25
4096;36
4097;22
4098;22
4099;56
4100;24
4101;71
4102;21
4103;48
4104;33
4105;2
4106;26
4107;40
4108;14
4109;17
4110;51
4111;45
4112;67
4113;29
4114;29
4115;16
4116;8
4117;33
4118;32
4119;7
4120;9
4121;49
4122;48
4123;22
4124;5
4125;9
4126;6
4127;2
4128;49
4129;69
4130;80
4131;31
4132;56
4133;26
4134;71
4135;67
4136;82
4137;69
4138;66
4139;53
4140;65
4141;49
4142;3
4143;5
4144;12
4145;57
4146;19
4147;97
4148;44
4149;22
4150;33
4151;69
4152;70
4153;52
4154;68
4155;58
4156;74
4157;80
4158;91
4159;68
4160;59
4161;61
4162;70
4163;77
4164;60
4165;21
4166;51
4167;66
4168;40
4169;82
4170;32
4171;27
4172;5
4173;1
4174;20
4175;44
4176;48
4177;49
4178;4
4179;0
4180;56
4181;74
4182;44
4183;46
4184;9
4185;9
4186;38
4187;90
4188;68
4189;96
4190;42
4191;35
4192;0
4193;12
4194;30
4195;47
4196;16
4197;6
4198;28
4199;77
4200;19
4201;20
4202;8
4203;5
4204;9
4205;11
4206;40
4207;46
4208;55
4209;85
4210;70
4211;76
4212;84
4213;91
4214;81
4215;87
4216;79
4217;77
4218;85
4219;105
4220;98
4221;87
4222;84
4223;80
4224;82
4225;81
4226;91
4227;89
4228;74
4229;97
4230;91
4231;83
4232;86
4233;100
4234;87
4235;87
4236;84
4237;88
4238;81
4239;93
4240;86
4241;103
4242;92
4243;81
4244;78
