1;50
2;84
3;56
4;65
5;26
6;79
7;64
8;29
9;8
10;7
11;50
12;72
13;67
14;76
15;69
16;41
17;57
18;54
19;63
20;32
21;68
22;63
23;28
24;53
25;35
26;34
27;6
28;59
29;35
30;12
31;18
32;56
33;48
34;14
35;17
36;7
37;71
38;69
39;51
40;73
41;23
42;37
43;39
44;28
45;6
46;10
47;33
48;47
49;58
50;62
51;53
52;59
53;56
54;57
55;42
56;18
57;53
58;59
59;78
60;58
61;96
62;75
63;57
64;50
65;34
66;8
67;12
68;33
69;29
70;2
71;17
72;51
73;39
74;32
75;7
76;18
77;75
78;53
79;50
80;58
81;8
82;11
83;54
84;37
85;43
86;10
87;9
88;55
89;93
90;57
91;44
92;16
93;51
94;33
95;46
96;45
97;17
98;18
99;65
100;63
101;9
102;14
103;79
104;50
105;47
106;49
107;38
108;5
109;71
110;66
111;49
112;62
113;51
114;56
115;52
116;61
117;49
118;38
119;12
120;17
121;51
122;62
123;50
124;30
125;14
126;14
127;15
128;8
129;41
130;50
131;10
132;36
133;56
134;51
135;59
136;73
137;41
138;34
139;0
140;7
141;48
142;72
143;68
144;55
145;56
146;90
147;59
148;54
149;43
150;9
151;6
152;56
153;68
154;44
155;45
156;54
157;57
158;11
159;9
160;8
161;14
162;50
163;67
164;66
165;40
166;73
167;68
168;60
169;29
170;18
171;43
172;11
173;35
174;67
175;55
176;44
177;29
178;11
179;0
180;59
181;34
182;8
183;8
184;63
185;69
186;40
187;41
188;12
189;27
190;53
191;47
192;61
193;73
194;72
195;81
196;55
197;63
198;64
199;17
200;15
201;54
202;57
203;63
204;33
205;54
206;68
207;59
208;65
209;36
210;55
211;93
212;47
213;45
214;59
215;41
216;15
217;18
218;18
219;13
220;21
221;51
222;48
223;80
224;58
225;49
226;53
227;54
228;40
229;68
230;55
231;64
232;84
233;82
234;80
235;63
236;36
237;14
238;6
239;31
240;39
241;7
242;2
243;3
244;37
245;22
246;4
247;35
248;33
249;12
250;15
251;17
252;19
253;20
254;22
255;64
256;46
257;83
258;19
259;60
260;43
261;59
262;65
263;45
264;44
265;50
266;12
267;18
268;8
269;80
270;43
271;55
272;12
273;16
274;14
275;22
276;73
277;45
278;29
279;23
280;2
281;3
282;64
283;56
284;87
285;80
286;51
287;58
288;69
289;54
290;60
291;40
292;43
293;3
294;22
295;80
296;65
297;64
298;48
299;51
300;20
301;67
302;72
303;72
304;61
305;51
306;63
307;62
308;47
309;51
310;13
311;8
312;14
313;42
314;62
315;71
316;64
317;65
318;24
319;81
320;51
321;61
322;8
323;15
324;62
325;56
326;51
327;96
328;62
329;21
330;42
331;5
332;62
333;49
334;7
335;69
336;55
337;42
338;66
339;54
340;47
341;68
342;37
343;6
344;8
345;37
346;36
347;1
348;4
349;56
350;54
351;58
352;17
353;12
354;26
355;50
356;13
357;11
358;86
359;35
360;64
361;19
362;65
363;64
364;65
365;31
366;34
367;19
368;1
369;1
370;48
371;70
372;78
373;51
374;80
375;57
376;36
377;82
378;60
379;83
380;73
381;65
382;50
383;59
384;42
385;24
386;67
387;40
388;70
389;67
390;25
391;26
392;47
393;59
394;21
395;77
396;27
397;25
398;79
399;83
400;54
401;59
402;73
403;46
404;93
405;42
406;51
407;75
408;71
409;87
410;34
411;34
412;19
413;61
414;37
415;50
416;50
417;14
418;8
419;15
420;37
421;74
422;35
423;52
424;10
425;60
426;50
427;50
428;60
429;11
430;12
431;53
432;41
433;96
434;66
435;47
436;70
437;58
438;41
439;70
440;19
441;57
442;71
443;61
444;57
445;73
446;49
447;51
448;63
449;65
450;58
451;32
452;8
453;89
454;79
455;28
456;74
457;55
458;43
459;53
460;17
461;19
462;58
463;61
464;78
465;59
466;25
467;62
468;46
469;41
470;5
471;11
472;8
473;45
474;46
475;84
476;56
477;63
478;73
479;24
480;45
481;36
482;1
483;3
484;67
485;76
486;60
487;31
488;63
489;68
490;62
491;19
492;60
493;34
494;44
495;1
496;1
497;39
498;41
499;36
500;48
501;22
502;55
503;24
504;64
505;64
506;64
507;37
508;19
509;5
510;36
511;82
512;84
513;59
514;13
515;13
516;22
517;79
518;50
519;34
520;17
521;68
522;50
523;47
524;45
525;60
526;15
527;15
528;70
529;80
530;20
531;24
532;42
533;30
534;15
535;13
536;44
537;64
538;15
539;9
540;17
541;59
542;13
543;12
544;75
545;22
546;29
547;64
548;65
549;63
550;54
551;63
552;49
553;25
554;74
555;48
556;40
557;3
558;21
559;64
560;63
561;14
562;56
563;21
564;70
565;25
566;76
567;74
568;76
569;62
570;32
571;40
572;3
573;4
574;70
575;93
576;40
577;32
578;31
579;52
580;10
581;50
582;26
583;17
584;21
585;64
586;85
587;40
588;57
589;89
590;64
591;55
592;60
593;44
594;73
595;31
596;60
597;28
598;38
599;34
600;2
601;53
602;31
603;50
604;71
605;32
606;54
607;43
608;7
609;75
610;67
611;31
612;54
613;14
614;24
615;54
616;51
617;54
618;52
619;80
620;43
621;33
622;9
623;12
624;56
625;28
626;12
627;8
628;12
629;40
630;34
631;70
632;50
633;36
634;8
635;33
636;23
637;37
638;63
639;84
640;20
641;48
642;22
643;50
644;17
645;48
646;36
647;16
648;10
649;59
650;51
651;87
652;32
653;74
654;62
655;50
656;7
657;7
658;8
659;55
660;56
661;14
662;18
663;21
664;89
665;60
666;39
667;85
668;55
669;60
670;55
671;30
672;58
673;8
674;10
675;56
676;32
677;15
678;8
679;59
680;12
681;22
682;21
683;5
684;15
685;93
686;60
687;41
688;31
689;0
690;2
691;40
692;56
693;7
694;13
695;22
696;43
697;14
698;0
699;9
700;60
701;59
702;30
703;28
704;13
705;2
706;13
707;62
708;70
709;41
710;64
711;53
712;94
713;31
714;24
715;11
716;5
717;54
718;61
719;32
720;33
721;59
722;12
723;16
724;53
725;40
726;34
727;5
728;1
729;48
730;72
731;43
732;66
733;67
734;40
735;27
736;57
737;43
738;53
739;16
740;15
741;58
742;87
743;56
744;50
745;47
746;68
747;87
748;71
749;23
750;38
751;64
752;10
753;16
754;65
755;50
756;66
757;56
758;20
759;54
760;20
761;44
762;65
763;67
764;55
765;21
766;23
767;23
768;43
769;30
770;46
771;15
772;36
773;54
774;47
775;74
776;24
777;58
778;29
779;31
780;54
781;8
782;49
783;50
784;60
785;83
786;61
787;46
788;9
789;12
790;34
791;20
792;64
793;22
794;68
795;45
796;60
797;41
798;83
799;65
800;66
801;68
802;24
803;38
804;52
805;69
806;79
807;69
808;59
809;52
810;65
811;62
812;60
813;24
814;49
815;56
816;13
817;13
818;37
819;27
820;13
821;51
822;66
823;66
824;40
825;71
826;61
827;50
828;63
829;30
830;57
831;56
832;14
833;14
834;21
835;50
836;32
837;54
838;45
839;12
840;18
841;18
842;46
843;48
844;12
845;18
846;71
847;71
848;67
849;87
850;63
851;19
852;47
853;41
854;5
855;62
856;63
857;56
858;24
859;49
860;21
861;25
862;20
863;46
864;55
865;76
866;64
867;65
868;65
869;26
870;36
871;75
872;64
873;41
874;59
875;21
876;60
877;64
878;55
879;73
880;24
881;65
882;49
883;72
884;83
885;78
886;54
887;34
888;32
889;16
890;15
891;78
892;73
893;43
894;85
895;71
896;27
897;45
898;7
899;8
900;7
901;72
902;62
903;65
904;60
905;82
906;59
907;72
908;73
909;83
910;35
911;69
912;56
913;86
914;70
915;64
916;50
917;8
918;7
919;40
920;55
921;44
922;33
923;9
924;15
925;13
926;60
927;23
928;49
929;37
930;66
931;47
932;69
933;68
934;25
935;23
936;24
937;84
938;27
939;24
940;45
941;56
942;6
943;6
944;8
945;25
946;78
947;74
948;50
949;34
950;11
951;18
952;84
953;25
954;32
955;11
956;16
957;63
958;45
959;60
960;26
961;54
962;11
963;10
964;68
965;43
966;44
967;2
968;3
969;34
970;75
971;68
972;74
973;19
974;20
975;47
976;51
977;16
978;16
979;47
980;21
981;59
982;39
983;44
984;0
985;14
986;60
987;36
988;65
989;54
990;48
991;21
992;35
993;53
994;51
995;34
996;28
997;5
998;12
999;7
1000;49
1001;69
1002;61
1003;41
1004;24
1005;17
1006;57
1007;63
1008;80
1009;47
1010;63
1011;74
1012;59
1013;81
1014;30
1015;56
1016;14
1017;7
1018;48
1019;56
1020;90
1021;59
1022;59
1023;62
1024;72
1025;86
1026;72
1027;43
1028;52
1029;9
1030;6
1031;10
1032;64
1033;35
1034;11
1035;7
1036;16
1037;41
1038;63
1039;56
1040;9
1041;8
1042;28
1043;82
1044;64
1045;68
1046;62
1047;52
1048;62
1049;47
1050;54
1051;62
1052;46
1053;30
1054;36
1055;14
1056;63
1057;19
1058;76
1059;66
1060;54
1061;52
1062;36
1063;46
1064;88
1065;53
1066;51
1067;18
1068;9
1069;40
1070;69
1071;82
1072;25
1073;20
1074;43
1075;21
1076;60
1077;22
1078;57
1079;65
1080;48
1081;78
1082;48
1083;51
1084;56
1085;75
1086;69
1087;64
1088;38
1089;73
1090;54
1091;62
1092;69
1093;73
1094;61
1095;65
1096;51
1097;59
1098;62
1099;74
1100;44
1101;59
1102;15
1103;44
1104;36
1105;18
1106;13
1107;48
1108;84
1109;43
1110;30
1111;64
1112;69
1113;56
1114;57
1115;61
1116;73
1117;32
1118;35
1119;9
1120;71
1121;24
1122;68
1123;86
1124;37
1125;51
1126;93
1127;36
1128;31
1129;17
1130;57
1131;64
1132;48
1133;41
1134;11
1135;56
1136;66
1137;60
1138;38
1139;26
1140;52
1141;24
1142;41
1143;19
1144;56
1145;41
1146;15
1147;17
1148;18
1149;27
1150;19
1151;5
1152;15
1153;55
1154;80
1155;20
1156;24
1157;45
1158;40
1159;82
1160;51
1161;93
1162;47
1163;40
1164;93
1165;71
1166;72
1167;49
1168;52
1169;30
1170;54
1171;12
1172;10
1173;83
1174;32
1175;60
1176;70
1177;60
1178;88
1179;45
1180;64
1181;8
1182;9
1183;8
1184;65
1185;67
1186;44
1187;64
1188;20
1189;73
1190;34
1191;60
1192;31
1193;21
1194;46
1195;69
1196;25
1197;26
1198;40
1199;36
1200;12
1201;68
1202;76
1203;62
1204;54
1205;7
1206;48
1207;48
1208;67
1209;45
1210;70
1211;93
1212;25
1213;23
1214;43
1215;21
1216;20
1217;23
1218;45
1219;16
1220;5
1221;9
1222;64
1223;35
1224;10
1225;14
1226;8
1227;45
1228;56
1229;7
1230;15
1231;45
1232;57
1233;30
1234;54
1235;40
1236;18
1237;17
1238;27
1239;46
1240;18
1241;2
1242;50
1243;60
1244;51
1245;60
1246;57
1247;70
1248;44
1249;25
1250;16
1251;0
1252;30
1253;24
1254;46
1255;73
1256;71
1257;60
1258;60
1259;50
1260;15
1261;13
1262;6
1263;16
1264;56
1265;29
1266;42
1267;70
1268;54
1269;28
1270;52
1271;12
1272;18
1273;58
1274;81
1275;52
1276;27
1277;28
1278;5
1279;3
1280;7
1281;26
1282;45
1283;15
1284;7
1285;18
1286;21
1287;62
1288;75
1289;36
1290;44
1291;69
1292;83
1293;22
1294;41
1295;69
1296;46
1297;61
1298;39
1299;76
1300;60
1301;28
1302;49
1303;4
1304;9
1305;10
1306;57
1307;28
1308;44
1309;40
1310;10
1311;14
1312;48
1313;98
1314;38
1315;44
1316;65
1317;19
1318;64
1319;51
1320;74
1321;50
1322;22
1323;74
1324;48
1325;22
1326;55
1327;27
1328;58
1329;51
1330;47
1331;44
1332;45
1333;12
1334;17
1335;76
1336;53
1337;64
1338;60
1339;45
1340;17
1341;16
1342;17
1343;78
1344;65
1345;45
1346;38
1347;51
1348;10
1349;17
1350;80
1351;79
1352;57
1353;41
1354;47
1355;3
1356;0
1357;34
1358;39
1359;5
1360;2
1361;69
1362;78
1363;49
1364;48
1365;94
1366;50
1367;78
1368;47
1369;52
1370;45
1371;17
1372;11
1373;12
1374;18
1375;87
1376;22
1377;76
1378;64
1379;54
1380;64
1381;83
1382;27
1383;31
1384;5
1385;2
1386;80
1387;21
1388;54
1389;64
1390;58
1391;71
1392;79
1393;64
1394;66
1395;79
1396;87
1397;55
1398;87
1399;37
1400;80
1401;87
1402;74
1403;35
1404;68
1405;76
1406;57
1407;56
1408;17
1409;17
1410;18
1411;58
1412;19
1413;73
1414;54
1415;38
1416;31
1417;6
1418;13
1419;49
1420;80
1421;66
1422;61
1423;26
1424;50
1425;16
1426;42
1427;69
1428;52
1429;80
1430;23
1431;21
1432;5
1433;5
1434;6
1435;79
1436;73
1437;77
1438;55
1439;41
1440;81
1441;92
1442;68
1443;76
1444;48
1445;58
1446;16
1447;32
1448;78
1449;23
1450;29
1451;24
1452;62
1453;74
1454;35
1455;66
1456;69
1457;44
1458;42
1459;9
1460;13
1461;51
1462;83
1463;60
1464;32
1465;59
1466;49
1467;55
1468;34
1469;51
1470;28
1471;8
1472;7
1473;98
1474;21
1475;60
1476;90
1477;54
1478;34
1479;47
1480;53
1481;13
1482;17
1483;74
1484;80
1485;48
1486;84
1487;44
1488;48
1489;7
1490;93
1491;51
1492;27
1493;20
1494;14
1495;12
1496;5
1497;37
1498;51
1499;15
1500;12
1501;7
1502;62
1503;61
1504;9
1505;15
1506;17
1507;56
1508;58
1509;60
1510;63
1511;62
1512;10
1513;53
1514;48
1515;28
1516;18
1517;0
1518;60
1519;45
1520;63
1521;53
1522;30
1523;69
1524;59
1525;63
1526;53
1527;23
1528;60
1529;71
1530;90
1531;56
1532;88
1533;90
1534;69
1535;58
1536;67
1537;54
1538;68
1539;40
1540;48
1541;13
1542;10
1543;57
1544;54
1545;79
1546;64
1547;72
1548;58
1549;58
1550;69
1551;51
1552;41
1553;33
1554;7
1555;8
1556;47
1557;67
1558;64
1559;74
1560;68
1561;75
1562;29
1563;54
1564;9
1565;65
1566;71
1567;47
1568;28
1569;93
1570;32
1571;49
1572;60
1573;56
1574;78
1575;24
1576;52
1577;19
1578;83
1579;60
1580;45
1581;51
1582;13
1583;8
1584;58
1585;27
1586;6
1587;17
1588;60
1589;59
1590;40
1591;55
1592;11
1593;8
1594;63
1595;30
1596;69
1597;71
1598;58
1599;78
1600;47
1601;67
1602;74
1603;25
1604;34
1605;36
1606;57
1607;25
1608;53
1609;58
1610;12
1611;9
1612;34
1613;61
1614;6
1615;11
1616;10
1617;40
1618;22
1619;8
1620;7
1621;10
1622;48
1623;64
1624;26
1625;57
1626;16
1627;43
1628;18
1629;52
1630;26
1631;47
1632;23
1633;59
1634;23
1635;75
1636;45
1637;48
1638;96
1639;51
1640;31
1641;41
1642;13
1643;5
1644;63
1645;38
1646;15
1647;9
1648;8
1649;72
1650;72
1651;72
1652;57
1653;40
1654;10
1655;7
1656;91
1657;47
1658;56
1659;53
1660;7
1661;15
1662;61
1663;87
1664;60
1665;64
1666;63
1667;8
1668;7
1669;56
1670;21
1671;48
1672;12
1673;40
1674;44
1675;18
1676;2
1677;81
1678;58
1679;65
1680;41
1681;74
1682;44
1683;79
1684;50
1685;27
1686;66
1687;21
1688;72
1689;74
1690;24
1691;27
1692;25
1693;32
1694;27
1695;54
1696;7
1697;13
1698;37
1699;64
1700;52
1701;34
1702;19
1703;8
1704;2
1705;60
1706;64
1707;48
1708;54
1709;48
1710;88
1711;26
1712;24
1713;34
1714;60
1715;9
1716;40
1717;26
1718;14
1719;7
1720;60
1721;49
1722;12
1723;24
1724;66
1725;53
1726;31
1727;76
1728;71
1729;64
1730;58
1731;62
1732;32
1733;69
1734;24
1735;22
1736;0
1737;24
1738;51
1739;25
1740;59
1741;68
1742;68
1743;38
1744;25
1745;13
1746;73
1747;80
1748;84
1749;74
1750;39
1751;58
1752;51
1753;15
1754;17
1755;66
1756;60
1757;57
1758;32
1759;10
1760;15
1761;66
1762;72
1763;87
1764;54
1765;59
1766;9
1767;61
1768;49
1769;14
1770;9
1771;20
1772;51
1773;69
1774;54
1775;59
1776;8
1777;39
1778;44
1779;13
1780;12
1781;64
1782;37
1783;80
1784;52
1785;88
1786;40
1787;43
1788;50
1789;86
1790;20
1791;53
1792;41
1793;61
1794;71
1795;54
1796;48
1797;51
1798;74
1799;31
1800;72
1801;57
1802;79
1803;35
1804;67
1805;53
1806;68
1807;36
1808;49
1809;15
1810;50
1811;30
1812;45
1813;74
1814;69
1815;57
1816;46
1817;37
1818;14
1819;65
1820;60
1821;59
1822;56
1823;47
1824;47
1825;50
1826;8
1827;6
1828;47
1829;11
1830;31
1831;28
1832;10
1833;5
1834;48
1835;63
1836;10
1837;16
1838;17
1839;28
1840;83
1841;58
1842;50
1843;41
1844;9
1845;9
1846;16
1847;64
1848;6
1849;28
1850;63
1851;49
1852;86
1853;73
1854;87
1855;47
1856;51
1857;60
1858;20
1859;49
1860;60
1861;54
1862;44
1863;57
1864;82
1865;65
1866;24
1867;62
1868;39
1869;18
1870;15
1871;31
1872;57
1873;65
1874;25
1875;55
1876;66
1877;69
1878;32
1879;34
1880;4
1881;84
1882;22
1883;57
1884;77
1885;98
1886;76
1887;46
1888;74
1889;83
1890;36
1891;33
1892;60
1893;15
1894;8
1895;34
1896;54
1897;69
1898;19
1899;85
1900;70
1901;36
1902;26
1903;18
1904;0
1905;2
1906;30
1907;32
1908;18
1909;12
1910;15
1911;52
1912;19
1913;71
1914;80
1915;63
1916;56
1917;53
1918;69
1919;56
1920;63
1921;47
1922;14
1923;10
1924;25
1925;72
1926;44
1927;20
1928;51
1929;51
1930;44
1931;51
1932;34
1933;15
1934;17
1935;75
1936;51
1937;51
1938;48
1939;10
1940;18
1941;60
1942;66
1943;19
1944;48
1945;34
1946;3
1947;13
1948;4
1949;49
1950;50
1951;9
1952;9
1953;19
1954;67
1955;67
1956;60
1957;54
1958;37
1959;64
1960;52
1961;63
1962;17
1963;43
1964;54
1965;48
1966;69
1967;49
1968;20
1969;48
1970;20
1971;6
1972;3
1973;13
1974;58
1975;34
1976;15
1977;8
1978;59
1979;36
1980;9
1981;8
1982;32
1983;46
1984;17
1985;70
1986;63
1987;47
1988;81
1989;78
1990;62
1991;69
1992;48
1993;72
1994;70
1995;52
1996;33
1997;82
1998;88
1999;69
2000;63
2001;61
2002;62
2003;66
2004;63
2005;33
2006;18
2007;9
2008;40
2009;66
2010;64
2011;68
2012;71
2013;70
2014;72
2015;52
2016;62
2017;67
2018;66
2019;71
2020;26
2021;70
2022;21
2023;56
2024;55
2025;56
2026;48
2027;66
2028;94
2029;49
2030;41
2031;14
2032;39
2033;32
2034;7
2035;12
2036;8
2037;15
2038;27
2039;11
2040;37
2041;52
2042;49
2043;53
2044;90
2045;41
2046;58
2047;60
