1;61
2;49
3;39
4;59
5;36
6;43
7;39
8;2
9;18
10;74
11;86
12;50
13;94
14;65
15;91
16;53
17;68
18;54
19;82
20;36
21;58
22;26
23;79
24;46
25;19
26;58
27;51
28;53
29;66
30;20
31;32
32;65
33;35
34;45
35;15
36;56
37;40
38;31
39;2
40;1
41;0
42;2
43;75
44;58
45;61
46;45
47;43
48;3
49;14
50;50
51;30
52;16
53;6
54;49
55;67
56;54
57;54
58;58
59;11
60;18
61;32
62;38
63;10
64;17
65;6
66;55
67;27
68;59
69;73
70;20
71;46
72;77
73;29
74;72
75;23
76;82
77;50
78;81
79;65
80;68
81;51
82;65
83;91
84;51
85;62
86;52
87;60
88;43
89;43
90;12
91;5
92;0
93;48
94;10
95;43
96;20
97;55
98;35
99;21
100;27
101;22
102;26
103;21
104;21
105;40
106;31
107;9
108;16
109;42
110;86
111;68
112;63
113;65
114;69
115;61
116;59
117;52
118;9
119;61
120;30
121;15
122;7
123;41
124;22
125;2
126;9
127;67
128;66
129;48
130;40
131;31
132;44
133;42
134;1
135;5
136;3
137;67
138;22
139;19
140;20
141;58
142;57
143;39
144;32
145;1
146;2
147;38
148;42
149;17
150;6
151;61
152;41
153;9
154;88
155;26
156;52
157;73
158;72
159;22
160;28
161;5
162;5
163;7
164;9
165;2
166;25
167;59
168;62
169;21
170;53
171;42
172;29
173;2
174;4
175;2
176;37
177;64
178;40
179;7
180;11
181;53
182;61
183;37
184;58
185;9
186;7
187;70
188;80
189;35
190;78
191;61
192;32
193;55
194;27
195;78
196;20
197;56
198;62
199;6
200;9
201;75
202;56
203;54
204;56
205;11
206;13
207;65
208;40
209;58
210;76
211;65
212;27
213;53
214;59
215;41
216;14
217;13
218;45
219;29
220;18
221;63
222;37
223;79
224;56
225;29
226;44
227;3
228;5
229;57
230;47
231;51
232;77
233;59
234;37
235;18
236;12
237;11
238;66
239;58
240;63
241;59
242;6
243;18
244;60
245;22
246;19
247;52
248;84
249;43
250;32
251;45
252;8
253;17
254;60
255;52
256;44
257;49
258;17
259;11
260;72
261;67
262;65
263;65
264;72
265;72
266;51
267;46
268;50
269;54
270;59
271;86
272;53
273;28
274;43
275;53
276;53
277;70
278;22
279;68
280;20
281;57
282;51
283;47
284;24
285;52
286;70
287;49
288;55
289;60
290;38
291;33
292;6
293;14
294;55
295;52
296;47
297;36
298;33
299;18
300;2
301;68
302;37
303;55
304;61
305;84
306;36
307;53
308;64
309;6
310;8
311;42
312;63
313;49
314;17
315;16
316;19
317;60
318;62
319;29
320;46
321;6
322;38
323;52
324;25
325;69
326;66
327;45
328;32
329;15
330;15
331;58
332;17
333;6
334;42
335;58
336;66
337;93
338;65
339;33
340;56
341;57
342;37
343;49
344;5
345;2
346;70
347;84
348;20
349;19
350;67
351;54
352;39
353;62
354;60
355;38
356;74
357;42
358;22
359;23
360;1
361;7
362;13
363;48
364;71
365;67
366;51
367;62
368;58
369;53
370;52
371;47
372;72
373;57
374;63
375;41
376;45
377;15
378;18
379;9
380;49
381;46
382;12
383;8
384;12
385;71
386;72
387;56
388;61
389;86
390;53
391;78
392;85
393;57
394;51
395;53
396;72
397;45
398;49
399;15
400;15
401;6
402;14
403;30
404;34
405;17
406;5
407;75
408;69
409;56
410;65
411;28
412;47
413;61
414;18
415;8
416;23
417;61
418;43
419;46
420;33
421;46
422;15
423;4
424;0
425;5
426;11
427;14
428;69
429;58
430;55
431;55
432;38
433;33
434;49
435;0
436;1
437;17
438;25
439;86
440;31
441;51
442;14
443;10
444;44
445;8
446;9
447;39
448;59
449;46
450;64
451;74
452;40
453;39
454;2
455;10
456;8
457;48
458;35
459;15
460;32
461;49
462;3
463;11
464;27
465;46
466;68
467;21
468;44
469;57
470;77
471;48
472;59
473;32
474;15
475;16
476;15
477;58
478;60
479;69
480;73
481;59
482;25
483;43
484;16
485;8
486;41
487;34
488;11
489;17
490;25
491;37
492;22
493;33
494;57
495;15
496;13
497;78
498;34
499;64
500;40
501;8
502;14
503;38
504;31
505;13
506;12
507;8
508;17
509;75
510;19
511;62
512;23
513;57
514;49
515;69
516;23
517;32
518;56
519;53
520;34
521;55
522;47
523;13
524;7
525;14
526;58
527;35
528;10
529;4
530;69
531;51
532;48
533;59
534;46
535;81
536;70
537;56
538;74
539;75
540;28
541;68
542;72
543;53
544;59
545;78
546;71
547;69
548;42
549;52
550;69
551;34
552;37
553;3
554;5
555;62
556;53
557;41
558;40
559;14
560;17
561;63
562;32
563;9
564;15
565;14
566;36
567;63
568;57
569;41
570;6
571;3
572;1
573;9
574;15
575;3
576;59
577;37
578;22
579;3
580;5
581;7
582;1
583;52
584;65
585;48
586;61
587;20
588;30
589;72
590;76
591;71
592;64
593;49
594;11
595;6
596;26
597;11
598;0
599;58
600;24
601;28
602;48
603;9
604;1
605;2
606;0
607;35
608;82
609;91
610;48
611;54
612;46
613;46
614;11
615;16
616;55
617;93
618;63
619;38
620;78
621;41
622;43
623;66
624;59
625;65
626;47
627;35
628;69
629;53
630;66
631;71
632;88
633;70
634;72
635;23
636;71
637;52
638;43
639;13
640;7
641;72
642;20
643;55
644;72
645;55
646;59
647;52
648;47
649;15
650;48
651;52
652;56
653;69
654;24
655;21
656;33
657;69
658;62
659;42
660;30
661;51
662;28
663;15
664;27
665;22
666;53
667;65
668;46
669;55
670;67
671;52
672;22
673;57
674;65
675;55
676;72
677;31
678;35
679;9
680;3
681;76
682;52
683;55
684;72
685;61
686;53
687;15
688;10
689;34
690;51
691;63
692;18
693;17
694;27
695;69
696;25
697;51
698;40
699;26
700;36
701;32
702;43
703;18
704;17
705;12
706;38
707;57
708;10
709;6
710;80
711;77
712;59
713;76
714;58
715;31
716;13
717;7
718;60
719;51
720;24
721;21
722;50
723;12
724;37
725;64
726;74
727;34
728;53
729;64
730;35
731;46
732;1
733;14
734;28
735;65
736;69
737;34
738;33
739;42
740;9
741;18
742;37
743;31
744;8
745;18
746;60
747;12
748;71
749;43
750;61
751;44
752;82
753;48
754;81
755;75
756;56
757;94
758;91
759;80
760;56
761;58
762;54
763;23
764;75
765;45
766;65
767;35
768;39
769;17
770;23
771;49
772;64
773;96
774;53
775;60
776;18
777;7
778;82
779;68
780;28
781;60
782;44
783;46
784;51
785;40
786;37
787;10
788;57
789;53
790;55
791;33
792;53
793;17
794;10
795;17
796;55
797;79
798;40
799;33
800;44
801;80
802;23
803;76
804;81
805;52
806;72
807;53
808;39
809;29
810;1
811;5
812;43
813;72
814;43
815;37
816;20
817;1
818;15
819;16
820;9
821;55
822;48
823;20
824;20
825;39
826;33
827;18
828;1
829;72
830;98
831;58
832;65
833;69
834;84
835;20
836;72
837;22
838;56
839;35
840;64
841;40
842;18
843;6
844;19
845;37
846;41
847;69
848;48
849;41
850;4
851;52
852;63
853;62
854;68
855;63
856;65
857;23
858;75
859;52
860;56
861;30
862;16
863;8
864;65
865;72
866;53
867;48
868;40
869;15
870;15
871;19
872;53
873;57
874;49
875;56
876;55
877;63
878;63
879;74
880;76
881;58
882;53
883;57
884;52
885;55
886;19
887;57
888;42
889;39
890;17
891;10
892;27
893;62
894;36
895;17
896;16
897;6
898;50
899;78
900;21
901;39
902;8
903;88
904;52
905;33
906;14
907;18
908;9
909;61
910;62
911;48
912;64
913;6
914;27
915;34
916;16
917;13
918;90
919;30
920;70
921;49
922;46
923;64
924;14
925;16
926;63
927;33
928;11
929;87
930;55
931;60
932;39
933;36
934;69
935;59
936;59
937;47
938;42
939;55
940;32
941;44
942;2
943;1
944;66
945;67
946;27
947;36
948;0
949;2
950;59
951;77
952;48
953;36
954;8
955;9
956;13
957;55
958;43
959;52
960;34
961;63
962;12
963;12
964;50
965;35
966;62
967;66
968;32
969;46
970;66
971;26
972;16
973;13
974;37
975;6
976;17
977;37
978;87
979;56
980;55
981;60
982;47
983;17
984;28
985;55
986;21
987;26
988;55
989;69
990;46
991;56
992;74
993;85
994;79
995;51
996;47
997;42
998;22
999;39
1000;43
1001;10
1002;29
1003;42
1004;17
1005;10
1006;13
1007;67
1008;20
1009;49
1010;70
1011;53
1012;61
1013;75
1014;49
1015;93
1016;62
1017;71
1018;36
1019;51
1020;14
1021;6
1022;12
1023;28
1024;40
1025;49
1026;43
1027;5
1028;18
1029;81
1030;64
1031;83
1032;47
1033;53
1034;70
1035;62
1036;73
1037;89
1038;91
1039;19
1040;24
1041;58
1042;52
1043;29
1044;67
1045;19
1046;42
1047;64
1048;70
1049;70
1050;62
1051;27
1052;44
1053;20
1054;3
1055;0
1056;19
1057;26
1058;33
1059;46
1060;87
1061;68
1062;25
1063;43
1064;49
1065;83
1066;62
1067;42
1068;21
1069;38
1070;95
1071;24
1072;19
1073;35
1074;38
1075;62
1076;62
1077;72
1078;36
1079;41
1080;5
1081;1
1082;15
1083;3
1084;54
1085;34
1086;44
1087;7
1088;8
1089;48
1090;56
1091;81
1092;22
1093;80
1094;20
1095;36
1096;69
1097;75
1098;48
1099;60
1100;58
1101;49
1102;67
1103;71
1104;50
1105;33
1106;71
1107;55
1108;55
1109;66
1110;68
1111;51
1112;69
1113;71
1114;56
1115;27
1116;49
1117;9
1118;57
1119;34
1120;27
1121;8
1122;6
1123;17
1124;5
1125;74
1126;58
1127;34
1128;16
1129;12
1130;32
1131;50
1132;6
1133;11
1134;11
1135;20
1136;41
1137;72
1138;55
1139;83
1140;28
1141;42
1142;7
1143;10
1144;43
1145;19
1146;76
1147;29
1148;28
1149;33
1150;45
1151;46
1152;27
1153;58
1154;64
1155;36
1156;48
1157;15
1158;48
1159;65
1160;49
1161;34
1162;12
1163;14
1164;60
1165;27
1166;49
1167;59
1168;74
1169;70
1170;80
1171;68
1172;50
1173;50
1174;60
1175;53
1176;57
1177;87
1178;40
1179;53
1180;76
1181;49
1182;68
1183;70
1184;41
1185;65
1186;53
1187;22
1188;34
1189;55
1190;19
1191;32
1192;63
1193;45
1194;16
1195;22
1196;69
1197;56
1198;69
1199;90
1200;19
1201;62
1202;43
1203;20
1204;0
1205;1
1206;73
1207;47
1208;25
1209;55
1210;43
1211;49
1212;44
1213;31
1214;53
1215;17
1216;13
1217;56
1218;20
1219;19
1220;47
1221;5
1222;49
1223;69
1224;59
1225;38
1226;62
1227;39
1228;58
1229;19
1230;51
1231;75
1232;82
1233;68
1234;75
1235;55
1236;64
1237;56
1238;31
1239;40
1240;12
1241;13
1242;49
1243;47
1244;60
1245;58
1246;65
1247;45
1248;47
1249;25
1250;75
1251;60
1252;63
1253;45
1254;13
1255;6
1256;18
1257;46
1258;49
1259;68
1260;41
1261;47
1262;33
1263;18
1264;10
1265;25
1266;51
1267;96
1268;76
1269;20
1270;70
1271;51
1272;33
1273;91
1274;74
1275;67
1276;41
1277;19
1278;49
1279;67
1280;63
1281;29
1282;59
1283;67
1284;69
1285;88
1286;73
1287;72
1288;44
1289;76
1290;45
1291;9
1292;55
1293;58
1294;69
1295;81
1296;44
1297;26
1298;59
1299;25
1300;45
1301;70
1302;61
1303;23
1304;90
1305;50
1306;57
1307;44
1308;38
1309;9
1310;6
1311;35
1312;64
1313;16
1314;13
1315;72
1316;43
1317;52
1318;16
1319;15
1320;34
1321;43
1322;1
1323;4
1324;26
1325;75
1326;64
1327;21
1328;56
1329;60
1330;66
1331;54
1332;64
1333;9
1334;18
1335;49
1336;42
1337;55
1338;12
1339;18
1340;16
1341;72
1342;72
1343;51
1344;38
1345;25
1346;4
1347;0
1348;26
1349;61
1350;10
1351;15
1352;61
1353;55
1354;56
1355;72
1356;83
1357;28
1358;70
1359;39
1360;26
1361;57
1362;70
1363;64
1364;62
1365;6
1366;83
1367;61
1368;33
1369;52
1370;22
1371;31
1372;1
1373;1
1374;72
1375;48
1376;33
1377;5
1378;3
1379;72
1380;19
1381;25
1382;25
1383;87
1384;69
1385;66
1386;63
1387;45
1388;15
1389;9
1390;69
1391;36
1392;39
1393;11
1394;8
1395;70
1396;69
1397;49
1398;51
1399;68
1400;37
1401;52
1402;18
1403;7
1404;44
1405;51
1406;54
1407;61
1408;33
1409;72
1410;20
1411;62
1412;78
1413;62
1414;49
1415;32
1416;48
1417;15
1418;69
1419;77
1420;55
1421;29
1422;20
1423;0
1424;2
1425;4
1426;30
1427;53
1428;28
1429;49
1430;12
1431;18
1432;24
1433;39
1434;22
1435;42
1436;37
1437;5
1438;53
1439;31
1440;9
1441;15
1442;52
1443;24
1444;45
1445;55
1446;39
1447;47
1448;47
1449;39
1450;37
1451;4
1452;5
1453;41
1454;35
1455;0
1456;96
1457;49
1458;60
1459;58
1460;50
1461;61
1462;66
1463;19
1464;24
1465;24
1466;22
1467;60
1468;27
1469;44
1470;77
1471;46
1472;31
1473;32
1474;71
1475;34
1476;77
1477;27
1478;57
1479;81
1480;91
1481;58
1482;30
1483;48
1484;13
1485;11
1486;73
1487;54
1488;39
1489;20
1490;33
1491;72
1492;55
1493;43
1494;49
1495;16
1496;11
1497;19
1498;34
1499;3
1500;44
1501;70
1502;20
1503;31
1504;33
1505;46
1506;64
1507;71
1508;27
1509;39
1510;0
1511;7
1512;2
1513;32
1514;62
1515;60
1516;57
1517;60
1518;78
1519;61
1520;47
1521;14
1522;16
1523;61
1524;56
1525;52
1526;6
1527;86
1528;60
1529;78
1530;84
1531;39
1532;72
1533;51
1534;87
1535;57
1536;33
1537;55
1538;53
1539;42
1540;62
1541;11
1542;60
1543;46
1544;9
1545;18
1546;26
1547;23
1548;2
1549;18
1550;19
1551;82
1552;59
1553;35
1554;10
1555;15
1556;63
1557;53
1558;38
1559;83
1560;20
1561;54
1562;51
1563;83
1564;70
1565;49
1566;79
1567;69
1568;36
1569;38
1570;5
1571;74
1572;19
1573;62
1574;72
1575;86
1576;52
1577;40
1578;47
1579;13
1580;51
1581;32
1582;25
1583;0
1584;2
1585;51
1586;64
1587;31
1588;64
1589;65
1590;49
1591;58
1592;80
1593;22
1594;61
1595;52
1596;21
1597;47
1598;61
1599;49
1600;58
1601;11
1602;64
1603;56
1604;9
1605;13
1606;8
1607;78
1608;72
1609;34
1610;46
1611;19
1612;25
1613;90
1614;69
1615;39
1616;3
1617;24
1618;51
1619;63
1620;49
1621;14
1622;9
1623;10
1624;51
1625;71
1626;55
1627;36
1628;47
1629;14
1630;15
1631;65
1632;56
1633;38
1634;35
1635;2
1636;2
1637;52
1638;55
1639;38
1640;66
1641;41
1642;20
1643;72
1644;77
1645;69
1646;62
1647;13
1648;39
1649;44
1650;36
1651;5
1652;2
1653;93
1654;35
1655;35
1656;17
1657;7
1658;68
1659;58
1660;18
1661;52
1662;70
1663;48
1664;49
1665;44
1666;15
1667;32
1668;6
1669;84
1670;26
1671;41
1672;50
1673;63
1674;65
1675;87
1676;86
1677;63
1678;61
1679;49
1680;36
1681;69
1682;38
1683;60
1684;25
1685;64
1686;68
1687;79
1688;32
1689;11
1690;16
1691;56
1692;71
1693;65
1694;59
1695;71
1696;69
1697;47
1698;67
1699;44
1700;44
1701;4
1702;9
1703;22
1704;66
1705;57
1706;49
1707;9
1708;16
1709;37
1710;48
1711;72
1712;65
1713;61
1714;84
1715;47
1716;44
1717;5
1718;8
1719;67
1720;29
1721;45
1722;39
1723;16
1724;71
1725;27
1726;49
1727;75
1728;65
1729;61
1730;68
1731;23
1732;51
1733;66
1734;37
1735;68
1736;57
1737;20
1738;52
1739;84
1740;73
1741;78
1742;30
1743;8
1744;9
1745;45
1746;47
1747;18
1748;14
1749;58
1750;57
1751;9
1752;67
1753;73
1754;43
1755;28
1756;3
1757;5
1758;60
1759;47
1760;15
1761;16
1762;56
1763;19
1764;65
1765;23
1766;48
1767;52
1768;39
1769;33
1770;4
1771;3
1772;32
1773;40
1774;1
1775;3
1776;62
1777;61
1778;68
1779;62
1780;7
1781;62
1782;71
1783;68
1784;76
1785;48
1786;62
1787;70
1788;65
1789;42
1790;67
1791;57
1792;55
1793;53
1794;64
1795;13
1796;45
1797;42
1798;8
1799;13
1800;71
1801;33
1802;42
1803;64
1804;17
1805;37
1806;61
1807;7
1808;7
1809;11
1810;58
1811;63
1812;21
1813;58
1814;48
1815;6
1816;13
1817;67
1818;69
1819;67
1820;58
1821;90
1822;67
1823;22
1824;39
1825;13
1826;41
1827;9
1828;47
1829;67
1830;56
1831;68
1832;72
1833;62
1834;39
1835;36
1836;40
1837;18
1838;16
1839;92
1840;66
1841;51
1842;58
1843;21
1844;43
1845;53
1846;46
1847;50
1848;71
1849;75
1850;23
1851;66
1852;71
1853;83
1854;56
1855;45
1856;20
1857;5
1858;1
1859;1
1860;6
1861;6
1862;1
1863;58
1864;50
1865;52
1866;60
1867;73
1868;49
1869;53
1870;28
1871;54
1872;37
1873;64
1874;31
1875;62
1876;40
1877;34
1878;23
1879;2
1880;75
1881;94
1882;53
1883;58
1884;78
1885;73
1886;85
1887;85
1888;86
1889;21
1890;36
1891;5
1892;56
1893;77
1894;35
1895;48
1896;47
1897;51
1898;31
1899;84
1900;76
1901;60
1902;51
1903;55
1904;31
1905;64
1906;7
1907;18
1908;20
1909;77
1910;70
1911;56
1912;81
1913;49
1914;52
1915;8
1916;7
1917;48
1918;51
1919;29
1920;32
1921;11
1922;45
1923;16
1924;16
1925;36
1926;57
1927;56
1928;59
1929;59
1930;63
1931;62
1932;45
1933;18
1934;18
1935;73
1936;65
1937;52
1938;22
1939;58
1940;27
1941;9
1942;16
1943;73
1944;59
1945;58
1946;55
1947;77
1948;67
1949;22
1950;19
1951;46
1952;19
1953;88
1954;53
1955;27
1956;8
1957;33
1958;66
1959;33
1960;22
1961;24
1962;38
1963;60
1964;14
1965;49
1966;30
1967;36
1968;17
1969;12
1970;7
1971;24
1972;43
1973;60
1974;47
1975;74
1976;66
1977;34
1978;2
1979;69
1980;49
1981;73
1982;49
1983;69
1984;66
1985;29
1986;52
1987;69
1988;46
1989;62
1990;49
1991;55
1992;27
1993;54
1994;83
1995;19
1996;83
1997;50
1998;49
1999;41
2000;69
2001;50
2002;74
2003;53
2004;72
2005;53
2006;50
2007;54
2008;51
2009;71
2010;68
2011;66
2012;65
2013;61
2014;42
2015;16
2016;62
2017;65
2018;67
2019;49
2020;42
2021;49
2022;67
2023;33
2024;52
2025;16
2026;61
2027;76
2028;53
2029;60
2030;23
2031;54
2032;66
2033;58
2034;36
2035;14
2036;10
2037;66
2038;20
2039;51
2040;66
2041;84
2042;70
2043;54
2044;63
2045;26
2046;30
2047;17
2048;4
2049;66
2050;74
2051;40
2052;71
2053;48
2054;49
2055;22
2056;66
2057;57
2058;39
2059;63
2060;32
2061;85
2062;36
2063;27
2064;2
2065;3
2066;40
2067;39
2068;1
2069;50
2070;66
2071;59
2072;53
2073;52
2074;34
2075;59
2076;58
2077;16
2078;13
2079;28
2080;62
2081;12
2082;14
2083;67
2084;68
2085;46
2086;53
2087;56
2088;34
2089;22
2090;8
2091;4
2092;47
2093;53
2094;49
2095;11
2096;77
2097;52
2098;52
2099;16
2100;21
2101;54
2102;33
2103;47
2104;10
2105;10
2106;49
2107;37
2108;3
2109;4
2110;52
2111;70
2112;71
2113;64
2114;69
2115;49
2116;49
2117;52
2118;93
2119;61
2120;30
2121;10
2122;16
2123;17
2124;14
2125;49
2126;3
2127;8
2128;88
2129;58
2130;47
2131;36
2132;16
2133;44
2134;19
2135;36
2136;56
2137;68
2138;20
2139;4
2140;63
2141;101
2142;35
2143;31
2144;39
2145;48
2146;29
2147;70
2148;39
2149;42
2150;91
2151;62
2152;43
2153;34
2154;47
2155;18
2156;13
2157;61
2158;89
2159;26
2160;52
2161;9
2162;11
2163;58
2164;87
2165;79
2166;42
2167;40
2168;43
2169;55
2170;61
2171;36
2172;41
2173;36
2174;5
2175;8
2176;72
2177;45
2178;19
2179;56
2180;42
2181;57
2182;23
2183;43
2184;34
2185;10
2186;62
2187;32
2188;12
2189;8
2190;49
2191;51
2192;42
2193;16
2194;17
2195;55
2196;35
2197;5
2198;5
2199;34
2200;45
2201;5
2202;27
2203;45
2204;61
2205;55
2206;73
2207;91
2208;52
2209;33
2210;18
2211;44
2212;56
2213;49
2214;73
2215;59
2216;71
2217;59
2218;18
2219;26
2220;58
2221;14
2222;13
2223;46
2224;26
2225;18
2226;17
2227;10
2228;23
2229;67
2230;58
2231;71
2232;20
2233;59
2234;84
2235;50
2236;33
2237;62
2238;17
2239;18
2240;59
2241;62
2242;60
2243;62
2244;6
2245;14
2246;45
2247;14
2248;10
2249;46
2250;35
2251;49
2252;9
2253;13
2254;63
2255;85
2256;33
2257;53
2258;84
2259;51
2260;61
2261;77
2262;46
2263;51
2264;17
2265;12
2266;93
2267;23
2268;65
2269;68
2270;48
2271;63
2272;12
2273;13
2274;71
2275;48
2276;39
2277;46
2278;67
2279;67
2280;78
2281;62
2282;48
2283;16
2284;16
2285;76
2286;22
2287;52
2288;61
2289;65
2290;33
2291;16
2292;31
2293;25
2294;0
2295;4
2296;1
2297;63
2298;75
2299;25
2300;33
2301;9
2302;2
2303;16
2304;17
2305;2
2306;9
2307;29
2308;19
2309;1
2310;4
2311;39
2312;51
2313;8
2314;15
2315;16
2316;45
2317;19
2318;4
2319;1
2320;59
2321;77
2322;36
2323;45
2324;42
2325;3
2326;17
2327;34
2328;73
2329;67
2330;68
2331;48
2332;66
2333;58
2334;36
2335;44
2336;1
2337;4
2338;47
2339;49
2340;1
2341;1
2342;4
2343;28
2344;41
2345;3
2346;3
2347;0
2348;28
2349;79
2350;51
2351;72
2352;37
2353;70
2354;75
2355;44
2356;57
2357;11
2358;16
2359;30
2360;64
2361;6
2362;12
2363;53
2364;60
2365;11
2366;24
2367;72
2368;45
2369;34
2370;1
2371;41
2372;52
2373;26
2374;41
2375;15
2376;45
2377;48
2378;10
2379;2
2380;52
2381;26
2382;15
2383;18
2384;15
2385;61
2386;70
2387;55
2388;43
2389;15
2390;13
2391;12
2392;76
2393;23
2394;27
2395;40
2396;18
2397;41
2398;43
2399;8
2400;18
2401;42
2402;55
2403;73
2404;20
2405;47
2406;69
2407;47
2408;50
2409;19
2410;62
2411;51
2412;71
2413;41
2414;8
2415;13
2416;5
2417;52
2418;67
2419;45
2420;40
2421;5
2422;3
2423;63
2424;72
2425;42
2426;75
2427;62
2428;72
2429;62
2430;77
2431;31
2432;38
2433;87
2434;69
2435;22
2436;32
2437;25
2438;37
2439;61
2440;71
2441;45
2442;33
2443;5
2444;1
2445;27
2446;45
2447;15
2448;2
2449;63
2450;53
2451;53
2452;57
2453;54
2454;36
2455;48
2456;10
2457;16
2458;69
2459;55
2460;33
2461;19
2462;12
2463;3
2464;4
2465;1
2466;67
2467;29
2468;61
2469;61
2470;15
2471;13
2472;70
2473;19
2474;27
2475;24
2476;48
2477;26
2478;4
2479;46
2480;25
2481;73
2482;53
2483;41
2484;45
2485;10
2486;44
2487;79
2488;70
2489;64
2490;55
2491;52
2492;47
2493;19
2494;32
2495;48
2496;11
2497;5
2498;4
2499;19
2500;2
2501;5
2502;53
2503;62
2504;60
2505;39
2506;59
2507;74
2508;61
2509;31
2510;1
2511;47
2512;56
2513;13
2514;7
2515;50
2516;54
2517;45
2518;7
2519;12
2520;18
2521;18
2522;63
2523;64
2524;22
2525;49
2526;4
2527;78
2528;82
2529;56
2530;39
2531;21
2532;45
2533;1
2534;1
2535;1
2536;60
2537;19
2538;90
2539;40
2540;31
2541;23
2542;27
2543;53
2544;54
2545;38
2546;58
2547;59
2548;15
2549;10
2550;47
2551;51
2552;73
2553;21
2554;43
2555;27
2556;28
2557;15
2558;12
2559;57
2560;75
2561;60
2562;41
2563;47
2564;17
2565;13
2566;35
2567;50
2568;48
2569;36
2570;12
2571;18
2572;28
2573;37
2574;10
2575;13
2576;38
2577;47
2578;1
2579;12
2580;53
2581;63
2582;16
2583;15
2584;17
2585;79
2586;68
2587;70
2588;57
2589;50
2590;62
2591;17
2592;75
2593;46
2594;59
2595;36
2596;88
2597;67
2598;34
2599;66
2600;77
2601;73
2602;60
2603;85
2604;38
2605;38
2606;13
2607;3
2608;1
2609;64
2610;56
2611;56
2612;92
2613;75
2614;70
2615;45
2616;48
2617;15
2618;17
2619;12
2620;14
2621;60
2622;35
2623;24
2624;29
2625;1
2626;7
2627;84
2628;53
2629;65
2630;67
2631;61
2632;37
2633;41
2634;49
2635;2
2636;66
2637;46
2638;46
2639;1
2640;5
2641;37
2642;79
2643;51
2644;54
2645;54
2646;63
2647;36
2648;32
2649;5
2650;68
2651;88
2652;74
2653;95
2654;54
2655;55
2656;62
2657;28
2658;34
2659;73
2660;78
2661;52
2662;72
2663;43
2664;46
2665;2
2666;65
2667;22
2668;52
2669;75
2670;79
2671;58
2672;34
2673;46
2674;49
2675;14
2676;84
2677;51
2678;53
2679;36
2680;22
2681;20
2682;60
2683;24
2684;29
2685;29
2686;53
2687;76
2688;55
2689;63
2690;75
2691;43
2692;25
2693;1
2694;5
2695;56
2696;67
2697;65
2698;66
2699;60
2700;7
2701;60
2702;69
2703;64
2704;41
2705;17
2706;6
2707;36
2708;71
2709;35
2710;40
2711;8
2712;8
2713;89
2714;46
2715;58
2716;56
2717;45
2718;71
2719;52
2720;49
2721;80
2722;59
2723;62
2724;43
2725;40
2726;57
2727;72
2728;77
2729;62
2730;43
2731;20
2732;16
2733;16
2734;5
2735;24
2736;33
2737;0
2738;8
2739;76
2740;58
2741;50
2742;16
2743;16
2744;65
2745;21
2746;64
2747;44
2748;34
2749;3
2750;8
2751;63
2752;78
2753;45
2754;43
2755;11
2756;1
2757;83
2758;57
2759;71
2760;47
2761;61
2762;61
2763;56
2764;30
2765;47
2766;8
2767;10
2768;35
2769;4
2770;1
2771;14
2772;65
2773;54
2774;52
2775;23
2776;59
2777;71
2778;30
2779;34
2780;52
2781;72
2782;86
2783;26
2784;36
2785;66
2786;43
2787;20
2788;17
2789;0
2790;55
2791;69
2792;24
2793;29
2794;17
2795;72
2796;79
2797;90
2798;29
2799;33
2800;32
2801;31
2802;49
2803;17
2804;9
2805;18
2806;24
2807;22
2808;51
2809;24
2810;58
2811;73
2812;58
2813;26
2814;68
2815;89
2816;61
2817;62
2818;54
2819;58
2820;53
2821;31
2822;33
2823;62
2824;69
2825;59
2826;61
2827;13
2828;14
2829;36
2830;43
2831;17
2832;15
2833;72
2834;92
2835;44
2836;72
2837;23
2838;47
2839;46
2840;47
2841;17
2842;1
2843;28
2844;19
2845;58
2846;23
2847;20
2848;72
2849;49
2850;62
2851;44
2852;61
2853;10
2854;6
2855;74
2856;51
2857;26
2858;48
2859;26
2860;73
2861;72
2862;62
2863;45
2864;42
2865;0
2866;3
2867;63
2868;55
2869;49
2870;32
2871;19
2872;14
2873;8
2874;5
2875;30
2876;23
2877;1
2878;0
2879;13
2880;38
2881;3
2882;48
2883;39
2884;7
2885;11
2886;23
2887;19
2888;73
2889;21
2890;25
2891;38
2892;12
2893;10
2894;60
2895;61
2896;33
2897;49
2898;15
2899;10
2900;14
2901;62
2902;63
2903;75
2904;46
2905;19
2906;22
2907;19
2908;52
2909;69
2910;46
2911;70
2912;56
2913;51
2914;52
2915;15
2916;8
2917;65
2918;64
2919;52
2920;37
2921;15
2922;12
2923;47
2924;86
2925;76
2926;62
2927;77
2928;72
2929;79
2930;27
2931;32
2932;44
2933;2
2934;4
2935;59
2936;52
2937;71
2938;65
2939;30
2940;84
2941;47
2942;48
2943;10
2944;12
2945;51
2946;43
2947;35
2948;15
2949;14
2950;68
2951;23
2952;65
2953;60
2954;38
2955;22
2956;50
2957;14
2958;37
2959;47
2960;13
2961;13
2962;17
2963;74
2964;44
2965;52
2966;14
2967;6
2968;8
2969;43
2970;18
2971;13
2972;63
2973;72
2974;54
2975;69
2976;46
2977;51
2978;65
2979;68
2980;59
2981;31
2982;16
2983;11
2984;6
2985;60
2986;74
2987;74
2988;65
2989;61
2990;29
2991;53
2992;11
2993;14
2994;62
2995;36
2996;44
2997;23
2998;71
2999;45
3000;33
3001;26
3002;67
3003;31
3004;48
3005;63
3006;13
3007;16
3008;74
3009;51
3010;52
3011;68
3012;60
3013;68
3014;49
3015;38
3016;5
3017;15
3018;38
3019;50
3020;12
3021;14
3022;11
3023;61
3024;63
3025;49
3026;71
3027;28
3028;74
3029;61
3030;40
3031;58
3032;13
3033;17
3034;83
3035;83
3036;77
3037;74
3038;67
3039;61
3040;49
3041;45
3042;60
3043;15
3044;12
3045;32
3046;76
3047;46
3048;19
3049;63
3050;52
3051;50
3052;52
3053;70
3054;56
3055;38
3056;59
3057;67
3058;71
3059;54
3060;32
3061;60
3062;7
3063;11
3064;74
3065;60
3066;30
3067;75
3068;81
3069;61
3070;68
3071;72
3072;74
3073;51
3074;69
3075;70
3076;24
3077;87
3078;51
3079;55
3080;71
3081;34
3082;29
3083;47
3084;74
3085;77
3086;38
3087;40
3088;3
3089;44
3090;65
3091;60
3092;35
3093;38
3094;7
3095;16
3096;32
3097;46
3098;10
3099;15
3100;74
3101;56
3102;59
3103;59
3104;41
3105;47
3106;13
3107;32
3108;26
3109;10
3110;12
3111;13
3112;75
3113;52
3114;58
3115;72
3116;41
3117;46
3118;3
3119;4
3120;80
3121;28
3122;84
3123;28
3124;58
3125;37
3126;60
3127;33
3128;55
3129;47
3130;60
3131;8
3132;11
3133;46
3134;44
3135;12
3136;29
3137;28
3138;3
3139;78
3140;96
3141;37
3142;40
3143;18
3144;15
3145;6
3146;72
3147;44
3148;67
3149;47
3150;20
3151;22
3152;42
3153;29
3154;10
3155;51
3156;51
3157;8
3158;52
3159;66
3160;88
3161;37
3162;75
3163;26
3164;71
3165;65
3166;53
3167;69
3168;57
3169;93
3170;93
3171;52
3172;42
3173;52
3174;10
3175;16
3176;45
3177;47
3178;56
3179;39
3180;62
3181;56
3182;25
3183;70
3184;60
3185;59
3186;44
3187;40
3188;4
3189;5
3190;75
3191;72
3192;68
3193;36
3194;21
3195;38
3196;1
3197;0
3198;5
3199;40
3200;42
3201;34
3202;1
3203;5
3204;55
3205;41
3206;24
3207;16
3208;11
3209;82
3210;52
3211;50
3212;15
3213;56
3214;40
3215;56
3216;61
3217;56
3218;71
3219;74
3220;57
3221;73
3222;65
3223;30
3224;49
3225;14
3226;68
3227;67
3228;23
3229;60
3230;53
3231;61
3232;58
3233;53
3234;76
3235;62
3236;57
3237;62
3238;63
3239;45
3240;53
3241;79
3242;66
3243;42
3244;65
3245;35
3246;43
3247;58
3248;49
3249;45
3250;56
3251;51
3252;7
3253;55
3254;62
3255;61
3256;68
3257;62
3258;60
3259;46
3260;84
3261;56
3262;20
3263;76
3264;90
3265;61
3266;52
3267;71
3268;23
3269;65
3270;37
3271;19
3272;72
3273;21
3274;41
3275;65
3276;91
3277;32
3278;36
3279;5
3280;0
3281;61
3282;14
3283;31
3284;21
3285;14
3286;1
3287;21
3288;54
3289;22
3290;48
3291;74
3292;66
3293;50
3294;42
3295;55
3296;23
3297;7
3298;91
3299;23
3300;51
3301;19
3302;23
3303;64
3304;31
3305;37
3306;73
3307;62
3308;48
3309;52
3310;34
3311;71
3312;54
3313;25
3314;54
3315;74
3316;83
3317;59
3318;60
3319;56
3320;23
3321;42
3322;45
3323;27
3324;49
3325;18
3326;14
3327;53
3328;44
3329;9
3330;13
3331;8
3332;18
3333;52
3334;65
3335;66
3336;31
3337;44
3338;13
3339;59
3340;62
3341;61
3342;30
3343;81
3344;42
3345;36
3346;9
3347;9
3348;44
3349;72
3350;62
3351;44
3352;71
3353;52
3354;44
3355;34
3356;10
3357;14
3358;51
3359;56
3360;38
3361;15
3362;17
3363;9
3364;28
3365;20
3366;56
3367;58
3368;54
3369;16
3370;6
3371;37
3372;62
3373;27
3374;44
3375;2
3376;63
3377;20
3378;60
3379;73
3380;71
3381;28
3382;45
3383;10
3384;6
3385;58
3386;36
3387;14
3388;21
3389;19
3390;22
3391;60
3392;22
3393;62
3394;68
3395;59
3396;49
3397;59
3398;38
3399;29
3400;45
3401;82
3402;62
3403;59
3404;57
3405;59
3406;62
3407;70
3408;77
3409;90
3410;50
3411;72
3412;44
3413;46
3414;6
3415;2
3416;68
3417;24
3418;45
3419;28
3420;47
3421;47
3422;74
3423;30
3424;35
3425;26
3426;0
3427;10
3428;22
3429;68
3430;59
3431;71
3432;83
3433;75
3434;56
3435;67
3436;68
3437;37
3438;84
3439;45
3440;34
3441;58
3442;38
3443;32
3444;5
3445;5
3446;11
3447;64
3448;52
3449;48
3450;17
3451;43
3452;72
3453;58
3454;56
3455;69
3456;57
3457;69
3458;32
3459;47
3460;30
3461;1
3462;2
3463;32
3464;44
3465;7
3466;9
3467;61
3468;22
3469;71
3470;38
3471;64
3472;22
3473;67
3474;72
3475;79
3476;58
3477;34
3478;78
3479;35
3480;28
3481;21
3482;59
3483;74
3484;39
3485;7
3486;58
3487;63
3488;75
3489;55
3490;65
3491;61
3492;19
3493;70
3494;76
3495;70
3496;43
3497;53
3498;86
3499;63
3500;78
3501;85
3502;49
3503;69
3504;38
3505;31
3506;35
3507;9
3508;15
3509;44
3510;14
3511;28
3512;44
3513;13
3514;17
3515;59
3516;51
3517;19
3518;50
3519;58
3520;60
3521;32
3522;36
3523;2
3524;2
3525;2
3526;80
3527;79
3528;40
3529;51
3530;48
3531;14
3532;11
3533;60
3534;53
3535;56
3536;65
3537;64
3538;48
3539;45
3540;29
3541;11
3542;18
3543;51
3544;62
3545;32
3546;29
3547;14
3548;17
3549;63
3550;56
3551;76
3552;63
3553;52
3554;22
3555;47
3556;50
3557;43
3558;18
3559;38
3560;57
3561;15
3562;18
3563;17
3564;61
3565;53
3566;6
3567;40
3568;38
3569;16
3570;12
3571;5
3572;76
3573;22
3574;29
3575;61
3576;69
3577;60
3578;64
3579;24
3580;19
3581;73
3582;91
3583;46
3584;18
3585;26
3586;35
3587;36
3588;16
3589;16
3590;32
3591;44
3592;18
3593;4
3594;55
3595;32
3596;9
3597;17
3598;32
3599;49
3600;27
3601;38
3602;15
3603;53
3604;39
3605;64
3606;59
3607;9
3608;16
3609;14
3610;30
3611;34
3612;1
3613;4
3614;61
3615;51
3616;14
3617;10
3618;31
3619;31
3620;21
3621;8
3622;7
3623;36
3624;40
3625;23
3626;62
3627;62
3628;53
3629;93
3630;40
3631;80
3632;61
3633;48
3634;61
3635;75
3636;50
3637;19
3638;53
3639;43
3640;48
3641;15
3642;14
3643;17
3644;14
3645;48
3646;29
3647;48
3648;64
3649;15
3650;61
3651;65
3652;55
3653;80
3654;27
3655;47
3656;20
3657;37
3658;48
3659;46
3660;18
3661;1
3662;9
3663;70
3664;61
3665;40
3666;41
3667;1
3668;6
3669;64
3670;43
3671;48
3672;31
3673;40
3674;56
3675;71
3676;32
3677;56
3678;59
3679;62
3680;65
3681;79
3682;48
3683;61
3684;29
3685;52
3686;37
3687;25
3688;18
3689;16
3690;14
3691;31
3692;61
3693;32
3694;45
3695;52
3696;11
3697;17
3698;63
3699;18
3700;7
3701;61
3702;59
3703;46
3704;28
3705;6
3706;9
3707;93
3708;51
3709;68
3710;68
3711;63
3712;47
3713;35
3714;9
3715;18
3716;14
3717;70
3718;50
3719;49
3720;17
3721;42
3722;76
3723;43
3724;46
3725;0
3726;13
3727;48
3728;44
3729;44
3730;32
3731;11
3732;1
3733;43
3734;54
3735;21
3736;78
3737;53
3738;41
3739;35
3740;66
3741;28
3742;19
3743;5
3744;36
3745;56
3746;11
3747;14
3748;8
3749;50
3750;52
3751;48
3752;53
3753;36
3754;48
3755;81
3756;48
3757;42
3758;14
3759;13
3760;79
3761;47
3762;40
3763;8
3764;15
3765;58
3766;44
3767;8
3768;9
3769;36
3770;51
3771;7
3772;12
3773;9
3774;31
3775;44
3776;9
3777;14
3778;40
3779;50
3780;72
3781;76
3782;49
3783;35
3784;53
3785;58
3786;62
3787;16
3788;9
3789;83
3790;49
3791;52
3792;12
3793;9
3794;13
3795;59
3796;32
3797;67
3798;63
3799;47
3800;56
3801;58
3802;82
3803;63
3804;66
3805;64
3806;78
3807;75
3808;19
3809;25
3810;51
3811;74
3812;80
3813;61
3814;73
3815;40
3816;84
3817;23
3818;63
3819;55
3820;21
3821;28
3822;38
3823;21
3824;36
3825;25
3826;51
3827;46
3828;16
3829;33
3830;40
3831;21
3832;40
3833;4
3834;2
3835;65
3836;81
3837;52
3838;19
3839;39
3840;5
3841;46
3842;88
3843;72
3844;20
3845;92
3846;56
3847;29
3848;45
3849;28
3850;96
3851;59
3852;21
3853;19
3854;74
3855;59
3856;59
3857;70
3858;19
3859;43
3860;29
3861;41
3862;70
3863;49
3864;72
3865;71
3866;52
3867;44
3868;47
3869;32
3870;81
3871;19
3872;33
3873;22
3874;69
3875;22
3876;56
3877;50
3878;54
3879;16
3880;17
3881;64
3882;34
3883;66
3884;19
3885;56
3886;65
3887;93
3888;68
3889;44
3890;62
3891;16
3892;10
3893;12
3894;15
3895;40
3896;27
3897;16
3898;95
3899;46
3900;64
3901;72
3902;32
3903;68
3904;32
3905;22
3906;71
3907;24
3908;28
3909;38
3910;4
3911;5
3912;39
3913;29
3914;14
3915;47
3916;40
3917;24
3918;25
3919;47
3920;77
3921;67
3922;77
3923;29
3924;47
3925;10
3926;17
3927;57
3928;46
3929;52
3930;56
3931;62
3932;65
3933;71
3934;33
3935;20
3936;36
3937;5
3938;15
3939;52
3940;71
3941;55
3942;59
3943;86
3944;60
3945;28
3946;15
3947;8
3948;10
3949;15
3950;38
3951;71
3952;83
3953;62
3954;51
3955;52
3956;65
3957;53
3958;89
3959;64
3960;56
3961;6
3962;58
3963;29
3964;58
3965;72
3966;54
3967;63
3968;19
3969;62
3970;61
3971;26
3972;47
3973;19
3974;2
3975;3
3976;0
3977;5
3978;13
3979;66
3980;48
3981;36
3982;6
3983;2
3984;36
3985;53
3986;47
3987;14
3988;12
3989;71
3990;78
3991;63
3992;63
3993;66
3994;48
3995;44
3996;50
3997;27
3998;18
3999;8
4000;21
4001;27
4002;1
4003;2
4004;62
4005;80
4006;67
4007;42
4008;12
4009;89
4010;51
4011;21
4012;84
4013;29
4014;72
4015;21
4016;47
4017;2
4018;2
4019;38
4020;60
4021;32
4022;89
4023;55
4024;62
4025;41
4026;46
4027;8
4028;51
4029;52
4030;16
4031;97
4032;56
4033;46
4034;82
4035;57
4036;91
4037;59
4038;72
4039;47
4040;67
4041;54
4042;35
4043;57
4044;47
4045;43
4046;18
4047;28
4048;35
4049;45
4050;18
4051;18
4052;36
4053;42
4054;17
4055;14
4056;36
4057;37
4058;5
4059;13
4060;4
4061;33
4062;52
4063;79
4064;83
4065;65
4066;55
4067;39
4068;65
4069;51
4070;24
4071;35
4072;2
4073;4
4074;71
4075;36
4076;17
4077;55
4078;44
4079;8
4080;11
4081;44
4082;40
4083;16
4084;16
4085;76
4086;87
4087;69
4088;27
4089;26
4090;46
4091;49
4092;3
4093;56
4094;83
4095;52
4096;45
4097;14
4098;52
4099;65
4100;23
4101;60
4102;70
4103;82
4104;60
4105;33
4106;46
4107;10
4108;51
4109;40
4110;28
4111;27
4112;4
4113;44
4114;20
4115;50
4116;32
4117;55
4118;7
4119;15
4120;23
4121;11
4122;62
4123;38
4124;13
4125;23
4126;19
4127;78
4128;61
4129;66
4130;65
4131;20
4132;68
4133;63
4134;21
4135;59
4136;68
4137;65
4138;30
4139;39
4140;13
4141;4
4142;69
4143;71
4144;62
4145;38
4146;80
4147;60
4148;49
4149;10
4150;10
4151;28
4152;20
4153;83
4154;21
4155;34
4156;77
4157;39
4158;72
4159;82
4160;52
4161;21
4162;85
4163;73
4164;42
4165;22
4166;70
4167;33
4168;20
4169;41
4170;1
4171;10
4172;31
4173;58
4174;53
4175;62
4176;47
4177;41
4178;16
4179;49
4180;63
4181;7
4182;14
4183;6
4184;91
4185;72
4186;25
4187;91
4188;25
4189;68
4190;21
4191;19
4192;21
4193;37
4194;20
4195;46
4196;24
4197;34
4198;81
4199;70
4200;70
4201;77
4202;81
4203;69
4204;25
4205;57
4206;23
4207;77
4208;39
4209;61
4210;6
4211;8
4212;58
4213;17
4214;17
4215;49
4216;65
4217;33
4218;38
4219;43
4220;35
4221;4
4222;13
4223;68
4224;36
4225;64
4226;19
4227;62
4228;61
4229;26
4230;47
4231;53
4232;75
4233;64
4234;41
4235;37
4236;10
4237;11
4238;76
4239;56
4240;33
4241;60
4242;70
4243;29
4244;83
4245;63
4246;81
4247;77
4248;38
4249;61
4250;37
4251;13
4252;7
4253;62
4254;63
4255;75
4256;56
4257;60
4258;11
4259;18
4260;63
4261;23
4262;78
4263;50
4264;26
4265;18
4266;16
4267;53
4268;69
4269;46
4270;63
4271;60
4272;49
4273;72
4274;48
4275;61
4276;33
4277;41
4278;49
4279;22
4280;48
4281;23
4282;92
4283;76
4284;47
4285;52
4286;69
4287;60
4288;69
4289;74
4290;46
4291;80
4292;71
4293;51
4294;93
4295;54
4296;52
4297;30
4298;28
4299;8
4300;15
4301;66
4302;33
4303;50
4304;61
4305;7
4306;17
4307;80
4308;32
4309;58
4310;45
4311;38
4312;7
4313;11
4314;19
4315;25
4316;24
4317;49
4318;54
4319;19
4320;20
4321;34
4322;39
4323;64
4324;45
4325;80
4326;57
4327;68
4328;47
4329;47
4330;32
4331;52
4332;30
4333;27
4334;53
4335;33
4336;17
4337;12
4338;34
4339;50
4340;23
4341;88
4342;35
4343;72
4344;41
4345;41
4346;32
4347;8
4348;9
4349;24
4350;65
4351;28
4352;25
4353;56
4354;53
4355;15
4356;8
4357;25
4358;86
4359;63
4360;55
4361;8
4362;16
4363;85
4364;45
4365;37
4366;18
4367;9
4368;58
4369;71
4370;19
4371;56
4372;35
4373;72
4374;62
4375;19
4376;33
4377;44
4378;92
4379;69
4380;91
4381;82
4382;59
4383;76
4384;43
4385;37
4386;2
4387;3
4388;38
4389;58
4390;90
4391;49
4392;51
4393;61
4394;7
4395;10
4396;62
4397;66
4398;46
4399;67
4400;71
4401;68
4402;73
4403;69
4404;25
4405;1
4406;47
4407;46
4408;21
4409;51
4410;61
4411;50
4412;11
4413;16
4414;10
4415;11
4416;76
4417;66
4418;33
4419;49
4420;19
4421;39
4422;25
4423;39
4424;71
4425;59
4426;80
4427;57
4428;79
4429;60
4430;33
4431;76
4432;51
4433;67
4434;87
4435;76
4436;41
4437;49
4438;13
4439;10
4440;62
4441;60
4442;51
4443;26
4444;74
4445;61
4446;27
4447;52
4448;75
4449;40
4450;69
4451;52
4452;78
4453;52
4454;50
4455;46
4456;58
4457;23
4458;22
4459;54
4460;21
4461;42
4462;69
4463;83
4464;53
4465;48
4466;56
4467;12
4468;15
4469;19
4470;19
4471;85
4472;29
4473;23
4474;22
4475;58
4476;56
4477;29
4478;76
4479;46
4480;88
4481;66
4482;70
4483;66
4484;71
4485;83
4486;65
4487;73
4488;48
4489;41
4490;13
4491;8
4492;72
4493;72
4494;84
4495;20
4496;62
4497;41
4498;45
4499;9
4500;68
4501;51
4502;51
4503;56
4504;41
4505;46
4506;20
4507;73
4508;27
4509;11
4510;2
4511;57
4512;68
4513;80
4514;36
4515;52
4516;31
4517;19
4518;32
4519;12
4520;13
4521;13
4522;34
4523;24
4524;4
4525;43
4526;64
4527;55
4528;8
4529;49
4530;22
4531;62
4532;62
4533;72
4534;52
4535;69
4536;69
4537;19
4538;76
4539;35
4540;33
4541;3
4542;59
4543;67
4544;71
4545;46
4546;73
4547;46
4548;75
4549;81
4550;72
4551;21
4552;88
4553;95
4554;53
4555;95
4556;46
4557;35
4558;32
4559;47
4560;2
4561;3
4562;36
4563;46
4564;58
4565;48
4566;54
4567;6
4568;17
4569;61
4570;60
4571;44
4572;47
4573;15
4574;16
4575;74
4576;73
4577;62
4578;51
4579;16
4580;14
4581;52
4582;59
4583;47
4584;40
4585;48
4586;41
4587;7
4588;50
4589;34
4590;16
4591;9
4592;17
4593;19
4594;20
4595;2
4596;66
4597;78
4598;47
4599;85
4600;30
4601;22
4602;34
4603;12
4604;12
4605;22
4606;73
4607;71
4608;24
4609;36
4610;91
4611;60
4612;52
4613;56
4614;42
4615;74
4616;59
4617;76
4618;82
4619;75
4620;44
4621;35
4622;1
4623;14
4624;69
4625;73
4626;57
4627;28
4628;63
4629;46
4630;58
4631;58
4632;60
4633;65
4634;64
4635;58
4636;58
4637;77
4638;41
4639;19
4640;1
4641;1
4642;62
4643;70
4644;58
4645;80
4646;20
4647;27
4648;22
4649;56
4650;61
4651;73
4652;60
4653;92
4654;77
4655;71
4656;56
4657;69
4658;22
4659;49
4660;40
4661;51
4662;54
4663;34
4664;37
4665;18
4666;17
4667;55
4668;24
4669;47
4670;42
4671;44
4672;54
4673;61
4674;61
4675;42
4676;62
4677;76
4678;42
4679;49
4680;55
4681;72
4682;46
4683;45
4684;14
4685;14
4686;18
4687;22
4688;37
4689;7
4690;17
4691;42
4692;44
4693;1
4694;5
4695;66
4696;56
4697;23
4698;71
4699;94
4700;87
4701;43
4702;7
4703;47
4704;19
4705;71
4706;39
4707;21
4708;62
4709;87
4710;55
4711;38
4712;6
4713;93
4714;46
4715;81
4716;88
4717;70
4718;56
4719;37
4720;36
4721;7
4722;11
4723;58
4724;95
4725;31
4726;8
4727;65
4728;31
4729;49
4730;7
4731;9
4732;18
4733;76
4734;50
4735;48
4736;36
4737;36
4738;52
4739;48
4740;27
4741;47
4742;8
4743;14
4744;1
4745;59
4746;22
4747;59
4748;84
4749;73
4750;84
4751;46
4752;74
4753;20
4754;72
4755;22
4756;44
4757;3
4758;15
4759;62
4760;40
4761;15
4762;37
4763;9
4764;20
4765;38
4766;17
4767;18
4768;58
4769;86
4770;44
4771;59
4772;54
4773;76
4774;69
4775;24
4776;21
4777;5
4778;29
4779;23
4780;92
4781;21
4782;19
4783;68
4784;52
4785;67
4786;68
4787;72
4788;39
4789;5
4790;50
4791;29
4792;23
4793;55
4794;16
4795;61
4796;85
4797;67
4798;38
4799;86
4800;47
4801;48
4802;26
4803;33
4804;79
4805;49
4806;51
4807;13
4808;18
4809;34
4810;85
4811;59
4812;36
4813;57
4814;68
4815;49
4816;58
4817;82
4818;37
4819;38
4820;3
4821;14
4822;31
4823;63
4824;11
4825;7
4826;75
4827;46
4828;59
4829;53
4830;33
4831;49
4832;4
4833;1
4834;31
4835;15
4836;18
4837;51
4838;88
4839;46
4840;46
4841;15
4842;11
4843;66
4844;85
4845;62
4846;28
4847;67
4848;36
4849;33
4850;21
4851;53
4852;46
4853;16
4854;15
4855;63
4856;58
4857;19
4858;23
4859;59
4860;46
4861;35
4862;61
4863;69
4864;36
4865;56
4866;6
4867;16
4868;62
4869;50
4870;63
4871;9
4872;17
4873;62
4874;66
4875;30
4876;69
4877;47
4878;53
4879;87
4880;64
4881;87
4882;68
4883;88
4884;74
4885;35
4886;47
4887;72
4888;52
4889;40
4890;95
4891;93
4892;49
4893;67
4894;65
4895;40
4896;50
4897;64
4898;43
4899;78
4900;28
4901;24
4902;63
4903;37
4904;67
4905;77
4906;64
4907;49
4908;13
4909;15
4910;17
4911;35
4912;55
4913;25
4914;16
4915;44
4916;28
4917;2
4918;2
4919;36
4920;42
4921;48
4922;62
4923;16
4924;16
4925;12
4926;15
4927;57
4928;28
4929;45
4930;43
4931;14
4932;2
4933;73
4934;63
4935;47
4936;26
4937;29
4938;61
4939;40
4940;47
4941;25
4942;39
4943;44
4944;48
4945;62
4946;51
4947;13
4948;14
4949;43
4950;43
4951;10
4952;17
4953;79
4954;61
4955;41
4956;0
4957;5
4958;0
4959;52
4960;69
4961;45
4962;39
4963;17
4964;8
4965;11
4966;73
4967;19
4968;61
4969;14
4970;37
4971;28
4972;28
4973;9
4974;5
4975;63
4976;77
4977;19
4978;21
4979;66
4980;50
4981;55
4982;51
4983;27
4984;53
4985;15
4986;8
4987;35
4988;27
4989;15
4990;58
4991;69
4992;85
4993;60
4994;77
4995;73
4996;77
4997;62
4998;61
4999;16
5000;55
5001;56
5002;86
5003;49
5004;26
5005;90
5006;73
5007;53
5008;66
5009;59
5010;61
5011;45
5012;9
5013;14
5014;58
5015;58
5016;58
5017;15
5018;54
5019;57
5020;69
5021;59
5022;27
5023;60
5024;26
5025;58
5026;20
5027;64
5028;53
5029;57
5030;33
5031;81
5032;47
5033;31
5034;49
5035;11
5036;9
5037;63
5038;29
5039;90
5040;66
5041;31
5042;65
5043;37
5044;82
5045;32
5046;70
5047;47
5048;77
5049;40
5050;62
5051;30
5052;43
5053;20
5054;5
5055;3
5056;64
5057;75
5058;56
5059;57
5060;47
5061;42
5062;1
5063;13
5064;59
5065;24
5066;62
5067;47
5068;27
5069;24
5070;0
5071;8
5072;33
5073;46
5074;32
5075;16
5076;8
5077;76
5078;67
5079;67
5080;73
5081;53
5082;49
5083;86
5084;53
5085;84
5086;61
5087;66
5088;52
5089;20
5090;49
5091;55
5092;24
5093;70
5094;61
5095;19
5096;49
5097;53
5098;52
5099;6
5100;12
5101;40
5102;44
5103;72
5104;44
5105;73
5106;23
5107;49
5108;75
5109;38
5110;43
5111;7
5112;13
5113;15
5114;41
5115;36
5116;8
5117;5
5118;56
5119;62
5120;59
5121;73
5122;56
5123;21
5124;65
5125;47
5126;60
5127;28
5128;58
5129;9
5130;9
5131;26
5132;19
5133;21
5134;44
5135;53
5136;34
5137;46
5138;33
5139;14
5140;16
5141;47
5142;23
5143;58
5144;66
5145;96
5146;58
5147;66
5148;63
5149;68
5150;49
5151;61
5152;26
5153;11
5154;15
5155;50
5156;72
5157;46
5158;61
5159;23
5160;60
5161;64
5162;30
5163;47
5164;68
5165;33
5166;31
5167;3
5168;4
5169;92
5170;64
5171;54
5172;40
5173;26
5174;6
5175;19
5176;62
5177;62
5178;83
5179;60
5180;63
5181;51
5182;44
5183;65
5184;56
5185;55
5186;51
5187;21
5188;60
5189;50
5190;52
5191;34
5192;57
5193;50
5194;48
5195;50
5196;34
5197;47
5198;13
5199;57
5200;45
5201;19
5202;32
5203;4
5204;14
5205;33
5206;36
5207;66
5208;46
5209;27
5210;54
5211;9
5212;8
5213;14
5214;52
5215;64
5216;38
5217;27
5218;7
5219;4
5220;5
5221;29
5222;41
5223;50
5224;90
5225;40
5226;37
5227;0
5228;11
5229;52
5230;49
5231;38
5232;55
5233;10
5234;13
5235;39
5236;82
5237;19
5238;28
5239;42
5240;3
5241;59
5242;43
5243;45
5244;11
5245;1
5246;2
5247;47
5248;38
5249;11
5250;8
5251;22
5252;22
5253;47
5254;41
5255;55
5256;63
5257;59
5258;16
5259;18
5260;77
5261;73
5262;55
5263;57
5264;81
5265;23
5266;31
5267;65
5268;72
5269;47
5270;41
5271;57
5272;42
5273;6
5274;71
5275;47
5276;57
5277;6
5278;14
5279;79
5280;76
5281;73
5282;81
5283;86
5284;72
5285;61
5286;32
5287;38
5288;28
5289;11
5290;44
5291;22
5292;21
5293;69
5294;73
5295;26
5296;39
5297;14
5298;11
5299;53
5300;52
5301;12
5302;77
5303;82
5304;53
5305;22
5306;56
5307;53
5308;72
5309;87
5310;26
5311;62
5312;55
5313;66
5314;49
5315;45
5316;52
5317;30
5318;90
5319;69
5320;50
5321;48
5322;61
5323;72
5324;43
5325;31
5326;4
5327;2
5328;37
5329;6
5330;5
5331;4
5332;52
5333;63
5334;52
5335;47
5336;18
5337;44
5338;62
5339;6
5340;17
5341;50
5342;49
5343;14
5344;41
5345;17
5346;9
5347;69
5348;77
5349;48
5350;51
5351;77
5352;65
5353;59
5354;26
5355;47
5356;21
5357;43
5358;25
5359;61
5360;72
5361;79
5362;37
5363;59
5364;33
5365;53
5366;51
5367;82
5368;67
5369;77
5370;70
5371;73
5372;54
5373;17
5374;32
5375;28
5376;61
5377;10
5378;8
5379;58
5380;54
5381;60
5382;68
5383;50
5384;32
5385;32
5386;17
5387;15
5388;9
5389;47
5390;49
5391;4
5392;3
5393;91
5394;62
5395;30
5396;26
5397;25
5398;41
5399;60
5400;50
5401;33
5402;15
5403;9
5404;97
5405;51
5406;39
5407;62
5408;39
5409;40
5410;7
5411;1
5412;68
5413;61
5414;41
5415;2
5416;46
5417;43
5418;10
5419;49
5420;81
5421;62
5422;24
5423;24
5424;67
5425;55
5426;44
5427;21
5428;69
5429;89
5430;47
5431;41
5432;54
5433;8
5434;11
5435;66
5436;44
5437;50
5438;80
5439;31
5440;43
5441;69
5442;53
5443;50
5444;56
5445;10
5446;13
5447;80
5448;53
5449;41
5450;25
5451;1
5452;3
5453;4
5454;52
5455;81
5456;71
5457;76
5458;68
5459;20
5460;75
5461;61
5462;58
5463;39
5464;72
5465;66
5466;67
5467;55
5468;74
5469;62
5470;50
5471;55
5472;48
5473;22
5474;32
5475;48
5476;62
5477;61
5478;72
5479;90
5480;54
5481;46
5482;56
5483;69
5484;48
5485;60
5486;20
5487;60
5488;39
5489;67
5490;48
5491;62
5492;51
5493;39
5494;87
5495;66
5496;51
5497;63
5498;29
5499;38
5500;30
5501;1
5502;6
5503;8
5504;45
5505;70
5506;65
5507;52
5508;49
5509;17
5510;15
5511;90
5512;54
5513;52
5514;55
5515;39
5516;27
5517;39
5518;8
5519;74
5520;51
5521;68
5522;20
5523;27
5524;43
5525;31
5526;2
5527;4
5528;90
5529;55
5530;27
5531;60
5532;52
5533;46
5534;32
5535;2
5536;17
5537;42
5538;5
5539;1
5540;5
5541;42
5542;76
5543;66
5544;60
5545;57
5546;16
5547;13
5548;10
5549;43
5550;29
5551;62
5552;42
5553;17
5554;10
5555;65
5556;68
5557;57
5558;21
5559;44
5560;5
5561;0
5562;33
5563;64
5564;37
5565;36
5566;16
5567;38
5568;69
5569;78
5570;22
5571;42
5572;17
5573;3
5574;65
5575;51
5576;57
5577;53
5578;77
5579;69
5580;21
5581;76
5582;61
5583;67
5584;65
5585;54
5586;56
5587;39
5588;45
5589;52
5590;41
5591;29
5592;46
5593;12
5594;10
5595;11
5596;77
5597;52
5598;53
5599;19
5600;34
5601;2
5602;0
5603;32
5604;27
5605;24
5606;61
5607;68
5608;53
5609;33
5610;48
5611;56
5612;55
5613;59
5614;53
5615;71
5616;53
5617;52
5618;24
5619;42
5620;32
5621;1
5622;3
5623;31
5624;2
5625;59
5626;56
5627;70
5628;83
5629;20
5630;26
5631;3
5632;5
5633;33
5634;79
5635;19
5636;34
5637;36
5638;31
5639;13
5640;64
5641;76
5642;26
5643;65
5644;59
5645;41
5646;18
5647;8
5648;46
5649;54
5650;62
5651;61
5652;58
5653;76
5654;54
5655;48
5656;21
5657;20
5658;42
5659;76
5660;62
5661;52
5662;38
5663;46
5664;15
5665;17
5666;34
5667;49
5668;1
5669;56
5670;67
5671;72
5672;38
5673;45
5674;6
5675;17
5676;49
5677;60
5678;39
5679;70
5680;68
5681;38
5682;45
5683;13
5684;34
5685;5
5686;67
5687;44
5688;44
5689;16
5690;7
5691;57
5692;55
5693;64
5694;10
5695;43
5696;45
5697;2
5698;1
5699;71
5700;47
5701;54
5702;43
5703;30
5704;1
5705;2
5706;53
5707;40
5708;37
5709;43
5710;11
5711;18
5712;9
5713;38
5714;11
5715;30
5716;41
5717;59
5718;74
5719;81
5720;52
5721;23
5722;62
5723;22
5724;54
5725;18
5726;9
5727;38
5728;37
5729;12
5730;12
5731;36
5732;57
5733;22
5734;27
5735;64
5736;40
5737;8
5738;8
5739;7
5740;38
5741;79
5742;59
5743;61
5744;44
5745;79
5746;60
5747;46
5748;38
5749;18
5750;16
5751;19
5752;20
5753;2
5754;1
5755;4
5756;71
5757;63
5758;49
5759;1
5760;35
5761;56
5762;58
5763;72
5764;75
5765;66
5766;34
5767;35
5768;17
5769;32
5770;26
5771;51
5772;60
5773;65
5774;77
5775;28
5776;24
5777;58
5778;64
5779;58
5780;65
5781;32
5782;22
5783;4
5784;16
5785;21
5786;57
5787;43
5788;52
5789;71
5790;57
5791;30
5792;34
5793;60
5794;14
5795;35
5796;70
5797;87
5798;88
5799;60
5800;93
5801;50
5802;28
5803;9
5804;7
5805;28
5806;61
5807;46
5808;7
5809;6
5810;18
5811;47
5812;49
5813;18
5814;13
5815;9
5816;52
5817;22
5818;54
5819;72
5820;69
5821;74
5822;69
5823;37
5824;14
5825;9
5826;43
5827;75
5828;72
5829;66
5830;70
5831;56
5832;56
5833;30
5834;49
5835;6
5836;18
5837;29
5838;49
5839;13
5840;18
5841;51
5842;69
5843;76
5844;46
5845;60
5846;48
5847;75
5848;54
5849;69
5850;35
5851;39
5852;3
5853;2
5854;33
5855;38
5856;27
5857;41
5858;41
5859;13
5860;18
5861;46
5862;32
5863;17
5864;15
5865;2
5866;81
5867;57
5868;47
5869;29
5870;9
5871;16
5872;50
5873;72
5874;42
5875;17
5876;34
5877;74
5878;86
5879;35
5880;64
5881;8
5882;6
5883;12
5884;13
5885;76
5886;22
5887;20
5888;24
5889;32
5890;44
5891;36
5892;0
5893;15
5894;3
5895;77
5896;64
5897;84
5898;53
5899;59
5900;52
5901;16
5902;10
5903;84
5904;55
5905;57
5906;63
5907;76
5908;38
5909;49
5910;22
5911;4
5912;1
5913;69
5914;19
5915;51
5916;46
5917;61
5918;32
5919;76
5920;86
5921;32
5922;61
5923;14
5924;7
5925;46
5926;49
5927;13
5928;3
5929;51
5930;32
5931;17
5932;18
5933;6
5934;18
5935;49
5936;47
5937;18
5938;15
5939;8
5940;50
5941;42
5942;0
5943;37
5944;80
5945;82
5946;64
5947;51
5948;66
5949;30
5950;36
5951;0
5952;71
5953;77
5954;48
5955;73
5956;71
5957;53
5958;85
5959;40
5960;36
5961;3
5962;10
5963;1
5964;55
5965;46
5966;54
5967;16
5968;17
5969;14
5970;72
5971;21
5972;58
5973;49
5974;19
5975;21
5976;23
5977;70
5978;38
5979;27
5980;14
5981;5
5982;75
5983;79
5984;68
5985;60
5986;45
5987;59
5988;46
5989;59
5990;18
5991;53
5992;68
5993;66
5994;78
5995;65
5996;73
5997;76
5998;38
5999;58
6000;54
6001;58
6002;60
6003;30
6004;23
6005;52
6006;73
6007;39
6008;69
6009;43
6010;7
6011;7
6012;69
6013;51
6014;27
6015;63
6016;8
6017;14
6018;32
6019;43
6020;11
6021;15
6022;48
6023;65
6024;64
6025;42
6026;76
6027;19
6028;19
6029;30
6030;32
6031;60
6032;61
6033;46
6034;34
6035;63
6036;27
6037;43
6038;35
6039;2
6040;15
6041;5
6042;54
6043;61
6044;71
6045;45
6046;89
6047;66
6048;49
6049;27
6050;19
6051;75
6052;81
6053;67
6054;55
6055;55
6056;73
6057;82
6058;53
6059;76
6060;50
6061;46
6062;6
6063;8
6064;46
6065;23
6066;68
6067;31
6068;63
6069;17
6070;11
6071;44
6072;57
6073;94
6074;22
6075;68
6076;58
6077;21
6078;43
6079;34
6080;12
6081;53
6082;34
6083;23
6084;44
6085;17
6086;5
6087;70
6088;21
6089;61
6090;15
6091;45
6092;94
6093;89
6094;82
6095;80
6096;103
6097;73
6098;84
6099;72
6100;97
6101;68
6102;99
6103;81
6104;83
6105;75
6106;73
6107;71
6108;90
6109;100
6110;76
6111;79
6112;84
6113;70
6114;69
6115;93
6116;84
6117;74
6118;80
6119;77
6120;98
6121;71
6122;73
6123;77
6124;77
6125;69
6126;71
6127;84
6128;78
6129;80
6130;92
6131;81
6132;91
6133;79
6134;69
6135;75
6136;79
6137;82
6138;83
6139;79
6140;85
6141;70
6142;88
6143;74
6144;73
6145;69
6146;74
6147;93
6148;71
6149;70
6150;87
6151;99
6152;101
6153;82
6154;88
6155;103
6156;76
6157;76
