1;32
2;17
3;10
4;32
5;80
6;55
7;54
8;18
9;12
10;33
11;6
12;36
13;23
14;15
15;1
16;20
17;24
18;2
19;14
20;2
21;0
22;45
23;68
24;65
25;55
26;74
27;44
28;48
29;62
30;58
31;51
32;83
33;21
34;24
35;48
36;7
37;9
38;44
39;45
40;67
41;75
42;87
43;45
44;36
45;53
46;8
47;17
48;41
49;30
50;2
51;18
52;9
53;47
54;49
55;17
56;18
57;46
58;40
59;2
60;0
61;90
62;22
63;24
64;28
65;58
66;81
67;44
68;29
69;73
70;70
71;47
72;49
73;52
74;22
75;62
76;68
77;20
78;22
79;27
80;52
81;44
82;21
83;91
84;43
85;77
86;46
87;81
88;65
89;37
90;48
91;83
92;59
93;52
94;19
95;38
96;14
97;4
98;86
99;28
100;47
101;85
102;48
103;54
104;29
105;43
106;4
107;12
108;53
109;31
110;7
111;11
112;51
113;92
114;44
115;30
116;12
117;53
118;26
119;72
120;19
121;27
122;6
123;0
124;30
125;27
126;60
127;65
128;22
129;72
130;84
131;45
132;25
133;0
134;60
135;46
136;39
137;47
138;12
139;18
140;51
141;55
142;63
143;52
144;86
145;80
146;77
147;50
148;83
149;35
150;14
151;40
152;41
153;8
154;9
155;18
156;36
157;32
158;32
159;64
160;30
161;42
162;24
163;29
164;48
165;11
166;9
167;19
168;25
169;69
170;33
171;27
172;28
173;4
174;11
175;57
176;75
177;24
178;24
179;68
180;60
181;32
182;74
183;37
184;24
185;37
186;32
187;22
188;26
189;54
190;41
191;30
192;3
193;86
194;28
195;68
196;81
197;88
198;68
199;24
200;44
201;69
202;46
203;46
204;33
205;17
206;11
207;0
208;32
209;28
210;41
211;16
212;15
213;82
214;67
215;65
216;71
217;27
218;21
219;33
220;26
221;63
222;21
223;40
224;2
225;3
226;4
227;43
228;70
229;48
230;64
231;68
232;83
233;62
234;22
235;72
236;21
237;20
238;21
239;23
240;45
241;64
242;52
243;81
244;36
245;25
246;33
247;52
248;44
249;28
250;68
251;22
252;43
253;27
254;33
255;7
256;8
257;56
258;55
259;10
260;18
261;47
262;57
263;66
264;47
265;54
266;68
267;51
268;24
269;53
270;48
271;38
272;26
273;65
274;48
275;99
276;43
277;36
278;17
279;13
280;48
281;60
282;20
283;45
284;5
285;27
286;44
287;47
288;5
289;0
290;48
291;69
292;26
293;42
294;42
295;11
296;60
297;61
298;47
299;14
300;88
301;54
302;74
303;49
304;64
305;6
306;18
307;67
308;58
309;72
310;63
311;46
312;32
313;36
314;15
315;16
316;51
317;58
318;63
319;21
320;23
321;67
322;23
323;23
324;27
325;49
326;3
327;15
328;23
329;49
330;27
331;30
332;24
333;91
334;65
335;44
336;38
337;28
338;9
339;62
340;65
341;64
342;47
343;80
344;34
345;31
346;55
347;57
348;63
349;74
350;37
351;37
352;8
353;22
354;78
355;49
356;32
357;0
358;8
359;19
360;60
361;32
362;33
363;14
364;3
365;83
366;30
367;36
368;21
369;24
370;23
371;22
372;84
373;23
374;69
375;88
376;80
377;45
378;29
379;15
380;8
381;18
382;69
383;35
384;23
385;41
386;7
387;2
388;3
389;54
390;74
391;51
392;62
393;63
394;8
395;14
396;65
397;62
398;17
399;31
400;47
401;4
402;11
403;69
404;26
405;8
406;58
407;82
408;58
409;58
410;57
411;55
412;25
413;22
414;4
415;14
416;52
417;52
418;50
419;68
420;47
421;74
422;42
423;24
424;2
425;33
426;29
427;0
428;0
429;8
430;16
431;48
432;50
433;11
434;14
435;33
436;28
437;9
438;66
439;48
440;83
441;51
442;78
443;70
444;40
445;23
446;64
447;65
448;56
449;25
450;62
451;78
452;75
453;26
454;26
455;55
456;73
457;89
458;72
459;43
460;70
461;28
462;62
463;10
464;11
465;60
466;48
467;58
468;21
469;78
470;43
471;23
472;67
473;23
474;24
475;26
476;61
477;47
478;54
479;62
480;48
481;60
482;89
483;32
484;19
485;3
486;16
487;55
488;33
489;64
490;32
491;13
492;64
493;27
494;14
495;10
496;14
497;6
498;31
499;7
500;25
501;21
502;53
503;32
504;28
505;9
506;18
507;63
508;28
509;21
510;26
511;47
512;58
513;40
514;51
515;85
516;40
517;75
518;37
519;69
520;74
521;52
522;78
523;72
524;33
525;27
526;43
527;2
528;0
529;4
530;23
531;48
532;9
533;11
534;41
535;55
536;37
537;27
538;7
539;11
540;9
541;45
542;70
543;76
544;63
545;73
546;33
547;60
548;60
549;21
550;39
551;14
552;5
553;78
554;55
555;64
556;45
557;6
558;15
559;18
560;75
561;84
562;28
563;30
564;56
565;72
566;55
567;48
568;46
569;14
570;9
571;57
572;54
573;88
574;26
575;70
576;58
577;19
578;44
579;3
580;2
581;14
582;48
583;29
584;58
585;79
586;76
587;39
588;47
589;7
590;15
591;51
592;62
593;50
594;47
595;91
596;28
597;41
598;12
599;68
600;74
601;35
602;37
603;1
604;5
605;62
606;61
607;69
608;49
609;69
610;88
611;47
612;61
613;56
614;32
615;10
616;9
617;14
618;26
619;27
620;55
621;26
622;13
623;15
624;18
625;79
626;82
627;32
628;23
629;54
630;66
631;59
632;43
633;57
634;15
635;27
636;64
637;27
638;39
639;35
640;6
641;10
642;14
643;8
644;40
645;41
646;19
647;3
648;0
649;3
650;48
651;68
652;71
653;58
654;8
655;8
656;50
657;46
658;6
659;7
660;17
661;75
662;84
663;20
664;19
665;33
666;19
667;70
668;43
669;58
670;86
671;79
672;70
673;46
674;60
675;52
676;65
677;56
678;48
679;34
680;1
681;1
682;5
683;44
684;52
685;24
686;69
687;53
688;36
689;9
690;17
691;69
692;26
693;43
694;10
695;12
696;28
697;21
698;84
699;23
700;24
701;29
702;69
703;26
704;57
705;69
706;54
707;58
708;34
709;16
710;62
711;53
712;74
713;53
714;49
715;36
716;8
717;65
718;79
719;61
720;37
721;26
722;50
723;42
724;29
725;16
726;9
727;6
728;25
729;34
730;72
731;75
732;44
733;36
734;32
735;12
736;14
737;16
738;49
739;57
740;59
741;13
742;14
743;53
744;20
745;34
746;49
747;15
748;74
749;46
750;54
751;68
752;31
753;62
754;17
755;7
756;21
757;22
758;23
759;47
760;83
761;21
762;34
763;1
764;5
765;28
766;32
767;0
768;12
769;70
770;55
771;30
772;25
773;31
774;22
775;1
776;3
777;0
778;77
779;75
780;48
781;33
782;10
783;6
784;63
785;22
786;63
787;30
788;12
789;6
790;15
791;69
792;64
793;32
794;33
795;15
796;4
797;1
798;23
799;77
800;58
801;28
802;88
803;65
804;36
805;61
806;13
807;11
808;63
809;41
810;6
811;5
812;4
813;83
814;79
815;30
816;70
817;87
818;58
819;67
820;69
821;54
822;75
823;54
824;72
825;58
826;52
827;65
828;83
829;56
830;71
831;71
832;79
833;39
834;32
835;12
836;58
837;65
838;29
839;46
840;21
841;3
842;3
843;1
844;61
845;26
846;27
847;88
848;71
849;64
850;59
851;24
852;27
853;48
854;49
855;2
856;44
857;21
858;1
859;4
860;70
861;22
862;29
863;40
864;9
865;17
866;50
867;48
868;5
869;3
870;44
871;49
872;13
873;13
874;51
875;52
876;10
877;12
878;19
879;40
880;35
881;3
882;2
883;83
884;44
885;33
886;1
887;9
888;33
889;53
890;26
891;15
892;16
893;21
894;66
895;58
896;68
897;78
898;21
899;69
900;62
901;37
902;11
903;18
904;62
905;47
906;41
907;59
908;16
909;16
910;13
911;18
912;26
913;81
914;28
915;73
916;37
917;74
918;54
919;33
920;37
921;17
922;10
923;14
924;10
925;74
926;64
927;58
928;47
929;91
930;75
931;73
932;32
933;17
934;13
935;27
936;71
937;58
938;71
939;80
940;50
941;65
942;60
943;42
944;21
945;67
946;61
947;51
948;53
949;32
950;59
951;47
952;27
953;13
954;18
955;7
956;36
957;22
958;44
959;44
960;7
961;9
962;64
963;40
964;35
965;16
966;17
967;14
968;24
969;44
970;9
971;2
972;45
973;33
974;4
975;61
976;83
977;72
978;48
979;11
980;75
981;24
982;34
983;23
984;7
985;17
986;55
987;55
988;14
989;43
990;36
991;0
992;7
993;75
994;45
995;79
996;72
997;28
998;28
999;1
1000;3
1001;95
1002;64
1003;25
1004;52
1005;32
1006;49
1007;44
1008;7
1009;11
1010;51
1011;71
1012;69
1013;81
1014;45
1015;57
1016;26
1017;48
1018;37
1019;35
1020;79
1021;32
1022;29
1023;54
1024;79
1025;40
1026;59
1027;50
1028;48
1029;34
1030;19
1031;7
1032;5
1033;52
1034;51
1035;73
1036;64
1037;68
1038;22
1039;65
1040;81
1041;72
1042;64
1043;28
1044;10
1045;37
1046;30
1047;8
1048;18
1049;71
1050;28
1051;31
1052;48
1053;0
1054;11
1055;63
1056;66
1057;65
1058;75
1059;83
1060;60
1061;11
1062;42
1063;59
1064;70
1065;38
1066;33
1067;7
1068;63
1069;32
1070;37
1071;0
1072;7
1073;63
1074;41
1075;70
1076;25
1077;20
1078;23
1079;53
1080;92
1081;57
1082;62
1083;29
1084;35
1085;7
1086;1
1087;21
1088;38
1089;72
1090;65
1091;66
1092;28
1093;46
1094;58
1095;75
1096;75
1097;49
1098;50
1099;48
1100;37
1101;27
1102;5
1103;47
1104;63
1105;27
1106;83
1107;46
1108;61
1109;11
1110;40
1111;52
1112;20
1113;76
1114;78
1115;53
1116;39
1117;48
1118;14
1119;7
1120;27
1121;46
1122;15
1123;17
1124;30
1125;2
1126;49
1127;33
1128;68
1129;89
1130;50
1131;61
1132;33
1133;50
1134;58
1135;17
1136;11
1137;7
1138;79
1139;35
1140;49
1141;2
1142;17
1143;1
1144;0
1145;29
1146;58
1147;60
1148;16
1149;63
1150;65
1151;40
1152;66
1153;19
1154;46
1155;28
1156;1
1157;0
1158;50
1159;55
1160;55
1161;58
1162;26
1163;56
1164;63
1165;15
1166;17
1167;11
1168;31
1169;60
1170;52
1171;66
1172;60
1173;25
1174;20
1175;53
1176;74
1177;81
1178;49
1179;59
1180;62
1181;60
1182;49
1183;34
1184;0
1185;5
1186;56
1187;22
1188;35
1189;10
1190;71
1191;51
1192;29
1193;33
1194;3
1195;14
1196;65
1197;71
1198;77
1199;30
1200;41
1201;15
1202;0
1203;37
1204;33
1205;13
1206;81
1207;38
1208;49
1209;59
1210;20
1211;22
1212;46
1213;23
1214;53
1215;32
1216;32
1217;49
1218;54
1219;72
1220;55
1221;20
1222;59
1223;24
1224;22
1225;21
1226;23
1227;34
1228;44
1229;18
1230;5
1231;75
1232;83
1233;41
1234;57
1235;44
1236;39
1237;67
1238;22
1239;53
1240;40
1241;70
1242;29
1243;28
1244;3
1245;17
1246;54
1247;61
1248;24
1249;38
1250;40
1251;9
1252;65
1253;24
1254;87
1255;26
1256;20
1257;81
1258;75
1259;71
1260;55
1261;75
1262;24
1263;58
1264;36
1265;70
1266;32
1267;31
1268;15
1269;12
1270;15
1271;59
1272;59
1273;62
1274;37
1275;7
1276;16
1277;46
1278;3
1279;2
1280;50
1281;54
1282;41
1283;84
1284;45
1285;6
1286;12
1287;60
1288;83
1289;74
1290;69
1291;32
1292;56
1293;68
1294;51
1295;20
1296;33
1297;23
1298;56
1299;68
1300;82
1301;86
1302;23
1303;45
1304;34
1305;53
1306;11
1307;71
1308;48
1309;26
1310;3
1311;6
1312;31
1313;48
1314;76
1315;45
1316;36
1317;17
1318;7
1319;83
1320;26
1321;70
1322;65
1323;27
1324;25
1325;5
1326;15
1327;49
1328;33
1329;2
1330;15
1331;27
1332;51
1333;59
1334;40
1335;67
1336;54
1337;42
1338;21
1339;33
1340;41
1341;28
1342;12
1343;18
1344;60
1345;66
1346;67
1347;80
1348;33
1349;44
1350;0
1351;5
1352;2
1353;19
1354;19
1355;22
1356;53
1357;25
1358;30
1359;41
1360;2
1361;4
1362;61
1363;53
1364;60
1365;52
1366;79
1367;92
1368;21
1369;48
1370;6
1371;12
1372;30
1373;1
1374;41
1375;41
1376;9
1377;28
1378;69
1379;60
1380;57
1381;58
1382;48
1383;53
1384;17
1385;18
1386;58
1387;24
1388;70
1389;21
1390;68
1391;24
1392;78
1393;35
1394;86
1395;52
1396;32
1397;28
1398;18
1399;8
1400;56
1401;77
1402;22
1403;73
1404;36
1405;68
1406;59
1407;30
1408;39
1409;0
1410;47
1411;80
1412;29
1413;52
1414;23
1415;21
1416;35
1417;34
1418;10
1419;17
1420;40
1421;61
1422;81
1423;19
1424;19
1425;19
1426;26
1427;26
1428;38
1429;53
1430;16
1431;37
1432;18
1433;77
1434;73
1435;48
1436;41
1437;21
1438;52
1439;58
1440;11
1441;15
1442;8
1443;41
1444;46
1445;85
1446;64
1447;74
1448;66
1449;77
1450;49
1451;37
1452;6
1453;16
1454;34
1455;39
1456;2
1457;47
1458;46
1459;65
1460;53
1461;18
1462;14
1463;54
1464;29
1465;6
1466;17
1467;13
1468;54
1469;48
1470;62
1471;42
1472;57
1473;49
1474;18
1475;11
1476;23
1477;28
1478;13
1479;17
1480;48
1481;48
1482;40
1483;7
1484;16
1485;80
1486;47
1487;55
1488;63
1489;82
1490;64
1491;65
1492;81
1493;50
1494;78
1495;53
1496;61
1497;6
1498;16
1499;75
1500;37
1501;61
1502;54
1503;86
1504;58
1505;26
1506;13
1507;9
1508;13
1509;35
1510;23
1511;21
1512;21
1513;24
1514;63
1515;32
1516;50
1517;68
1518;40
1519;49
1520;39
1521;78
1522;51
1523;25
1524;20
1525;46
1526;62
1527;22
1528;84
1529;52
1530;56
1531;9
1532;15
1533;15
1534;54
1535;52
1536;56
1537;28
1538;29
1539;10
1540;46
1541;46
1542;52
1543;26
1544;11
1545;48
1546;42
1547;77
1548;25
1549;30
1550;5
1551;1
1552;26
1553;30
1554;49
1555;65
1556;63
1557;53
1558;15
1559;17
1560;53
1561;74
1562;41
1563;73
1564;53
1565;55
1566;88
1567;41
1568;34
1569;0
1570;69
1571;57
1572;80
1573;57
1574;24
1575;26
1576;1
1577;5
1578;75
1579;53
1580;26
1581;49
1582;54
1583;57
1584;49
1585;42
1586;16
1587;61
1588;51
1589;89
1590;24
1591;70
1592;25
1593;46
1594;24
1595;3
1596;25
1597;63
1598;12
1599;77
1600;75
1601;36
1602;29
1603;25
1604;57
1605;60
1606;34
1607;64
1608;60
1609;86
1610;91
1611;48
1612;29
1613;2
1614;15
1615;10
1616;7
1617;19
1618;33
1619;1
1620;1
1621;78
1622;32
1623;28
1624;1
1625;5
1626;11
1627;4
1628;32
1629;5
1630;49
1631;48
1632;47
1633;14
1634;9
1635;54
1636;21
1637;74
1638;76
1639;69
1640;60
1641;21
1642;56
1643;57
1644;24
1645;58
1646;23
1647;38
1648;61
1649;19
1650;55
1651;29
1652;34
1653;8
1654;71
1655;67
1656;60
1657;36
1658;6
1659;14
1660;35
1661;49
1662;17
1663;6
1664;62
1665;73
1666;32
1667;72
1668;69
1669;35
1670;56
1671;21
1672;25
1673;72
1674;62
1675;42
1676;54
1677;30
1678;6
1679;11
1680;7
1681;56
1682;12
1683;60
1684;69
1685;23
1686;59
1687;57
1688;26
1689;25
1690;24
1691;26
1692;29
1693;59
1694;30
1695;38
1696;3
1697;25
1698;71
1699;32
1700;61
1701;28
1702;54
1703;71
1704;52
1705;49
1706;71
1707;32
1708;45
1709;1
1710;2
1711;87
1712;29
1713;50
1714;59
1715;35
1716;70
1717;75
1718;21
1719;82
1720;42
1721;38
1722;39
1723;12
1724;0
1725;44
1726;55
1727;38
1728;56
1729;13
1730;8
1731;17
1732;35
1733;48
1734;9
1735;14
1736;77
1737;62
1738;50
1739;23
1740;71
1741;21
1742;50
1743;32
1744;41
1745;49
1746;0
1747;1
1748;26
1749;52
1750;44
1751;49
1752;15
1753;0
1754;28
1755;41
1756;11
1757;10
1758;78
1759;28
1760;31
1761;27
1762;51
1763;10
1764;7
1765;46
1766;53
1767;73
1768;49
1769;49
1770;45
1771;8
1772;22
1773;36
1774;47
1775;42
1776;6
1777;11
1778;13
1779;61
1780;37
1781;6
1782;56
1783;14
1784;42
1785;30
1786;9
1787;9
1788;79
1789;51
1790;75
1791;25
1792;63
1793;65
1794;30
1795;71
1796;85
1797;59
1798;49
1799;67
1800;29
1801;54
1802;72
1803;63
1804;66
1805;55
1806;59
1807;23
1808;24
1809;40
1810;56
1811;16
1812;21
1813;24
1814;0
1815;2
1816;44
1817;31
1818;36
1819;5
1820;48
1821;25
1822;25
1823;79
1824;66
1825;20
1826;72
1827;53
1828;74
1829;21
1830;53
1831;41
1832;50
1833;54
1834;29
1835;10
1836;15
1837;35
1838;0
1839;2
1840;20
1841;49
1842;11
1843;4
1844;58
1845;65
1846;88
1847;27
1848;67
1849;79
1850;58
1851;82
1852;51
1853;58
1854;22
1855;57
1856;53
1857;14
1858;7
1859;14
1860;35
1861;88
1862;83
1863;84
1864;63
1865;30
1866;59
1867;9
1868;15
1869;14
1870;28
1871;49
1872;0
1873;1
1874;22
1875;26
1876;70
1877;42
1878;37
1879;56
1880;30
1881;61
1882;33
1883;57
1884;20
1885;21
1886;21
1887;87
1888;34
1889;29
1890;27
1891;16
1892;8
1893;49
1894;8
1895;52
1896;45
1897;32
1898;25
1899;21
1900;69
1901;21
1902;39
1903;44
1904;13
1905;50
1906;71
1907;80
1908;61
1909;85
1910;28
1911;32
1912;46
1913;51
1914;30
1915;19
1916;35
1917;1
1918;18
1919;91
1920;38
1921;58
1922;93
1923;60
1924;63
1925;88
1926;62
1927;23
1928;54
1929;42
1930;18
1931;9
1932;68
1933;68
1934;46
1935;61
1936;56
1937;73
1938;19
1939;20
1940;53
1941;20
1942;25
1943;19
1944;53
1945;57
1946;37
1947;21
1948;24
1949;24
1950;50
1951;41
1952;14
1953;10
1954;45
1955;44
1956;27
1957;0
1958;14
1959;1
1960;69
1961;57
1962;50
1963;69
1964;65
1965;69
1966;69
1967;53
1968;78
1969;65
1970;64
1971;72
1972;47
1973;81
1974;31
1975;37
1976;30
1977;1
1978;3
1979;74
1980;29
1981;26
1982;3
1983;4
1984;16
1985;32
1986;42
1987;17
1988;12
1989;26
1990;4
1991;1
1992;23
1993;56
1994;25
1995;39
1996;5
1997;0
1998;51
1999;29
2000;50
2001;43
2002;17
2003;15
2004;86
2005;49
2006;80
2007;54
2008;42
2009;26
2010;47
2011;4
2012;26
2013;23
2014;8
2015;18
2016;54
2017;42
2018;17
2019;11
2020;11
2021;24
2022;40
2023;22
2024;24
2025;23
2026;25
2027;53
2028;49
2029;12
2030;11
2031;62
2032;61
2033;11
2034;15
2035;7
2036;62
2037;15
2038;6
2039;70
2040;72
2041;29
2042;48
2043;11
2044;0
2045;5
2046;1
2047;48
2048;43
2049;51
2050;64
2051;48
2052;20
2053;0
2054;4
2055;67
2056;67
2057;27
2058;22
2059;27
2060;31
2061;47
2062;83
2063;66
2064;65
2065;35
2066;41
2067;11
2068;17
2069;11
2070;20
2071;32
2072;11
2073;5
2074;45
2075;23
2076;29
2077;2
2078;2
2079;0
2080;12
2081;48
2082;1
2083;57
2084;31
2085;25
2086;78
2087;83
2088;83
2089;32
2090;55
2091;52
2092;47
2093;53
2094;36
2095;28
2096;45
2097;43
2098;48
2099;40
2100;58
2101;22
2102;41
2103;93
2104;67
2105;68
2106;50
2107;22
2108;49
2109;51
2110;66
2111;46
2112;39
2113;14
2114;54
2115;75
2116;21
2117;51
2118;32
2119;55
2120;63
2121;70
2122;70
2123;72
2124;24
2125;23
2126;25
2127;50
2128;49
2129;10
2130;21
2131;23
2132;54
2133;60
2134;57
2135;19
2136;19
2137;44
2138;17
2139;61
2140;37
2141;13
2142;41
2143;30
2144;28
2145;18
2146;11
2147;30
2148;29
2149;6
2150;62
2151;30
2152;62
2153;82
2154;87
2155;26
2156;67
2157;78
2158;28
2159;48
2160;21
2161;41
2162;79
2163;87
2164;56
2165;28
2166;52
2167;44
2168;1
2169;8
2170;25
2171;19
2172;11
2173;18
2174;64
2175;27
2176;11
2177;54
2178;10
2179;40
2180;51
2181;13
2182;11
2183;16
2184;23
2185;71
2186;31
2187;60
2188;51
2189;53
2190;58
2191;94
2192;85
2193;20
2194;60
2195;33
2196;68
2197;26
2198;65
2199;59
2200;22
2201;22
2202;32
2203;23
2204;46
2205;51
2206;51
2207;61
2208;19
2209;36
2210;0
2211;15
2212;40
2213;36
2214;14
2215;0
2216;1
2217;66
2218;78
2219;70
2220;61
2221;36
2222;53
2223;82
2224;72
2225;39
2226;69
2227;64
2228;23
2229;49
2230;79
2231;76
2232;45
2233;25
2234;42
2235;58
2236;21
2237;22
2238;25
2239;54
2240;22
2241;41
2242;21
2243;21
2244;23
2245;92
2246;86
2247;63
2248;61
2249;21
2250;53
2251;46
2252;35
2253;51
2254;25
2255;20
2256;32
2257;30
2258;30
2259;31
2260;30
2261;68
2262;49
2263;44
2264;29
2265;16
2266;17
2267;29
2268;23
2269;54
2270;40
2271;57
2272;76
2273;30
2274;45
2275;14
2276;60
2277;61
2278;40
2279;80
2280;40
2281;31
2282;0
2283;3
2284;28
2285;28
2286;51
2287;54
2288;12
2289;10
2290;8
2291;75
2292;42
2293;61
2294;33
2295;12
2296;13
2297;77
2298;72
2299;32
2300;24
2301;93
2302;47
2303;73
2304;81
2305;54
2306;32
2307;71
2308;20
2309;43
2310;72
2311;69
2312;63
2313;56
2314;70
2315;83
2316;29
2317;75
2318;40
2319;25
2320;23
2321;48
2322;48
2323;0
2324;21
2325;23
2326;9
2327;3
2328;15
2329;89
2330;26
2331;58
2332;30
2333;49
2334;18
2335;11
2336;61
2337;64
2338;76
2339;31
2340;48
2341;54
2342;31
2343;56
2344;50
2345;77
2346;76
2347;59
2348;24
2349;56
2350;49
2351;84
2352;67
2353;68
2354;52
2355;57
2356;62
2357;54
2358;65
2359;58
2360;63
2361;10
2362;8
2363;15
2364;61
2365;65
2366;30
2367;38
2368;3
2369;10
2370;61
2371;42
2372;46
2373;81
2374;57
2375;54
2376;62
2377;33
2378;69
2379;82
2380;50
2381;75
2382;54
2383;13
2384;58
2385;63
2386;75
2387;50
2388;74
2389;19
2390;23
2391;70
2392;38
2393;26
2394;7
2395;17
2396;20
2397;61
2398;32
2399;48
2400;56
2401;78
2402;44
2403;22
2404;34
2405;21
2406;20
2407;24
2408;71
2409;21
2410;66
2411;85
2412;48
2413;9
2414;10
2415;59
2416;18
2417;20
2418;47
2419;19
2420;69
2421;55
2422;21
2423;47
2424;22
2425;48
2426;30
2427;21
2428;57
2429;39
2430;36
2431;63
2432;22
2433;38
2434;79
2435;47
2436;77
2437;22
2438;58
2439;59
2440;88
2441;70
2442;65
2443;36
2444;51
2445;22
2446;82
2447;26
2448;13
2449;6
2450;57
2451;57
2452;50
2453;32
2454;44
2455;11
2456;16
2457;45
2458;72
2459;45
2460;57
2461;48
2462;6
2463;30
2464;25
2465;2
2466;10
2467;66
2468;35
2469;27
2470;50
2471;46
2472;38
2473;22
2474;56
2475;73
2476;79
2477;62
2478;30
2479;84
2480;41
2481;92
2482;85
2483;22
2484;42
2485;69
2486;92
2487;71
2488;58
2489;29
2490;51
2491;13
2492;79
2493;58
2494;57
2495;55
2496;45
2497;31
2498;8
2499;26
2500;28
2501;29
2502;7
2503;50
2504;73
2505;36
2506;37
2507;3
2508;70
2509;47
2510;36
2511;15
2512;11
2513;27
2514;34
2515;12
2516;13
2517;79
2518;78
2519;52
2520;27
2521;30
2522;15
2523;16
2524;81
2525;62
2526;25
2527;21
2528;49
2529;54
2530;26
2531;37
2532;2
2533;13
2534;77
2535;51
2536;23
2537;58
2538;22
2539;40
2540;86
2541;63
2542;45
2543;69
2544;72
2545;66
2546;87
2547;82
2548;41
2549;11
2550;33
2551;27
2552;10
2553;25
2554;53
2555;58
2556;36
2557;65
2558;52
2559;73
2560;50
2561;43
2562;65
2563;47
2564;88
2565;70
2566;49
2567;36
2568;23
2569;72
2570;26
2571;50
2572;76
2573;45
2574;22
2575;4
2576;2
2577;80
2578;56
2579;6
2580;15
2581;80
2582;23
2583;50
2584;66
2585;56
2586;72
2587;32
2588;62
2589;8
2590;12
2591;16
2592;37
2593;49
2594;1
2595;1
2596;46
2597;16
2598;71
2599;45
2600;59
2601;34
2602;49
2603;37
2604;53
2605;71
2606;50
2607;22
2608;47
2609;49
2610;51
2611;12
2612;6
2613;28
2614;43
2615;19
2616;29
2617;1
2618;8
2619;96
2620;34
2621;32
2622;59
2623;53
2624;66
2625;36
2626;31
2627;1
2628;68
2629;71
2630;19
2631;71
2632;50
2633;77
2634;21
2635;77
2636;23
2637;69
2638;56
2639;58
2640;64
2641;61
2642;70
2643;71
2644;45
2645;35
2646;9
2647;45
2648;14
2649;56
2650;72
2651;51
2652;19
2653;24
2654;64
2655;61
2656;22
2657;49
2658;79
2659;50
2660;57
2661;6
2662;67
2663;70
2664;27
2665;47
2666;80
2667;37
2668;42
2669;45
2670;58
2671;8
2672;15
2673;36
2674;73
2675;82
2676;32
2677;88
2678;35
2679;9
2680;36
2681;52
2682;69
2683;62
2684;64
2685;49
2686;45
2687;66
2688;80
2689;60
2690;66
2691;27
2692;57
2693;49
2694;9
2695;12
2696;32
2697;83
2698;58
2699;66
2700;78
2701;51
2702;37
2703;43
2704;13
2705;11
2706;66
2707;60
2708;27
2709;50
2710;25
2711;19
2712;60
2713;50
2714;14
2715;16
2716;60
2717;48
2718;62
2719;31
2720;49
2721;37
2722;2
2723;1
2724;70
2725;78
2726;33
2727;40
2728;11
2729;15
2730;60
2731;46
2732;43
2733;51
2734;14
2735;14
2736;12
2737;53
2738;51
2739;57
2740;55
2741;63
2742;27
2743;17
2744;15
2745;67
2746;88
2747;66
2748;45
2749;6
2750;45
2751;42
2752;16
2753;6
2754;38
2755;23
2756;0
2757;2
2758;15
2759;62
2760;66
2761;36
2762;56
2763;74
2764;57
2765;20
2766;92
2767;33
2768;27
2769;20
2770;22
2771;53
2772;45
2773;9
2774;11
2775;15
2776;17
2777;73
2778;74
2779;47
2780;48
2781;48
2782;16
2783;68
2784;44
2785;38
2786;57
2787;7
2788;10
2789;81
2790;60
2791;53
2792;53
2793;44
2794;33
2795;1
2796;16
2797;69
2798;67
2799;23
2800;73
2801;58
2802;32
2803;9
2804;15
2805;17
2806;61
2807;39
2808;16
2809;6
2810;12
2811;51
2812;76
2813;63
2814;80
2815;71
2816;42
2817;29
2818;61
2819;70
2820;71
2821;34
2822;62
2823;46
2824;9
2825;48
2826;68
2827;55
2828;29
2829;39
2830;16
2831;8
2832;11
2833;41
2834;25
2835;36
2836;2
2837;3
2838;70
2839;57
2840;61
2841;47
2842;22
2843;19
2844;46
2845;44
2846;11
2847;32
2848;31
2849;73
2850;81
2851;29
2852;31
2853;25
2854;89
2855;25
2856;68
2857;54
2858;19
2859;68
2860;73
2861;36
2862;64
2863;18
2864;6
2865;69
2866;62
2867;26
2868;26
2869;3
2870;18
2871;5
2872;60
2873;70
2874;64
2875;21
2876;24
2877;26
2878;74
2879;56
2880;21
2881;65
2882;24
2883;63
2884;27
2885;71
2886;28
2887;77
2888;75
2889;21
2890;21
2891;63
2892;33
2893;64
2894;56
2895;45
2896;26
2897;66
2898;30
2899;49
2900;10
2901;59
2902;69
2903;36
2904;21
2905;69
2906;60
2907;22
2908;28
2909;51
2910;56
2911;51
2912;62
2913;59
2914;66
2915;32
2916;64
2917;32
2918;4
2919;54
2920;80
2921;54
2922;58
2923;17
2924;18
2925;25
2926;47
2927;58
2928;34
2929;16
2930;72
2931;66
2932;46
2933;48
2934;66
2935;43
2936;46
2937;2
2938;2
2939;78
2940;73
2941;26
2942;70
2943;52
2944;29
2945;38
2946;45
2947;9
2948;8
2949;64
2950;55
2951;52
2952;69
2953;64
2954;61
2955;71
2956;64
2957;49
2958;59
2959;47
2960;17
2961;55
2962;35
2963;48
2964;33
2965;8
2966;14
2967;57
2968;29
2969;35
2970;60
2971;53
2972;15
2973;6
2974;54
2975;47
2976;26
2977;58
2978;62
2979;33
2980;74
2981;54
2982;55
2983;36
2984;80
2985;52
2986;44
2987;12
2988;14
2989;18
2990;21
2991;8
2992;3
2993;62
2994;58
2995;11
2996;16
2997;10
2998;11
2999;65
3000;50
3001;41
3002;22
3003;57
3004;24
3005;51
3006;57
3007;19
3008;82
3009;51
3010;24
3011;67
3012;74
3013;24
3014;63
3015;51
3016;24
3017;62
3018;63
3019;22
3020;47
3021;67
3022;32
3023;71
3024;20
3025;20
3026;25
3027;23
3028;78
3029;72
3030;35
3031;51
3032;6
3033;11
3034;6
3035;24
3036;69
3037;29
3038;65
3039;52
3040;59
3041;58
3042;24
3043;24
3044;30
3045;26
3046;11
3047;70
3048;60
3049;25
3050;41
3051;20
3052;1
3053;6
3054;64
3055;51
3056;15
3057;13
3058;42
3059;49
3060;16
3061;14
3062;74
3063;22
3064;24
3065;53
3066;60
3067;66
3068;70
3069;69
3070;64
3071;13
3072;49
3073;68
3074;74
3075;75
3076;62
3077;22
3078;33
3079;36
3080;56
3081;53
3082;46
3083;23
3084;26
3085;11
3086;49
3087;77
3088;61
3089;64
3090;41
3091;15
3092;15
3093;56
3094;45
3095;32
3096;8
3097;35
3098;53
3099;29
3100;9
3101;14
3102;29
3103;66
3104;31
3105;32
3106;80
3107;72
3108;75
3109;38
3110;44
3111;5
3112;4
3113;63
3114;51
3115;65
3116;57
3117;39
3118;48
3119;50
3120;31
3121;16
3122;10
3123;8
3124;46
3125;7
3126;72
3127;74
3128;51
3129;46
3130;45
3131;27
3132;0
3133;48
3134;41
3135;13
3136;5
3137;71
3138;19
3139;50
3140;68
3141;54
3142;63
3143;19
3144;29
3145;63
3146;53
3147;56
3148;30
3149;34
3150;6
3151;17
3152;14
3153;8
3154;32
3155;37
3156;5
3157;48
3158;28
3159;0
3160;13
3161;12
3162;32
3163;39
3164;14
3165;10
3166;47
3167;42
3168;29
3169;17
3170;10
3171;40
3172;28
3173;9
3174;16
3175;6
3176;64
3177;73
3178;58
3179;28
3180;33
3181;20
3182;65
3183;51
3184;58
3185;48
3186;63
3187;12
3188;18
3189;15
3190;51
3191;70
3192;22
3193;31
3194;52
3195;65
3196;44
3197;18
3198;61
3199;26
3200;39
3201;28
3202;1
3203;10
3204;81
3205;33
3206;92
3207;39
3208;42
3209;6
3210;12
3211;53
3212;27
3213;11
3214;88
3215;25
3216;82
3217;31
3218;30
3219;38
3220;5
3221;3
3222;29
3223;26
3224;48
3225;84
3226;63
3227;76
3228;65
3229;40
3230;80
3231;26
3232;55
3233;51
3234;69
3235;51
3236;26
3237;93
3238;24
3239;62
3240;45
3241;24
3242;29
3243;24
3244;25
3245;25
3246;58
3247;67
3248;21
3249;23
3250;0
3251;51
3252;32
3253;24
3254;28
3255;22
3256;24
3257;75
3258;86
3259;23
3260;23
3261;56
3262;46
3263;31
3264;84
3265;35
3266;26
3267;8
3268;14
3269;67
3270;58
3271;53
3272;79
3273;79
3274;23
3275;35
3276;13
3277;0
3278;60
3279;48
3280;28
3281;40
3282;32
3283;13
3284;14
3285;69
3286;25
3287;29
3288;55
3289;78
3290;47
3291;31
3292;63
3293;45
3294;36
3295;45
3296;36
3297;17
3298;13
3299;27
3300;53
3301;18
3302;27
3303;48
3304;44
3305;45
3306;54
3307;27
3308;18
3309;9
3310;27
3311;51
3312;16
3313;66
3314;29
3315;32
3316;48
3317;10
3318;71
3319;88
3320;62
3321;43
3322;72
3323;37
3324;60
3325;68
3326;61
3327;45
3328;0
3329;35
3330;14
3331;64
3332;23
3333;58
3334;28
3335;31
3336;61
3337;83
3338;29
3339;81
3340;70
3341;72
3342;39
3343;12
3344;61
3345;68
3346;60
3347;87
3348;56
3349;64
3350;67
3351;36
3352;51
3353;18
3354;70
3355;51
3356;76
3357;29
3358;59
3359;25
3360;59
3361;75
3362;57
3363;74
3364;64
3365;24
3366;45
3367;57
3368;70
3369;56
3370;61
3371;77
3372;35
3373;22
3374;61
3375;58
3376;36
3377;14
3378;14
3379;51
3380;28
3381;25
3382;21
3383;89
3384;41
3385;61
3386;14
3387;9
3388;40
3389;30
3390;17
3391;33
3392;49
3393;50
3394;41
3395;67
3396;64
3397;94
3398;54
3399;51
3400;44
3401;54
3402;24
3403;19
3404;66
3405;82
3406;69
3407;68
3408;67
3409;49
3410;81
3411;56
3412;74
3413;49
3414;30
3415;16
3416;6
3417;12
3418;51
3419;38
3420;17
3421;15
3422;65
3423;51
3424;81
3425;69
3426;44
3427;27
3428;39
3429;47
3430;0
3431;30
3432;33
3433;14
3434;77
3435;69
3436;28
3437;38
3438;5
3439;8
3440;2
3441;51
3442;39
3443;44
3444;5
3445;58
3446;40
3447;40
3448;3
3449;1
3450;49
3451;58
3452;86
3453;69
3454;61
3455;9
3456;6
3457;19
3458;89
3459;71
3460;75
3461;38
3462;0
3463;42
3464;31
3465;52
3466;50
3467;77
3468;29
3469;50
3470;46
3471;54
3472;40
3473;45
3474;35
3475;7
3476;11
3477;33
3478;30
3479;13
3480;18
3481;22
3482;25
3483;59
3484;22
3485;25
3486;67
3487;33
3488;45
3489;2
3490;4
3491;90
3492;49
3493;29
3494;43
3495;18
3496;66
3497;86
3498;32
3499;80
3500;63
3501;51
3502;26
3503;8
3504;24
3505;87
3506;79
3507;67
3508;85
3509;33
3510;62
3511;35
3512;29
3513;68
3514;53
3515;49
3516;60
3517;53
3518;69
3519;38
3520;41
3521;4
3522;2
3523;66
3524;51
3525;68
3526;20
3527;21
3528;62
3529;60
3530;13
3531;46
3532;43
3533;53
3534;77
3535;67
3536;45
3537;56
3538;64
3539;19
3540;23
3541;37
3542;58
3543;53
3544;56
3545;27
3546;56
3547;33
3548;67
3549;44
3550;61
3551;14
3552;19
3553;28
3554;32
3555;43
3556;4
3557;1
3558;48
3559;72
3560;50
3561;54
3562;47
3563;64
3564;37
3565;64
3566;10
3567;10
3568;10
3569;56
3570;68
3571;62
3572;53
3573;33
3574;3
3575;0
3576;3
3577;17
3578;42
3579;60
3580;72
3581;29
3582;31
3583;4
3584;1
3585;3
3586;47
3587;62
3588;26
3589;44
3590;18
3591;13
3592;87
3593;26
3594;76
3595;67
3596;72
3597;63
3598;31
3599;53
3600;87
3601;46
3602;72
3603;21
3604;29
3605;18
3606;81
3607;49
3608;63
3609;42
3610;44
3611;3
3612;2
3613;18
3614;52
3615;54
3616;27
3617;45
3618;21
3619;17
3620;10
3621;25
3622;21
3623;48
3624;45
3625;91
3626;21
3627;91
3628;24
3629;81
3630;34
3631;51
3632;6
3633;31
3634;60
3635;47
3636;69
3637;59
3638;56
3639;68
3640;69
3641;23
3642;24
3643;24
3644;64
3645;72
3646;59
3647;32
3648;53
3649;62
3650;30
3651;69
3652;57
3653;54
3654;53
3655;13
3656;17
3657;46
3658;26
3659;11
3660;7
3661;19
3662;66
3663;54
3664;55
3665;34
3666;1
3667;13
3668;67
3669;64
3670;45
3671;53
3672;66
3673;50
3674;10
3675;14
3676;29
3677;57
3678;53
3679;56
3680;24
3681;87
3682;38
3683;77
3684;56
3685;19
3686;78
3687;44
3688;74
3689;84
3690;20
3691;93
3692;25
3693;3
3694;2
3695;56
3696;57
3697;81
3698;51
3699;55
3700;51
3701;31
3702;50
3703;59
3704;41
3705;28
3706;3
3707;0
3708;5
3709;34
3710;14
3711;52
3712;40
3713;44
3714;2
3715;69
3716;60
3717;29
3718;61
3719;12
3720;8
3721;68
3722;60
3723;48
3724;78
3725;49
3726;69
3727;61
3728;87
3729;81
3730;50
3731;23
3732;19
3733;56
3734;77
3735;53
3736;53
3737;52
3738;57
3739;32
3740;44
3741;9
3742;9
3743;54
3744;53
3745;31
3746;51
3747;77
3748;22
3749;24
3750;54
3751;53
3752;43
3753;44
3754;40
3755;9
3756;9
3757;32
3758;20
3759;49
3760;29
3761;47
3762;56
3763;8
3764;9
3765;11
3766;20
3767;22
3768;61
3769;27
3770;52
3771;25
3772;55
3773;26
3774;43
3775;58
3776;19
3777;58
3778;14
3779;82
3780;78
3781;53
3782;32
3783;45
3784;44
3785;47
3786;10
3787;13
3788;20
3789;37
3790;4
3791;11
3792;5
3793;40
3794;26
3795;80
3796;67
3797;52
3798;76
3799;72
3800;47
3801;51
3802;6
3803;14
3804;50
3805;58
3806;6
3807;11
3808;61
3809;35
3810;49
3811;74
3812;48
3813;37
3814;8
3815;6
3816;49
3817;59
3818;81
3819;22
3820;46
3821;58
3822;19
3823;54
3824;62
3825;22
3826;87
3827;51
3828;22
3829;49
3830;29
3831;25
3832;26
3833;50
3834;75
3835;68
3836;87
3837;49
3838;55
3839;41
3840;12
3841;12
3842;17
3843;48
3844;58
3845;9
3846;6
3847;21
3848;32
3849;61
3850;19
3851;30
3852;59
3853;10
3854;18
3855;29
3856;66
3857;51
3858;32
3859;70
3860;30
3861;39
3862;8
3863;60
3864;62
3865;85
3866;52
3867;75
3868;53
3869;76
3870;50
3871;38
3872;59
3873;59
3874;45
3875;42
3876;17
3877;12
3878;76
3879;68
3880;26
3881;64
3882;48
3883;52
3884;11
3885;42
3886;43
3887;53
3888;10
3889;13
3890;25
3891;47
3892;32
3893;56
3894;11
3895;57
3896;52
3897;48
3898;28
3899;13
3900;7
3901;58
3902;84
3903;86
3904;49
3905;69
3906;31
3907;52
3908;77
3909;27
3910;20
3911;57
3912;21
3913;26
3914;54
3915;75
3916;20
3917;45
3918;31
3919;37
3920;16
3921;29
3922;23
3923;4
3924;18
3925;29
3926;44
3927;75
3928;72
3929;36
3930;5
3931;49
3932;22
3933;54
3934;29
3935;69
3936;27
3937;13
3938;54
3939;54
3940;25
3941;22
3942;80
3943;32
3944;6
3945;15
3946;77
3947;39
3948;51
3949;11
3950;14
3951;14
3952;53
3953;51
3954;28
3955;93
3956;72
3957;44
3958;40
3959;83
3960;61
3961;27
3962;25
3963;23
3964;56
3965;67
3966;58
3967;50
3968;21
3969;23
3970;46
3971;64
3972;52
3973;79
3974;26
3975;41
3976;12
3977;26
3978;61
3979;51
3980;66
3981;82
3982;68
3983;47
3984;63
3985;25
3986;63
3987;58
3988;20
3989;64
3990;32
3991;62
3992;18
3993;30
3994;48
3995;8
3996;17
3997;71
3998;74
3999;48
4000;56
4001;57
4002;67
4003;74
4004;75
4005;42
4006;81
4007;47
4008;86
4009;22
4010;31
4011;49
4012;6
4013;16
4014;60
4015;74
4016;46
4017;40
4018;4
4019;24
4020;1
4021;37
4022;95
4023;44
4024;31
4025;11
4026;17
4027;17
4028;60
4029;53
4030;83
4031;71
4032;75
4033;54
4034;64
4035;61
4036;27
4037;38
4038;0
4039;5
4040;13
4041;36
4042;26
4043;48
4044;20
4045;83
4046;53
4047;62
4048;46
4049;92
4050;71
4051;34
4052;39
4053;24
4054;20
4055;68
4056;64
4057;82
4058;26
4059;59
4060;73
4061;23
4062;29
4063;43
4064;1
4065;49
4066;58
4067;37
4068;38
4069;12
4070;10
4071;51
4072;27
4073;17
4074;36
4075;21
4076;64
4077;88
4078;45
4079;82
4080;75
4081;24
4082;24
4083;19
4084;32
4085;23
4086;32
4087;56
4088;74
4089;63
4090;22
4091;5
4092;90
4093;28
4094;29
4095;11
4096;63
4097;80
4098;43
4099;34
4100;14
4101;17
4102;0
4103;43
4104;29
4105;9
4106;65
4107;49
4108;45
4109;3
4110;10
4111;69
4112;48
4113;29
4114;77
4115;23
4116;49
4117;80
4118;38
4119;77
4120;58
4121;37
4122;88
4123;63
4124;30
4125;14
4126;7
4127;62
4128;50
4129;54
4130;43
4131;60
4132;48
4133;12
4134;7
4135;15
4136;61
4137;61
4138;49
4139;34
4140;17
4141;3
4142;70
4143;76
4144;55
4145;41
4146;15
4147;13
4148;53
4149;67
4150;61
4151;74
4152;91
4153;39
4154;29
4155;5
4156;13
4157;1
4158;45
4159;23
4160;28
4161;3
4162;8
4163;40
4164;65
4165;22
4166;44
4167;86
4168;33
4169;34
4170;67
4171;53
4172;77
4173;20
4174;36
4175;35
4176;40
4177;14
4178;14
4179;63
4180;54
4181;62
4182;47
4183;27
4184;56
4185;27
4186;23
4187;23
4188;32
4189;23
4190;21
4191;50
4192;80
4193;78
4194;58
4195;47
4196;76
4197;57
4198;53
4199;56
4200;26
4201;64
4202;40
4203;62
4204;35
4205;18
4206;16
4207;76
4208;53
4209;21
4210;66
4211;70
4212;80
4213;58
4214;58
4215;23
4216;77
4217;65
4218;75
4219;49
4220;42
4221;54
4222;16
4223;6
4224;28
4225;32
4226;1
4227;4
4228;25
4229;21
4230;65
4231;51
4232;58
4233;23
4234;62
4235;57
4236;47
4237;22
4238;40
4239;20
4240;48
4241;49
4242;81
4243;73
4244;72
4245;53
4246;82
4247;82
4248;46
4249;21
4250;69
4251;24
4252;66
4253;70
4254;20
4255;63
4256;61
4257;80
4258;48
4259;23
4260;54
4261;70
4262;80
4263;80
4264;31
4265;21
4266;10
4267;5
4268;68
4269;65
4270;25
4271;32
4272;7
4273;51
4274;24
4275;48
4276;0
4277;8
4278;81
4279;47
4280;61
4281;60
4282;35
4283;43
4284;26
4285;34
4286;0
4287;4
4288;8
4289;0
4290;35
4291;70
4292;64
4293;65
4294;49
4295;1
4296;5
4297;10
4298;21
4299;29
4300;60
4301;62
4302;30
4303;66
4304;81
4305;23
4306;22
4307;61
4308;79
4309;53
4310;75
4311;52
4312;81
4313;52
4314;24
4315;67
4316;42
4317;5
4318;7
4319;54
4320;28
4321;60
4322;29
4323;35
4324;16
4325;19
4326;20
4327;87
4328;31
4329;56
4330;27
4331;33
4332;9
4333;9
4334;13
4335;55
4336;55
4337;31
4338;41
4339;6
4340;6
4341;8
4342;46
4343;10
4344;12
4345;75
4346;74
4347;54
4348;69
4349;33
4350;22
4351;2
4352;1
4353;46
4354;39
4355;16
4356;7
4357;40
4358;64
4359;20
4360;55
4361;60
4362;54
4363;74
4364;78
4365;53
4366;52
4367;24
4368;49
4369;63
4370;30
4371;35
4372;35
4373;4
4374;17
4375;9
4376;23
4377;36
4378;80
4379;32
4380;52
4381;18
4382;15
4383;9
4384;69
4385;81
4386;24
4387;53
4388;19
4389;86
4390;24
4391;61
4392;22
4393;64
4394;58
4395;86
4396;19
4397;59
4398;41
4399;55
4400;47
4401;15
4402;16
4403;67
4404;93
4405;45
4406;51
4407;19
4408;64
4409;60
4410;10
4411;14
4412;66
4413;24
4414;55
4415;44
4416;54
4417;10
4418;37
4419;32
4420;11
4421;67
4422;54
4423;70
4424;28
4425;52
4426;40
4427;34
4428;0
4429;0
4430;62
4431;47
4432;64
4433;72
4434;21
4435;70
4436;49
4437;28
4438;21
4439;32
4440;80
4441;59
4442;55
4443;71
4444;60
4445;50
4446;52
4447;53
4448;38
4449;34
4450;10
4451;7
4452;60
4453;52
4454;28
4455;37
4456;0
4457;5
4458;42
4459;21
4460;3
4461;11
4462;58
4463;76
4464;45
4465;36
4466;11
4467;10
4468;22
4469;70
4470;56
4471;81
4472;87
4473;49
4474;62
4475;20
4476;23
4477;20
4478;24
4479;72
4480;82
4481;52
4482;83
4483;77
4484;32
4485;60
4486;35
4487;37
4488;8
4489;48
4490;56
4491;25
4492;20
4493;20
4494;54
4495;11
4496;8
4497;27
4498;27
4499;30
4500;11
4501;17
4502;46
4503;44
4504;18
4505;11
4506;21
4507;19
4508;26
4509;68
4510;52
4511;49
4512;30
4513;12
4514;18
4515;37
4516;32
4517;15
4518;4
4519;34
4520;26
4521;12
4522;16
4523;11
4524;47
4525;32
4526;5
4527;5
4528;65
4529;52
4530;54
4531;6
4532;13
4533;14
4534;69
4535;51
4536;31
4537;16
4538;96
4539;60
4540;30
4541;76
4542;72
4543;34
4544;34
4545;49
4546;23
4547;19
4548;58
4549;53
4550;43
4551;29
4552;32
4553;48
4554;82
4555;65
4556;24
4557;32
4558;28
4559;10
4560;50
4561;45
4562;48
4563;0
4564;5
4565;29
4566;29
4567;20
4568;53
4569;48
4570;43
4571;57
4572;58
4573;9
4574;14
4575;28
4576;43
4577;1
4578;5
4579;86
4580;44
4581;66
4582;92
4583;71
4584;70
4585;65
4586;73
4587;76
4588;30
4589;24
4590;53
4591;29
4592;48
4593;14
4594;13
4595;29
4596;26
4597;69
4598;26
4599;49
4600;14
4601;36
4602;34
4603;1
4604;35
4605;37
4606;3
4607;18
4608;72
4609;71
4610;61
4611;22
4612;68
4613;69
4614;50
4615;66
4616;34
4617;38
4618;48
4619;15
4620;17
4621;15
4622;69
4623;30
4624;49
4625;10
4626;3
4627;16
4628;58
4629;50
4630;52
4631;54
4632;19
4633;45
4634;10
4635;57
4636;61
4637;51
4638;26
4639;32
4640;58
4641;55
4642;38
4643;21
4644;38
4645;17
4646;4
4647;3
4648;59
4649;76
4650;71
4651;81
4652;42
4653;38
4654;40
4655;9
4656;18
4657;30
4658;52
4659;26
4660;10
4661;7
4662;60
4663;20
4664;23
4665;83
4666;48
4667;72
4668;44
4669;33
4670;7
4671;23
4672;47
4673;88
4674;60
4675;27
4676;37
4677;54
4678;50
4679;33
4680;25
4681;28
4682;45
4683;30
4684;60
4685;51
4686;28
4687;33
4688;1
4689;1
4690;31
4691;41
4692;50
4693;58
4694;25
4695;86
4696;69
4697;54
4698;59
4699;9
4700;6
4701;20
4702;73
4703;82
4704;72
4705;21
4706;76
4707;46
4708;84
4709;44
4710;59
4711;60
4712;64
4713;65
4714;44
4715;47
4716;3
4717;64
4718;25
4719;53
4720;36
4721;61
4722;94
4723;61
4724;70
4725;57
4726;78
4727;66
4728;71
4729;67
4730;25
4731;66
4732;24
4733;60
4734;26
4735;71
4736;22
4737;34
4738;45
4739;18
4740;8
4741;43
4742;30
4743;16
4744;15
4745;52
4746;87
4747;28
4748;12
4749;78
4750;88
4751;41
4752;63
4753;32
4754;23
4755;70
4756;72
4757;29
4758;61
4759;16
4760;40
4761;87
4762;23
4763;43
4764;26
4765;49
4766;44
4767;70
4768;71
4769;52
4770;70
4771;85
4772;21
4773;77
4774;45
4775;23
4776;36
4777;48
4778;10
4779;12
4780;16
4781;17
4782;66
4783;66
4784;26
4785;65
4786;35
4787;21
4788;3
4789;3
4790;5
4791;78
4792;48
4793;72
4794;29
4795;59
4796;16
4797;10
4798;69
4799;60
4800;27
4801;27
4802;16
4803;16
4804;18
4805;19
4806;31
4807;0
4808;2
4809;83
4810;60
4811;80
4812;24
4813;62
4814;55
4815;51
4816;45
4817;13
4818;16
4819;10
4820;56
4821;80
4822;53
4823;79
4824;55
4825;12
4826;9
4827;60
4828;50
4829;65
4830;49
4831;25
4832;34
4833;12
4834;4
4835;63
4836;56
4837;17
4838;6
4839;15
4840;48
4841;32
4842;18
4843;16
4844;61
4845;24
4846;53
4847;70
4848;76
4849;21
4850;21
4851;19
4852;55
4853;75
4854;31
4855;64
4856;9
4857;12
4858;11
4859;22
4860;60
4861;56
4862;21
4863;24
4864;19
4865;22
4866;20
4867;57
4868;45
4869;63
4870;62
4871;37
4872;59
4873;48
4874;32
4875;15
4876;9
4877;14
4878;59
4879;19
4880;70
4881;37
4882;26
4883;4
4884;17
4885;5
4886;74
4887;68
4888;80
4889;36
4890;47
4891;39
4892;14
4893;9
4894;59
4895;25
4896;33
4897;53
4898;94
4899;50
4900;81
4901;33
4902;18
4903;32
4904;26
4905;5
4906;32
4907;15
4908;11
4909;36
4910;24
4911;37
4912;28
4913;45
4914;4
4915;15
4916;49
4917;87
4918;55
4919;44
4920;63
4921;24
4922;37
4923;26
4924;62
4925;57
4926;8
4927;7
4928;10
4929;56
4930;44
4931;9
4932;12
4933;22
4934;23
4935;77
4936;38
4937;41
4938;7
4939;28
4940;39
4941;6
4942;48
4943;49
4944;11
4945;12
4946;8
4947;74
4948;51
4949;80
4950;51
4951;31
4952;60
4953;52
4954;68
4955;60
4956;66
4957;55
4958;30
4959;16
4960;11
4961;55
4962;42
4963;24
4964;23
4965;77
4966;41
4967;80
4968;60
4969;51
4970;67
4971;51
4972;22
4973;23
4974;70
4975;32
4976;68
4977;29
4978;47
4979;1
4980;1
4981;70
4982;73
4983;50
4984;71
4985;71
4986;54
4987;64
4988;71
4989;55
4990;71
4991;31
4992;45
4993;41
4994;20
4995;5
4996;62
4997;51
4998;9
4999;16
5000;29
5001;60
5002;15
5003;18
5004;91
5005;19
5006;20
5007;76
5008;21
5009;29
5010;57
5011;23
5012;22
5013;0
5014;5
5015;32
5016;56
5017;66
5018;52
5019;7
5020;40
5021;32
5022;27
5023;0
5024;16
5025;22
5026;30
5027;30
5028;5
5029;12
5030;53
5031;21
5032;30
5033;1
5034;2
5035;47
5036;62
5037;71
5038;86
5039;59
5040;62
5041;64
5042;45
5043;33
5044;21
5045;71
5046;24
5047;29
5048;21
5049;23
5050;53
5051;41
5052;47
5053;60
5054;20
5055;38
5056;87
5057;20
5058;43
5059;29
5060;5
5061;22
5062;45
5063;5
5064;15
5065;37
5066;86
5067;77
5068;30
5069;44
5070;5
5071;8
5072;68
5073;51
5074;50
5075;24
5076;63
5077;32
5078;39
5079;3
5080;12
5081;49
5082;32
5083;23
5084;52
5085;24
5086;20
5087;57
5088;86
5089;62
5090;53
5091;63
5092;62
5093;47
5094;51
5095;48
5096;38
5097;11
5098;17
5099;32
5100;22
5101;23
5102;22
5103;61
5104;44
5105;70
5106;59
5107;68
5108;39
5109;61
5110;61
5111;66
5112;67
5113;74
5114;85
5115;52
5116;54
5117;8
5118;14
5119;29
5120;26
5121;2
5122;5
5123;33
5124;20
5125;60
5126;56
5127;84
5128;41
5129;64
5130;15
5131;15
5132;87
5133;55
5134;73
5135;24
5136;68
5137;60
5138;22
5139;72
5140;23
5141;66
5142;65
5143;49
5144;23
5145;60
5146;34
5147;65
5148;66
5149;41
5150;23
5151;35
5152;4
5153;3
5154;34
5155;17
5156;66
5157;88
5158;21
5159;22
5160;42
5161;33
5162;20
5163;21
5164;21
5165;64
5166;70
5167;22
5168;27
5169;61
5170;74
5171;23
5172;71
5173;46
5174;60
5175;24
5176;55
5177;54
5178;10
5179;9
5180;6
5181;16
5182;80
5183;23
5184;63
5185;85
5186;61
5187;11
5188;15
5189;29
5190;31
5191;5
5192;7
5193;8
5194;52
5195;56
5196;88
5197;24
5198;58
5199;69
5200;29
5201;80
5202;73
5203;19
5204;31
5205;11
5206;5
5207;0
5208;74
5209;50
5210;46
5211;10
5212;25
5213;21
5214;23
5215;22
5216;40
5217;24
5218;74
5219;85
5220;79
5221;92
5222;19
5223;66
5224;88
5225;47
5226;53
5227;35
5228;13
5229;42
5230;5
5231;3
5232;47
5233;55
5234;64
5235;63
5236;57
5237;28
5238;29
5239;3
5240;4
5241;52
5242;19
5243;34
5244;40
5245;46
5246;22
5247;79
5248;48
5249;55
5250;47
5251;69
5252;90
5253;75
5254;46
5255;74
5256;94
5257;78
5258;25
5259;20
5260;20
5261;49
5262;42
5263;10
5264;10
5265;17
5266;40
5267;86
5268;65
5269;64
5270;40
5271;20
5272;16
5273;8
5274;78
5275;72
5276;22
5277;43
5278;8
5279;1
5280;2
5281;46
5282;60
5283;51
5284;58
5285;68
5286;64
5287;41
5288;52
5289;61
5290;50
5291;23
5292;21
5293;32
5294;3
5295;5
5296;3
5297;4
5298;78
5299;24
5300;60
5301;63
5302;22
5303;85
5304;19
5305;74
5306;19
5307;36
5308;83
5309;55
5310;44
5311;86
5312;78
5313;52
5314;46
5315;88
5316;78
5317;75
5318;55
5319;61
5320;21
5321;54
5322;61
5323;53
5324;49
5325;45
5326;57
5327;48
5328;77
5329;21
5330;56
5331;7
5332;11
5333;46
5334;69
5335;23
5336;37
5337;49
5338;94
5339;67
5340;81
5341;21
5342;21
5343;20
5344;30
5345;27
5346;62
5347;58
5348;53
5349;45
5350;70
5351;52
5352;77
5353;46
5354;46
5355;71
5356;46
5357;84
5358;20
5359;69
5360;35
5361;80
5362;86
5363;40
5364;36
5365;30
5366;32
5367;8
5368;5
5369;24
5370;31
5371;88
5372;51
5373;53
5374;76
5375;29
5376;38
5377;33
5378;0
5379;14
5380;2
5381;18
5382;32
5383;53
5384;13
5385;29
5386;27
5387;8
5388;79
5389;64
5390;61
5391;43
5392;69
5393;58
5394;43
5395;76
5396;76
5397;24
5398;57
5399;41
5400;54
5401;59
5402;59
5403;60
5404;54
5405;27
5406;26
5407;35
5408;40
5409;41
5410;3
5411;17
5412;1
5413;19
5414;33
5415;80
5416;78
5417;55
5418;81
5419;35
5420;33
5421;11
5422;14
5423;63
5424;37
5425;74
5426;55
5427;68
5428;68
5429;30
5430;73
5431;27
5432;45
5433;42
5434;69
5435;28
5436;59
5437;67
5438;61
5439;42
5440;17
5441;8
5442;59
5443;25
5444;65
5445;26
5446;38
5447;32
5448;26
5449;44
5450;58
5451;13
5452;13
5453;53
5454;29
5455;50
5456;88
5457;31
5458;47
5459;4
5460;5
5461;2
5462;40
5463;45
5464;9
5465;18
5466;14
5467;50
5468;26
5469;15
5470;11
5471;33
5472;68
5473;35
5474;33
5475;11
5476;4
5477;54
5478;63
5479;88
5480;68
5481;43
5482;33
5483;15
5484;61
5485;38
5486;6
5487;43
5488;71
5489;74
5490;69
5491;47
5492;47
5493;30
5494;51
5495;9
5496;17
5497;45
5498;18
5499;10
5500;64
5501;53
5502;19
5503;27
5504;17
5505;9
5506;2
5507;32
5508;47
5509;24
5510;4
5511;1
5512;12
5513;3
5514;35
5515;28
5516;41
5517;31
5518;15
5519;14
5520;38
5521;55
5522;13
5523;68
5524;61
5525;74
5526;30
5527;22
5528;51
5529;63
5530;30
5531;48
5532;20
5533;65
5534;73
5535;81
5536;23
5537;23
5538;48
5539;26
5540;13
5541;6
5542;77
5543;69
5544;19
5545;60
5546;46
5547;21
5548;35
5549;30
5550;66
5551;34
5552;47
5553;33
5554;51
5555;82
5556;46
5557;38
5558;39
5559;14
5560;17
5561;26
5562;35
5563;0
5564;3
5565;67
5566;40
5567;55
5568;32
5569;43
5570;10
5571;10
5572;62
5573;25
5574;30
5575;76
5576;68
5577;77
5578;60
5579;33
5580;90
5581;82
5582;49
5583;61
5584;52
5585;32
5586;49
5587;50
5588;62
5589;46
5590;33
5591;48
5592;11
5593;14
5594;48
5595;26
5596;6
5597;8
5598;21
5599;59
5600;34
5601;66
5602;72
5603;49
5604;66
5605;93
5606;46
5607;72
5608;75
5609;62
5610;49
5611;18
5612;6
5613;25
5614;22
5615;80
5616;55
5617;48
5618;58
5619;56
5620;43
5621;52
5622;51
5623;66
5624;54
5625;75
5626;28
5627;23
5628;53
5629;29
5630;31
5631;25
5632;2
5633;7
5634;4
5635;60
5636;22
5637;19
5638;26
5639;88
5640;41
5641;49
5642;76
5643;58
5644;62
5645;49
5646;15
5647;64
5648;72
5649;22
5650;46
5651;62
5652;31
5653;18
5654;11
5655;11
5656;57
5657;75
5658;21
5659;58
5660;28
5661;50
5662;35
5663;18
5664;8
5665;9
5666;58
5667;45
5668;47
5669;51
5670;36
5671;37
5672;23
5673;20
5674;28
5675;1
5676;16
5677;67
5678;63
5679;26
5680;14
5681;39
5682;78
5683;48
5684;36
5685;7
5686;14
5687;49
5688;23
5689;26
5690;21
5691;25
5692;19
5693;66
5694;23
5695;2
5696;3
5697;77
5698;88
5699;61
5700;61
5701;52
5702;13
5703;9
5704;9
5705;20
5706;47
5707;15
5708;4
5709;23
5710;57
5711;68
5712;52
5713;66
5714;55
5715;57
5716;95
5717;26
5718;19
5719;7
5720;9
5721;45
5722;7
5723;49
5724;24
5725;33
5726;65
5727;53
5728;69
5729;39
5730;22
5731;8
5732;3
5733;20
5734;37
5735;5
5736;80
5737;65
5738;24
5739;25
5740;43
5741;27
5742;6
5743;3
5744;0
5745;62
5746;21
5747;91
5748;81
5749;62
5750;45
5751;8
5752;78
5753;51
5754;70
5755;55
5756;51
5757;13
5758;8
5759;13
5760;30
5761;64
5762;24
5763;22
5764;32
5765;64
5766;14
5767;12
5768;15
5769;53
5770;73
5771;28
5772;49
5773;28
5774;16
5775;11
5776;55
5777;29
5778;32
5779;0
5780;5
5781;36
5782;54
5783;31
5784;24
5785;55
5786;24
5787;20
5788;32
5789;34
5790;44
5791;0
5792;4
5793;31
5794;79
5795;81
5796;58
5797;64
5798;14
5799;7
5800;48
5801;27
5802;14
5803;3
5804;46
5805;56
5806;76
5807;40
5808;45
5809;34
5810;77
5811;49
5812;19
5813;41
5814;3
5815;50
5816;50
5817;7
5818;8
5819;64
5820;61
5821;85
5822;64
5823;70
5824;64
5825;48
5826;45
5827;6
5828;7
5829;82
5830;54
5831;26
5832;39
5833;4
5834;14
5835;3
5836;59
5837;90
5838;49
5839;55
5840;61
5841;86
5842;51
5843;68
5844;88
5845;41
5846;53
5847;63
5848;57
5849;56
5850;43
5851;9
5852;15
5853;12
5854;61
5855;45
5856;56
5857;70
5858;31
5859;36
5860;10
5861;8
5862;45
5863;23
5864;63
5865;54
5866;13
5867;32
5868;26
5869;9
5870;11
5871;57
5872;67
5873;82
5874;61
5875;68
5876;75
5877;78
5878;55
5879;81
5880;41
5881;41
5882;18
5883;4
5884;36
5885;31
5886;12
5887;5
5888;24
5889;20
5890;56
5891;73
5892;41
5893;55
5894;22
5895;28
5896;43
5897;41
5898;46
5899;18
5900;48
5901;45
5902;3
5903;49
5904;36
5905;58
5906;36
5907;6
5908;15
5909;7
5910;46
5911;54
5912;23
5913;64
5914;56
5915;56
5916;25
5917;54
5918;72
5919;49
5920;70
5921;50
5922;63
5923;15
5924;22
5925;19
5926;68
5927;72
5928;23
5929;48
5930;27
5931;63
5932;46
5933;12
5934;9
5935;70
5936;56
5937;51
5938;68
5939;69
5940;29
5941;25
5942;27
5943;30
5944;58
5945;61
5946;66
5947;74
5948;38
5949;67
5950;70
5951;26
5952;27
5953;33
5954;36
5955;16
5956;65
5957;76
5958;56
5959;19
5960;24
5961;4
5962;17
5963;72
5964;67
5965;46
5966;43
5967;9
5968;11
5969;88
5970;24
5971;29
5972;50
5973;16
5974;15
5975;16
5976;15
5977;32
5978;19
5979;6
5980;1
5981;26
5982;55
5983;18
5984;8
5985;59
5986;46
5987;55
5988;50
5989;30
5990;17
5991;17
5992;86
5993;72
5994;67
5995;58
5996;26
5997;8
5998;32
5999;44
6000;11
6001;14
6002;3
6003;76
6004;77
6005;68
6006;40
6007;20
6008;69
6009;59
6010;24
6011;43
6012;3
6013;4
6014;19
6015;75
6016;25
6017;52
6018;33
6019;66
6020;83
6021;51
6022;53
6023;74
6024;25
6025;32
6026;2
6027;56
6028;42
6029;49
6030;14
6031;88
6032;55
6033;20
6034;27
6035;69
6036;78
6037;24
6038;21
6039;24
6040;24
6041;17
6042;15
6043;5
6044;53
6045;44
6046;28
6047;46
6048;32
6049;40
6050;7
6051;14
6052;12
6053;37
6054;22
6055;5
6056;0
6057;43
6058;52
6059;58
6060;61
6061;61
6062;47
6063;38
6064;11
6065;18
6066;82
6067;33
6068;23
6069;24
6070;67
6071;76
6072;27
6073;43
6074;30
6075;18
6076;10
6077;76
6078;32
6079;76
6080;88
6081;40
6082;63
6083;58
6084;76
6085;62
6086;72
6087;30
6088;34
6089;63
6090;86
6091;31
6092;23
6093;26
6094;44
6095;35
6096;65
6097;55
6098;59
6099;7
6100;16
6101;80
6102;59
6103;66
6104;81
6105;21
6106;19
6107;21
6108;25
6109;53
6110;44
6111;33
6112;60
6113;17
6114;9
6115;69
6116;27
6117;22
6118;20
6119;0
6120;4
6121;47
6122;67
6123;89
6124;72
6125;71
6126;43
6127;38
6128;15
6129;70
6130;59
6131;64
6132;67
6133;51
6134;57
6135;23
6136;54
6137;48
6138;29
6139;10
6140;10
6141;18
6142;31
6143;48
6144;60
6145;67
6146;66
6147;69
6148;25
6149;48
6150;75
6151;40
6152;29
6153;30
6154;13
6155;14
6156;16
6157;21
6158;52
6159;54
6160;48
6161;34
6162;76
6163;24
6164;92
6165;71
6166;57
6167;62
6168;23
6169;51
6170;76
6171;86
6172;36
6173;38
6174;2
6175;8
6176;5
6177;86
6178;26
6179;36
6180;44
6181;29
6182;9
6183;3
6184;27
6185;23
6186;18
6187;2
6188;29
6189;19
6190;28
6191;20
6192;54
6193;43
6194;16
6195;7
6196;49
6197;74
6198;70
6199;52
6200;7
6201;9
6202;44
6203;57
6204;8
6205;16
6206;37
6207;20
6208;63
6209;25
6210;50
6211;12
6212;58
6213;62
6214;79
6215;63
6216;62
6217;54
6218;61
6219;43
6220;42
6221;24
6222;49
6223;37
6224;2
6225;53
6226;44
6227;24
6228;12
6229;1
6230;35
6231;41
6232;18
6233;16
6234;52
6235;49
6236;6
6237;8
6238;35
6239;27
6240;18
6241;74
6242;59
6243;49
6244;57
6245;45
6246;9
6247;6
6248;63
6249;62
6250;55
6251;77
6252;58
6253;64
6254;70
6255;27
6256;33
6257;5
6258;9
6259;40
6260;58
6261;26
6262;54
6263;68
6264;36
6265;64
6266;30
6267;9
6268;9
6269;7
6270;18
6271;76
6272;55
6273;34
6274;28
6275;70
6276;59
6277;28
6278;75
6279;70
6280;51
6281;80
6282;75
6283;83
6284;54
6285;22
6286;51
6287;33
6288;41
6289;15
6290;73
6291;63
6292;52
6293;49
6294;16
6295;10
6296;15
6297;18
6298;80
6299;70
6300;21
6301;72
6302;23
6303;74
6304;23
