1;78
2;91
3;32
4;61
5;36
6;59
7;6
8;50
9;17
10;12
11;21
12;54
13;49
14;44
15;45
16;9
17;38
18;27
19;54
20;35
21;43
22;14
23;18
24;27
25;55
26;30
27;25
28;72
29;81
30;72
31;50
32;57
33;67
34;61
35;63
36;35
37;10
38;17
39;46
40;35
41;14
42;34
43;1
44;1
45;70
46;35
47;65
48;52
49;70
50;51
51;22
52;47
53;51
54;78
55;86
56;39
57;64
58;14
59;6
60;61
61;53
62;57
63;43
64;17
65;18
66;41
67;6
68;59
69;60
70;16
71;15
72;50
73;58
74;60
75;42
76;19
77;3
78;1
79;54
80;32
81;35
82;2
83;9
84;52
85;17
86;78
87;61
88;75
89;72
90;62
91;64
92;46
93;40
94;79
95;75
96;80
97;31
98;21
99;71
100;60
101;55
102;12
103;12
104;35
105;28
106;45
107;35
108;71
109;77
110;60
111;25
112;40
113;54
114;76
115;50
116;18
117;13
118;62
119;91
120;71
121;61
122;38
123;28
124;14
125;2
126;10
127;24
128;28
129;11
130;5
131;42
132;52
133;22
134;25
135;22
136;20
137;20
138;65
139;27
140;34
141;12
142;5
143;77
144;50
145;60
146;55
147;80
148;48
149;61
150;72
151;36
152;12
153;17
154;75
155;61
156;73
157;60
158;45
159;77
160;87
161;73
162;81
163;48
164;36
165;68
166;19
167;76
168;62
169;44
170;45
171;43
172;21
173;17
174;20
175;58
176;47
177;19
178;68
179;67
180;84
181;82
182;56
183;46
184;70
185;31
186;59
187;42
188;53
189;14
190;12
191;19
192;56
193;79
194;42
195;57
196;67
197;68
198;63
199;45
200;20
201;5
202;11
203;72
204;47
205;79
206;37
207;62
208;56
209;63
210;52
211;63
212;37
213;4
214;31
215;30
216;26
217;59
218;41
219;28
220;1
221;52
222;89
223;68
224;84
225;32
226;79
227;46
228;59
229;34
230;12
231;16
232;67
233;28
234;39
235;27
236;59
237;15
238;53
239;63
240;18
241;14
242;88
243;61
244;77
245;62
246;62
247;75
248;86
249;26
250;63
251;16
252;24
253;24
254;72
255;70
256;73
257;53
258;78
259;58
260;68
261;87
262;56
263;61
264;58
265;16
266;14
267;62
268;16
269;6
270;63
271;67
272;39
273;33
274;44
275;29
276;7
277;11
278;63
279;53
280;58
281;53
282;70
283;27
284;24
285;49
286;3
287;0
288;61
289;62
290;48
291;42
292;69
293;21
294;61
295;72
296;62
297;38
298;39
299;67
300;21
301;44
302;85
303;46
304;49
305;70
306;53
307;68
308;62
309;66
310;23
311;60
312;79
313;61
314;62
315;47
316;72
317;64
318;78
319;49
320;52
321;14
322;10
323;43
324;98
325;83
326;67
327;19
328;49
329;21
330;65
331;56
332;53
333;43
334;38
335;14
336;17
337;6
338;47
339;47
340;14
341;11
342;70
343;26
344;47
345;78
346;39
347;46
348;16
349;67
350;89
351;24
352;69
353;80
354;49
355;58
356;24
357;83
358;59
359;48
360;51
361;22
362;67
363;66
364;62
365;57
366;63
367;59
368;60
369;41
370;59
371;27
372;33
373;3
374;15
375;64
376;51
377;69
378;57
379;56
380;62
381;28
382;45
383;52
384;65
385;53
386;26
387;34
388;13
389;10
390;15
391;39
392;25
393;65
394;30
395;29
396;16
397;46
398;21
399;21
400;65
401;22
402;79
403;23
404;37
405;28
406;0
407;37
408;60
409;68
410;68
411;54
412;48
413;40
414;26
415;18
416;40
417;66
418;73
419;33
420;49
421;59
422;34
423;18
424;18
425;17
426;16
427;70
428;48
429;47
430;6
431;4
432;0
433;30
434;59
435;44
436;15
437;16
438;18
439;6
440;60
441;92
442;40
443;58
444;82
445;53
446;22
447;70
448;43
449;34
450;60
451;48
452;16
453;9
454;79
455;73
456;55
457;65
458;20
459;53
460;45
461;93
462;77
463;19
464;27
465;39
466;62
467;69
468;76
469;72
470;35
471;42
472;44
473;34
474;39
475;8
476;72
477;82
478;67
479;83
480;49
481;34
482;75
483;71
484;87
485;52
486;80
487;21
488;19
489;67
490;22
491;21
492;74
493;23
494;65
495;75
496;20
497;35
498;1
499;64
500;51
501;14
502;6
503;14
504;34
505;55
506;48
507;62
508;77
509;63
510;31
511;76
512;54
513;79
514;50
515;70
516;49
517;79
518;58
519;87
520;49
521;29
522;17
523;9
524;44
525;65
526;72
527;32
528;49
529;8
530;90
531;55
532;45
533;14
534;18
535;20
536;69
537;25
538;60
539;48
540;33
541;11
542;16
543;9
544;86
545;32
546;69
547;65
548;47
549;66
550;67
551;60
552;26
553;16
554;18
555;47
556;62
557;76
558;48
559;13
560;38
561;49
562;10
563;10
564;84
565;45
566;66
567;53
568;54
569;38
570;73
571;69
572;67
573;36
574;52
575;48
576;64
577;44
578;27
579;5
580;13
581;50
582;17
583;62
584;56
585;90
586;48
587;52
588;62
589;30
590;41
591;62
592;17
593;10
594;63
595;68
596;26
597;16
598;9
599;74
600;22
601;88
602;24
603;46
604;66
605;70
606;64
607;62
608;83
609;66
610;33
611;29
612;66
613;77
614;63
615;22
616;73
617;19
618;53
619;47
620;7
621;11
622;46
623;19
624;43
625;60
626;46
627;37
628;35
629;18
630;5
631;46
632;32
633;16
634;10
635;74
636;77
637;45
638;86
639;54
640;58
641;68
642;54
643;16
644;6
645;49
646;63
647;43
648;12
649;80
650;71
651;53
652;43
653;44
654;51
655;12
656;7
657;75
658;70
659;54
660;64
661;81
662;50
663;57
664;44
665;34
666;6
667;1
668;67
669;44
670;30
671;29
672;15
673;13
674;67
675;60
676;54
677;83
678;56
679;36
680;76
681;49
682;38
683;47
684;1
685;0
686;4
687;59
688;51
689;35
690;49
691;28
692;0
693;0
694;12
695;24
696;64
697;63
698;68
699;53
700;52
701;67
702;56
703;19
704;79
705;26
706;30
707;49
708;11
709;7
710;70
711;29
712;77
713;71
714;58
715;27
716;6
717;16
718;31
719;38
720;0
721;17
722;86
723;75
724;75
725;26
726;35
727;48
728;27
729;14
730;16
731;6
732;91
733;52
734;32
735;66
736;34
737;36
738;7
739;21
740;28
741;73
742;66
743;60
744;84
745;59
746;49
747;68
748;59
749;65
750;47
751;47
752;84
753;79
754;19
755;44
756;1
757;6
758;63
759;32
760;8
761;13
762;65
763;37
764;32
765;13
766;16
767;65
768;61
769;45
770;41
771;58
772;28
773;30
774;47
775;60
776;34
777;38
778;79
779;42
780;19
781;57
782;50
783;16
784;9
785;59
786;59
787;11
788;59
789;75
790;61
791;62
792;83
793;46
794;43
795;17
796;15
797;28
798;41
799;8
800;18
801;77
802;58
803;91
804;56
805;55
806;59
807;41
808;88
809;36
810;44
811;6
812;66
813;65
814;49
815;68
816;58
817;81
818;28
819;59
820;14
821;15
822;51
823;51
824;93
825;48
826;70
827;57
828;61
829;66
830;46
831;12
832;7
833;53
834;54
835;87
836;49
837;53
838;71
839;60
840;75
841;36
842;57
843;17
844;8
845;18
846;20
847;20
848;47
849;60
850;47
851;81
852;70
853;73
854;80
855;57
856;81
857;82
858;44
859;80
860;73
861;23
862;83
863;57
864;61
865;43
866;19
867;57
868;65
869;59
870;76
871;68
872;75
873;76
874;55
875;59
876;70
877;70
878;56
879;22
880;74
881;19
882;60
883;26
884;74
885;63
886;72
887;59
888;59
889;46
890;49
891;16
892;12
893;11
894;58
895;65
896;59
897;64
898;65
899;46
900;28
901;0
902;16
903;59
904;84
905;44
906;79
907;51
908;78
909;78
910;59
911;24
912;22
913;69
914;33
915;52
916;50
917;75
918;20
919;60
920;44
921;37
922;46
923;13
924;7
925;49
926;57
927;61
928;76
929;57
930;43
931;15
932;31
933;24
934;18
935;2
936;85
937;86
938;43
939;42
940;15
941;18
942;40
943;37
944;75
945;79
946;75
947;48
948;43
949;52
950;15
951;8
952;55
953;70
954;58
955;48
956;56
957;28
958;39
959;66
960;20
961;51
962;47
963;85
964;68
965;25
966;59
967;37
968;68
969;56
970;61
971;54
972;11
973;69
974;37
975;69
976;19
977;52
978;72
979;68
980;69
981;88
982;57
983;78
984;38
985;13
986;56
987;6
988;17
989;54
990;72
991;62
992;50
993;34
994;14
995;61
996;47
997;10
998;59
999;55
1000;7
1001;14
1002;96
1003;54
1004;61
1005;75
1006;58
1007;53
1008;45
1009;22
1010;44
1011;18
1012;7
1013;57
1014;62
1015;7
1016;14
1017;80
1018;56
1019;45
1020;9
1021;10
1022;95
1023;46
1024;34
1025;15
1026;7
1027;85
1028;46
1029;53
1030;54
1031;67
1032;22
1033;54
1034;33
1035;40
1036;43
1037;63
1038;11
1039;22
1040;34
1041;67
1042;34
1043;41
1044;9
1045;8
1046;61
1047;75
1048;82
1049;71
1050;62
1051;64
1052;15
1053;18
1054;13
1055;68
1056;70
1057;52
1058;52
1059;58
1060;72
1061;78
1062;39
1063;50
1064;54
1065;52
1066;88
1067;55
1068;56
1069;84
1070;51
1071;91
1072;57
1073;69
1074;19
1075;73
1076;81
1077;64
1078;58
1079;62
1080;47
1081;8
1082;73
1083;69
1084;79
1085;51
1086;60
1087;64
1088;54
1089;76
1090;22
1091;24
1092;74
1093;62
1094;77
1095;78
1096;50
1097;70
1098;52
1099;55
1100;60
1101;15
1102;12
1103;64
1104;38
1105;54
1106;54
1107;20
1108;65
1109;34
1110;69
1111;50
1112;56
1113;45
1114;49
1115;37
1116;18
1117;82
1118;30
1119;70
1120;45
1121;52
1122;16
1123;20
1124;31
1125;15
1126;8
1127;65
1128;62
1129;76
1130;43
1131;78
1132;46
1133;49
1134;27
1135;12
1136;8
1137;13
1138;83
1139;20
1140;28
1141;29
1142;5
1143;2
1144;82
1145;34
1146;44
1147;75
1148;25
1149;60
1150;84
1151;49
1152;42
1153;5
1154;4
1155;14
1156;57
1157;54
1158;36
1159;67
1160;33
1161;52
1162;7
1163;22
1164;42
1165;54
1166;70
1167;72
1168;46
1169;37
1170;42
1171;18
1172;82
1173;85
1174;42
1175;79
1176;73
1177;34
1178;74
1179;71
1180;79
1181;53
1182;60
1183;49
1184;72
1185;71
1186;41
1187;33
1188;8
1189;11
1190;13
1191;53
1192;75
1193;65
1194;62
1195;29
1196;33
1197;59
1198;15
1199;55
1200;75
1201;59
1202;46
1203;61
1204;9
1205;12
1206;21
1207;25
1208;5
1209;12
1210;24
1211;35
1212;0
1213;5
1214;71
1215;48
1216;17
1217;14
1218;43
1219;12
1220;73
1221;70
1222;92
1223;62
1224;69
1225;25
1226;52
1227;62
1228;40
1229;7
1230;20
1231;56
1232;42
1233;45
1234;13
1235;9
1236;15
1237;14
1238;73
1239;69
1240;74
1241;21
1242;36
1243;20
1244;47
1245;78
1246;54
1247;57
1248;25
1249;61
1250;55
1251;48
1252;20
1253;38
1254;15
1255;3
1256;63
1257;73
1258;68
1259;68
1260;81
1261;69
1262;53
1263;88
1264;68
1265;30
1266;41
1267;61
1268;14
1269;9
1270;17
1271;70
1272;47
1273;53
1274;71
1275;54
1276;73
1277;84
1278;64
1279;75
1280;52
1281;53
1282;89
1283;48
1284;19
1285;64
1286;56
1287;49
1288;28
1289;79
1290;20
1291;49
1292;42
1293;77
1294;32
1295;57
1296;62
1297;44
1298;10
1299;17
1300;66
1301;50
1302;59
1303;80
1304;62
1305;11
1306;13
1307;89
1308;20
1309;45
1310;46
1311;11
1312;17
1313;60
1314;51
1315;81
1316;82
1317;74
1318;72
1319;29
1320;25
1321;5
1322;18
1323;41
1324;38
1325;23
1326;21
1327;53
1328;50
1329;59
1330;27
1331;23
1332;86
1333;33
1334;68
1335;80
1336;62
1337;19
1338;29
1339;33
1340;5
1341;4
1342;52
1343;70
1344;39
1345;44
1346;1
1347;7
1348;50
1349;86
1350;68
1351;78
1352;62
1353;38
1354;12
1355;12
1356;60
1357;38
1358;46
1359;4
1360;6
1361;64
1362;16
1363;7
1364;52
1365;43
1366;18
1367;7
1368;6
1369;55
1370;66
1371;36
1372;17
1373;13
1374;59
1375;28
1376;31
1377;7
1378;0
1379;17
1380;39
1381;57
1382;26
1383;23
1384;27
1385;20
1386;68
1387;26
1388;15
1389;8
1390;60
1391;46
1392;64
1393;59
1394;51
1395;14
1396;76
1397;47
1398;57
1399;47
1400;9
1401;7
1402;15
1403;26
1404;71
1405;73
1406;88
1407;24
1408;61
1409;47
1410;59
1411;40
1412;43
1413;72
1414;81
1415;60
1416;74
1417;23
1418;62
1419;48
1420;87
1421;57
1422;51
1423;50
1424;47
1425;11
1426;13
1427;12
1428;15
1429;76
1430;45
1431;62
1432;12
1433;8
1434;50
1435;55
1436;48
1437;49
1438;12
1439;13
1440;49
1441;31
1442;72
1443;35
1444;36
1445;1
1446;1
1447;35
1448;74
1449;84
1450;55
1451;39
1452;49
1453;14
1454;28
1455;40
1456;12
1457;18
1458;77
1459;77
1460;69
1461;70
1462;45
1463;62
1464;7
1465;16
1466;10
1467;52
1468;62
1469;65
1470;79
1471;88
1472;55
1473;46
1474;21
1475;55
1476;76
1477;61
1478;73
1479;56
1480;74
1481;47
1482;22
1483;69
1484;53
1485;61
1486;59
1487;17
1488;14
1489;16
1490;52
1491;54
1492;14
1493;18
1494;21
1495;20
1496;24
1497;73
1498;62
1499;77
1500;74
1501;28
1502;26
1503;40
1504;63
1505;45
1506;31
1507;11
1508;17
1509;27
1510;64
1511;50
1512;54
1513;52
1514;51
1515;80
1516;46
1517;14
1518;73
1519;53
1520;62
1521;48
1522;77
1523;49
1524;16
1525;12
1526;30
1527;85
1528;48
1529;64
1530;7
1531;16
1532;35
1533;23
1534;18
1535;12
1536;86
1537;71
1538;67
1539;49
1540;78
1541;67
1542;73
1543;68
1544;51
1545;66
1546;28
1547;69
1548;63
1549;43
1550;11
1551;18
1552;54
1553;60
1554;38
1555;45
1556;74
1557;85
1558;37
1559;64
1560;64
1561;56
1562;46
1563;57
1564;8
1565;8
1566;53
1567;69
1568;52
1569;45
1570;54
1571;8
1572;70
1573;50
1574;54
1575;59
1576;53
1577;64
1578;61
1579;69
1580;53
1581;8
1582;28
1583;77
1584;28
1585;46
1586;9
1587;4
1588;22
1589;72
1590;22
1591;90
1592;62
1593;79
1594;80
1595;54
1596;68
1597;72
1598;71
1599;83
1600;74
1601;24
1602;46
1603;36
1604;38
1605;40
1606;16
1607;8
1608;27
1609;49
1610;77
1611;54
1612;31
1613;47
1614;50
1615;63
1616;42
1617;58
1618;60
1619;60
1620;67
1621;55
1622;37
1623;15
1624;18
1625;79
1626;65
1627;55
1628;64
1629;46
1630;6
1631;10
1632;18
1633;59
1634;19
1635;27
1636;4
1637;56
1638;41
1639;28
1640;64
1641;16
1642;14
1643;36
1644;52
1645;14
1646;6
1647;49
1648;30
1649;15
1650;56
1651;30
1652;39
1653;49
1654;5
1655;26
1656;30
1657;3
1658;0
1659;58
1660;77
1661;69
1662;46
1663;44
1664;64
1665;58
1666;71
1667;83
1668;54
1669;26
1670;56
1671;54
1672;62
1673;33
1674;56
1675;80
1676;29
1677;11
1678;49
1679;54
1680;47
1681;33
1682;18
1683;13
1684;7
1685;29
1686;69
1687;82
1688;70
1689;82
1690;45
1691;39
1692;11
1693;0
1694;24
1695;43
1696;60
1697;54
1698;34
1699;36
1700;3
1701;1
1702;59
1703;80
1704;48
1705;54
1706;10
1707;15
1708;67
1709;37
1710;70
1711;73
1712;72
1713;38
1714;44
1715;7
1716;9
1717;76
1718;26
1719;57
1720;57
1721;15
1722;13
1723;15
1724;88
1725;51
1726;75
1727;40
1728;70
1729;62
1730;72
1731;87
1732;57
1733;75
1734;53
1735;52
1736;67
1737;46
1738;26
1739;59
1740;20
1741;42
1742;21
1743;29
1744;81
1745;44
1746;51
1747;69
1748;79
1749;49
1750;85
1751;75
1752;53
1753;87
1754;67
1755;72
1756;72
1757;35
1758;50
1759;9
1760;15
1761;48
1762;45
1763;17
1764;16
1765;77
1766;64
1767;31
1768;57
1769;52
1770;58
1771;63
1772;45
1773;59
1774;12
1775;17
1776;12
1777;62
1778;54
1779;82
1780;52
1781;64
1782;66
1783;86
1784;63
1785;24
1786;36
1787;20
1788;54
1789;73
1790;86
1791;23
1792;57
1793;66
1794;74
1795;61
1796;59
1797;39
1798;16
1799;9
1800;64
1801;64
1802;86
1803;74
1804;47
1805;44
1806;9
1807;16
1808;83
1809;51
1810;72
1811;60
1812;6
1813;12
1814;53
1815;59
1816;39
1817;19
1818;26
1819;50
1820;16
1821;12
1822;18
1823;32
1824;53
1825;53
1826;81
1827;67
1828;28
1829;79
1830;51
1831;37
1832;59
1833;59
1834;29
1835;22
1836;0
1837;10
1838;5
1839;5
1840;55
1841;44
1842;29
1843;9
1844;7
1845;37
1846;64
1847;15
1848;18
1849;6
1850;76
1851;46
1852;63
1853;90
1854;52
1855;57
1856;89
1857;46
1858;79
1859;30
1860;47
1861;53
1862;77
1863;25
1864;79
1865;20
1866;52
1867;75
1868;44
1869;47
1870;14
1871;15
1872;62
1873;72
1874;50
1875;23
1876;59
1877;67
1878;71
1879;72
1880;82
1881;23
1882;73
1883;70
1884;65
1885;78
1886;47
1887;70
1888;47
1889;46
1890;77
1891;74
1892;76
1893;76
1894;40
1895;68
1896;50
1897;42
1898;11
1899;48
1900;19
1901;5
1902;2
1903;14
1904;46
1905;27
1906;14
1907;6
1908;75
1909;47
1910;58
1911;30
1912;77
1913;45
1914;46
1915;41
1916;60
1917;52
1918;69
1919;47
1920;15
1921;29
1922;67
1923;54
1924;26
1925;36
1926;26
1927;53
1928;72
1929;42
1930;27
1931;2
1932;9
1933;2
1934;56
1935;28
1936;33
1937;43
1938;66
1939;73
1940;73
1941;51
1942;56
1943;62
1944;52
1945;74
1946;79
1947;37
1948;60
1949;80
1950;58
1951;51
1952;32
1953;11
1954;56
1955;28
1956;27
1957;46
1958;18
1959;17
1960;6
1961;48
1962;47
1963;73
1964;74
1965;75
1966;67
1967;52
1968;58
1969;74
1970;26
1971;18
1972;18
1973;71
1974;79
1975;26
1976;73
1977;78
1978;67
1979;87
1980;60
1981;45
1982;41
1983;11
1984;50
1985;65
1986;54
1987;73
1988;60
1989;65
1990;61
1991;51
1992;9
1993;24
1994;71
1995;60
1996;64
1997;42
1998;19
1999;44
2000;2
2001;57
2002;37
2003;39
2004;11
2005;9
2006;65
2007;24
2008;66
2009;81
2010;70
2011;75
2012;82
2013;50
2014;76
2015;54
2016;69
2017;62
2018;50
2019;18
2020;12
2021;76
2022;21
2023;57
2024;71
2025;77
2026;50
2027;82
2028;57
2029;86
2030;62
2031;51
2032;60
2033;39
2034;18
2035;17
2036;66
2037;82
2038;52
2039;90
2040;66
2041;60
2042;80
2043;30
2044;49
2045;6
2046;16
2047;76
2048;63
2049;55
2050;72
2051;81
2052;55
2053;29
2054;63
2055;28
2056;81
2057;38
2058;8
2059;18
2060;31
2061;57
2062;30
2063;56
2064;54
2065;44
2066;23
2067;60
2068;69
2069;77
2070;61
2071;47
2072;77
2073;55
2074;64
2075;47
2076;17
2077;12
2078;17
2079;75
2080;78
2081;49
2082;52
2083;33
2084;16
2085;17
2086;13
2087;31
2088;66
2089;66
2090;49
2091;52
2092;53
2093;25
2094;45
2095;2
2096;4
2097;53
2098;37
2099;16
2100;15
2101;27
2102;41
2103;65
2104;49
2105;48
2106;17
2107;8
2108;51
2109;80
2110;27
2111;54
2112;16
2113;7
2114;14
2115;71
2116;53
2117;88
2118;49
2119;49
2120;6
2121;64
2122;32
2123;69
2124;67
2125;56
2126;80
2127;66
2128;60
2129;23
2130;62
2131;58
2132;54
2133;27
2134;33
2135;13
2136;5
2137;7
2138;91
2139;52
2140;22
2141;71
2142;66
2143;76
2144;49
2145;19
2146;37
2147;4
2148;4
2149;21
2150;43
2151;8
2152;0
2153;25
2154;47
2155;62
2156;73
2157;65
2158;33
2159;59
2160;44
2161;12
2162;16
2163;53
2164;66
2165;73
2166;23
2167;71
2168;46
2169;35
2170;62
2171;21
2172;27
2173;18
2174;5
2175;83
2176;22
2177;56
2178;12
2179;10
2180;35
2181;39
2182;1
2183;5
2184;20
2185;45
2186;20
2187;21
2188;36
2189;69
2190;51
2191;45
2192;64
2193;17
2194;13
2195;18
2196;65
2197;36
2198;71
2199;49
2200;79
2201;51
2202;11
2203;17
2204;54
2205;85
2206;73
2207;43
2208;28
2209;11
2210;7
2211;16
2212;16
2213;20
2214;21
2215;39
2216;36
2217;67
2218;48
2219;77
2220;22
2221;27
2222;8
2223;18
2224;9
2225;11
2226;0
2227;88
2228;56
2229;60
2230;42
2231;36
2232;0
2233;10
2234;48
2235;9
2236;14
2237;46
2238;73
2239;34
2240;46
2241;94
2242;42
2243;31
2244;4
2245;9
2246;1
2247;38
2248;22
2249;72
2250;74
2251;36
2252;29
2253;43
2254;53
2255;12
2256;72
2257;70
2258;66
2259;95
2260;73
2261;26
2262;12
2263;11
2264;49
2265;62
2266;49
2267;51
2268;81
2269;82
2270;42
2271;45
2272;9
2273;3
2274;56
2275;52
2276;53
2277;53
2278;32
2279;43
2280;3
2281;4
2282;1
2283;11
2284;22
2285;71
2286;67
2287;52
2288;77
2289;71
2290;64
2291;80
2292;31
2293;81
2294;72
2295;65
2296;71
2297;53
2298;74
2299;72
2300;70
2301;34
2302;73
2303;52
2304;80
2305;21
2306;59
2307;15
2308;14
2309;58
2310;92
2311;63
2312;55
2313;23
2314;25
2315;29
2316;73
2317;69
2318;63
2319;53
2320;54
2321;71
2322;76
2323;23
2324;83
2325;38
2326;74
2327;83
2328;78
2329;72
2330;49
2331;50
2332;16
2333;14
2334;79
2335;57
2336;55
2337;32
2338;50
2339;26
2340;52
2341;64
2342;59
2343;33
2344;35
2345;31
2346;61
2347;51
2348;69
2349;27
2350;42
2351;17
2352;40
2353;16
2354;34
2355;45
2356;57
2357;67
2358;67
2359;68
2360;19
2361;65
2362;49
2363;70
2364;56
2365;74
2366;47
2367;55
2368;55
2369;36
2370;33
2371;8
2372;16
2373;49
2374;52
2375;75
2376;49
2377;60
2378;72
2379;45
2380;58
2381;51
2382;22
2383;36
2384;46
2385;27
2386;9
2387;40
2388;90
2389;68
2390;39
2391;34
2392;15
2393;5
2394;67
2395;73
2396;48
2397;22
2398;59
2399;77
2400;61
2401;61
2402;90
2403;78
2404;50
2405;57
2406;51
2407;73
2408;60
2409;72
2410;70
2411;74
2412;58
2413;24
2414;25
2415;41
2416;20
2417;58
2418;22
2419;54
2420;87
2421;41
2422;72
2423;19
2424;86
2425;55
2426;53
2427;62
2428;9
2429;13
2430;69
2431;76
2432;46
2433;85
2434;60
2435;37
2436;10
2437;30
2438;62
2439;22
2440;53
2441;35
2442;17
2443;17
2444;24
2445;53
2446;58
2447;69
2448;46
2449;70
2450;39
2451;29
2452;34
2453;37
2454;41
2455;29
2456;5
2457;12
2458;17
2459;65
2460;85
2461;80
2462;57
2463;42
2464;57
2465;60
2466;88
2467;81
2468;36
2469;80
2470;24
2471;52
2472;60
2473;59
2474;61
2475;54
2476;85
2477;25
2478;62
2479;53
2480;35
2481;37
2482;11
2483;13
2484;50
2485;36
2486;18
2487;10
2488;17
2489;43
2490;54
2491;54
2492;63
2493;86
2494;90
2495;69
2496;76
2497;67
2498;70
2499;71
2500;54
2501;54
2502;36
2503;13
2504;5
2505;48
2506;59
2507;53
2508;53
2509;91
2510;57
2511;79
2512;19
2513;46
2514;86
2515;63
2516;64
2517;29
2518;53
2519;31
2520;38
2521;1
2522;44
2523;25
2524;22
2525;36
2526;44
2527;21
2528;31
2529;11
2530;4
2531;47
2532;60
2533;65
2534;76
2535;50
2536;49
2537;60
2538;58
2539;75
2540;31
2541;95
2542;86
2543;81
2544;46
2545;43
2546;40
2547;9
2548;16
2549;26
2550;45
2551;12
2552;79
2553;57
2554;43
2555;56
2556;49
2557;59
2558;65
2559;23
2560;45
2561;0
2562;8
2563;14
2564;67
2565;80
2566;62
2567;61
2568;73
2569;70
2570;47
2571;87
2572;66
2573;62
2574;66
2575;40
2576;48
2577;10
2578;18
2579;47
2580;42
2581;3
2582;15
2583;47
2584;75
2585;61
2586;63
2587;58
2588;13
2589;9
2590;53
2591;47
2592;47
2593;17
2594;17
2595;90
2596;72
2597;65
2598;72
2599;80
2600;68
2601;87
2602;43
2603;47
2604;62
2605;72
2606;74
2607;60
2608;60
2609;65
2610;71
2611;87
2612;43
2613;74
2614;54
2615;75
2616;57
2617;28
2618;87
2619;76
2620;49
2621;32
2622;58
2623;9
2624;13
2625;50
2626;58
2627;51
2628;70
2629;77
2630;39
2631;20
2632;18
2633;64
2634;44
2635;85
2636;28
2637;44
2638;10
2639;26
2640;60
2641;51
2642;39
2643;52
2644;47
2645;28
2646;10
2647;10
2648;38
2649;72
2650;75
2651;41
2652;57
2653;45
2654;61
2655;47
2656;78
2657;62
2658;83
2659;39
2660;29
2661;45
2662;14
2663;12
2664;59
2665;19
2666;52
2667;35
2668;18
2669;10
2670;49
2671;42
2672;62
2673;11
2674;8
2675;7
2676;65
2677;57
2678;57
2679;84
2680;69
2681;51
2682;56
2683;58
2684;59
2685;70
2686;72
2687;57
2688;22
2689;34
2690;55
2691;35
2692;58
2693;13
2694;7
2695;67
2696;43
2697;71
2698;50
2699;66
2700;42
2701;64
2702;11
2703;57
2704;70
2705;53
2706;25
2707;54
2708;60
2709;80
2710;44
2711;74
2712;43
2713;59
2714;58
2715;67
2716;62
2717;74
2718;76
2719;44
2720;41
2721;16
2722;75
2723;48
2724;74
2725;64
2726;47
2727;25
2728;71
2729;69
2730;71
2731;61
2732;35
2733;8
2734;12
2735;6
2736;59
2737;69
2738;49
2739;31
2740;35
2741;15
2742;9
2743;16
2744;50
2745;51
2746;59
2747;70
2748;22
2749;23
2750;25
2751;50
2752;61
2753;6
2754;10
2755;18
2756;54
2757;47
2758;8
2759;16
2760;62
2761;35
2762;54
2763;20
2764;53
2765;27
2766;63
2767;57
2768;14
2769;10
2770;69
2771;56
2772;67
2773;66
2774;39
2775;31
2776;12
2777;14
2778;60
2779;62
2780;73
2781;68
2782;20
2783;33
2784;15
2785;16
2786;30
2787;56
2788;24
2789;48
2790;65
2791;48
2792;75
2793;61
2794;84
2795;54
2796;47
2797;59
2798;53
2799;51
2800;73
2801;22
2802;22
2803;5
2804;2
2805;67
2806;70
2807;66
2808;70
2809;42
2810;2
2811;14
2812;33
2813;48
2814;65
2815;96
2816;80
2817;63
2818;62
2819;25
2820;74
2821;56
2822;67
2823;34
2824;2
2825;74
2826;38
2827;96
2828;64
2829;43
2830;56
2831;46
2832;34
2833;37
2834;82
2835;61
2836;50
2837;67
2838;22
2839;84
2840;45
2841;37
2842;14
2843;38
2844;29
2845;72
2846;71
2847;25
2848;20
2849;87
2850;61
2851;27
2852;84
2853;50
2854;49
2855;64
2856;46
2857;80
2858;29
2859;24
2860;74
2861;43
2862;29
2863;43
2864;4
2865;5
2866;9
2867;12
2868;24
2869;70
2870;31
2871;49
2872;35
2873;45
2874;35
2875;46
2876;14
2877;13
2878;6
2879;59
2880;72
2881;48
2882;62
2883;12
2884;79
2885;35
2886;50
2887;35
2888;52
2889;14
2890;67
2891;69
2892;67
2893;52
2894;26
2895;66
2896;66
2897;76
2898;73
2899;67
2900;42
2901;82
2902;81
2903;69
2904;51
2905;52
2906;78
2907;59
2908;77
2909;77
2910;38
2911;25
2912;37
2913;82
2914;43
2915;50
2916;20
2917;21
2918;69
2919;20
2920;75
2921;70
2922;68
2923;53
2924;42
2925;75
2926;67
2927;44
2928;53
2929;61
2930;17
2931;69
2932;47
2933;29
2934;20
2935;17
2936;45
2937;85
2938;54
2939;54
2940;61
2941;31
2942;16
2943;82
2944;39
2945;38
2946;74
2947;74
2948;48
2949;37
2950;12
2951;58
2952;51
2953;11
2954;8
2955;27
2956;44
2957;2
2958;9
2959;55
2960;59
2961;51
2962;77
2963;62
2964;29
2965;44
2966;49
2967;2
2968;2
2969;5
2970;49
2971;53
2972;46
2973;45
2974;28
2975;32
2976;4
2977;3
2978;67
2979;56
2980;63
2981;32
2982;29
2983;6
2984;5
2985;4
2986;73
2987;70
2988;56
2989;40
2990;47
2991;17
2992;8
2993;67
2994;47
2995;45
2996;71
2997;63
2998;48
2999;52
3000;69
3001;88
3002;88
3003;94
3004;20
3005;72
3006;64
3007;47
3008;78
3009;59
3010;54
3011;8
3012;15
3013;42
3014;31
3015;91
3016;54
3017;40
3018;22
3019;51
3020;24
3021;71
3022;52
3023;48
3024;26
3025;51
3026;61
3027;24
3028;78
3029;90
3030;41
3031;19
3032;61
3033;32
3034;74
3035;27
3036;32
3037;3
3038;4
3039;4
3040;36
3041;41
3042;2
3043;18
3044;60
3045;72
3046;22
3047;48
3048;45
3049;4
3050;14
3051;2
3052;5
3053;71
3054;75
3055;66
3056;34
3057;31
3058;2
3059;18
3060;67
3061;49
3062;37
3063;23
3064;23
3065;67
3066;64
3067;81
3068;77
3069;67
3070;25
3071;65
3072;35
3073;65
3074;50
3075;6
3076;66
3077;62
3078;53
3079;88
3080;28
3081;56
3082;63
3083;44
3084;45
3085;65
3086;81
3087;19
3088;30
3089;59
3090;41
3091;21
3092;43
3093;34
3094;37
3095;12
3096;14
3097;27
3098;19
3099;22
3100;48
3101;57
3102;78
3103;61
3104;53
3105;90
3106;41
3107;68
3108;50
3109;38
3110;16
3111;13
3112;66
3113;25
3114;64
3115;31
3116;8
3117;17
3118;56
3119;26
3120;50
3121;14
3122;14
3123;18
3124;11
3125;23
3126;26
3127;29
3128;26
3129;68
3130;61
3131;45
3132;46
3133;7
3134;30
3135;62
3136;51
3137;73
3138;20
3139;34
3140;30
3141;39
3142;87
3143;84
3144;56
3145;52
3146;77
3147;64
3148;74
3149;40
3150;39
3151;27
3152;4
3153;5
3154;66
3155;73
3156;52
3157;75
3158;72
3159;80
3160;20
3161;56
3162;46
3163;2
3164;9
3165;4
3166;59
3167;41
3168;55
3169;21
3170;47
3171;44
3172;28
3173;52
3174;44
3175;44
3176;74
3177;88
3178;61
3179;47
3180;54
3181;47
3182;6
3183;12
3184;34
3185;0
3186;77
3187;58
3188;50
3189;52
3190;55
3191;35
3192;16
3193;17
3194;24
3195;24
3196;82
3197;67
3198;49
3199;71
3200;51
3201;54
3202;47
3203;85
3204;37
3205;53
3206;63
3207;23
3208;72
3209;50
3210;71
3211;41
3212;77
3213;62
3214;61
3215;31
3216;17
3217;18
3218;53
3219;60
3220;30
3221;60
3222;77
3223;66
3224;66
3225;44
3226;64
3227;66
3228;47
3229;36
3230;68
3231;27
3232;50
3233;62
3234;21
3235;64
3236;24
3237;45
3238;19
3239;54
3240;74
3241;56
3242;52
3243;69
3244;79
3245;67
3246;62
3247;37
3248;57
3249;37
3250;17
3251;11
3252;13
3253;34
3254;45
3255;63
3256;13
3257;17
3258;69
3259;49
3260;13
3261;14
3262;35
3263;64
3264;71
3265;21
3266;46
3267;54
3268;9
3269;13
3270;14
3271;70
3272;24
3273;41
3274;59
3275;71
3276;82
3277;75
3278;26
3279;76
3280;40
3281;25
3282;84
3283;53
3284;24
3285;48
3286;65
3287;77
3288;65
3289;73
3290;51
3291;48
3292;47
3293;10
3294;7
3295;17
3296;20
3297;62
3298;20
3299;37
3300;19
3301;4
3302;53
3303;53
3304;61
3305;65
3306;60
3307;62
3308;78
3309;34
3310;34
3311;3
3312;23
3313;48
3314;47
3315;40
3316;15
3317;8
3318;61
3319;57
3320;72
3321;52
3322;52
3323;70
3324;33
3325;83
3326;78
3327;52
3328;59
3329;58
3330;36
3331;26
3332;3
3333;2
3334;4
3335;61
3336;26
3337;13
3338;7
3339;77
3340;61
3341;77
3342;46
3343;53
3344;12
3345;17
3346;20
3347;78
3348;25
3349;22
3350;21
3351;70
3352;79
3353;53
3354;50
3355;60
3356;30
3357;39
3358;16
3359;9
3360;70
3361;78
3362;56
3363;53
3364;27
3365;65
3366;26
3367;22
3368;43
3369;11
3370;69
3371;74
3372;77
3373;81
3374;30
3375;34
3376;14
3377;18
3378;44
3379;61
3380;67
3381;40
3382;72
3383;61
3384;74
3385;75
3386;42
3387;51
3388;45
3389;75
3390;51
3391;46
3392;54
3393;51
3394;70
3395;73
3396;57
3397;26
3398;88
3399;73
3400;50
3401;75
3402;71
3403;50
3404;67
3405;55
3406;60
3407;20
3408;26
3409;44
3410;39
3411;22
3412;37
3413;2
3414;29
3415;66
3416;45
3417;76
3418;46
3419;29
3420;52
3421;38
3422;26
3423;3
3424;15
3425;66
3426;72
3427;45
3428;70
3429;69
3430;72
3431;81
3432;46
3433;30
3434;27
3435;13
3436;12
3437;83
3438;34
3439;15
3440;0
3441;45
3442;36
3443;45
3444;9
3445;0
3446;48
3447;59
3448;7
3449;31
3450;54
3451;14
3452;15
3453;54
3454;44
3455;18
3456;19
3457;58
3458;77
3459;37
3460;76
3461;52
3462;50
3463;13
3464;6
3465;75
3466;70
3467;60
3468;61
3469;69
3470;44
3471;67
3472;58
3473;65
3474;64
3475;71
3476;72
3477;19
3478;78
3479;75
3480;54
3481;67
3482;61
3483;49
3484;32
3485;66
3486;70
3487;41
3488;20
3489;0
3490;82
3491;65
3492;28
3493;72
3494;47
3495;53
3496;57
3497;63
3498;60
3499;35
3500;15
3501;48
3502;61
3503;22
3504;50
3505;51
3506;56
3507;84
3508;26
3509;26
3510;9
3511;17
3512;73
3513;60
3514;63
3515;31
3516;16
3517;11
3518;33
3519;43
3520;11
3521;60
3522;43
3523;43
3524;61
3525;55
3526;72
3527;64
3528;34
3529;51
3530;69
3531;67
3532;38
3533;30
3534;67
3535;63
3536;77
3537;50
3538;74
3539;43
3540;82
3541;25
3542;68
3543;22
3544;72
3545;71
3546;72
3547;64
3548;71
3549;74
3550;34
3551;61
3552;54
3553;46
3554;62
3555;26
3556;34
3557;12
3558;45
3559;71
3560;86
3561;34
3562;19
3563;0
3564;11
3565;5
3566;69
3567;57
3568;61
3569;83
3570;47
3571;76
3572;73
3573;38
3574;86
3575;50
3576;40
3577;16
3578;52
3579;52
3580;80
3581;59
3582;53
3583;42
3584;7
3585;18
3586;7
3587;62
3588;61
3589;62
3590;14
3591;13
3592;17
3593;77
3594;48
3595;39
3596;76
3597;90
3598;51
3599;57
3600;69
3601;40
3602;79
3603;34
3604;64
3605;8
3606;12
3607;64
3608;71
3609;39
3610;66
3611;60
3612;55
3613;49
3614;17
3615;13
3616;29
3617;55
3618;73
3619;46
3620;32
3621;12
3622;15
3623;59
3624;59
3625;41
3626;68
3627;66
3628;71
3629;59
3630;33
3631;87
3632;27
3633;68
3634;93
3635;48
3636;67
3637;74
3638;76
3639;82
3640;55
3641;42
3642;10
3643;11
3644;67
3645;47
3646;78
3647;86
3648;64
3649;12
3650;61
3651;66
3652;19
3653;32
3654;20
3655;3
3656;47
3657;54
3658;49
3659;35
3660;15
3661;1
3662;1
3663;65
3664;76
3665;24
3666;21
3667;25
3668;39
3669;52
3670;43
3671;33
3672;68
3673;21
3674;44
3675;54
3676;54
3677;51
3678;14
3679;14
3680;26
3681;32
3682;7
3683;54
3684;51
3685;71
3686;36
3687;45
3688;9
3689;8
3690;11
3691;57
3692;82
3693;59
3694;56
3695;69
3696;57
3697;52
3698;71
3699;46
3700;51
3701;59
3702;52
3703;49
3704;67
3705;21
3706;30
3707;80
3708;82
3709;57
3710;33
3711;35
3712;18
3713;15
3714;57
3715;58
3716;52
3717;59
3718;45
3719;54
3720;50
3721;41
3722;15
3723;12
3724;87
3725;40
3726;24
3727;31
3728;7
3729;27
3730;65
3731;19
3732;75
3733;25
3734;51
3735;57
3736;53
3737;39
3738;44
3739;43
3740;51
3741;36
3742;12
3743;13
3744;7
3745;66
3746;43
3747;75
3748;63
3749;60
3750;42
3751;13
3752;8
3753;47
3754;46
3755;15
3756;11
3757;68
3758;86
3759;70
3760;25
3761;25
3762;66
3763;43
3764;50
3765;49
3766;28
3767;14
3768;0
3769;54
3770;63
3771;32
3772;46
3773;4
3774;58
3775;79
3776;74
3777;65
3778;70
3779;64
3780;83
3781;69
3782;62
3783;82
3784;60
3785;82
3786;58
3787;64
3788;35
3789;72
3790;67
3791;66
3792;25
3793;68
3794;63
3795;73
3796;63
3797;80
3798;55
3799;7
3800;12
3801;74
3802;19
3803;54
3804;45
3805;64
3806;72
3807;52
3808;30
3809;61
3810;74
3811;38
3812;66
3813;84
3814;76
3815;58
3816;46
3817;38
3818;68
3819;74
3820;84
3821;77
3822;67
3823;36
3824;70
3825;45
3826;75
3827;54
3828;66
3829;75
3830;66
3831;54
3832;88
3833;34
3834;54
3835;63
3836;60
3837;53
3838;42
3839;58
3840;20
3841;19
3842;60
3843;25
3844;59
3845;45
3846;59
3847;79
3848;97
3849;64
3850;56
3851;75
3852;60
3853;82
3854;44
3855;82
3856;77
3857;83
3858;26
3859;46
3860;71
3861;67
3862;46
3863;52
3864;56
3865;71
3866;44
3867;37
3868;0
3869;0
3870;54
3871;80
3872;24
3873;76
3874;61
3875;26
3876;14
3877;13
3878;56
3879;53
3880;62
3881;15
3882;13
3883;38
3884;33
3885;9
3886;9
3887;14
3888;75
3889;55
3890;57
3891;76
3892;66
3893;60
3894;67
3895;34
3896;46
3897;15
3898;5
3899;9
3900;88
3901;53
3902;73
3903;73
3904;73
3905;50
3906;47
3907;46
3908;27
3909;18
3910;0
3911;21
3912;51
3913;76
3914;54
3915;76
3916;58
3917;62
3918;48
3919;58
3920;50
3921;50
3922;14
3923;39
3924;46
3925;9
3926;12
3927;64
3928;56
3929;26
3930;61
3931;59
3932;45
3933;26
3934;18
3935;67
3936;38
3937;63
3938;12
3939;18
3940;17
3941;24
3942;73
3943;49
3944;61
3945;56
3946;51
3947;16
3948;7
3949;16
3950;34
3951;67
3952;26
3953;53
3954;16
3955;9
3956;25
3957;70
3958;54
3959;68
3960;57
3961;71
3962;52
3963;71
3964;35
3965;13
3966;3
3967;23
3968;23
3969;32
3970;38
3971;10
3972;5
3973;33
3974;58
3975;54
3976;74
3977;58
3978;66
3979;72
3980;36
3981;25
3982;24
3983;1
3984;1
3985;9
3986;71
3987;81
3988;73
3989;50
3990;60
3991;41
3992;11
3993;16
3994;18
3995;39
3996;28
3997;41
3998;1
3999;3
4000;2
4001;51
4002;60
4003;60
4004;19
4005;50
4006;66
4007;45
4008;63
4009;80
4010;53
4011;42
4012;11
4013;18
4014;34
4015;50
4016;54
4017;24
4018;74
4019;21
4020;57
4021;35
4022;52
4023;44
4024;41
4025;14
4026;6
4027;33
4028;40
4029;40
4030;12
4031;3
4032;8
4033;54
4034;50
4035;36
4036;18
4037;18
4038;51
4039;23
4040;28
4041;2
4042;53
4043;66
4044;73
4045;54
4046;31
4047;45
4048;52
4049;64
4050;70
4051;47
4052;78
4053;49
4054;84
4055;36
4056;70
4057;53
4058;57
4059;77
4060;40
4061;62
4062;32
4063;47
4064;70
4065;28
4066;41
4067;9
4068;6
4069;15
4070;47
4071;30
4072;16
4073;4
4074;10
4075;53
4076;68
4077;45
4078;78
4079;53
4080;77
4081;77
4082;54
4083;62
4084;16
4085;11
4086;8
4087;28
4088;68
4089;58
4090;80
4091;54
4092;42
4093;60
4094;79
4095;59
4096;64
4097;79
4098;52
4099;48
4100;79
4101;65
4102;62
4103;56
4104;63
4105;66
4106;51
4107;61
4108;72
4109;94
4110;50
4111;19
4112;77
4113;74
4114;72
4115;20
4116;61
4117;43
4118;17
4119;12
4120;65
4121;39
4122;25
4123;47
4124;29
4125;14
4126;2
4127;1
4128;81
4129;89
4130;71
4131;55
4132;24
4133;62
4134;62
4135;55
4136;37
4137;86
4138;74
4139;53
4140;61
4141;46
4142;52
4143;19
4144;59
4145;34
4146;72
4147;72
4148;80
4149;76
4150;60
4151;26
4152;20
4153;71
4154;58
4155;70
4156;47
4157;56
4158;98
4159;82
4160;69
4161;76
4162;84
4163;77
4164;72
4165;76
4166;82
4167;55
4168;62
4169;68
4170;63
4171;27
4172;21
4173;72
4174;62
4175;28
4176;52
4177;31
4178;58
4179;63
4180;71
4181;29
4182;15
4183;18
4184;53
4185;78
4186;85
4187;56
4188;20
4189;56
4190;30
4191;49
4192;74
4193;22
4194;71
4195;40
4196;73
4197;71
4198;62
4199;23
4200;36
4201;66
4202;62
4203;30
4204;15
4205;12
4206;9
4207;44
4208;51
4209;8
4210;11
4211;55
4212;48
4213;36
4214;18
4215;10
4216;54
4217;47
4218;43
4219;18
4220;33
4221;6
4222;39
4223;19
4224;56
4225;44
4226;81
4227;61
4228;64
4229;81
4230;43
4231;68
4232;65
4233;44
4234;61
4235;48
4236;42
4237;20
4238;52
4239;36
4240;40
4241;9
4242;11
4243;14
4244;56
4245;64
4246;79
4247;28
4248;84
4249;41
4250;43
4251;18
4252;10
4253;15
4254;49
4255;31
4256;7
4257;60
4258;49
4259;36
4260;35
4261;15
4262;12
4263;16
4264;81
4265;41
4266;20
4267;61
4268;62
4269;84
4270;19
4271;47
4272;77
4273;61
4274;56
4275;64
4276;56
4277;66
4278;61
4279;59
4280;21
4281;60
4282;35
4283;56
4284;8
4285;10
4286;62
4287;52
4288;61
4289;44
4290;43
4291;15
4292;10
4293;79
4294;76
4295;58
4296;49
4297;18
4298;14
4299;39
4300;72
4301;52
4302;76
4303;65
4304;59
4305;39
4306;80
4307;67
4308;60
4309;54
4310;63
4311;66
4312;50
4313;47
4314;89
4315;62
4316;56
4317;27
4318;42
4319;55
4320;68
4321;71
4322;77
4323;65
4324;87
4325;72
4326;52
4327;50
4328;31
4329;27
4330;4
4331;2
4332;24
4333;24
4334;5
4335;2
4336;29
4337;54
4338;88
4339;81
4340;66
4341;36
4342;61
4343;18
4344;18
4345;52
4346;32
4347;43
4348;9
4349;14
4350;12
4351;70
4352;77
4353;70
4354;30
4355;53
4356;19
4357;61
4358;68
4359;49
4360;70
4361;57
4362;80
4363;52
4364;54
4365;20
4366;41
4367;60
4368;80
4369;59
4370;72
4371;33
4372;7
4373;17
4374;19
4375;68
4376;39
4377;89
4378;77
4379;67
4380;56
4381;55
4382;74
4383;62
4384;69
4385;30
4386;29
4387;2
4388;67
4389;47
4390;50
4391;12
4392;86
4393;25
4394;84
4395;27
4396;32
4397;41
4398;13
4399;16
4400;52
4401;61
4402;75
4403;78
4404;32
4405;46
4406;16
4407;2
4408;20
4409;64
4410;78
4411;24
4412;59
4413;34
4414;13
4415;9
4416;12
4417;41
4418;64
4419;14
4420;16
4421;17
4422;52
4423;62
4424;70
4425;46
4426;54
4427;69
4428;25
4429;72
4430;61
4431;16
4432;60
4433;11
4434;6
4435;47
4436;49
4437;17
4438;17
4439;28
4440;41
4441;73
4442;30
4443;50
4444;45
4445;28
4446;46
4447;3
4448;24
4449;47
4450;50
4451;70
4452;79
4453;65
4454;58
4455;64
4456;52
4457;76
4458;19
4459;47
4460;68
4461;61
4462;71
4463;84
4464;93
4465;34
4466;50
4467;52
4468;7
4469;12
4470;76
4471;71
4472;75
4473;66
4474;30
4475;57
4476;43
4477;62
4478;12
4479;15
4480;72
4481;52
4482;52
4483;41
4484;70
4485;84
4486;67
4487;45
4488;26
4489;3
4490;1
4491;56
4492;56
4493;59
4494;69
4495;77
4496;52
4497;97
4498;53
4499;51
4500;71
4501;85
4502;23
4503;80
4504;67
4505;46
4506;22
4507;40
4508;56
4509;39
4510;45
4511;66
4512;55
4513;39
4514;36
4515;8
4516;16
4517;15
4518;13
4519;35
4520;74
4521;64
4522;83
4523;46
4524;22
4525;42
4526;68
4527;75
4528;58
4529;47
4530;11
4531;16
4532;62
4533;69
4534;55
4535;72
4536;72
4537;52
4538;78
4539;87
4540;61
4541;53
4542;35
4543;55
4544;66
4545;43
4546;14
4547;18
4548;68
4549;58
4550;29
4551;40
4552;44
4553;5
4554;18
4555;60
4556;54
4557;27
4558;41
4559;15
4560;85
4561;46
4562;23
4563;54
4564;61
4565;59
4566;57
4567;54
4568;25
4569;72
4570;29
4571;70
4572;87
4573;40
4574;50
4575;53
4576;75
4577;52
4578;66
4579;75
4580;39
4581;23
4582;38
4583;31
4584;30
4585;50
4586;62
4587;32
4588;42
4589;8
4590;12
4591;85
4592;34
4593;30
4594;64
4595;27
4596;55
4597;70
4598;80
4599;48
4600;45
4601;10
4602;8
4603;76
4604;59
4605;66
4606;59
4607;35
4608;27
4609;70
4610;73
4611;53
4612;36
4613;32
4614;6
4615;57
4616;69
4617;82
4618;93
4619;58
4620;54
4621;37
4622;65
4623;60
4624;29
4625;23
4626;46
4627;54
4628;30
4629;11
4630;6
4631;47
4632;59
4633;69
4634;83
4635;54
4636;76
4637;85
4638;53
4639;39
4640;42
4641;14
4642;18
4643;76
4644;62
4645;68
4646;52
4647;33
4648;34
4649;14
4650;1
4651;72
4652;71
4653;55
4654;64
4655;23
4656;52
4657;63
4658;42
4659;41
4660;8
4661;9
4662;40
4663;49
4664;26
4665;8
4666;22
4667;50
4668;26
4669;47
4670;34
4671;3
4672;5
4673;78
4674;57
4675;83
4676;56
4677;52
4678;89
4679;66
4680;74
4681;46
4682;59
4683;34
4684;19
4685;31
4686;19
4687;68
4688;45
4689;39
4690;57
4691;64
4692;6
4693;18
4694;31
4695;42
4696;17
4697;7
4698;67
4699;64
4700;45
4701;45
4702;36
4703;13
4704;14
4705;70
4706;45
4707;32
4708;42
4709;57
4710;29
4711;54
4712;72
4713;59
4714;61
4715;15
4716;48
4717;47
4718;22
4719;48
4720;27
4721;15
4722;10
4723;39
4724;44
4725;11
4726;10
4727;41
4728;67
4729;25
4730;58
4731;26
4732;20
4733;22
4734;55
4735;72
4736;20
4737;32
4738;18
4739;53
4740;65
4741;59
4742;84
4743;59
4744;40
4745;7
4746;15
4747;11
4748;55
4749;14
4750;76
4751;42
4752;47
4753;17
4754;15
4755;50
4756;47
4757;16
4758;13
4759;79
4760;66
4761;47
4762;52
4763;82
4764;78
4765;28
4766;52
4767;61
4768;69
4769;72
4770;76
4771;48
4772;34
4773;2
4774;56
4775;42
4776;78
4777;86
4778;50
4779;48
4780;61
4781;79
4782;51
4783;68
4784;57
4785;68
4786;67
4787;20
4788;60
4789;57
4790;71
4791;22
4792;77
4793;80
4794;20
4795;22
4796;26
4797;29
4798;35
4799;5
4800;11
4801;3
4802;67
4803;72
4804;55
4805;14
4806;33
4807;63
4808;71
4809;66
4810;57
4811;55
4812;37
4813;80
4814;54
4815;19
4816;79
4817;30
4818;18
4819;66
4820;70
4821;50
4822;48
4823;49
4824;76
4825;72
4826;90
4827;76
4828;68
4829;84
4830;58
4831;67
4832;44
4833;56
4834;55
4835;60
4836;53
4837;45
4838;53
4839;8
4840;16
4841;11
4842;66
4843;62
4844;74
4845;80
4846;63
4847;7
4848;14
4849;61
4850;79
4851;67
4852;83
4853;58
4854;41
4855;77
4856;64
4857;54
4858;20
4859;38
4860;72
4861;46
4862;72
4863;67
4864;41
4865;55
4866;14
4867;7
4868;68
4869;50
4870;15
4871;31
4872;15
4873;29
4874;31
4875;73
4876;80
4877;60
4878;26
4879;52
4880;51
4881;97
4882;36
4883;44
4884;44
4885;4
4886;13
4887;11
4888;44
4889;52
4890;46
4891;53
4892;68
4893;43
4894;87
4895;59
4896;79
4897;69
4898;84
4899;23
4900;26
4901;71
4902;77
4903;53
4904;73
4905;61
4906;64
4907;68
4908;77
4909;60
4910;61
4911;22
4912;22
4913;30
4914;22
4915;71
4916;22
4917;47
4918;67
4919;67
4920;82
4921;55
4922;49
4923;64
4924;12
4925;7
4926;34
4927;29
4928;1
4929;15
4930;58
4931;33
4932;17
4933;14
4934;69
4935;55
4936;34
4937;35
4938;5
4939;14
4940;32
4941;58
4942;79
4943;72
4944;43
4945;71
4946;92
4947;55
4948;29
4949;69
4950;86
4951;57
4952;29
4953;77
4954;45
4955;78
4956;56
4957;59
4958;57
4959;52
4960;28
4961;48
4962;26
4963;6
4964;7
4965;6
4966;14
4967;20
4968;63
4969;72
4970;25
4971;56
4972;25
4973;80
4974;43
4975;55
4976;77
4977;22
4978;28
4979;57
4980;77
4981;64
4982;10
4983;49
4984;54
4985;8
4986;39
4987;60
4988;87
4989;71
4990;85
4991;53
4992;39
4993;17
4994;13
4995;49
4996;48
4997;80
4998;79
4999;54
5000;80
5001;23
5002;50
5003;72
5004;34
5005;38
5006;18
5007;25
5008;36
5009;15
5010;15
5011;67
5012;76
5013;51
5014;50
5015;79
5016;56
5017;21
5018;45
5019;43
5020;59
5021;68
5022;69
5023;58
5024;53
5025;31
5026;45
5027;2
5028;11
5029;47
5030;46
5031;7
5032;18
5033;17
5034;53
5035;70
5036;39
5037;16
5038;37
5039;35
5040;53
5041;69
5042;63
5043;57
5044;39
5045;79
5046;58
5047;40
5048;92
5049;29
5050;43
5051;17
5052;66
5053;60
5054;49
5055;56
5056;20
5057;62
5058;36
5059;16
5060;17
5061;62
5062;66
5063;53
5064;45
5065;78
5066;70
5067;69
5068;69
5069;60
5070;74
5071;83
5072;61
5073;37
5074;17
5075;18
5076;45
5077;87
5078;76
5079;61
5080;57
5081;78
5082;47
5083;26
5084;23
5085;24
5086;47
5087;72
5088;61
5089;49
5090;75
5091;52
5092;28
5093;10
5094;6
5095;94
5096;54
5097;60
5098;20
5099;64
5100;56
5101;12
5102;18
5103;47
5104;60
5105;62
5106;65
5107;51
5108;24
5109;73
5110;64
5111;28
5112;39
5113;10
5114;11
5115;65
5116;70
5117;59
5118;31
5119;70
5120;49
5121;81
5122;95
5123;78
5124;45
5125;63
5126;18
5127;11
5128;71
5129;65
5130;88
5131;67
5132;45
5133;64
5134;27
5135;36
5136;12
5137;18
5138;51
5139;25
5140;69
5141;90
5142;59
5143;77
5144;68
5145;61
5146;52
5147;66
5148;57
5149;53
5150;24
5151;69
5152;78
5153;42
5154;20
5155;41
5156;81
5157;78
5158;75
5159;61
5160;72
5161;67
5162;52
5163;49
5164;16
5165;70
5166;38
5167;15
5168;13
5169;39
5170;71
5171;78
5172;19
5173;80
5174;57
5175;61
5176;61
5177;52
5178;69
5179;50
5180;64
5181;25
5182;59
5183;46
5184;59
5185;59
5186;53
5187;51
5188;53
5189;51
5190;75
5191;69
5192;29
5193;40
5194;48
5195;69
5196;44
5197;44
5198;74
5199;59
5200;26
5201;15
5202;12
5203;12
5204;40
5205;45
5206;7
5207;14
5208;79
5209;70
5210;73
5211;76
5212;45
5213;61
5214;38
5215;55
5216;73
5217;71
5218;46
5219;72
5220;62
5221;34
5222;66
5223;60
5224;67
5225;42
5226;62
5227;37
5228;48
5229;51
5230;53
5231;77
5232;28
5233;83
5234;78
5235;41
5236;29
5237;10
5238;16
5239;31
5240;47
5241;59
5242;70
5243;72
5244;21
5245;72
5246;42
5247;57
5248;70
5249;66
5250;32
5251;50
5252;65
5253;21
5254;45
5255;70
5256;20
5257;21
5258;0
5259;3
5260;2
5261;14
5262;36
5263;39
5264;1
5265;7
5266;17
5267;63
5268;74
5269;43
5270;68
5271;33
5272;50
5273;73
5274;20
5275;66
5276;31
5277;51
5278;44
5279;7
5280;57
5281;47
5282;49
5283;43
5284;47
5285;57
5286;10
5287;8
5288;16
5289;49
5290;57
5291;21
5292;75
5293;53
5294;77
5295;52
5296;12
5297;19
5298;74
5299;80
5300;86
5301;59
5302;24
5303;56
5304;42
5305;18
5306;17
5307;12
5308;64
5309;80
5310;52
5311;57
5312;87
5313;90
5314;50
5315;82
5316;70
5317;43
5318;66
5319;31
5320;67
5321;30
5322;43
5323;1
5324;0
5325;32
5326;62
5327;66
5328;71
5329;71
5330;35
5331;53
5332;14
5333;9
5334;39
5335;41
5336;10
5337;5
5338;39
5339;31
5340;30
5341;1
5342;28
5343;33
5344;17
5345;5
5346;37
5347;30
5348;15
5349;18
5350;88
5351;38
5352;41
5353;17
5354;4
5355;3
5356;5
5357;55
5358;73
5359;65
5360;29
5361;46
5362;60
5363;69
5364;72
5365;70
5366;53
5367;75
5368;46
5369;80
5370;54
5371;24
5372;88
5373;22
5374;67
5375;47
5376;27
5377;67
5378;53
5379;58
5380;54
5381;29
5382;68
5383;68
5384;28
5385;55
5386;10
5387;7
5388;74
5389;73
5390;93
5391;76
5392;45
5393;11
5394;75
5395;45
5396;40
5397;0
5398;17
5399;2
5400;14
5401;16
5402;59
5403;34
5404;15
5405;48
5406;15
5407;46
5408;47
5409;59
5410;60
5411;13
5412;55
5413;53
5414;70
5415;31
5416;23
5417;18
5418;7
5419;0
5420;26
5421;24
5422;12
5423;5
5424;51
5425;37
5426;27
5427;80
5428;59
5429;77
5430;29
5431;39
5432;13
5433;12
5434;15
5435;80
5436;50
5437;59
5438;39
5439;61
5440;51
5441;29
5442;26
5443;48
5444;67
5445;84
5446;87
5447;57
5448;30
5449;43
5450;0
5451;59
5452;55
5453;80
5454;75
5455;44
5456;14
5457;15
5458;29
5459;40
5460;14
5461;30
5462;31
5463;34
5464;19
5465;5
5466;50
5467;71
5468;46
5469;19
5470;72
5471;50
5472;21
5473;82
5474;48
5475;89
5476;71
5477;48
5478;89
5479;62
5480;59
5481;56
5482;61
5483;70
5484;67
5485;37
5486;64
5487;61
5488;18
5489;32
5490;43
5491;11
5492;2
5493;48
5494;49
5495;64
5496;61
5497;59
5498;81
5499;52
5500;42
5501;48
5502;83
5503;40
5504;82
5505;59
5506;71
5507;61
5508;24
5509;35
5510;51
5511;56
5512;43
5513;44
5514;17
5515;57
5516;59
5517;57
5518;75
5519;68
5520;54
5521;62
5522;78
5523;71
5524;50
5525;74
5526;63
5527;73
5528;62
5529;68
5530;45
5531;49
5532;17
5533;14
5534;37
5535;84
5536;43
5537;30
5538;43
5539;40
5540;54
5541;54
5542;15
5543;17
5544;29
5545;52
5546;7
5547;6
5548;9
5549;14
5550;42
5551;15
5552;17
5553;46
5554;62
5555;39
5556;62
5557;23
5558;62
5559;37
5560;32
5561;67
5562;44
5563;76
5564;72
5565;49
5566;28
5567;48
5568;36
5569;13
5570;8
5571;27
5572;57
5573;68
5574;92
5575;35
5576;50
5577;12
5578;48
5579;37
5580;11
5581;9
5582;16
5583;61
5584;31
5585;43
5586;28
5587;7
5588;17
5589;17
5590;62
5591;47
5592;50
5593;28
5594;41
5595;6
5596;14
5597;63
5598;70
5599;60
5600;78
5601;90
5602;55
5603;51
5604;27
5605;46
5606;55
5607;12
5608;73
5609;77
5610;61
5611;74
5612;80
5613;35
5614;19
5615;65
5616;88
5617;78
5618;72
5619;28
5620;66
5621;66
5622;87
5623;55
5624;66
5625;90
5626;46
5627;15
5628;76
5629;30
5630;15
5631;18
5632;32
5633;42
5634;2
5635;16
5636;40
5637;27
5638;3
5639;2
5640;68
5641;59
5642;78
5643;90
5644;50
5645;43
5646;45
5647;72
5648;38
5649;80
5650;81
5651;21
5652;48
5653;70
5654;24
5655;50
5656;24
5657;50
5658;57
5659;14
5660;55
5661;80
5662;78
5663;78
5664;59
5665;80
5666;22
5667;28
5668;0
5669;16
5670;67
5671;73
5672;52
5673;44
5674;16
5675;16
5676;72
5677;50
5678;63
5679;9
5680;6
5681;76
5682;72
5683;60
5684;52
5685;35
5686;16
5687;10
5688;13
5689;76
5690;38
5691;45
5692;2
5693;4
5694;18
5695;43
5696;49
5697;28
5698;73
5699;25
5700;86
5701;29
5702;71
5703;62
5704;47
5705;70
5706;24
5707;64
5708;32
5709;47
5710;3
5711;0
5712;9
5713;14
5714;13
5715;90
5716;84
5717;63
5718;32
5719;30
5720;3
5721;1
5722;29
5723;29
5724;45
5725;60
5726;36
5727;11
5728;18
5729;44
5730;47
5731;48
5732;14
5733;9
5734;64
5735;27
5736;64
5737;55
5738;85
5739;94
5740;44
5741;35
5742;7
5743;1
5744;12
5745;59
5746;69
5747;87
5748;72
5749;44
5750;0
5751;15
5752;22
5753;34
5754;92
5755;47
5756;67
5757;44
5758;52
5759;30
5760;48
5761;12
5762;39
5763;42
5764;16
5765;12
5766;30
5767;10
5768;57
5769;20
5770;53
5771;68
5772;43
5773;64
5774;72
5775;70
5776;33
5777;37
5778;18
5779;57
5780;58
5781;8
5782;12
5783;33
5784;32
5785;1
5786;7
5787;9
5788;60
5789;62
5790;45
5791;16
5792;60
5793;41
5794;40
5795;52
5796;20
5797;51
5798;75
5799;46
5800;47
5801;37
5802;11
5803;6
5804;34
5805;67
5806;43
5807;26
5808;89
5809;84
5810;71
5811;66
5812;64
5813;26
5814;30
5815;21
5816;20
5817;61
5818;25
5819;54
5820;51
5821;26
5822;24
5823;68
5824;47
5825;60
5826;49
5827;61
5828;61
5829;59
5830;92
5831;82
5832;38
5833;43
5834;43
5835;15
5836;14
5837;41
5838;25
5839;25
5840;21
5841;75
5842;54
5843;63
5844;61
5845;64
5846;76
5847;34
5848;77
5849;52
5850;26
5851;56
5852;53
5853;82
5854;27
5855;45
5856;2
5857;3
5858;23
5859;42
5860;25
5861;84
5862;50
5863;49
5864;6
5865;16
5866;15
5867;65
5868;49
5869;40
5870;40
5871;4
5872;52
5873;93
5874;67
5875;66
5876;32
5877;40
5878;47
5879;7
5880;18
5881;87
5882;71
5883;63
5884;47
5885;36
5886;73
5887;82
5888;59
5889;56
5890;66
5891;58
5892;71
5893;54
5894;55
5895;48
5896;37
5897;46
5898;7
5899;2
5900;33
5901;23
5902;73
5903;65
5904;38
5905;77
5906;23
5907;30
5908;44
5909;52
5910;52
5911;37
5912;71
5913;20
5914;62
5915;71
5916;24
5917;80
5918;46
5919;59
5920;15
5921;11
5922;65
5923;29
5924;34
5925;4
5926;62
5927;60
5928;59
5929;9
5930;23
5931;75
5932;60
5933;35
5934;44
5935;77
5936;71
5937;56
5938;55
5939;81
5940;51
5941;56
5942;59
5943;81
5944;72
5945;69
5946;82
5947;37
5948;53
5949;54
5950;30
5951;20
5952;33
5953;0
5954;5
5955;29
5956;32
5957;11
5958;15
5959;78
5960;84
5961;47
5962;67
5963;75
5964;45
5965;77
5966;30
5967;70
5968;70
5969;62
5970;56
5971;75
5972;82
5973;59
5974;67
5975;53
5976;47
5977;11
5978;72
5979;78
5980;59
5981;25
5982;47
5983;5
5984;63
5985;39
5986;22
5987;19
5988;19
5989;22
5990;52
5991;66
5992;61
5993;56
5994;73
5995;55
5996;64
5997;56
5998;41
5999;15
6000;12
6001;62
6002;73
6003;92
6004;41
6005;33
6006;29
6007;35
6008;69
6009;22
6010;23
6011;25
6012;67
6013;67
6014;47
6015;52
6016;88
6017;45
6018;28
6019;4
6020;16
6021;30
6022;54
6023;82
6024;55
6025;67
6026;64
6027;36
6028;73
6029;82
6030;30
6031;63
6032;53
6033;44
6034;27
6035;3
6036;7
6037;14
6038;45
6039;39
6040;12
6041;9
6042;16
6043;48
6044;3
6045;77
6046;31
6047;72
6048;50
6049;86
6050;56
6051;37
6052;74
6053;23
6054;21
6055;54
6056;70
6057;19
6058;60
6059;37
6060;21
6061;47
6062;24
6063;55
6064;64
6065;59
6066;54
6067;48
6068;72
6069;73
6070;76
6071;62
6072;76
6073;46
6074;45
6075;66
6076;38
6077;20
6078;51
6079;25
6080;36
6081;44
6082;70
6083;68
6084;36
6085;49
6086;61
6087;39
6088;44
6089;3
6090;5
6091;60
6092;67
6093;35
6094;46
6095;13
6096;12
6097;68
6098;77
6099;28
6100;39
6101;55
6102;85
6103;55
6104;30
6105;52
6106;56
6107;60
6108;88
6109;38
6110;27
6111;4
6112;6
6113;5
6114;39
6115;57
6116;57
6117;61
6118;29
6119;49
6120;42
6121;17
6122;11
6123;60
6124;34
6125;64
6126;17
6127;6
6128;29
6129;56
6130;55
6131;85
6132;25
6133;47
6134;62
6135;47
6136;48
6137;17
6138;13
6139;52
6140;36
6141;70
6142;42
6143;19
6144;89
6145;28
6146;40
6147;23
6148;58
6149;22
6150;36
6151;56
6152;76
6153;47
6154;40
6155;15
6156;3
6157;3
6158;57
6159;72
6160;41
6161;13
6162;61
6163;19
6164;45
6165;43
6166;6
6167;58
6168;67
6169;61
6170;54
6171;20
6172;92
6173;94
6174;68
6175;49
6176;63
6177;63
6178;27
6179;17
6180;56
6181;21
6182;61
6183;59
6184;53
6185;84
6186;48
6187;70
6188;51
6189;39
6190;83
6191;58
6192;55
6193;63
6194;38
6195;71
6196;60
6197;65
6198;99
6199;25
6200;80
6201;52
6202;47
6203;50
6204;9
6205;8
6206;10
6207;59
6208;10
6209;46
6210;31
6211;76
6212;63
6213;58
6214;64
6215;34
6216;27
6217;18
6218;8
6219;76
6220;80
6221;69
6222;76
6223;68
6224;66
6225;66
6226;30
6227;43
6228;57
6229;10
6230;12
6231;81
6232;31
6233;30
6234;5
6235;3
6236;1
6237;14
6238;53
6239;60
6240;33
6241;44
6242;4
6243;12
6244;28
6245;72
6246;82
6247;82
6248;30
6249;2
6250;45
6251;32
6252;1
6253;39
6254;7
6255;15
6256;78
6257;69
6258;36
6259;48
6260;65
6261;68
6262;39
6263;6
6264;17
6265;85
6266;50
6267;47
6268;45
6269;7
6270;16
6271;15
6272;9
6273;22
6274;42
6275;11
6276;3
6277;6
6278;67
6279;49
6280;65
6281;48
6282;60
6283;86
6284;48
6285;81
6286;37
6287;64
6288;36
6289;67
6290;61
6291;52
6292;49
6293;51
6294;71
6295;35
6296;53
6297;8
6298;14
6299;79
6300;75
6301;73
6302;69
6303;44
6304;54
6305;63
6306;54
6307;12
6308;11
6309;20
6310;72
6311;77
6312;73
6313;25
6314;77
6315;43
6316;18
6317;52
6318;57
6319;74
6320;87
6321;62
6322;67
6323;32
6324;34
6325;41
6326;15
6327;14
6328;49
6329;17
6330;18
6331;76
6332;63
6333;39
6334;27
6335;7
6336;27
6337;31
6338;17
6339;18
6340;65
6341;41
6342;30
6343;20
6344;4
6345;31
6346;61
6347;75
6348;56
6349;50
6350;46
6351;6
6352;17
6353;39
6354;36
6355;7
6356;7
6357;51
6358;60
6359;32
6360;20
6361;49
6362;21
6363;14
6364;1
6365;54
6366;35
6367;49
6368;1
6369;8
6370;72
6371;29
6372;29
6373;28
6374;12
6375;4
6376;75
6377;19
6378;67
6379;63
6380;59
6381;64
6382;62
6383;26
6384;95
6385;56
6386;29
6387;57
6388;64
6389;60
6390;11
6391;8
6392;61
6393;39
6394;34
6395;24
6396;77
6397;25
6398;22
6399;69
6400;28
6401;45
6402;52
6403;11
6404;17
6405;8
6406;17
6407;71
6408;56
6409;69
6410;19
6411;55
6412;60
6413;16
6414;13
6415;61
6416;41
6417;51
6418;51
6419;90
6420;47
6421;61
6422;51
6423;44
6424;14
6425;44
6426;60
6427;12
6428;35
6429;20
6430;84
6431;41
6432;42
6433;31
6434;11
6435;8
6436;69
6437;86
6438;53
6439;73
6440;24
6441;23
6442;58
6443;26
6444;50
6445;54
6446;71
6447;61
6448;50
6449;60
6450;84
6451;71
6452;51
6453;81
6454;71
6455;79
6456;24
6457;76
6458;83
6459;68
6460;67
6461;67
6462;82
6463;71
6464;60
6465;35
6466;19
6467;3
6468;2
6469;44
6470;27
6471;13
6472;1
6473;4
6474;49
6475;47
6476;34
6477;12
6478;17
6479;37
6480;40
6481;12
6482;14
6483;77
6484;70
6485;91
6486;70
6487;24
6488;63
6489;68
6490;60
6491;90
6492;27
6493;39
6494;9
6495;79
6496;72
6497;38
6498;57
6499;17
6500;6
6501;36
6502;42
6503;32
6504;14
6505;13
6506;53
6507;64
6508;16
6509;10
6510;69
6511;70
6512;42
6513;37
6514;24
6515;58
6516;81
6517;77
6518;52
6519;65
6520;55
6521;70
6522;80
6523;64
6524;69
6525;28
6526;63
6527;14
6528;12
6529;67
6530;28
6531;22
6532;37
6533;28
6534;43
6535;9
6536;2
6537;15
6538;17
6539;71
6540;48
6541;49
6542;84
6543;34
6544;42
6545;12
6546;17
6547;12
6548;80
6549;35
6550;59
6551;81
6552;24
6553;40
6554;55
6555;19
6556;59
6557;7
6558;72
6559;64
6560;61
6561;21
6562;50
6563;21
6564;43
6565;42
6566;44
6567;61
6568;15
6569;9
6570;79
6571;21
6572;37
6573;10
6574;4
6575;68
6576;54
6577;100
6578;90
6579;47
6580;24
6581;68
6582;67
6583;51
6584;63
6585;56
6586;69
6587;19
6588;60
6589;77
6590;81
6591;75
6592;57
6593;58
6594;14
6595;68
6596;68
6597;49
6598;65
6599;35
6600;68
6601;84
6602;30
6603;37
6604;66
6605;67
6606;51
6607;64
6608;65
6609;92
6610;54
6611;60
6612;13
6613;8
6614;18
6615;38
6616;19
6617;38
6618;74
6619;64
6620;39
6621;14
6622;7
6623;84
6624;60
6625;76
6626;71
6627;19
6628;74
6629;67
6630;86
6631;82
6632;42
6633;28
6634;18
6635;10
6636;59
6637;71
6638;44
6639;57
6640;27
6641;83
6642;54
6643;24
6644;70
6645;41
6646;53
6647;6
6648;12
6649;39
6650;15
6651;8
6652;55
6653;63
6654;61
6655;33
6656;27
6657;6
6658;28
6659;50
6660;57
6661;8
6662;66
6663;26
6664;85
6665;43
6666;52
6667;72
6668;19
6669;47
6670;49
6671;10
6672;7
6673;9
6674;19
6675;41
6676;54
6677;11
6678;9
6679;42
6680;64
6681;55
6682;41
6683;48
6684;30
6685;40
6686;8
6687;16
6688;16
6689;67
6690;20
6691;46
6692;2
6693;5
6694;14
6695;65
6696;29
6697;73
6698;58
6699;48
6700;64
6701;35
6702;19
6703;2
6704;15
6705;64
6706;44
6707;9
6708;56
6709;23
6710;61
6711;29
6712;93
6713;21
6714;50
6715;53
6716;72
6717;56
6718;72
6719;56
6720;71
6721;64
6722;48
6723;45
6724;8
6725;48
6726;64
6727;18
6728;78
6729;46
6730;46
6731;71
6732;44
6733;45
6734;18
6735;5
6736;52
6737;62
6738;16
6739;16
6740;57
6741;27
6742;38
6743;0
6744;2
6745;32
6746;48
6747;11
6748;3
6749;1
6750;53
6751;65
6752;62
6753;83
6754;61
6755;64
6756;57
6757;60
6758;57
6759;67
6760;42
6761;46
6762;67
6763;82
6764;23
6765;70
6766;70
6767;57
6768;50
6769;27
6770;43
6771;1
6772;5
6773;78
6774;74
6775;76
6776;72
6777;54
6778;13
6779;60
6780;19
6781;83
6782;80
6783;66
6784;32
6785;45
6786;16
6787;31
6788;8
6789;9
6790;71
6791;60
6792;52
6793;75
6794;59
6795;71
6796;39
6797;19
6798;57
6799;84
6800;32
6801;13
6802;74
6803;31
6804;18
6805;9
6806;75
6807;61
6808;30
6809;79
6810;54
6811;27
6812;22
6813;76
6814;30
6815;19
6816;2
6817;14
6818;39
6819;26
6820;81
6821;67
6822;64
6823;50
6824;64
6825;58
6826;90
6827;88
6828;70
6829;52
6830;54
6831;44
6832;8
6833;63
6834;36
6835;23
6836;44
6837;58
6838;93
6839;26
6840;44
6841;47
6842;40
6843;3
6844;3
6845;5
6846;42
6847;47
6848;36
6849;0
6850;14
6851;3
6852;0
6853;4
6854;77
6855;62
6856;43
6857;6
6858;18
6859;41
6860;63
6861;55
6862;52
6863;46
6864;82
6865;90
6866;79
6867;59
6868;46
6869;71
6870;67
6871;67
6872;90
6873;60
6874;81
6875;68
6876;43
6877;12
6878;15
6879;54
6880;52
6881;36
6882;89
6883;55
6884;33
6885;53
6886;37
6887;28
6888;81
6889;60
6890;58
6891;63
6892;29
6893;53
6894;64
6895;72
6896;62
6897;26
6898;11
6899;10
6900;48
6901;42
6902;11
6903;13
6904;75
6905;63
6906;34
6907;42
6908;33
6909;78
6910;63
6911;65
6912;51
6913;65
6914;19
