1;79
2;62
3;73
4;50
5;59
6;52
7;43
8;46
9;3
10;17
11;0
12;63
13;65
14;69
15;86
16;52
17;54
18;30
19;50
20;16
21;7
22;7
23;69
24;47
25;27
26;51
27;22
28;35
29;62
30;47
31;52
32;54
33;82
34;88
35;54
36;55
37;39
38;18
39;74
40;24
41;62
42;19
43;26
44;77
45;22
46;25
47;25
48;51
49;47
50;57
51;81
52;50
53;23
54;4
55;49
56;30
57;4
58;3
59;5
60;56
61;73
62;35
63;12
64;46
65;38
66;6
67;34
68;28
69;8
70;67
71;56
72;47
73;44
74;72
75;65
76;32
77;42
78;8
79;36
80;44
81;3
82;56
83;72
84;25
85;60
86;60
87;75
88;43
89;29
90;5
91;2
92;3
93;31
94;3
95;11
96;4
97;39
98;53
99;46
100;8
101;14
102;53
103;48
104;64
105;30
106;11
107;49
108;32
109;10
110;11
111;29
112;60
113;50
114;20
115;35
116;48
117;83
118;24
119;24
120;66
121;63
122;19
123;35
124;52
125;30
126;51
127;20
128;31
129;65
130;57
131;37
132;30
133;5
134;17
135;57
136;54
137;74
138;47
139;31
140;32
141;25
142;80
143;38
144;65
145;50
146;50
147;10
148;47
149;59
150;17
151;11
152;18
153;50
154;47
155;77
156;45
157;48
158;69
159;39
160;47
161;51
162;66
163;92
164;70
165;73
166;39
167;62
168;23
169;65
170;33
171;49
172;51
173;57
174;42
175;12
176;92
177;98
178;21
179;50
180;48
181;67
182;71
183;77
184;74
185;64
186;37
187;64
188;12
189;16
190;67
191;27
192;46
193;72
194;63
195;63
196;69
197;72
198;67
199;49
200;70
201;44
202;56
203;65
204;19
205;70
206;60
207;83
208;64
209;72
210;75
211;78
212;46
213;92
214;57
215;85
216;28
217;38
218;61
219;73
220;48
221;49
222;73
223;20
224;21
225;24
226;5
227;2
228;32
229;11
230;20
231;38
232;13
233;1
234;47
235;9
236;13
237;46
238;89
239;28
240;70
241;52
242;57
243;97
244;36
245;49
246;12
247;7
248;12
249;74
250;88
251;76
252;37
253;32
254;16
255;22
256;47
257;13
258;8
259;37
260;48
261;16
262;67
263;67
264;70
265;27
266;14
267;31
268;53
269;17
270;7
271;70
272;54
273;54
274;62
275;9
276;93
277;71
278;38
279;62
280;49
281;20
282;45
283;46
284;17
285;2
286;15
287;72
288;20
289;68
290;36
291;44
292;7
293;16
294;47
295;60
296;22
297;50
298;23
299;56
300;41
301;52
302;69
303;43
304;30
305;49
306;12
307;10
308;39
309;23
310;56
311;47
312;64
313;7
314;6
315;18
316;27
317;62
318;51
319;53
320;9
321;7
322;37
323;29
324;15
325;41
326;34
327;13
328;10
329;72
330;43
331;63
332;92
333;28
334;7
335;12
336;38
337;58
338;50
339;67
340;71
341;57
342;59
343;61
344;33
345;65
346;46
347;50
348;69
349;40
350;24
351;3
352;1
353;4
354;40
355;41
356;13
357;15
358;67
359;42
360;16
361;8
362;56
363;46
364;57
365;63
366;25
367;35
368;35
369;8
370;45
371;15
372;56
373;47
374;74
375;80
376;52
377;80
378;45
379;47
380;79
381;46
382;61
383;60
384;50
385;68
386;62
387;42
388;35
389;32
390;42
391;42
392;47
393;11
394;14
395;56
396;53
397;13
398;15
399;21
400;23
401;57
402;51
403;56
404;41
405;7
406;60
407;65
408;49
409;44
410;44
411;10
412;87
413;71
414;67
415;21
416;58
417;72
418;47
419;21
420;56
421;53
422;68
423;53
424;83
425;29
426;41
427;65
428;53
429;30
430;48
431;46
432;11
433;30
434;48
435;64
436;72
437;52
438;46
439;63
440;69
441;55
442;69
443;79
444;54
445;35
446;32
447;9
448;18
449;42
450;59
451;14
452;14
453;7
454;63
455;14
456;18
457;47
458;62
459;65
460;67
461;60
462;30
463;39
464;16
465;17
466;48
467;66
468;60
469;34
470;47
471;43
472;38
473;12
474;6
475;73
476;71
477;68
478;42
479;60
480;31
481;28
482;18
483;61
484;85
485;51
486;60
487;93
488;67
489;54
490;57
491;47
492;63
493;52
494;17
495;6
496;29
497;70
498;46
499;48
500;26
501;91
502;22
503;23
504;40
505;43
506;9
507;10
508;51
509;33
510;78
511;50
512;63
513;38
514;35
515;9
516;3
517;74
518;73
519;31
520;39
521;58
522;50
523;56
524;54
525;16
526;24
527;40
528;0
529;1
530;54
531;50
532;15
533;18
534;60
535;48
536;84
537;45
538;67
539;58
540;36
541;24
542;52
543;40
544;24
545;52
546;63
547;55
548;59
549;40
550;19
551;66
552;80
553;70
554;23
555;27
556;1
557;4
558;62
559;53
560;70
561;43
562;33
563;76
564;65
565;74
566;44
567;48
568;1
569;34
570;64
571;66
572;62
573;59
574;62
575;46
576;56
577;21
578;25
579;25
580;46
581;72
582;89
583;33
584;37
585;15
586;16
587;79
588;72
589;51
590;45
591;51
592;11
593;12
594;11
595;20
596;72
597;45
598;41
599;34
600;1
601;18
602;77
603;54
604;50
605;28
606;7
607;20
608;60
609;60
610;39
611;29
612;50
613;48
614;39
615;73
616;65
617;49
618;19
619;49
620;0
621;2
622;24
623;23
624;40
625;29
626;9
627;28
628;48
629;54
630;67
631;39
632;38
633;76
634;25
635;35
636;4
637;6
638;20
639;47
640;48
641;8
642;7
643;18
644;28
645;54
646;21
647;20
648;41
649;34
650;40
651;40
652;0
653;2
654;41
655;33
656;41
657;23
658;20
659;43
660;58
661;24
662;63
663;20
664;63
665;55
666;50
667;70
668;71
669;49
670;58
671;63
672;74
673;55
674;49
675;63
676;55
677;8
678;10
679;43
680;21
681;9
682;0
683;71
684;59
685;68
686;71
687;68
688;25
689;64
690;29
691;36
692;9
693;10
694;13
695;54
696;53
697;59
698;52
699;65
700;42
701;42
702;44
703;44
704;70
705;63
706;47
707;44
708;52
709;13
710;8
711;47
712;41
713;26
714;62
715;47
716;9
717;18
718;32
719;8
720;5
721;39
722;51
723;7
724;10
725;66
726;54
727;21
728;54
729;48
730;32
731;24
732;72
733;81
734;94
735;75
736;58
737;57
738;31
739;36
740;21
741;37
742;22
743;36
744;62
745;41
746;39
747;2
748;3
749;35
750;25
751;54
752;55
753;24
754;56
755;79
756;71
757;77
758;50
759;59
760;28
761;49
762;60
763;48
764;49
765;3
766;18
767;25
768;20
769;76
770;35
771;85
772;57
773;30
774;64
775;76
776;20
777;25
778;44
779;8
780;8
781;64
782;61
783;10
784;12
785;31
786;32
787;56
788;43
789;53
790;26
791;53
792;57
793;71
794;50
795;56
796;15
797;38
798;49
799;16
800;1
801;3
802;8
803;41
804;38
805;14
806;14
807;61
808;58
809;50
810;47
811;10
812;29
813;29
814;59
815;48
816;38
817;21
818;7
819;1
820;40
821;56
822;72
823;44
824;50
825;56
826;62
827;70
828;62
829;65
830;39
831;6
832;11
833;69
834;43
835;39
836;42
837;0
838;0
839;3
840;14
841;45
842;5
843;4
844;75
845;75
846;22
847;20
848;69
849;19
850;22
851;46
852;78
853;35
854;20
855;67
856;49
857;78
858;61
859;34
860;47
861;49
862;38
863;58
864;17
865;19
866;85
867;35
868;48
869;13
870;12
871;10
872;69
873;64
874;47
875;14
876;59
877;81
878;75
879;66
880;41
881;71
882;64
883;66
884;72
885;34
886;52
887;12
888;6
889;71
890;43
891;76
892;47
893;35
894;0
895;2
896;64
897;35
898;53
899;67
900;37
901;65
902;57
903;58
904;78
905;57
906;44
907;22
908;0
909;5
910;33
911;57
912;69
913;64
914;29
915;45
916;1
917;64
918;29
919;29
920;15
921;51
922;47
923;17
924;15
925;45
926;70
927;36
928;42
929;60
930;76
931;31
932;41
933;72
934;41
935;69
936;65
937;78
938;66
939;54
940;63
941;45
942;17
943;3
944;76
945;74
946;59
947;81
948;51
949;81
950;35
951;61
952;59
953;21
954;63
955;69
956;29
957;30
958;4
959;6
960;61
961;77
962;22
963;23
964;25
965;53
966;56
967;51
968;52
969;56
970;52
971;21
972;38
973;47
974;9
975;44
976;34
977;42
978;4
979;4
980;22
981;21
982;18
983;46
984;27
985;13
986;3
987;33
988;14
989;66
990;72
991;70
992;70
993;70
994;30
995;70
996;53
997;35
998;98
999;40
1000;36
1001;42
1002;10
1003;4
1004;34
1005;31
1006;8
1007;6
1008;21
1009;78
1010;49
1011;19
1012;73
1013;74
1014;56
1015;80
1016;39
1017;2
1018;8
1019;83
1020;91
1021;62
1022;47
1023;63
1024;13
1025;16
1026;14
1027;66
1028;85
1029;58
1030;41
1031;23
1032;47
1033;20
1034;31
1035;73
1036;59
1037;67
1038;67
1039;36
1040;23
1041;39
1042;45
1043;21
1044;61
1045;24
1046;38
1047;53
1048;34
1049;52
1050;63
1051;70
1052;56
1053;55
1054;57
1055;84
1056;21
1057;64
1058;41
1059;35
1060;8
1061;1
1062;3
1063;81
1064;78
1065;61
1066;60
1067;46
1068;48
1069;27
1070;53
1071;65
1072;80
1073;68
1074;39
1075;40
1076;1
1077;7
1078;57
1079;65
1080;56
1081;22
1082;71
1083;55
1084;53
1085;33
1086;58
1087;16
1088;50
1089;44
1090;9
1091;8
1092;38
1093;72
1094;57
1095;46
1096;41
1097;27
1098;4
1099;46
1100;23
1101;32
1102;42
1103;8
1104;18
1105;28
1106;25
1107;63
1108;32
1109;35
1110;4
1111;10
1112;0
1113;37
1114;34
1115;11
1116;2
1117;20
1118;77
1119;66
1120;63
1121;46
1122;39
1123;0
1124;0
1125;9
1126;28
1127;54
1128;58
1129;77
1130;64
1131;36
1132;38
1133;34
1134;31
1135;3
1136;17
1137;36
1138;67
1139;53
1140;84
1141;63
1142;55
1143;73
1144;46
1145;62
1146;77
1147;71
1148;25
1149;4
1150;0
1151;58
1152;47
1153;56
1154;55
1155;64
1156;70
1157;73
1158;20
1159;65
1160;29
1161;50
1162;49
1163;13
1164;65
1165;65
1166;51
1167;41
1168;34
1169;8
1170;14
1171;70
1172;30
1173;64
1174;70
1175;60
1176;55
1177;51
1178;74
1179;86
1180;55
1181;66
1182;46
1183;38
1184;45
1185;39
1186;8
1187;35
1188;63
1189;63
1190;27
1191;19
1192;39
1193;47
1194;7
1195;10
1196;45
1197;43
1198;16
1199;17
1200;63
1201;26
1202;22
1203;21
1204;72
1205;35
1206;21
1207;42
1208;41
1209;60
1210;32
1211;57
1212;15
1213;14
1214;49
1215;45
1216;4
1217;36
1218;8
1219;15
1220;31
1221;37
1222;28
1223;71
1224;42
1225;61
1226;39
1227;50
1228;25
1229;30
1230;81
1231;20
1232;52
1233;52
1234;47
1235;34
1236;7
1237;35
1238;95
1239;23
1240;39
1241;35
1242;5
1243;5
1244;69
1245;59
1246;63
1247;55
1248;39
1249;12
1250;14
1251;17
1252;64
1253;31
1254;9
1255;16
1256;51
1257;69
1258;52
1259;67
1260;52
1261;59
1262;41
1263;16
1264;59
1265;26
1266;28
1267;52
1268;72
1269;42
1270;33
1271;1
1272;1
1273;5
1274;79
1275;95
1276;23
1277;31
1278;74
1279;27
1280;38
1281;13
1282;17
1283;2
1284;25
1285;69
1286;20
1287;64
1288;43
1289;45
1290;11
1291;34
1292;61
1293;12
1294;13
1295;30
1296;17
1297;62
1298;48
1299;51
1300;13
1301;17
1302;18
1303;40
1304;54
1305;64
1306;29
1307;39
1308;42
1309;55
1310;8
1311;11
1312;10
1313;34
1314;40
1315;2
1316;0
1317;65
1318;20
1319;65
1320;91
1321;64
1322;12
1323;10
1324;27
1325;69
1326;49
1327;40
1328;27
1329;17
1330;40
1331;27
1332;0
1333;0
1334;3
1335;71
1336;40
1337;69
1338;80
1339;26
1340;59
1341;57
1342;59
1343;54
1344;41
1345;35
1346;43
1347;2
1348;4
1349;3
1350;42
1351;30
1352;40
1353;9
1354;7
1355;13
1356;19
1357;38
1358;16
1359;43
1360;44
1361;10
1362;1
1363;23
1364;83
1365;72
1366;30
1367;55
1368;47
1369;66
1370;64
1371;60
1372;68
1373;53
1374;62
1375;41
1376;35
1377;40
1378;5
1379;21
1380;22
1381;0
1382;4
1383;57
1384;71
1385;48
1386;50
1387;64
1388;44
1389;16
1390;44
1391;37
1392;0
1393;14
1394;7
1395;33
1396;30
1397;32
1398;38
1399;1
1400;4
1401;57
1402;59
1403;29
1404;45
1405;2
1406;18
1407;51
1408;58
1409;62
1410;73
1411;34
1412;25
1413;44
1414;53
1415;10
1416;9
1417;19
1418;61
1419;23
1420;23
1421;61
1422;35
1423;14
1424;6
1425;50
1426;58
1427;54
1428;59
1429;46
1430;21
1431;91
1432;77
1433;63
1434;25
1435;35
1436;28
1437;60
1438;74
1439;50
1440;27
1441;33
1442;6
1443;18
1444;76
1445;19
1446;55
1447;23
1448;47
1449;34
1450;14
1451;18
1452;35
1453;31
1454;17
1455;15
1456;28
1457;31
1458;13
1459;6
1460;13
1461;32
1462;41
1463;9
1464;8
1465;12
1466;54
1467;58
1468;37
1469;10
1470;6
1471;42
1472;73
1473;24
1474;25
1475;44
1476;27
1477;9
1478;16
1479;69
1480;48
1481;39
1482;45
1483;7
1484;17
1485;81
1486;55
1487;56
1488;40
1489;0
1490;19
1491;71
1492;66
1493;98
1494;59
1495;40
1496;47
1497;60
1498;65
1499;50
1500;28
1501;40
1502;0
1503;9
1504;61
1505;66
1506;80
1507;35
1508;86
1509;61
1510;82
1511;31
1512;70
1513;78
1514;52
1515;34
1516;53
1517;50
1518;30
1519;35
1520;38
1521;45
1522;7
1523;14
1524;44
1525;38
1526;15
1527;6
1528;39
1529;51
1530;64
1531;46
1532;82
1533;49
1534;20
1535;44
1536;68
1537;60
1538;35
1539;34
1540;9
1541;11
1542;38
1543;53
1544;12
1545;13
1546;33
1547;68
1548;61
1549;40
1550;46
1551;71
1552;67
1553;61
1554;72
1555;57
1556;68
1557;50
1558;71
1559;40
1560;37
1561;17
1562;9
1563;21
1564;20
1565;23
1566;46
1567;73
1568;58
1569;62
1570;56
1571;52
1572;57
1573;72
1574;57
1575;45
1576;29
1577;11
1578;18
1579;46
1580;58
1581;12
1582;7
1583;18
1584;30
1585;46
1586;10
1587;11
1588;10
1589;82
1590;46
1591;32
1592;6
1593;48
1594;54
1595;23
1596;47
1597;0
1598;4
1599;57
1600;64
1601;42
1602;78
1603;89
1604;50
1605;42
1606;15
1607;13
1608;6
1609;7
1610;68
1611;28
1612;82
1613;25
1614;47
1615;60
1616;59
1617;24
1618;38
1619;41
1620;28
1621;9
1622;15
1623;46
1624;22
1625;12
1626;4
1627;20
1628;34
1629;44
1630;54
1631;68
1632;83
1633;48
1634;76
1635;23
1636;5
1637;17
1638;88
1639;51
1640;57
1641;37
1642;75
1643;63
1644;27
1645;35
1646;18
1647;15
1648;22
1649;74
1650;48
1651;40
1652;26
1653;3
1654;11
1655;38
1656;50
1657;84
1658;59
1659;48
1660;47
1661;62
1662;11
1663;18
1664;54
1665;85
1666;75
1667;29
1668;23
1669;62
1670;25
1671;19
1672;61
1673;23
1674;50
1675;83
1676;47
1677;24
1678;47
1679;52
1680;60
1681;22
1682;33
1683;82
1684;62
1685;21
1686;63
1687;63
1688;52
1689;37
1690;73
1691;39
1692;32
1693;12
1694;16
1695;54
1696;64
1697;6
1698;15
1699;7
1700;64
1701;24
1702;97
1703;61
1704;74
1705;57
1706;29
1707;0
1708;4
1709;10
1710;47
1711;41
1712;1
1713;0
1714;61
1715;48
1716;58
1717;74
1718;24
1719;76
1720;39
1721;34
1722;36
1723;7
1724;38
1725;52
1726;17
1727;7
1728;18
1729;42
1730;40
1731;17
1732;42
1733;45
1734;4
1735;13
1736;41
1737;11
1738;36
1739;27
1740;14
1741;3
1742;14
1743;47
1744;61
1745;62
1746;10
1747;12
1748;9
1749;58
1750;51
1751;28
1752;11
1753;40
1754;45
1755;7
1756;12
1757;8
1758;15
1759;56
1760;65
1761;75
1762;22
1763;19
1764;30
1765;50
1766;8
1767;11
1768;13
1769;47
1770;26
1771;33
1772;45
1773;4
1774;17
1775;9
1776;25
1777;35
1778;42
1779;38
1780;2
1781;39
1782;33
1783;2
1784;9
1785;5
1786;47
1787;58
1788;52
1789;39
1790;9
1791;48
1792;18
1793;6
1794;54
1795;42
1796;41
1797;5
1798;3
1799;74
1800;69
1801;61
1802;30
1803;55
1804;48
1805;39
1806;55
1807;15
1808;8
1809;19
1810;35
1811;30
1812;13
1813;62
1814;67
1815;19
1816;86
1817;35
1818;11
1819;86
1820;34
1821;32
1822;56
1823;48
1824;38
1825;59
1826;63
1827;22
1828;58
1829;65
1830;71
1831;49
1832;46
1833;61
1834;65
1835;43
1836;40
1837;0
1838;16
1839;55
1840;77
1841;47
1842;34
1843;64
1844;49
1845;62
1846;62
1847;53
1848;57
1849;53
1850;26
1851;55
1852;51
1853;76
1854;46
1855;66
1856;87
1857;70
1858;47
1859;31
1860;7
1861;9
1862;16
1863;66
1864;78
1865;47
1866;62
1867;62
1868;28
1869;26
1870;20
1871;42
1872;59
1873;61
1874;59
1875;20
1876;66
1877;93
1878;20
1879;43
1880;53
1881;41
1882;69
1883;55
1884;30
1885;70
1886;48
1887;55
1888;26
1889;48
1890;51
1891;47
1892;27
1893;60
1894;19
1895;73
1896;49
1897;12
1898;29
1899;60
1900;51
1901;53
1902;58
1903;38
1904;55
1905;29
1906;65
1907;67
1908;81
1909;21
1910;48
1911;20
1912;51
1913;58
1914;51
1915;51
1916;28
1917;63
1918;17
1919;12
1920;49
1921;28
1922;85
1923;33
1924;59
1925;22
1926;36
1927;7
1928;46
1929;30
1930;45
1931;63
1932;56
1933;13
1934;11
1935;6
1936;51
1937;39
1938;60
1939;67
1940;68
1941;62
1942;66
1943;53
1944;37
1945;32
1946;18
1947;11
1948;50
1949;63
1950;40
1951;32
1952;10
1953;65
1954;73
1955;19
1956;69
1957;40
1958;49
1959;29
1960;4
1961;5
1962;65
1963;34
1964;43
1965;35
1966;2
1967;28
1968;34
1969;15
1970;10
1971;42
1972;8
1973;79
1974;70
1975;50
1976;59
1977;26
1978;23
1979;20
1980;48
1981;46
1982;63
1983;22
1984;51
1985;20
1986;45
1987;50
1988;64
1989;58
1990;51
1991;41
1992;8
1993;16
1994;73
1995;61
1996;71
1997;22
1998;27
1999;20
2000;24
2001;26
2002;56
2003;64
2004;26
2005;15
2006;16
2007;24
2008;57
2009;69
2010;51
2011;70
2012;25
2013;43
2014;24
2015;56
2016;71
2017;27
2018;42
2019;30
2020;29
2021;17
2022;4
2023;5
2024;56
2025;68
2026;31
2027;49
2028;11
2029;70
2030;20
2031;45
2032;9
2033;64
2034;65
2035;37
2036;38
2037;6
2038;13
2039;2
2040;43
2041;13
2042;45
2043;27
2044;10
2045;8
2046;60
2047;55
2048;60
2049;52
2050;42
2051;10
2052;58
2053;78
2054;56
2055;61
2056;35
2057;28
2058;44
2059;45
2060;61
2061;18
2062;6
2063;55
2064;40
2065;63
2066;17
2067;16
2068;97
2069;66
2070;34
2071;45
2072;18
2073;17
2074;6
2075;35
2076;22
2077;51
2078;65
2079;55
2080;31
2081;57
2082;46
2083;44
2084;30
2085;10
2086;10
2087;59
2088;56
2089;53
2090;31
2091;16
2092;15
2093;62
2094;35
2095;12
2096;9
2097;71
2098;28
2099;27
2100;65
2101;19
2102;53
2103;51
2104;43
2105;20
2106;65
2107;38
2108;23
2109;70
2110;65
2111;85
2112;21
2113;43
2114;53
2115;8
2116;18
2117;56
2118;42
2119;60
2120;63
2121;18
2122;18
2123;70
2124;54
2125;58
2126;66
2127;49
2128;13
2129;8
2130;49
2131;41
2132;5
2133;14
2134;4
2135;38
2136;51
2137;68
2138;35
2139;17
2140;17
2141;50
2142;37
2143;55
2144;34
2145;80
2146;43
2147;23
2148;23
2149;60
2150;25
2151;25
2152;45
2153;51
2154;30
2155;13
2156;11
2157;36
2158;60
2159;61
2160;61
2161;70
2162;66
2163;56
2164;34
2165;36
2166;12
2167;55
2168;62
2169;12
2170;15
2171;44
2172;74
2173;76
2174;69
2175;44
2176;78
2177;42
2178;35
2179;15
2180;17
2181;89
2182;43
2183;59
2184;60
2185;39
2186;49
2187;14
2188;8
2189;39
2190;39
2191;12
2192;12
2193;35
2194;64
2195;43
2196;11
2197;12
2198;73
2199;32
2200;19
2201;2
2202;0
2203;64
2204;66
2205;33
2206;54
2207;44
2208;44
2209;9
2210;11
2211;17
2212;65
2213;51
2214;19
2215;78
2216;56
2217;22
2218;72
2219;25
2220;89
2221;24
2222;42
2223;40
2224;29
2225;16
2226;1
2227;97
2228;46
2229;56
2230;89
2231;56
2232;35
2233;33
2234;7
2235;64
2236;79
2237;75
2238;39
2239;56
2240;66
2241;72
2242;45
2243;45
2244;52
2245;52
2246;55
2247;64
2248;84
2249;75
2250;33
2251;42
2252;5
2253;5
2254;11
2255;0
2256;26
2257;25
2258;33
2259;36
2260;8
2261;14
2262;89
2263;67
2264;71
2265;74
2266;48
2267;34
2268;5
2269;0
2270;47
2271;67
2272;41
2273;66
2274;49
2275;73
2276;54
2277;62
2278;60
2279;18
2280;14
2281;13
2282;74
2283;28
2284;20
2285;31
2286;43
2287;31
2288;37
2289;52
2290;15
2291;10
2292;73
2293;43
2294;54
2295;9
2296;51
2297;53
2298;12
2299;7
2300;56
2301;86
2302;42
2303;57
2304;10
2305;52
2306;70
2307;84
2308;36
2309;43
2310;70
2311;91
2312;52
2313;29
2314;39
2315;80
2316;27
2317;60
2318;77
2319;72
2320;61
2321;34
2322;58
2323;47
2324;15
2325;47
2326;39
2327;38
2328;17
2329;50
2330;46
2331;17
2332;12
2333;55
2334;26
2335;35
2336;59
2337;87
2338;61
2339;60
2340;56
2341;41
2342;9
2343;12
2344;19
2345;39
2346;48
2347;35
2348;67
2349;38
2350;23
2351;70
2352;22
2353;52
2354;56
2355;28
2356;68
2357;20
2358;47
2359;59
2360;54
2361;71
2362;29
2363;26
2364;13
2365;72
2366;65
2367;25
2368;24
2369;52
2370;46
2371;21
2372;49
2373;40
2374;48
2375;63
2376;33
2377;57
2378;40
2379;41
2380;16
2381;18
2382;35
2383;45
2384;2
2385;5
2386;31
2387;11
2388;46
2389;62
2390;42
2391;7
2392;13
2393;17
2394;40
2395;52
2396;7
2397;9
2398;17
2399;23
2400;83
2401;66
2402;75
2403;79
2404;72
2405;48
2406;34
2407;48
2408;12
2409;10
2410;19
2411;57
2412;54
2413;17
2414;9
2415;28
2416;51
2417;30
2418;46
2419;29
2420;14
2421;15
2422;28
2423;37
2424;1
2425;5
2426;10
2427;41
2428;60
2429;33
2430;67
2431;23
2432;35
2433;26
2434;18
2435;10
2436;70
2437;64
2438;42
2439;48
2440;27
2441;10
2442;75
2443;43
2444;68
2445;24
2446;31
2447;32
2448;12
2449;10
2450;41
2451;54
2452;10
2453;13
2454;42
2455;74
2456;31
2457;20
2458;65
2459;22
2460;24
2461;29
2462;78
2463;47
2464;90
2465;25
2466;39
2467;40
2468;3
2469;3
2470;0
2471;45
2472;12
2473;9
2474;19
2475;30
2476;29
2477;1
2478;0
2479;57
2480;31
2481;6
2482;6
2483;7
2484;52
2485;47
2486;14
2487;16
2488;10
2489;63
2490;79
2491;61
2492;24
2493;72
2494;66
2495;48
2496;30
2497;72
2498;62
2499;66
2500;52
2501;65
2502;30
2503;22
2504;1
2505;4
2506;42
2507;45
2508;11
2509;14
2510;47
2511;68
2512;44
2513;75
2514;86
2515;31
2516;38
2517;16
2518;29
2519;73
2520;57
2521;44
2522;36
2523;12
2524;10
2525;57
2526;61
2527;55
2528;14
2529;50
2530;78
2531;81
2532;35
2533;36
2534;61
2535;52
2536;42
2537;53
2538;16
2539;9
2540;61
2541;68
2542;75
2543;56
2544;49
2545;16
2546;11
2547;52
2548;68
2549;64
2550;39
2551;7
2552;8
2553;15
2554;36
2555;36
2556;35
2557;8
2558;12
2559;60
2560;89
2561;45
2562;15
2563;20
2564;63
2565;50
2566;9
2567;14
2568;48
2569;48
2570;55
2571;40
2572;35
2573;17
2574;0
2575;57
2576;54
2577;55
2578;55
2579;62
2580;70
2581;91
2582;77
2583;56
2584;63
2585;73
2586;75
2587;52
2588;68
2589;54
2590;68
2591;65
2592;49
2593;36
2594;50
2595;15
2596;41
2597;44
2598;18
2599;48
2600;59
2601;6
2602;10
2603;35
2604;10
2605;25
2606;38
2607;4
2608;5
2609;18
2610;45
2611;11
2612;14
2613;1
2614;45
2615;50
2616;61
2617;59
2618;55
2619;64
2620;44
2621;11
2622;6
2623;46
2624;49
2625;28
2626;68
2627;99
2628;31
2629;68
2630;71
2631;54
2632;27
2633;65
2634;67
2635;43
2636;71
2637;67
2638;42
2639;16
2640;11
2641;30
2642;35
2643;7
2644;7
2645;69
2646;66
2647;53
2648;54
2649;80
2650;42
2651;30
2652;58
2653;43
2654;75
2655;53
2656;71
2657;39
2658;65
2659;22
2660;62
2661;30
2662;91
2663;21
2664;34
2665;57
2666;47
2667;86
2668;23
2669;84
2670;56
2671;78
2672;74
2673;43
2674;36
2675;34
2676;50
2677;53
2678;87
2679;35
2680;40
2681;5
2682;47
2683;52
2684;44
2685;76
2686;32
2687;43
2688;17
2689;11
2690;8
2691;42
2692;45
2693;17
2694;27
2695;68
2696;47
2697;32
2698;64
2699;10
2700;6
2701;65
2702;56
2703;29
2704;33
2705;6
2706;11
2707;47
2708;71
2709;72
2710;51
2711;58
2712;20
2713;45
2714;31
2715;59
2716;63
2717;51
2718;45
2719;79
2720;46
2721;55
2722;16
2723;11
2724;46
2725;33
2726;69
2727;61
2728;58
2729;84
2730;66
2731;59
2732;45
2733;16
2734;7
2735;76
2736;67
2737;22
2738;71
2739;71
2740;34
2741;36
2742;14
2743;78
2744;57
2745;53
2746;23
2747;59
2748;58
2749;64
2750;50
2751;39
2752;80
2753;28
2754;38
2755;27
2756;1
2757;61
2758;42
2759;12
2760;10
2761;60
2762;61
2763;47
2764;47
2765;38
2766;39
2767;5
2768;14
2769;84
2770;57
2771;48
2772;63
2773;24
2774;86
2775;48
2776;51
2777;49
2778;16
2779;13
2780;50
2781;58
2782;53
2783;52
2784;63
2785;7
2786;15
2787;14
2788;69
2789;69
2790;88
2791;43
2792;41
2793;8
2794;55
2795;66
2796;94
2797;81
2798;74
2799;73
2800;67
2801;37
2802;33
2803;2
2804;73
2805;35
2806;21
2807;54
2808;62
2809;33
2810;36
2811;4
2812;1
2813;3
2814;60
2815;45
2816;47
2817;8
2818;16
2819;14
2820;61
2821;38
2822;38
2823;12
2824;8
2825;15
2826;52
2827;46
2828;60
2829;32
2830;20
2831;47
2832;28
2833;12
2834;12
2835;8
2836;34
2837;51
2838;54
2839;72
2840;61
2841;81
2842;59
2843;36
2844;35
2845;32
2846;65
2847;40
2848;8
2849;10
2850;49
2851;58
2852;20
2853;19
2854;34
2855;1
2856;3
2857;47
2858;33
2859;12
2860;11
2861;86
2862;76
2863;55
2864;60
2865;43
2866;37
2867;13
2868;41
2869;33
2870;21
2871;18
2872;0
2873;6
2874;0
2875;61
2876;39
2877;36
2878;23
2879;36
2880;33
2881;49
2882;18
2883;56
2884;49
2885;49
2886;37
2887;60
2888;36
2889;39
2890;42
2891;59
2892;16
2893;47
2894;50
2895;75
2896;60
2897;53
2898;37
2899;45
2900;51
2901;64
2902;51
2903;12
2904;12
2905;11
2906;40
2907;8
2908;63
2909;8
2910;13
2911;48
2912;61
2913;63
2914;45
2915;60
2916;38
2917;54
2918;49
2919;39
2920;19
2921;33
2922;1
2923;4
2924;74
2925;46
2926;65
2927;42
2928;25
2929;25
2930;30
2931;52
2932;62
2933;59
2934;40
2935;1
2936;33
2937;44
2938;46
2939;54
2940;75
2941;38
2942;67
2943;34
2944;32
2945;2
2946;5
2947;2
2948;46
2949;40
2950;14
2951;10
2952;8
2953;9
2954;39
2955;63
2956;8
2957;75
2958;37
2959;40
2960;8
2961;6
2962;17
2963;57
2964;46
2965;9
2966;17
2967;40
2968;46
2969;13
2970;8
2971;65
2972;57
2973;35
2974;33
2975;10
2976;4
2977;46
2978;16
2979;35
2980;33
2981;4
2982;5
2983;28
2984;48
2985;5
2986;12
2987;0
2988;62
2989;73
2990;71
2991;41
2992;48
2993;71
2994;72
2995;57
2996;41
2997;78
2998;70
2999;47
3000;73
3001;25
3002;73
3003;43
3004;11
3005;83
3006;67
3007;59
3008;13
3009;49
3010;43
3011;4
3012;1
3013;55
3014;61
3015;48
3016;61
3017;26
3018;57
3019;57
3020;63
3021;59
3022;52
3023;49
3024;50
3025;27
3026;11
3027;10
3028;19
3029;28
3030;36
3031;34
3032;38
3033;12
3034;40
3035;60
3036;9
3037;46
3038;41
3039;48
3040;0
3041;3
3042;3
3043;31
3044;35
3045;60
3046;57
3047;13
3048;6
3049;12
3050;76
3051;36
3052;31
3053;13
3054;1
3055;2
3056;45
3057;70
3058;25
3059;28
3060;57
3061;39
3062;6
3063;16
3064;38
3065;47
3066;10
3067;13
3068;61
3069;45
3070;29
3071;79
3072;39
3073;38
3074;20
3075;57
3076;33
3077;46
3078;14
3079;16
3080;17
3081;51
3082;36
3083;60
3084;64
3085;68
3086;24
3087;64
3088;44
3089;8
3090;59
3091;60
3092;47
3093;7
3094;15
3095;69
3096;39
3097;36
3098;15
3099;16
3100;51
3101;21
3102;38
3103;48
3104;29
3105;51
3106;46
3107;65
3108;68
3109;56
3110;41
3111;45
3112;9
3113;14
3114;70
3115;50
3116;61
3117;40
3118;15
3119;15
3120;18
3121;44
3122;54
3123;14
3124;18
3125;42
3126;44
3127;54
3128;8
3129;15
3130;46
3131;46
3132;3
3133;78
3134;43
3135;65
3136;54
3137;54
3138;39
3139;16
3140;6
3141;18
3142;84
3143;24
3144;20
3145;45
3146;20
3147;47
3148;22
3149;46
3150;37
3151;58
3152;11
3153;17
3154;45
3155;39
3156;1
3157;4
3158;35
3159;41
3160;11
3161;12
3162;8
3163;56
3164;59
3165;41
3166;19
3167;76
3168;56
3169;86
3170;63
3171;72
3172;83
3173;30
3174;40
3175;6
3176;3
3177;75
3178;79
3179;42
3180;40
3181;9
3182;81
3183;23
3184;61
3185;28
3186;52
3187;66
3188;57
3189;47
3190;64
3191;48
3192;41
3193;24
3194;43
3195;26
3196;25
3197;0
3198;1
3199;57
3200;24
3201;37
3202;38
3203;4
3204;8
3205;68
3206;68
3207;66
3208;52
3209;34
3210;32
3211;19
3212;21
3213;24
3214;87
3215;85
3216;59
3217;53
3218;74
3219;71
3220;61
3221;57
3222;27
3223;30
3224;49
3225;28
3226;60
3227;40
3228;28
3229;11
3230;13
3231;51
3232;53
3233;54
3234;60
3235;42
3236;72
3237;66
3238;54
3239;61
3240;63
3241;53
3242;33
3243;7
3244;52
3245;28
3246;41
3247;38
3248;14
3249;1
3250;77
3251;67
3252;22
3253;32
3254;14
3255;5
3256;48
3257;47
3258;18
3259;5
3260;11
3261;35
3262;65
3263;34
3264;46
3265;4
3266;5
3267;66
3268;63
3269;65
3270;46
3271;53
3272;66
3273;22
3274;65
3275;33
3276;26
3277;50
3278;49
3279;46
3280;16
3281;13
3282;25
3283;82
3284;39
3285;38
3286;47
3287;7
3288;2
3289;4
3290;20
3291;34
3292;4
3293;4
3294;49
3295;66
3296;58
3297;53
3298;34
3299;11
3300;6
3301;80
3302;72
3303;52
3304;62
3305;71
3306;51
3307;38
3308;41
3309;45
3310;13
3311;16
3312;18
3313;44
3314;48
3315;2
3316;36
3317;20
3318;4
3319;5
3320;69
3321;48
3322;44
3323;44
3324;11
3325;9
3326;60
3327;70
3328;31
3329;39
3330;5
3331;7
3332;4
3333;1
3334;26
3335;44
3336;73
3337;36
3338;26
3339;3
3340;23
3341;53
3342;74
3343;92
3344;49
3345;42
3346;11
3347;70
3348;30
3349;69
3350;53
3351;84
3352;65
3353;33
3354;86
3355;68
3356;72
3357;69
3358;55
3359;30
3360;45
3361;1
3362;13
3363;47
3364;40
3365;17
3366;5
3367;29
3368;43
3369;17
3370;12
3371;47
3372;44
3373;30
3374;20
3375;5
3376;4
3377;70
3378;60
3379;39
3380;33
3381;65
3382;39
3383;72
3384;50
3385;47
3386;33
3387;35
3388;17
3389;10
3390;6
3391;29
3392;63
3393;66
3394;19
3395;12
3396;52
3397;44
3398;54
3399;46
3400;62
3401;39
3402;56
3403;55
3404;76
3405;52
3406;57
3407;54
3408;26
3409;67
3410;42
3411;31
3412;17
3413;3
3414;61
3415;52
3416;68
3417;40
3418;61
3419;35
3420;39
3421;5
3422;1
3423;30
3424;63
3425;38
3426;16
3427;6
3428;50
3429;65
3430;53
3431;61
3432;69
3433;87
3434;52
3435;68
3436;50
3437;6
3438;17
3439;51
3440;70
3441;49
3442;46
3443;31
3444;46
3445;10
3446;14
3447;63
3448;68
3449;43
3450;14
3451;48
3452;42
3453;34
3454;46
3455;7
3456;17
3457;8
3458;46
3459;13
3460;62
3461;69
3462;36
3463;26
3464;33
3465;7
3466;9
3467;56
3468;58
3469;19
3470;24
3471;68
3472;66
3473;41
3474;59
3475;59
3476;47
3477;47
3478;55
3479;45
3480;20
3481;38
3482;44
3483;59
3484;64
3485;12
3486;33
3487;45
3488;14
3489;27
3490;40
3491;4
3492;26
3493;50
3494;52
3495;21
3496;52
3497;52
3498;49
3499;37
3500;25
3501;36
3502;63
3503;24
3504;52
3505;19
3506;76
3507;33
3508;49
3509;40
3510;45
3511;34
3512;1
3513;2
3514;52
3515;37
3516;18
3517;6
3518;77
3519;68
3520;65
3521;74
3522;89
3523;46
3524;58
3525;45
3526;45
3527;1
3528;9
3529;48
3530;28
3531;2
3532;15
3533;38
3534;47
3535;7
3536;15
3537;38
3538;13
3539;13
3540;37
3541;30
3542;4
3543;4
3544;74
3545;34
3546;27
3547;35
3548;5
3549;0
3550;17
3551;54
3552;74
3553;57
3554;70
3555;66
3556;39
3557;31
3558;2
3559;1
3560;49
3561;25
3562;70
3563;57
3564;42
3565;61
3566;57
3567;48
3568;66
3569;27
3570;75
3571;48
3572;31
3573;57
3574;72
3575;27
3576;56
3577;7
3578;31
3579;69
3580;57
3581;48
3582;19
3583;54
3584;63
3585;34
3586;11
3587;6
3588;52
3589;53
3590;46
3591;49
3592;34
3593;21
3594;4
3595;0
3596;2
3597;64
3598;59
3599;39
3600;42
3601;55
3602;63
3603;56
3604;48
3605;21
3606;20
3607;55
3608;50
3609;39
3610;57
3611;62
3612;82
3613;57
3614;61
3615;15
3616;11
3617;71
3618;47
3619;34
3620;85
3621;54
3622;46
3623;9
3624;12
3625;8
3626;16
3627;47
3628;61
3629;63
3630;47
3631;50
3632;45
3633;11
3634;7
3635;32
3636;60
3637;65
3638;53
3639;58
3640;62
3641;78
3642;23
3643;81
3644;49
3645;32
3646;55
3647;51
3648;25
3649;38
3650;2
3651;17
3652;36
3653;37
3654;15
3655;9
3656;38
3657;28
3658;2
3659;62
3660;70
3661;78
3662;28
3663;65
3664;83
3665;56
3666;83
3667;43
3668;53
3669;40
3670;39
3671;8
3672;5
3673;79
3674;56
3675;61
3676;64
3677;37
3678;24
3679;0
3680;17
3681;38
3682;43
3683;9
3684;14
3685;65
3686;53
3687;62
3688;34
3689;21
3690;28
3691;45
3692;5
3693;1
3694;13
3695;35
3696;52
3697;67
3698;35
3699;23
3700;50
3701;43
3702;67
3703;83
3704;78
3705;68
3706;37
3707;22
3708;14
3709;13
3710;8
3711;36
3712;77
3713;46
3714;56
3715;42
3716;7
3717;49
3718;76
3719;55
3720;49
3721;75
3722;24
3723;37
3724;13
3725;45
3726;48
3727;66
3728;47
3729;33
3730;3
3731;0
3732;4
3733;55
3734;67
3735;63
3736;28
3737;49
3738;45
3739;15
3740;11
3741;70
3742;32
3743;41
3744;9
3745;7
3746;16
3747;32
3748;74
3749;23
3750;47
3751;25
3752;51
3753;68
3754;21
3755;33
3756;49
3757;40
3758;60
3759;6
3760;17
3761;43
3762;34
3763;18
3764;4
3765;47
3766;52
3767;54
3768;63
3769;74
3770;54
3771;37
3772;65
3773;40
3774;23
3775;37
3776;1
3777;18
3778;12
3779;8
3780;69
3781;20
3782;47
3783;37
3784;51
3785;26
3786;15
3787;7
3788;62
3789;27
3790;9
3791;27
3792;70
3793;62
3794;68
3795;43
3796;62
3797;54
3798;51
3799;35
3800;59
3801;18
3802;18
3803;28
3804;39
3805;0
3806;35
3807;39
3808;1
3809;14
3810;61
3811;59
3812;58
3813;23
3814;69
3815;61
3816;67
3817;66
3818;59
3819;70
3820;53
3821;19
3822;46
3823;55
3824;55
3825;69
3826;63
3827;37
3828;33
3829;7
3830;12
3831;71
3832;77
3833;19
3834;21
3835;72
3836;23
3837;87
3838;65
3839;51
3840;64
3841;20
3842;72
3843;21
3844;52
3845;35
3846;14
3847;12
3848;70
3849;68
3850;70
3851;77
3852;47
3853;71
3854;64
3855;34
3856;52
3857;50
3858;7
3859;8
3860;17
3861;7
3862;38
3863;16
3864;46
3865;25
3866;0
3867;9
3868;33
3869;46
3870;50
3871;12
3872;6
3873;29
3874;57
3875;47
3876;11
3877;47
3878;47
3879;47
3880;0
3881;47
3882;32
3883;64
3884;20
3885;21
3886;46
3887;45
3888;44
3889;48
3890;49
3891;69
3892;76
3893;27
3894;51
3895;40
3896;45
3897;13
3898;45
3899;34
3900;13
3901;63
3902;62
3903;27
3904;26
3905;15
3906;4
3907;54
3908;76
3909;71
3910;37
3911;40
3912;5
3913;4
3914;31
3915;24
3916;33
3917;16
3918;15
3919;71
3920;57
3921;25
3922;52
3923;50
3924;71
3925;52
3926;50
3927;17
3928;10
3929;15
3930;49
3931;37
3932;18
3933;16
3934;41
3935;47
3936;1
3937;56
3938;55
3939;66
3940;35
3941;42
3942;13
3943;13
3944;58
3945;71
3946;38
3947;80
3948;40
3949;62
3950;52
3951;41
3952;22
3953;17
3954;8
3955;63
3956;56
3957;49
3958;48
3959;28
3960;32
3961;1
3962;2
3963;79
3964;69
3965;45
3966;38
3967;42
3968;9
3969;45
3970;41
3971;1
3972;12
3973;59
3974;10
3975;30
3976;37
3977;49
3978;71
3979;73
3980;70
3981;57
3982;34
3983;12
3984;9
3985;36
3986;29
3987;45
3988;0
3989;5
3990;47
3991;46
3992;43
3993;13
3994;1
3995;54
3996;75
3997;71
3998;76
3999;68
4000;30
4001;48
4002;16
4003;8
4004;49
4005;24
4006;34
4007;70
4008;22
4009;21
4010;21
4011;21
4012;60
4013;56
4014;72
4015;26
4016;93
4017;28
4018;35
4019;40
4020;11
4021;28
4022;39
4023;10
4024;13
4025;63
4026;27
4027;6
4028;49
4029;73
4030;81
4031;59
4032;73
4033;49
4034;19
4035;59
4036;42
4037;24
4038;84
4039;57
4040;61
4041;9
4042;35
4043;29
4044;0
4045;0
4046;35
4047;10
4048;9
4049;40
4050;19
4051;66
4052;46
4053;26
4054;66
4055;40
4056;77
4057;60
4058;45
4059;71
4060;64
4061;73
4062;66
4063;30
4064;85
4065;88
4066;56
4067;75
4068;41
4069;42
4070;36
4071;17
4072;14
4073;41
4074;29
4075;18
4076;17
4077;87
4078;52
4079;63
4080;54
4081;20
4082;21
4083;36
4084;23
4085;64
4086;63
4087;63
4088;33
4089;34
4090;12
4091;17
4092;68
4093;57
4094;37
4095;18
4096;15
4097;15
4098;55
4099;60
4100;48
4101;83
4102;56
4103;71
4104;36
4105;48
4106;13
4107;14
4108;85
4109;54
4110;57
4111;49
4112;12
4113;15
4114;57
4115;24
4116;49
4117;26
4118;87
4119;53
4120;74
4121;46
4122;52
4123;51
4124;34
4125;40
4126;4
4127;2
4128;62
4129;63
4130;65
4131;34
4132;44
4133;59
4134;89
4135;40
4136;52
4137;63
4138;17
4139;17
4140;46
4141;35
4142;12
4143;60
4144;43
4145;38
4146;15
4147;16
4148;35
4149;61
4150;64
4151;53
4152;75
4153;97
4154;36
4155;19
4156;73
4157;56
4158;22
4159;38
4160;0
4161;1
4162;51
4163;64
4164;74
4165;19
4166;25
4167;42
4168;64
4169;41
4170;12
4171;6
4172;50
4173;41
4174;45
4175;16
4176;0
4177;74
4178;50
4179;35
4180;51
4181;57
4182;61
4183;49
4184;47
4185;20
4186;75
4187;36
4188;52
4189;39
4190;39
4191;66
4192;58
4193;56
4194;35
4195;37
4196;30
4197;17
4198;12
4199;51
4200;28
4201;33
4202;73
4203;19
4204;22
4205;74
4206;32
4207;78
4208;71
4209;57
4210;73
4211;61
4212;63
4213;68
4214;22
4215;44
4216;34
4217;16
4218;5
4219;52
4220;65
4221;48
4222;41
4223;18
4224;69
4225;51
4226;44
4227;46
4228;28
4229;56
4230;56
4231;35
4232;10
4233;7
4234;22
4235;24
4236;53
4237;53
4238;47
4239;30
4240;49
4241;65
4242;47
4243;8
4244;6
4245;45
4246;42
4247;48
4248;30
4249;48
4250;30
4251;2
4252;2
4253;3
4254;25
4255;60
4256;67
4257;62
4258;80
4259;78
4260;31
4261;30
4262;2
4263;0
4264;44
4265;45
4266;12
4267;3
4268;48
4269;46
4270;35
4271;10
4272;62
4273;50
4274;6
4275;8
4276;64
4277;7
4278;16
4279;69
4280;40
4281;41
4282;9
4283;6
4284;15
4285;61
4286;54
4287;51
4288;73
4289;59
4290;39
4291;18
4292;6
4293;59
4294;12
4295;58
4296;33
4297;68
4298;61
4299;44
4300;22
4301;59
4302;28
4303;41
4304;14
4305;1
4306;3
4307;4
4308;50
4309;57
4310;72
4311;53
4312;47
4313;52
4314;14
4315;14
4316;31
4317;49
4318;8
4319;14
4320;15
4321;38
4322;70
4323;36
4324;45
4325;74
4326;74
4327;47
4328;52
4329;12
4330;17
4331;42
4332;28
4333;37
4334;11
4335;1
4336;1
4337;19
4338;83
4339;62
4340;45
4341;14
4342;49
4343;10
4344;8
4345;44
4346;11
4347;47
4348;52
4349;21
4350;45
4351;39
4352;36
4353;43
4354;5
4355;0
4356;16
4357;18
4358;42
4359;36
4360;13
4361;31
4362;31
4363;14
4364;21
4365;63
4366;37
4367;48
4368;47
4369;41
4370;13
4371;16
4372;27
4373;76
4374;86
4375;60
4376;68
4377;30
4378;36
4379;0
4380;12
4381;16
4382;37
4383;32
4384;44
4385;57
4386;57
4387;52
4388;57
4389;51
4390;38
4391;7
4392;6
4393;38
4394;34
4395;12
4396;15
4397;62
4398;34
4399;62
4400;33
4401;13
4402;23
4403;71
4404;59
4405;30
4406;15
4407;14
4408;43
4409;27
4410;6
4411;46
4412;51
4413;59
4414;55
4415;62
4416;63
4417;8
4418;6
4419;57
4420;75
4421;55
4422;67
4423;85
4424;33
4425;50
4426;16
4427;6
4428;33
4429;45
4430;13
4431;51
4432;38
4433;46
4434;59
4435;18
4436;17
4437;17
4438;12
4439;49
4440;64
4441;9
4442;60
4443;35
4444;28
4445;4
4446;17
4447;54
4448;75
4449;65
4450;31
4451;36
4452;1
4453;11
4454;64
4455;65
4456;38
4457;55
4458;74
4459;75
4460;41
4461;30
4462;2
4463;2
4464;1
4465;17
4466;25
4467;48
4468;2
4469;14
4470;65
4471;45
4472;16
4473;16
4474;45
4475;45
4476;13
4477;4
4478;15
4479;79
4480;39
4481;28
4482;3
4483;47
4484;47
4485;93
4486;31
4487;27
4488;13
4489;84
4490;58
4491;58
4492;36
4493;44
4494;3
4495;5
4496;64
4497;37
4498;52
4499;66
4500;35
4501;59
4502;16
4503;57
4504;53
4505;26
4506;45
4507;54
4508;19
4509;50
4510;84
4511;35
4512;19
4513;71
4514;50
4515;49
4516;31
4517;61
4518;17
4519;15
4520;59
4521;76
4522;57
4523;74
4524;37
4525;46
4526;8
4527;69
4528;55
4529;84
4530;68
4531;65
4532;47
4533;56
4534;53
4535;7
4536;8
4537;32
4538;21
4539;43
4540;44
4541;12
4542;6
4543;72
4544;46
4545;47
4546;48
4547;16
4548;7
4549;48
4550;55
4551;24
4552;73
4553;20
4554;25
4555;77
4556;63
4557;42
4558;36
4559;10
4560;21
4561;22
4562;65
4563;24
4564;42
4565;61
4566;72
4567;68
4568;67
4569;59
4570;66
4571;49
4572;54
4573;18
4574;15
4575;27
4576;54
4577;40
4578;8
4579;20
4580;35
4581;54
4582;62
4583;70
4584;64
4585;71
4586;50
4587;28
4588;40
4589;0
4590;0
4591;59
4592;29
4593;54
4594;47
4595;42
4596;10
4597;15
4598;38
4599;55
4600;83
4601;63
4602;66
4603;27
4604;45
4605;17
4606;2
4607;12
4608;21
4609;31
4610;51
4611;66
4612;27
4613;76
4614;60
4615;51
4616;40
4617;59
4618;51
4619;76
4620;65
4621;66
4622;56
4623;61
4624;42
4625;23
4626;45
4627;23
4628;21
4629;44
4630;20
4631;39
4632;8
4633;13
4634;55
4635;78
4636;77
4637;43
4638;37
4639;9
4640;7
4641;48
4642;19
4643;0
4644;37
4645;36
4646;35
4647;60
4648;79
4649;62
4650;48
4651;10
4652;75
4653;37
4654;30
4655;7
4656;9
4657;43
4658;72
4659;62
4660;48
4661;49
4662;9
4663;11
4664;65
4665;51
4666;83
4667;91
4668;58
4669;65
4670;36
4671;45
4672;2
4673;3
4674;4
4675;5
4676;46
4677;45
4678;50
4679;10
4680;17
4681;41
4682;50
4683;6
4684;15
4685;18
4686;9
4687;62
4688;30
4689;21
4690;74
4691;46
4692;48
4693;68
4694;95
4695;62
4696;20
4697;37
4698;62
4699;58
4700;71
4701;20
4702;49
4703;39
4704;5
4705;2
4706;3
4707;67
4708;64
4709;82
4710;48
4711;70
4712;65
4713;62
4714;32
4715;74
4716;57
4717;46
4718;71
4719;48
4720;53
4721;60
4722;55
4723;78
4724;56
4725;55
4726;35
4727;48
4728;5
4729;73
4730;49
4731;51
4732;8
4733;70
4734;81
4735;54
4736;65
4737;67
4738;51
4739;30
4740;62
4741;48
4742;54
4743;28
4744;47
4745;74
4746;77
4747;51
4748;67
4749;50
4750;60
4751;80
4752;41
4753;49
4754;17
4755;18
4756;17
4757;29
4758;55
4759;47
4760;42
4761;5
4762;5
4763;70
4764;86
4765;48
4766;60
4767;24
4768;30
4769;1
4770;18
4771;50
4772;62
4773;50
4774;60
4775;12
4776;12
4777;11
4778;49
4779;8
4780;7
4781;76
4782;62
4783;20
4784;43
4785;56
4786;23
4787;76
4788;62
4789;71
4790;48
4791;46
4792;18
4793;15
4794;17
4795;40
4796;42
4797;7
4798;12
4799;49
4800;41
4801;10
4802;18
4803;51
4804;59
4805;30
4806;11
4807;12
4808;7
4809;26
4810;76
4811;88
4812;64
4813;49
4814;51
4815;65
4816;61
4817;61
4818;41
4819;17
4820;10
4821;14
4822;37
4823;50
4824;66
4825;93
4826;63
4827;51
4828;40
4829;37
4830;35
4831;79
4832;54
4833;35
4834;60
4835;57
4836;35
4837;9
4838;15
4839;64
4840;30
4841;78
4842;52
4843;64
4844;61
4845;35
4846;47
4847;4
4848;0
4849;1
4850;47
4851;21
4852;23
4853;36
4854;3
4855;51
4856;62
4857;47
4858;35
4859;5
4860;84
4861;62
4862;47
4863;6
4864;18
4865;7
4866;64
4867;69
4868;22
4869;21
4870;50
4871;31
4872;41
4873;14
4874;17
4875;13
4876;3
4877;70
4878;53
4879;44
4880;23
4881;70
4882;23
4883;48
4884;25
4885;64
4886;63
4887;87
4888;59
4889;23
4890;67
4891;59
4892;52
4893;85
4894;50
4895;42
4896;39
4897;0
4898;18
4899;2
4900;48
4901;70
4902;73
4903;19
4904;28
4905;40
4906;25
4907;31
4908;62
4909;10
4910;16
4911;25
4912;64
4913;32
4914;18
4915;62
4916;51
4917;74
4918;48
4919;50
4920;7
4921;12
4922;34
4923;41
4924;3
4925;2
4926;17
4927;72
4928;20
4929;54
4930;48
4931;75
4932;65
4933;34
4934;37
4935;57
4936;65
4937;24
4938;49
4939;58
4940;56
4941;17
4942;55
4943;61
4944;74
4945;58
4946;74
4947;52
4948;32
4949;65
4950;62
4951;55
4952;13
4953;13
4954;64
4955;39
4956;8
4957;18
4958;53
4959;68
4960;31
4961;38
4962;45
4963;3
4964;35
4965;52
4966;58
4967;17
4968;13
4969;72
4970;24
4971;57
4972;25
4973;19
4974;86
4975;28
4976;44
4977;1
4978;7
4979;5
4980;72
4981;69
4982;81
4983;34
4984;20
4985;1
4986;17
4987;12
4988;43
4989;50
4990;10
4991;11
4992;81
4993;20
4994;61
4995;35
4996;30
4997;36
4998;45
4999;17
5000;10
5001;72
5002;66
5003;40
5004;40
5005;8
5006;5
5007;48
5008;52
5009;17
5010;8
5011;48
5012;45
5013;53
5014;11
5015;10
5016;7
5017;27
5018;49
5019;9
5020;16
5021;62
5022;57
5023;45
5024;51
5025;66
5026;62
5027;34
5028;64
5029;56
5030;6
5031;14
5032;78
5033;64
5034;34
5035;38
5036;13
5037;10
5038;16
5039;16
5040;65
5041;23
5042;55
5043;93
5044;31
5045;53
5046;21
5047;81
5048;57
5049;30
5050;53
5051;58
5052;64
5053;60
5054;72
5055;39
5056;49
5057;11
5058;55
5059;23
5060;70
5061;49
5062;33
5063;17
5064;18
5065;39
5066;52
5067;39
5068;50
5069;27
5070;6
5071;17
5072;39
5073;33
5074;24
5075;63
5076;57
5077;91
5078;26
5079;45
5080;67
5081;51
5082;28
5083;31
5084;0
5085;20
5086;85
5087;65
5088;72
5089;27
5090;44
5091;4
5092;4
5093;29
5094;49
5095;3
5096;52
5097;53
5098;64
5099;46
5100;75
5101;62
5102;33
5103;64
5104;62
5105;28
5106;40
5107;68
5108;61
5109;45
5110;39
5111;63
5112;55
5113;66
5114;42
5115;75
5116;53
5117;68
5118;44
5119;44
5120;43
5121;1
5122;46
5123;14
5124;32
5125;49
5126;1
5127;16
5128;60
5129;57
5130;8
5131;67
5132;44
5133;48
5134;52
5135;73
5136;75
5137;60
5138;67
5139;83
5140;65
5141;24
5142;22
5143;68
5144;73
5145;50
5146;51
5147;10
5148;12
5149;54
5150;63
5151;55
5152;61
5153;22
5154;28
5155;14
5156;4
5157;3
5158;56
5159;35
5160;12
5161;16
5162;61
5163;44
5164;16
5165;10
5166;58
5167;53
5168;6
5169;16
5170;23
5171;60
5172;53
5173;11
5174;6
5175;53
5176;28
5177;40
5178;50
5179;10
5180;54
5181;65
5182;65
5183;20
5184;25
5185;23
5186;50
5187;64
5188;60
5189;63
5190;33
5191;44
5192;1
5193;40
5194;41
5195;4
5196;2
5197;53
5198;69
5199;62
5200;40
5201;12
5202;11
5203;32
5204;42
5205;8
5206;14
5207;17
5208;73
5209;68
5210;66
5211;46
5212;43
5213;43
5214;16
5215;60
5216;17
5217;12
5218;51
5219;49
5220;11
5221;17
5222;53
5223;60
5224;44
5225;8
5226;48
5227;40
5228;7
5229;15
5230;36
5231;73
5232;21
5233;66
5234;41
5235;50
5236;14
5237;9
5238;33
5239;41
5240;16
5241;15
5242;92
5243;60
5244;31
5245;37
5246;13
5247;8
5248;29
5249;31
5250;3
5251;5
5252;1
5253;58
5254;59
5255;25
5256;68
5257;53
5258;61
5259;62
5260;57
5261;56
5262;47
5263;60
5264;13
5265;10
5266;55
5267;34
5268;31
5269;61
5270;63
5271;51
5272;57
5273;12
5274;63
5275;58
5276;53
5277;46
5278;53
5279;17
5280;49
5281;45
5282;59
5283;24
5284;67
5285;19
5286;52
5287;66
5288;22
5289;73
5290;64
5291;54
5292;39
5293;44
5294;50
5295;26
5296;46
5297;51
5298;66
5299;52
5300;80
5301;67
5302;68
5303;60
5304;55
5305;60
5306;53
5307;11
5308;21
5309;31
5310;84
5311;55
5312;73
5313;46
5314;85
5315;51
5316;33
5317;48
5318;44
5319;23
5320;39
5321;58
5322;40
5323;81
5324;47
5325;27
5326;46
5327;6
5328;12
5329;2
5330;0
5331;55
5332;47
5333;17
5334;31
5335;45
5336;12
5337;15
5338;48
5339;85
5340;44
5341;53
5342;32
5343;30
5344;39
5345;18
5346;18
5347;24
5348;54
5349;47
5350;51
5351;52
5352;33
5353;10
5354;10
5355;8
5356;46
5357;41
5358;49
5359;69
5360;72
5361;59
5362;85
5363;57
5364;26
5365;47
5366;55
5367;71
5368;32
5369;59
5370;51
5371;43
5372;47
5373;8
5374;74
5375;72
5376;54
5377;69
5378;57
5379;37
5380;12
5381;6
5382;60
5383;90
5384;44
5385;33
5386;33
5387;54
5388;11
5389;61
5390;54
5391;15
5392;17
5393;46
5394;51
5395;12
5396;17
5397;38
5398;63
5399;42
5400;8
5401;6
5402;28
5403;55
5404;8
5405;12
5406;65
5407;52
5408;78
5409;38
5410;30
5411;3
5412;5
5413;57
5414;45
5415;19
5416;28
5417;4
5418;9
5419;36
5420;59
5421;66
5422;43
5423;56
5424;16
5425;14
5426;30
5427;47
5428;8
5429;1
5430;5
5431;61
5432;43
5433;55
5434;12
5435;53
5436;41
5437;61
5438;16
5439;75
5440;60
5441;80
5442;59
5443;54
5444;68
5445;86
5446;35
5447;24
5448;0
5449;1
5450;8
5451;46
5452;70
5453;32
5454;73
5455;64
5456;36
5457;14
5458;5
5459;5
5460;6
5461;42
5462;61
5463;35
5464;15
5465;54
5466;66
5467;65
5468;56
5469;69
5470;44
5471;47
5472;7
5473;14
5474;75
5475;37
5476;41
5477;31
5478;3
5479;0
5480;51
5481;57
5482;70
5483;76
5484;59
5485;30
5486;35
5487;4
5488;1
5489;51
5490;10
5491;10
5492;86
5493;61
5494;28
5495;54
5496;15
5497;17
5498;77
5499;69
5500;31
5501;47
5502;16
5503;14
5504;66
5505;54
5506;46
5507;85
5508;48
5509;69
5510;53
5511;56
5512;13
5513;49
5514;50
5515;9
5516;14
5517;76
5518;46
5519;51
5520;32
5521;11
5522;9
5523;27
5524;46
5525;36
5526;3
5527;1
5528;61
5529;58
5530;25
5531;54
5532;57
5533;57
5534;57
5535;48
5536;17
5537;75
5538;56
5539;55
5540;56
5541;65
5542;30
5543;64
5544;74
5545;34
5546;65
5547;82
5548;66
5549;67
5550;19
5551;57
5552;34
5553;40
5554;48
5555;37
5556;8
5557;7
5558;65
5559;47
5560;34
5561;50
5562;12
5563;69
5564;22
5565;34
5566;23
5567;58
5568;20
5569;94
5570;48
5571;37
5572;0
5573;63
5574;56
5575;43
5576;72
5577;46
5578;46
5579;51
5580;50
5581;64
5582;25
5583;59
5584;75
5585;47
5586;35
5587;54
5588;61
5589;44
5590;75
5591;52
5592;31
5593;39
5594;6
5595;10
5596;16
5597;43
5598;9
5599;1
5600;4
5601;70
5602;49
5603;49
5604;50
5605;8
5606;51
5607;71
5608;39
5609;35
5610;17
5611;8
5612;64
5613;67
5614;37
5615;36
5616;9
5617;14
5618;44
5619;59
5620;16
5621;13
5622;13
5623;60
5624;65
5625;52
5626;70
5627;26
5628;70
5629;56
5630;59
5631;8
5632;14
5633;84
5634;53
5635;46
5636;54
5637;55
5638;44
5639;45
5640;10
5641;0
5642;42
5643;32
5644;47
5645;86
5646;71
5647;91
5648;64
5649;51
5650;46
5651;48
5652;77
5653;44
5654;48
5655;17
5656;35
5657;41
5658;8
5659;12
5660;31
5661;68
5662;43
5663;70
5664;50
5665;43
5666;6
5667;13
5668;30
5669;45
5670;51
5671;11
5672;9
5673;43
5674;49
5675;8
5676;1
5677;56
5678;27
5679;13
5680;58
5681;29
5682;74
5683;57
5684;54
5685;29
5686;62
5687;11
5688;9
5689;50
5690;68
5691;20
5692;22
5693;45
5694;42
5695;10
5696;6
5697;28
5698;34
5699;11
5700;16
5701;8
5702;62
5703;62
5704;80
5705;54
5706;23
5707;41
5708;10
5709;0
5710;58
5711;21
5712;24
5713;26
5714;22
5715;76
5716;68
5717;50
5718;31
5719;14
5720;9
5721;23
5722;34
5723;76
5724;72
5725;60
5726;74
5727;71
5728;52
5729;12
5730;14
5731;35
5732;71
5733;23
5734;24
5735;69
5736;54
5737;36
5738;31
5739;48
5740;50
5741;12
5742;13
5743;73
5744;62
5745;43
5746;51
5747;54
5748;61
5749;44
5750;37
5751;52
5752;61
5753;34
5754;35
5755;39
5756;31
5757;18
5758;4
5759;57
5760;65
5761;55
5762;22
5763;22
5764;22
5765;40
5766;74
5767;59
5768;30
5769;32
5770;8
5771;10
5772;53
5773;26
5774;61
5775;45
5776;17
5777;8
5778;86
5779;71
5780;66
5781;86
5782;74
5783;67
5784;20
5785;85
5786;50
5787;35
5788;15
5789;9
5790;46
5791;42
5792;2
5793;5
5794;74
5795;20
5796;62
5797;62
5798;14
5799;9
5800;11
5801;43
5802;51
5803;19
5804;63
5805;52
5806;19
5807;44
5808;90
5809;27
5810;35
5811;13
5812;10
5813;6
5814;46
5815;59
5816;69
5817;46
5818;3
5819;65
5820;69
5821;43
5822;43
5823;15
5824;47
5825;66
5826;39
5827;58
5828;46
5829;45
5830;14
5831;4
5832;44
5833;67
5834;20
5835;38
5836;76
5837;48
5838;47
5839;73
5840;53
5841;60
5842;61
5843;67
5844;26
5845;46
5846;38
5847;39
5848;14
5849;11
5850;37
5851;63
5852;34
5853;41
5854;17
5855;10
5856;76
5857;43
5858;46
5859;10
5860;17
5861;11
5862;33
5863;45
5864;4
5865;4
5866;1
5867;33
5868;8
5869;30
5870;8
5871;11
5872;79
5873;45
5874;44
5875;2
5876;59
5877;47
5878;9
5879;10
5880;17
5881;85
5882;32
5883;59
5884;47
5885;50
5886;13
5887;50
5888;60
5889;52
5890;31
5891;27
5892;45
5893;44
5894;10
5895;0
5896;39
5897;26
5898;36
5899;10
5900;10
5901;23
5902;67
5903;30
5904;42
5905;4
5906;14
5907;79
5908;47
5909;78
5910;29
5911;52
5912;43
5913;50
5914;15
5915;17
5916;50
5917;58
5918;11
5919;54
5920;54
5921;35
5922;37
5923;12
5924;6
5925;5
5926;55
5927;15
5928;8
5929;66
5930;49
5931;54
5932;9
5933;33
5934;48
5935;6
5936;0
5937;40
5938;44
5939;5
5940;31
5941;6
5942;10
5943;26
5944;24
5945;81
5946;20
5947;25
5948;49
5949;74
5950;22
5951;19
5952;73
5953;51
5954;44
5955;30
5956;13
5957;55
5958;22
5959;55
5960;82
5961;58
5962;57
5963;7
5964;40
5965;60
5966;23
5967;56
5968;39
5969;14
5970;17
5971;8
5972;14
5973;48
5974;62
5975;32
5976;23
5977;17
5978;3
5979;55
5980;88
5981;45
5982;39
5983;0
5984;16
5985;4
5986;38
5987;14
5988;49
5989;85
5990;45
5991;51
5992;37
5993;6
5994;6
5995;54
5996;65
5997;52
5998;63
5999;42
6000;34
6001;14
6002;3
6003;36
6004;30
6005;49
6006;74
6007;89
6008;49
6009;61
6010;51
6011;20
6012;33
6013;56
6014;47
6015;11
6016;14
6017;64
6018;32
6019;9
6020;53
6021;43
6022;17
6023;51
6024;42
6025;6
6026;50
6027;45
6028;4
6029;75
6030;69
6031;70
6032;62
6033;59
6034;53
6035;23
6036;39
6037;56
6038;20
6039;23
6040;50
6041;75
6042;41
6043;38
6044;3
6045;14
6046;35
6047;62
6048;59
6049;39
6050;26
6051;10
6052;17
6053;12
6054;62
6055;46
6056;68
6057;51
6058;50
6059;73
6060;49
6061;11
6062;27
6063;41
6064;68
6065;71
6066;23
6067;38
6068;21
6069;35
6070;64
6071;68
6072;27
6073;36
6074;3
6075;6
6076;12
6077;67
6078;27
6079;46
6080;9
6081;85
6082;20
6083;45
6084;70
6085;50
6086;73
6087;78
6088;67
6089;49
6090;21
6091;10
6092;10
6093;48
6094;35
6095;12
6096;14
6097;12
6098;37
6099;63
6100;70
6101;29
6102;28
6103;4
6104;16
6105;51
6106;55
6107;39
6108;15
6109;16
6110;48
6111;14
6112;42
6113;47
6114;7
6115;12
6116;56
6117;67
6118;47
6119;17
6120;83
6121;25
6122;71
6123;54
6124;89
6125;35
6126;22
6127;58
6128;76
6129;66
6130;53
6131;63
6132;11
6133;18
6134;61
6135;58
6136;66
6137;72
6138;29
6139;23
6140;6
6141;8
6142;33
6143;48
6144;2
6145;1
6146;8
6147;53
6148;46
6149;9
6150;49
6151;33
6152;29
6153;47
6154;67
6155;23
6156;35
6157;34
6158;21
6159;40
6160;24
6161;57
6162;57
6163;65
6164;32
6165;60
6166;56
6167;19
6168;43
6169;49
6170;31
6171;3
6172;3
6173;23
6174;33
6175;79
6176;55
6177;40
6178;19
6179;17
6180;10
6181;5
6182;41
6183;68
6184;52
6185;47
6186;57
6187;20
6188;43
6189;2
6190;26
6191;40
6192;52
6193;48
6194;46
6195;10
6196;3
6197;82
6198;52
6199;31
6200;40
6201;9
6202;36
6203;49
6204;8
6205;7
6206;44
6207;55
6208;35
6209;63
6210;49
6211;91
6212;19
6213;19
6214;74
6215;42
6216;41
6217;10
6218;4
6219;52
6220;55
6221;59
6222;6
6223;85
6224;52
6225;35
6226;53
6227;45
6228;21
6229;63
6230;21
6231;43
6232;22
6233;66
6234;77
6235;40
6236;66
6237;51
6238;56
6239;52
6240;50
6241;53
6242;30
6243;65
6244;51
6245;47
6246;52
6247;19
6248;35
6249;52
6250;35
6251;31
6252;46
6253;15
6254;45
6255;57
6256;66
6257;57
6258;30
6259;73
6260;64
6261;49
6262;36
6263;48
6264;31
6265;21
6266;68
6267;63
6268;22
6269;37
6270;22
6271;58
6272;30
6273;37
6274;43
6275;15
6276;16
6277;31
6278;56
6279;19
6280;78
6281;70
6282;76
6283;58
6284;31
6285;34
6286;15
6287;78
6288;54
6289;17
6290;67
6291;26
6292;56
6293;69
6294;52
6295;52
6296;65
6297;21
6298;61
6299;63
6300;46
6301;89
6302;30
6303;59
6304;17
6305;16
6306;42
6307;54
6308;65
6309;40
6310;7
6311;8
6312;83
6313;41
6314;53
6315;6
6316;15
6317;56
6318;47
6319;95
6320;33
6321;20
6322;28
6323;46
6324;27
6325;46
6326;34
6327;2
6328;3
6329;54
6330;47
6331;34
6332;40
6333;11
6334;5
6335;5
6336;49
6337;72
6338;28
6339;39
6340;3
6341;14
6342;68
6343;54
6344;37
6345;14
6346;17
6347;30
6348;78
6349;63
6350;78
6351;73
6352;43
6353;53
6354;17
6355;77
6356;55
6357;33
6358;50
6359;10
6360;18
6361;15
6362;14
6363;53
6364;66
6365;22
6366;48
6367;36
6368;4
6369;71
6370;67
6371;50
6372;47
6373;7
6374;37
6375;49
6376;50
6377;10
6378;12
6379;44
6380;45
6381;5
6382;68
6383;51
6384;54
6385;41
6386;46
6387;12
6388;60
6389;54
6390;53
6391;53
6392;78
6393;39
6394;64
6395;73
6396;72
6397;53
6398;64
6399;75
6400;42
6401;74
6402;21
6403;51
6404;24
6405;33
6406;59
6407;67
6408;33
6409;55
6410;17
6411;8
6412;17
6413;49
6414;30
6415;10
6416;12
6417;14
6418;35
6419;63
6420;72
6421;64
6422;51
6423;40
6424;45
6425;31
6426;5
6427;13
6428;5
6429;35
6430;34
6431;69
6432;77
6433;46
6434;70
6435;73
6436;57
6437;50
6438;15
6439;6
6440;39
6441;61
6442;14
6443;8
6444;10
6445;63
6446;23
6447;60
6448;68
6449;58
6450;63
6451;12
6452;12
6453;52
6454;35
6455;75
6456;35
6457;64
6458;44
6459;44
6460;10
6461;1
6462;53
6463;58
6464;40
6465;53
6466;51
6467;64
6468;33
6469;46
6470;9
6471;12
6472;63
6473;69
6474;73
6475;49
6476;49
6477;36
6478;12
6479;3
6480;11
6481;29
6482;44
6483;4
6484;1
6485;17
6486;43
6487;19
6488;43
6489;29
6490;28
6491;4
6492;47
6493;46
6494;70
6495;60
6496;62
6497;46
6498;61
6499;42
6500;29
6501;45
6502;63
6503;66
6504;29
6505;69
6506;75
6507;83
6508;28
6509;52
6510;49
6511;17
6512;6
6513;49
6514;62
6515;34
6516;8
6517;13
6518;56
6519;14
6520;13
6521;57
6522;20
6523;70
6524;52
6525;61
6526;65
6527;97
6528;75
6529;24
6530;19
6531;45
6532;68
6533;23
6534;24
6535;25
6536;48
6537;51
6538;47
6539;29
6540;34
6541;5
6542;7
6543;41
6544;77
6545;60
6546;57
6547;37
6548;32
6549;3
6550;68
6551;56
6552;30
6553;42
6554;10
6555;42
6556;73
6557;68
6558;38
6559;46
6560;4
6561;61
6562;51
6563;23
6564;73
6565;20
6566;75
6567;45
6568;42
6569;3
6570;1
6571;8
6572;45
6573;45
6574;8
6575;15
6576;39
6577;75
6578;47
6579;89
6580;65
6581;74
6582;57
6583;39
6584;10
6585;47
6586;27
6587;45
6588;9
6589;15
6590;18
6591;34
6592;23
6593;34
6594;10
6595;7
6596;27
6597;45
6598;2
6599;1
6600;70
6601;72
6602;59
6603;78
6604;67
6605;66
6606;40
6607;52
6608;85
6609;69
6610;33
6611;88
6612;51
6613;24
6614;35
6615;47
6616;6
6617;10
6618;13
6619;54
6620;71
6621;83
6622;26
6623;25
6624;49
6625;39
6626;28
6627;7
6628;5
6629;13
6630;44
6631;51
6632;53
6633;18
6634;17
6635;37
6636;46
6637;64
6638;40
6639;29
6640;17
6641;60
6642;44
6643;9
6644;15
6645;9
6646;15
6647;22
6648;24
6649;33
6650;36
6651;34
6652;41
6653;40
6654;8
6655;11
6656;47
6657;40
6658;10
6659;10
6660;33
6661;50
6662;60
6663;67
6664;77
6665;50
6666;65
6667;47
6668;87
6669;65
6670;69
6671;34
6672;35
6673;3
6674;1
6675;41
6676;17
6677;37
6678;48
6679;17
6680;7
6681;57
6682;64
6683;33
6684;52
6685;67
6686;19
6687;24
6688;68
6689;40
6690;52
6691;52
6692;49
6693;30
6694;54
6695;45
6696;35
6697;11
6698;9
6699;38
6700;26
6701;69
6702;41
6703;42
6704;38
6705;4
6706;4
6707;74
6708;36
6709;45
6710;23
6711;6
6712;0
6713;70
6714;59
6715;58
6716;8
6717;59
6718;51
6719;53
6720;56
6721;57
6722;28
6723;33
6724;17
6725;1
6726;67
6727;23
6728;33
6729;6
6730;5
6731;59
6732;58
6733;45
6734;28
6735;0
6736;2
6737;84
6738;46
6739;45
6740;29
6741;41
6742;39
6743;10
6744;40
6745;27
6746;5
6747;1
6748;3
6749;55
6750;44
6751;70
6752;44
6753;31
6754;21
6755;38
6756;9
6757;7
6758;65
6759;55
6760;45
6761;37
6762;9
6763;13
6764;46
6765;20
6766;5
6767;0
6768;54
6769;11
6770;25
6771;20
6772;22
6773;55
6774;40
6775;35
6776;4
6777;0
6778;1
6779;68
6780;69
6781;88
6782;42
6783;44
6784;40
6785;16
6786;10
6787;29
6788;37
6789;35
6790;1
6791;1
6792;1
6793;24
6794;23
6795;19
6796;19
6797;63
6798;42
6799;34
6800;62
6801;53
6802;66
6803;21
6804;60
6805;55
6806;75
6807;21
6808;32
6809;56
6810;42
6811;12
6812;12
6813;9
6814;29
6815;53
6816;51
6817;29
6818;66
6819;73
6820;70
6821;72
6822;77
6823;61
6824;35
6825;4
6826;14
6827;55
6828;27
6829;63
6830;30
6831;53
6832;53
6833;45
6834;18
6835;57
6836;50
6837;53
6838;52
6839;35
6840;48
6841;23
6842;4
6843;4
6844;61
6845;10
6846;26
6847;36
6848;63
6849;34
6850;54
6851;29
6852;30
6853;0
6854;25
6855;55
6856;63
6857;73
6858;75
6859;19
6860;43
6861;48
6862;54
6863;58
6864;43
6865;12
6866;13
6867;47
6868;56
6869;49
6870;73
6871;35
6872;36
6873;28
6874;61
6875;15
6876;17
6877;8
6878;44
6879;66
6880;76
6881;77
6882;53
6883;65
6884;77
6885;45
6886;46
6887;16
6888;16
6889;22
6890;67
6891;28
6892;46
6893;12
6894;4
6895;7
6896;69
6897;60
6898;57
6899;53
6900;35
6901;16
6902;61
6903;38
6904;72
6905;21
6906;67
6907;72
6908;27
6909;53
6910;62
6911;22
6912;79
6913;22
6914;73
6915;60
6916;58
6917;23
6918;33
6919;32
6920;17
6921;42
6922;60
6923;15
6924;10
6925;50
6926;23
6927;52
6928;78
6929;37
6930;58
6931;25
6932;27
6933;3
6934;4
6935;33
6936;39
6937;1
6938;15
6939;46
6940;40
6941;18
6942;12
6943;32
6944;20
6945;76
6946;61
6947;81
6948;53
6949;80
6950;69
6951;67
6952;54
6953;7
6954;62
6955;43
6956;8
6957;12
6958;41
6959;31
6960;13
6961;15
6962;29
6963;35
6964;9
6965;12
6966;34
6967;75
6968;38
6969;54
6970;66
6971;47
6972;60
6973;49
6974;24
6975;40
6976;3
6977;72
6978;73
6979;52
6980;86
6981;46
6982;48
6983;16
6984;4
6985;19
6986;61
6987;40
6988;74
6989;72
6990;76
6991;48
6992;65
6993;50
6994;48
6995;40
6996;37
6997;46
6998;14
6999;12
7000;59
7001;60
7002;33
7003;30
7004;3
7005;18
7006;46
7007;14
7008;36
7009;54
7010;42
7011;54
7012;18
7013;82
7014;20
7015;60
7016;50
7017;50
7018;15
7019;8
7020;16
7021;8
7022;36
7023;51
7024;65
7025;20
7026;32
7027;46
7028;37
7029;4
7030;2
7031;0
7032;22
7033;29
7034;65
7035;21
7036;29
7037;42
7038;18
7039;6
7040;48
7041;15
7042;41
7043;28
7044;25
7045;83
7046;64
7047;34
7048;59
7049;60
7050;26
7051;25
7052;21
7053;35
7054;61
7055;25
7056;47
7057;53
7058;21
7059;25
7060;47
7061;49
7062;14
7063;15
7064;9
7065;13
7066;33
7067;19
7068;46
7069;44
7070;10
7071;54
7072;29
7073;38
7074;68
7075;33
7076;19
7077;50
7078;53
7079;70
7080;25
7081;51
7082;53
7083;8
7084;47
7085;53
7086;74
7087;67
7088;19
7089;23
7090;14
7091;54
7092;7
7093;41
7094;43
7095;4
7096;51
7097;59
7098;60
7099;42
7100;18
7101;10
7102;92
7103;72
7104;43
7105;46
7106;6
7107;35
7108;45
7109;11
7110;17
7111;32
7112;26
7113;7
7114;30
7115;39
7116;8
7117;69
7118;53
7119;36
7120;63
7121;17
7122;7
7123;18
7124;54
7125;26
7126;41
7127;46
7128;3
7129;3
7130;33
7131;27
7132;13
7133;0
7134;32
7135;57
7136;53
7137;68
7138;73
7139;23
7140;55
7141;63
7142;56
7143;31
7144;50
7145;59
7146;9
7147;17
7148;43
7149;81
7150;21
7151;74
7152;23
7153;41
7154;22
7155;39
7156;46
7157;37
7158;62
7159;13
7160;8
7161;11
7162;74
7163;50
7164;74
7165;79
7166;49
7167;60
7168;66
7169;30
7170;10
7171;43
7172;33
7173;2
7174;9
7175;6
7176;53
7177;74
7178;76
7179;48
7180;53
7181;60
7182;55
7183;64
7184;23
7185;61
7186;35
7187;45
7188;10
7189;3
7190;63
7191;45
7192;29
7193;3
7194;12
7195;61
7196;44
7197;40
7198;16
7199;11
7200;74
7201;74
7202;90
7203;50
7204;54
7205;51
7206;65
7207;36
7208;35
7209;7
7210;5
7211;1
7212;73
7213;55
7214;39
7215;43
7216;0
7217;3
7218;53
7219;59
7220;21
7221;44
7222;17
7223;3
7224;53
7225;13
7226;64
7227;61
7228;9
7229;37
7230;30
7231;14
7232;18
7233;50
7234;64
7235;60
7236;28
7237;72
7238;56
7239;72
7240;36
7241;45
7242;39
7243;15
7244;48
7245;46
7246;17
7247;13
7248;66
7249;70
7250;46
7251;56
7252;57
7253;42
7254;8
7255;52
7256;66
7257;47
7258;84
7259;37
7260;27
7261;62
7262;42
7263;61
7264;64
7265;48
7266;6
7267;0
7268;82
7269;66
7270;41
7271;61
7272;81
7273;25
7274;75
7275;48
7276;75
7277;46
7278;60
7279;36
7280;30
7281;13
7282;11
7283;57
7284;50
7285;58
7286;46
7287;19
7288;75
7289;72
7290;49
7291;40
7292;43
7293;2
7294;18
7295;59
7296;6
7297;54
7298;23
7299;63
7300;39
7301;68
7302;91
7303;42
7304;48
7305;10
7306;7
7307;54
7308;38
7309;42
7310;13
7311;28
7312;60
7313;58
7314;48
7315;44
7316;69
7317;64
7318;56
7319;48
7320;73
7321;62
7322;22
7323;53
7324;38
7325;31
7326;65
7327;19
7328;42
7329;49
7330;14
7331;16
7332;73
7333;91
7334;35
7335;38
7336;11
7337;13
7338;51
7339;10
7340;27
7341;42
7342;35
7343;11
7344;53
7345;63
7346;54
7347;21
7348;42
7349;46
7350;1
7351;4
7352;41
7353;23
7354;36
7355;46
7356;84
7357;49
7358;9
7359;58
7360;53
7361;55
7362;74
7363;85
7364;56
7365;72
7366;63
7367;56
7368;77
7369;67
7370;69
7371;50
7372;57
7373;23
7374;22
7375;63
7376;20
7377;24
7378;30
7379;36
7380;12
7381;4
7382;1
7383;62
7384;74
7385;76
7386;56
7387;74
7388;33
7389;39
7390;31
7391;63
7392;50
7393;32
7394;44
7395;9
7396;8
7397;81
7398;48
7399;72
7400;33
7401;30
7402;17
7403;12
7404;49
7405;46
7406;42
7407;63
7408;48
7409;58
7410;35
7411;6
7412;53
7413;57
7414;35
7415;57
7416;63
7417;76
7418;52
7419;45
7420;28
7421;47
7422;3
7423;1
7424;68
7425;26
7426;64
7427;13
7428;7
7429;61
7430;70
7431;27
7432;41
7433;48
7434;17
7435;17
7436;19
7437;64
7438;51
7439;48
7440;42
7441;44
7442;60
7443;70
7444;57
7445;59
7446;52
7447;41
7448;11
7449;14
7450;25
7451;40
7452;24
7453;54
7454;37
7455;24
7456;52
7457;42
7458;9
7459;6
7460;89
7461;56
7462;37
7463;67
7464;37
7465;50
7466;79
7467;60
7468;6
7469;10
7470;21
7471;71
7472;81
7473;47
7474;53
7475;74
7476;59
7477;58
7478;42
7479;73
7480;22
7481;19
7482;67
7483;69
7484;21
7485;77
7486;90
7487;26
7488;66
7489;39
7490;45
7491;5
7492;3
7493;63
7494;33
7495;7
7496;7
7497;15
7498;78
7499;66
7500;85
7501;51
7502;43
7503;49
7504;55
7505;22
7506;59
7507;40
7508;6
7509;48
7510;15
7511;50
7512;87
7513;78
7514;53
7515;66
7516;43
7517;43
7518;14
7519;12
7520;62
7521;46
7522;62
7523;42
7524;82
7525;67
7526;35
7527;65
7528;63
7529;64
7530;53
7531;64
7532;24
7533;44
7534;42
7535;10
7536;11
7537;15
7538;24
7539;63
7540;83
7541;65
7542;82
7543;49
7544;28
7545;58
7546;17
7547;14
7548;51
7549;61
7550;48
7551;49
7552;26
7553;32
7554;36
7555;0
7556;82
7557;81
7558;65
7559;67
7560;56
7561;26
7562;61
7563;36
7564;17
7565;11
7566;52
7567;57
7568;43
7569;40
7570;30
7571;3
7572;2
7573;48
7574;74
7575;47
7576;52
7577;71
7578;53
7579;56
7580;66
7581;56
7582;28
7583;31
7584;40
7585;9
7586;4
7587;35
7588;35
7589;1
7590;0
7591;59
7592;13
7593;30
7594;30
7595;17
7596;18
7597;54
7598;70
7599;34
7600;59
7601;12
7602;65
7603;62
7604;46
7605;20
7606;34
7607;40
7608;1
7609;12
7610;50
7611;39
7612;24
7613;8
7614;5
7615;33
7616;31
7617;5
7618;17
7619;62
7620;33
7621;10
7622;10
7623;60
7624;28
7625;36
7626;18
7627;18
7628;62
7629;41
7630;60
7631;65
7632;58
7633;80
7634;86
7635;47
7636;37
7637;8
7638;15
7639;41
7640;60
7641;20
7642;22
7643;79
7644;23
7645;84
7646;45
7647;31
7648;45
7649;3
7650;6
7651;78
7652;69
7653;60
7654;49
7655;72
7656;72
7657;62
7658;62
7659;16
7660;13
7661;10
7662;32
7663;35
7664;46
7665;48
7666;16
7667;10
7668;10
7669;72
7670;62
7671;43
7672;36
7673;10
7674;15
7675;51
7676;46
7677;41
7678;40
7679;31
7680;77
7681;47
7682;55
7683;16
7684;39
7685;52
7686;51
7687;61
7688;51
7689;65
7690;54
7691;69
7692;41
7693;39
7694;42
7695;53
7696;11
7697;17
7698;15
7699;75
7700;19
7701;48
7702;29
7703;3
7704;2
7705;19
7706;59
7707;50
7708;13
7709;55
7710;43
7711;10
7712;60
7713;57
7714;39
7715;46
7716;52
7717;20
7718;44
7719;41
7720;3
7721;17
7722;33
7723;12
7724;6
7725;45
7726;51
7727;53
7728;35
7729;38
7730;2
7731;9
7732;5
7733;6
7734;83
7735;71
7736;53
7737;57
7738;38
7739;40
7740;1
7741;1
7742;18
7743;66
7744;73
7745;34
7746;70
7747;49
7748;78
7749;33
7750;40
7751;30
7752;5
7753;3
7754;35
7755;50
7756;35
7757;39
7758;33
7759;13
7760;8
7761;9
7762;29
7763;59
7764;54
7765;29
7766;52
7767;15
7768;15
7769;69
7770;64
7771;53
7772;81
7773;23
7774;28
7775;49
7776;67
7777;70
7778;58
7779;24
7780;69
7781;37
7782;59
7783;70
7784;35
7785;58
7786;30
7787;47
7788;59
7789;16
7790;9
7791;52
7792;59
7793;7
7794;8
7795;14
7796;36
7797;41
7798;41
7799;9
7800;1
7801;74
7802;63
7803;46
7804;28
7805;9
7806;8
7807;8
7808;57
7809;48
7810;14
7811;16
7812;64
7813;61
7814;13
7815;8
7816;42
7817;35
7818;8
7819;17
7820;5
7821;46
7822;30
7823;15
7824;12
7825;32
7826;35
7827;4
7828;1
7829;1
7830;40
7831;27
7832;15
7833;10
7834;56
7835;55
7836;31
7837;50
7838;59
7839;66
7840;59
7841;47
7842;8
7843;7
7844;55
7845;46
7846;28
7847;68
7848;29
7849;40
7850;32
7851;20
7852;21
7853;24
7854;45
7855;62
7856;50
7857;26
7858;38
7859;66
7860;53
7861;61
7862;27
7863;74
7864;47
7865;71
7866;36
7867;48
7868;29
7869;40
7870;5
7871;2
7872;91
7873;67
7874;66
7875;97
7876;57
7877;68
7878;73
7879;60
7880;20
7881;46
7882;74
7883;76
7884;61
7885;55
7886;46
7887;66
7888;66
7889;60
7890;53
7891;74
7892;28
7893;12
7894;79
7895;41
7896;68
7897;74
7898;32
7899;49
7900;11
7901;9
7902;40
7903;59
7904;11
7905;9
7906;68
7907;81
7908;74
7909;55
7910;51
7911;22
7912;49
7913;59
7914;39
7915;46
7916;10
7917;62
7918;24
7919;30
7920;74
7921;59
7922;23
7923;25
7924;70
7925;53
7926;43
7927;34
7928;10
7929;23
7930;58
7931;53
7932;50
7933;45
7934;35
7935;0
7936;87
7937;77
7938;67
7939;46
7940;50
7941;50
7942;15
7943;16
7944;44
7945;81
7946;52
7947;28
7948;47
7949;51
7950;33
7951;46
7952;9
7953;9
7954;63
7955;65
7956;31
7957;39
7958;3
7959;8
7960;1
7961;28
7962;57
7963;8
7964;15
7965;16
7966;76
7967;61
7968;64
7969;35
7970;18
7971;11
7972;46
7973;42
7974;32
7975;8
7976;16
7977;55
7978;60
7979;18
7980;15
7981;31
7982;61
7983;33
7984;59
7985;45
7986;17
7987;29
7988;55
7989;9
7990;29
7991;46
7992;49
7993;20
7994;51
7995;37
7996;29
7997;3
7998;2
7999;40
8000;84
8001;59
8002;59
8003;46
8004;28
8005;40
8006;4
8007;15
8008;78
8009;59
8010;72
8011;83
8012;28
8013;35
8014;65
8015;66
8016;45
8017;9
8018;35
8019;32
8020;8
8021;6
8022;43
8023;21
8024;19
8025;28
8026;47
8027;72
8028;85
8029;28
8030;63
8031;37
8032;32
8033;46
8034;37
8035;4
8036;24
8037;26
8038;62
8039;51
8040;61
8041;33
8042;33
8043;15
8044;8
8045;19
8046;49
8047;0
8048;8
8049;49
8050;72
8051;46
8052;49
8053;42
8054;41
8055;12
8056;6
8057;14
8058;84
8059;60
8060;36
8061;53
8062;24
8063;23
8064;21
8065;79
8066;25
8067;22
8068;75
8069;60
8070;49
8071;8
8072;15
8073;52
8074;20
8075;69
8076;56
8077;45
8078;21
8079;28
8080;40
8081;40
8082;26
8083;41
8084;39
8085;9
8086;18
8087;24
8088;30
8089;47
8090;46
8091;51
8092;54
8093;84
8094;65
8095;76
8096;77
8097;52
8098;31
8099;34
8100;4
8101;3
8102;17
8103;33
8104;59
8105;56
8106;23
8107;29
8108;55
8109;28
8110;46
8111;68
8112;71
8113;38
8114;39
8115;46
8116;68
8117;86
8118;46
8119;66
8120;48
8121;56
8122;15
8123;15
8124;17
8125;53
8126;60
8127;26
8128;28
8129;72
8130;60
8131;75
8132;82
8133;76
8134;54
8135;68
8136;42
8137;21
8138;74
8139;69
8140;52
8141;24
8142;59
8143;50
8144;56
8145;62
8146;45
8147;7
8148;9
8149;17
8150;19
8151;33
8152;42
8153;22
8154;65
8155;27
8156;50
8157;63
8158;56
8159;50
8160;55
8161;53
8162;35
8163;61
8164;48
8165;49
8166;22
8167;47
8168;81
8169;75
8170;45
8171;31
8172;8
8173;4
8174;36
8175;48
8176;46
8177;33
8178;41
8179;72
8180;21
8181;70
8182;43
8183;84
8184;59
8185;30
8186;64
8187;14
8188;18
8189;45
8190;47
8191;13
8192;63
8193;75
8194;75
8195;77
8196;28
8197;42
8198;79
8199;38
8200;29
8201;25
8202;37
8203;1
8204;1
8205;29
8206;25
8207;63
8208;63
8209;65
8210;57
8211;36
8212;17
8213;14
8214;35
8215;51
8216;9
8217;11
8218;43
8219;75
8220;59
8221;61
8222;44
8223;35
8224;3
8225;66
8226;62
8227;21
8228;66
8229;69
8230;73
8231;52
8232;51
8233;38
8234;61
8235;12
8236;10
8237;7
8238;50
8239;51
8240;61
8241;46
8242;15
8243;8
8244;78
8245;67
8246;60
8247;60
8248;65
8249;55
8250;50
8251;64
8252;43
8253;58
8254;48
8255;18
8256;50
8257;75
8258;64
8259;43
8260;39
8261;38
8262;12
8263;3
8264;38
8265;37
8266;16
8267;77
8268;68
8269;91
8270;88
8271;81
8272;32
8273;46
8274;22
8275;52
8276;39
8277;50
8278;61
8279;35
8280;37
8281;17
8282;8
8283;40
8284;59
8285;44
8286;29
8287;57
8288;39
8289;17
8290;13
8291;28
8292;33
8293;65
8294;48
8295;87
8296;84
8297;37
8298;29
8299;17
8300;36
8301;41
8302;5
8303;1
8304;34
8305;63
8306;48
8307;54
8308;58
8309;68
8310;27
8311;30
8312;54
8313;64
8314;59
8315;12
8316;61
8317;98
8318;90
8319;42
8320;23
8321;64
8322;62
8323;38
8324;66
8325;68
8326;84
8327;36
8328;15
8329;35
8330;39
8331;3
8332;15
8333;50
8334;60
8335;48
8336;48
8337;15
8338;12
8339;30
8340;75
8341;37
8342;33
8343;61
8344;61
8345;80
8346;67
8347;45
8348;30
8349;0
8350;13
8351;67
8352;60
8353;65
8354;67
8355;54
8356;54
8357;55
8358;61
8359;63
8360;73
8361;64
8362;50
8363;59
8364;60
8365;44
8366;57
8367;49
8368;37
8369;12
8370;82
8371;47
8372;68
8373;50
8374;34
8375;14
8376;7
8377;43
8378;86
8379;23
8380;37
8381;20
8382;30
8383;35
8384;17
8385;11
8386;37
8387;32
8388;0
8389;5
8390;52
8391;69
8392;47
8393;31
8394;23
8395;20
8396;47
8397;55
8398;59
8399;56
8400;25
8401;32
8402;33
8403;66
8404;45
8405;33
8406;62
8407;19
8408;45
8409;46
8410;29
8411;0
8412;3
8413;29
8414;47
8415;30
8416;39
8417;42
8418;17
8419;49
8420;30
8421;11
8422;47
8423;73
8424;46
8425;58
8426;80
8427;35
8428;63
8429;10
8430;6
8431;16
8432;14
8433;52
8434;27
8435;8
8436;61
8437;55
8438;48
8439;46
8440;39
8441;10
8442;8
8443;36
8444;29
8445;12
8446;3
8447;36
8448;66
8449;46
8450;37
8451;56
8452;18
8453;12
8454;21
8455;46
8456;4
8457;13
8458;45
8459;46
8460;70
8461;56
8462;65
8463;41
8464;68
8465;65
8466;23
8467;47
8468;1
8469;1
8470;64
8471;40
8472;9
8473;15
8474;28
8475;32
8476;64
8477;12
8478;9
8479;38
8480;39
8481;2
8482;10
8483;9
8484;29
8485;48
8486;9
8487;75
8488;65
8489;63
8490;67
8491;71
8492;55
8493;43
8494;1
8495;5
8496;3
8497;31
8498;64
8499;12
8500;12
8501;45
8502;32
8503;46
8504;1
8505;70
8506;35
8507;57
8508;35
8509;31
8510;78
8511;44
8512;40
8513;11
8514;17
8515;47
8516;65
8517;64
8518;58
8519;62
8520;67
8521;19
8522;20
8523;35
8524;68
8525;41
8526;70
8527;34
8528;32
8529;53
8530;11
8531;6
8532;20
8533;43
8534;30
8535;3
8536;12
8537;36
8538;31
8539;10
8540;14
8541;15
8542;20
8543;60
8544;78
8545;73
8546;30
8547;2
8548;9
8549;57
8550;9
8551;31
8552;52
8553;61
8554;54
8555;57
8556;11
8557;18
8558;46
8559;56
8560;61
8561;45
8562;32
8563;16
8564;1
8565;21
8566;31
8567;2
8568;0
8569;52
8570;70
8571;70
8572;51
8573;53
8574;41
8575;34
8576;0
8577;53
8578;74
8579;40
8580;24
8581;43
8582;82
8583;22
8584;32
8585;49
8586;39
8587;10
8588;34
8589;51
8590;15
8591;12
8592;11
8593;45
8594;56
8595;45
8596;18
8597;6
8598;60
8599;73
8600;68
8601;63
8602;46
8603;51
8604;13
8605;14
8606;10
8607;21
8608;39
8609;7
8610;4
8611;2
8612;17
8613;65
8614;64
8615;25
8616;24
8617;24
8618;40
8619;57
8620;12
8621;8
