1;45
2;31
3;2
4;13
5;0
6;79
7;69
8;72
9;72
10;51
11;30
12;23
13;20
14;48
15;44
16;50
17;71
18;73
19;60
20;50
21;50
22;10
23;9
24;15
25;62
26;47
27;12
28;52
29;56
30;7
31;18
32;43
33;27
34;9
35;8
36;4
37;28
38;57
39;68
40;48
41;71
42;76
43;51
44;33
45;28
46;23
47;35
48;51
49;50
50;32
51;77
52;59
53;23
54;26
55;6
56;46
57;47
58;44
59;36
60;35
61;46
62;16
63;17
64;52
65;75
66;61
67;6
68;33
69;29
70;4
71;9
72;2
73;40
74;94
75;78
76;52
77;59
78;66
79;22
80;33
81;50
82;14
83;8
84;61
85;51
86;8
87;17
88;49
89;78
90;93
91;48
92;37
93;12
94;10
95;47
96;7
97;16
98;20
99;22
100;25
101;19
102;50
103;44
104;29
105;62
106;55
107;27
108;42
109;5
110;0
111;52
112;19
113;22
114;21
115;32
116;30
117;61
118;35
119;10
120;16
121;12
122;45
123;55
124;69
125;47
126;62
127;8
128;16
129;46
130;59
131;9
132;16
133;46
134;33
135;13
136;12
137;33
138;33
139;6
140;38
141;8
142;10
143;33
144;32
145;18
146;17
147;10
148;53
149;60
150;37
151;53
152;7
153;15
154;10
155;75
156;57
157;62
158;17
159;10
160;47
161;37
162;7
163;52
164;81
165;60
166;21
167;44
168;23
169;58
170;40
171;60
172;79
173;88
174;35
175;20
176;53
177;58
178;60
179;68
180;35
181;46
182;12
183;18
184;53
185;49
186;22
187;55
188;33
189;48
190;7
191;16
192;18
193;57
194;44
195;34
196;16
197;64
198;68
199;24
200;24
201;32
202;73
203;36
204;28
205;36
206;3
207;15
208;22
209;67
210;54
211;58
212;70
213;51
214;53
215;26
216;26
217;24
218;32
219;4
220;71
221;29
222;30
223;13
224;20
225;74
226;73
227;51
228;91
229;19
230;57
231;18
232;16
233;98
234;65
235;85
236;66
237;53
238;21
239;63
240;30
241;73
242;48
243;51
244;33
245;31
246;6
247;51
248;9
249;82
250;25
251;19
252;83
253;27
254;46
255;47
256;59
257;71
258;50
259;26
260;74
261;46
262;49
263;4
264;45
265;72
266;51
267;45
268;93
269;60
270;58
271;60
272;28
273;9
274;17
275;47
276;32
277;75
278;61
279;69
280;74
281;51
282;85
283;32
284;46
285;5
286;17
287;51
288;70
289;49
290;14
291;23
292;69
293;55
294;81
295;98
296;56
297;74
298;53
299;29
300;72
301;20
302;42
303;43
304;6
305;32
306;33
307;14
308;10
309;17
310;47
311;19
312;46
313;23
314;46
315;21
316;7
317;16
318;5
319;4
320;62
321;38
322;66
323;80
324;28
325;44
326;16
327;46
328;76
329;61
330;62
331;41
332;11
333;56
334;57
335;59
336;7
337;6
338;52
339;60
340;28
341;14
342;17
343;6
344;59
345;51
346;6
347;6
348;48
349;69
350;39
351;18
352;81
353;21
354;31
355;54
356;63
357;62
358;73
359;40
360;40
361;2
362;2
363;32
364;35
365;2
366;61
367;73
368;45
369;50
370;9
371;14
372;53
373;39
374;17
375;8
376;7
377;48
378;16
379;66
380;68
381;29
382;24
383;4
384;14
385;10
386;37
387;73
388;51
389;63
390;85
391;68
392;78
393;57
394;53
395;47
396;12
397;47
398;60
399;48
400;22
401;71
402;50
403;23
404;29
405;66
406;37
407;36
408;69
409;58
410;82
411;74
412;37
413;83
414;51
415;50
416;63
417;10
418;13
419;58
420;54
421;62
422;35
423;18
424;74
425;35
426;78
427;52
428;73
429;55
430;59
431;66
432;52
433;33
434;43
435;11
436;73
437;59
438;73
439;48
440;19
441;4
442;2
443;33
444;28
445;18
446;15
447;56
448;10
449;26
450;53
451;14
452;30
453;53
454;34
455;22
456;0
457;5
458;49
459;66
460;56
461;60
462;45
463;46
464;62
465;30
466;63
467;73
468;65
469;76
470;61
471;28
472;73
473;70
474;24
475;40
476;73
477;51
478;64
479;53
480;47
481;18
482;13
483;66
484;29
485;50
486;47
487;41
488;0
489;41
490;20
491;78
492;75
493;50
494;42
495;54
496;36
497;25
498;43
499;2
500;3
501;39
502;24
503;1
504;16
505;60
506;25
507;31
508;30
509;48
510;12
511;14
512;48
513;76
514;20
515;32
516;66
517;44
518;59
519;17
520;16
521;24
522;54
523;75
524;49
525;44
526;42
527;12
528;13
529;10
530;71
531;69
532;25
533;60
534;82
535;20
536;80
537;54
538;42
539;95
540;37
541;66
542;28
543;70
544;57
545;46
546;57
547;15
548;9
549;76
550;21
551;59
552;67
553;41
554;44
555;6
556;18
557;75
558;35
559;36
560;23
561;94
562;20
563;94
564;56
565;72
566;53
567;30
568;68
569;73
570;28
571;35
572;44
573;4
574;2
575;53
576;75
577;88
578;48
579;48
580;7
581;69
582;20
583;48
584;46
585;11
586;6
587;24
588;47
589;74
590;71
591;68
592;69
593;66
594;78
595;32
596;30
597;31
598;14
599;4
600;15
601;4
602;64
603;24
604;65
605;56
606;79
607;51
608;86
609;57
610;7
611;49
612;65
613;72
614;81
615;66
616;79
617;69
618;30
619;21
620;43
621;1
622;9
623;73
624;58
625;66
626;59
627;51
628;74
629;45
630;66
631;35
632;30
633;1
634;12
635;79
636;55
637;69
638;51
639;63
640;60
641;73
642;30
643;20
644;20
645;4
646;2
647;73
648;58
649;39
650;22
651;22
652;11
653;5
654;52
655;67
656;57
657;7
658;18
659;24
660;81
661;61
662;72
663;46
664;50
665;82
666;72
667;52
668;33
669;31
670;11
671;7
672;55
673;64
674;48
675;26
676;81
677;53
678;47
679;77
680;86
681;67
682;48
683;37
684;18
685;10
686;17
687;75
688;72
689;45
690;39
691;1
692;3
693;62
694;83
695;67
696;73
697;31
698;24
699;38
700;48
701;0
702;2
703;52
704;53
705;62
706;59
707;34
708;15
709;18
710;27
711;29
712;5
713;3
714;44
715;30
716;13
717;7
718;22
719;79
720;23
721;52
722;30
723;21
724;53
725;67
726;78
727;57
728;68
729;70
730;47
731;29
732;55
733;57
734;81
735;46
736;34
737;5
738;5
739;60
740;22
741;71
742;46
743;74
744;33
745;48
746;12
747;16
748;16
749;35
750;53
751;26
752;8
753;17
754;70
755;72
756;42
757;40
758;1
759;92
760;19
761;69
762;61
763;32
764;40
765;1
766;84
767;72
768;81
769;68
770;35
771;21
772;75
773;58
774;83
775;68
776;70
777;28
778;64
779;58
780;72
781;82
782;49
783;28
784;56
785;23
786;49
787;38
788;27
789;1
790;2
791;90
792;53
793;84
794;48
795;48
796;28
797;14
798;13
799;69
800;59
801;59
802;31
803;65
804;29
805;51
806;61
807;55
808;24
809;33
810;2
811;0
812;1
813;72
814;33
815;29
816;4
817;25
818;22
819;19
820;71
821;75
822;22
823;73
824;84
825;26
826;75
827;31
828;75
829;93
830;48
831;53
832;26
833;35
834;15
835;9
836;78
837;70
838;64
839;32
840;8
841;91
842;75
843;20
844;54
845;65
846;72
847;71
848;52
849;61
850;58
851;55
852;42
853;16
854;10
855;45
856;46
857;1
858;17
859;54
860;68
861;46
862;48
863;8
864;10
865;9
866;19
867;65
868;61
869;47
870;15
871;46
872;74
873;65
874;30
875;25
876;44
877;47
878;31
879;45
880;1
881;4
882;62
883;16
884;37
885;23
886;21
887;65
888;51
889;47
890;26
891;22
892;70
893;37
894;47
895;43
896;1
897;18
898;29
899;40
900;14
901;74
902;51
903;45
904;44
905;20
906;3
907;10
908;61
909;26
910;11
911;35
912;48
913;8
914;14
915;68
916;70
917;62
918;19
919;72
920;60
921;61
922;45
923;55
924;10
925;7
926;50
927;52
928;10
929;11
930;71
931;47
932;51
933;43
934;25
935;4
936;5
937;69
938;78
939;33
940;49
941;12
942;5
943;74
944;52
945;29
946;73
947;80
948;72
949;73
950;24
951;83
952;52
953;52
954;59
955;52
956;6
957;14
958;13
959;30
960;45
961;12
962;1
963;3
964;78
965;20
966;69
967;47
968;60
969;56
970;44
971;37
972;15
973;8
974;80
975;59
976;69
977;26
978;19
979;52
980;44
981;6
982;10
983;60
984;73
985;79
986;60
987;65
988;36
989;69
990;55
991;76
992;52
993;36
994;50
995;63
996;80
997;54
998;61
999;90
1000;64
1001;88
1002;74
1003;25
1004;92
1005;51
1006;50
1007;73
1008;80
1009;39
1010;58
1011;27
1012;27
1013;11
1014;17
1015;51
1016;28
1017;61
1018;28
1019;32
1020;3
1021;27
1022;36
1023;5
1024;0
1025;6
1026;25
1027;70
1028;49
1029;62
1030;38
1031;33
1032;36
1033;51
1034;9
1035;11
1036;7
1037;17
1038;69
1039;38
1040;49
1041;67
1042;78
1043;91
1044;36
1045;52
1046;52
1047;33
1048;83
1049;26
1050;70
1051;53
1052;59
1053;63
1054;50
1055;66
1056;77
1057;46
1058;44
1059;26
1060;49
1061;8
1062;11
1063;59
1064;60
1065;82
1066;77
1067;63
1068;34
1069;11
1070;10
1071;9
1072;18
1073;36
1074;31
1075;5
1076;17
1077;22
1078;72
1079;30
1080;35
1081;61
1082;48
1083;68
1084;32
1085;55
1086;73
1087;76
1088;57
1089;57
1090;74
1091;64
1092;60
1093;77
1094;60
1095;76
1096;46
1097;31
1098;56
1099;25
1100;54
1101;6
1102;65
1103;49
1104;38
1105;33
1106;6
1107;50
1108;79
1109;46
1110;17
1111;46
1112;27
1113;17
1114;79
1115;65
1116;71
1117;31
1118;9
1119;24
1120;34
1121;41
1122;10
1123;8
1124;7
1125;19
1126;41
1127;31
1128;14
1129;13
1130;7
1131;32
1132;39
1133;44
1134;47
1135;11
1136;7
1137;34
1138;40
1139;16
1140;4
1141;37
1142;29
1143;7
1144;45
1145;31
1146;87
1147;32
1148;28
1149;2
1150;5
1151;21
1152;28
1153;0
1154;10
1155;12
1156;43
1157;29
1158;7
1159;0
1160;29
1161;41
1162;3
1163;50
1164;49
1165;49
1166;62
1167;37
1168;64
1169;18
1170;15
1171;49
1172;51
1173;20
1174;49
1175;17
1176;2
1177;53
1178;9
1179;43
1180;51
1181;26
1182;14
1183;15
1184;45
1185;49
1186;68
1187;20
1188;19
1189;46
1190;49
1191;31
1192;14
1193;56
1194;32
1195;69
1196;39
1197;40
1198;30
1199;7
1200;56
1201;20
1202;53
1203;54
1204;52
1205;8
1206;18
1207;63
1208;51
1209;8
1210;11
1211;54
1212;23
1213;59
1214;22
1215;55
1216;41
1217;42
1218;45
1219;13
1220;52
1221;32
1222;42
1223;52
1224;8
1225;8
1226;44
1227;66
1228;66
1229;75
1230;57
1231;64
1232;69
1233;63
1234;71
1235;80
1236;47
1237;50
1238;72
1239;38
1240;72
1241;23
1242;35
1243;54
1244;56
1245;62
1246;14
1247;75
1248;20
1249;30
1250;27
1251;38
1252;17
1253;56
1254;47
1255;67
1256;33
1257;54
1258;23
1259;69
1260;31
1261;19
1262;13
1263;4
1264;38
1265;47
1266;18
1267;14
1268;69
1269;67
1270;54
1271;44
1272;51
1273;62
1274;36
1275;7
1276;7
1277;56
1278;87
1279;70
1280;55
1281;50
1282;75
1283;58
1284;35
1285;34
1286;12
1287;16
1288;14
1289;31
1290;40
1291;63
1292;25
1293;69
1294;29
1295;17
1296;36
1297;11
1298;5
1299;46
1300;89
1301;71
1302;63
1303;61
1304;65
1305;20
1306;77
1307;23
1308;34
1309;61
1310;53
1311;31
1312;9
1313;11
1314;26
1315;55
1316;6
1317;17
1318;67
1319;53
1320;82
1321;37
1322;15
1323;71
1324;20
1325;55
1326;52
1327;45
1328;8
1329;59
1330;54
1331;44
1332;70
1333;48
1334;58
1335;40
1336;65
1337;50
1338;28
1339;34
1340;6
1341;3
1342;73
1343;20
1344;46
1345;78
1346;47
1347;28
1348;0
1349;1
1350;18
1351;41
1352;43
1353;16
1354;3
1355;16
1356;68
1357;85
1358;65
1359;28
1360;34
1361;9
1362;73
1363;35
1364;79
1365;66
1366;38
1367;32
1368;2
1369;0
1370;53
1371;26
1372;16
1373;12
1374;61
1375;69
1376;57
1377;82
1378;31
1379;22
1380;1
1381;31
1382;5
1383;4
1384;92
1385;68
1386;42
1387;39
1388;7
1389;5
1390;21
1391;28
1392;0
1393;25
1394;71
1395;50
1396;48
1397;13
1398;8
1399;16
1400;19
1401;36
1402;44
1403;28
1404;23
1405;44
1406;23
1407;33
1408;2
1409;8
1410;75
1411;82
1412;39
1413;30
1414;65
1415;66
1416;76
1417;44
1418;47
1419;20
1420;3
1421;29
1422;74
1423;25
1424;19
1425;79
1426;36
1427;54
1428;31
1429;73
1430;41
1431;58
1432;50
1433;26
1434;41
1435;4
1436;14
1437;3
1438;60
1439;27
1440;37
1441;1
1442;4
1443;5
1444;45
1445;34
1446;10
1447;73
1448;60
1449;55
1450;36
1451;29
1452;9
1453;20
1454;73
1455;76
1456;32
1457;25
1458;1
1459;10
1460;0
1461;35
1462;35
1463;70
1464;58
1465;89
1466;48
1467;44
1468;4
1469;3
1470;28
1471;37
1472;82
1473;73
1474;51
1475;36
1476;55
1477;39
1478;50
1479;76
1480;33
1481;75
1482;21
1483;80
1484;52
1485;64
1486;50
1487;74
1488;62
1489;51
1490;17
1491;9
1492;72
1493;68
1494;44
1495;34
1496;8
1497;2
1498;32
1499;57
1500;52
1501;63
1502;19
1503;67
1504;56
1505;32
1506;13
1507;6
1508;72
1509;66
1510;80
1511;52
1512;58
1513;16
1514;11
1515;45
1516;55
1517;60
1518;48
1519;35
1520;11
1521;18
1522;27
1523;6
1524;9
1525;42
1526;48
1527;2
1528;4
1529;18
1530;3
1531;56
1532;52
1533;51
1534;84
1535;76
1536;21
1537;35
1538;68
1539;50
1540;64
1541;10
1542;67
1543;86
1544;29
1545;68
1546;39
1547;63
1548;89
1549;61
1550;59
1551;77
1552;58
1553;57
1554;91
1555;36
1556;66
1557;52
1558;55
1559;62
1560;30
1561;62
1562;46
1563;8
1564;13
1565;39
1566;67
1567;55
1568;41
1569;37
1570;44
1571;48
1572;72
1573;23
1574;31
1575;47
1576;16
1577;1
1578;28
1579;31
1580;0
1581;3
1582;76
1583;66
1584;50
1585;47
1586;11
1587;11
1588;30
1589;88
1590;83
1591;55
1592;54
1593;82
1594;40
1595;20
1596;28
1597;69
1598;68
1599;23
1600;27
1601;65
1602;69
1603;32
1604;55
1605;19
1606;39
1607;61
1608;57
1609;71
1610;33
1611;43
1612;7
1613;17
1614;32
1615;62
1616;28
1617;52
1618;35
1619;54
1620;64
1621;43
1622;51
1623;58
1624;80
1625;45
1626;88
1627;32
1628;54
1629;23
1630;62
1631;45
1632;18
1633;15
1634;39
1635;27
1636;13
1637;37
1638;22
1639;41
1640;42
1641;10
1642;7
1643;9
1644;27
1645;36
1646;14
1647;13
1648;38
1649;23
1650;3
1651;74
1652;50
1653;20
1654;64
1655;20
1656;20
1657;49
1658;37
1659;2
1660;29
1661;20
1662;5
1663;5
1664;43
1665;26
1666;28
1667;34
1668;17
1669;16
1670;43
1671;49
1672;2
1673;4
1674;4
1675;59
1676;41
1677;57
1678;16
1679;7
1680;11
1681;58
1682;86
1683;20
1684;27
1685;44
1686;50
1687;28
1688;87
1689;74
1690;48
1691;32
1692;9
1693;5
1694;0
1695;17
1696;4
1697;68
1698;43
1699;50
1700;73
1701;73
1702;56
1703;55
1704;41
1705;8
1706;16
1707;55
1708;54
1709;58
1710;52
1711;52
1712;61
1713;21
1714;58
1715;75
1716;77
1717;51
1718;40
1719;55
1720;13
1721;66
1722;80
1723;35
1724;13
1725;15
1726;62
1727;31
1728;6
1729;17
1730;15
1731;38
1732;28
1733;21
1734;73
1735;51
1736;57
1737;32
1738;56
1739;18
1740;12
1741;7
1742;35
1743;45
1744;12
1745;66
1746;69
1747;55
1748;38
1749;27
1750;54
1751;44
1752;7
1753;47
1754;52
1755;72
1756;83
1757;72
1758;73
1759;73
1760;52
1761;26
1762;64
1763;28
1764;8
1765;60
1766;49
1767;89
1768;59
1769;30
1770;48
1771;91
1772;91
1773;20
1774;19
1775;41
1776;53
1777;43
1778;18
1779;9
1780;19
1781;19
1782;40
1783;13
1784;45
1785;71
1786;47
1787;63
1788;68
1789;69
1790;97
1791;49
1792;67
1793;69
1794;50
1795;64
1796;48
1797;40
1798;40
1799;47
1800;3
1801;5
1802;45
1803;28
1804;50
1805;8
1806;93
1807;90
1808;61
1809;81
1810;75
1811;81
1812;40
1813;25
1814;3
1815;16
1816;13
1817;77
1818;83
1819;56
1820;72
1821;28
1822;25
1823;59
1824;46
1825;44
1826;33
1827;52
1828;18
1829;9
1830;80
1831;65
1832;48
1833;94
1834;49
1835;24
1836;60
1837;71
1838;74
1839;25
1840;71
1841;64
1842;51
1843;65
1844;50
1845;79
1846;57
1847;35
1848;66
1849;47
1850;40
1851;1
1852;61
1853;55
1854;12
1855;11
1856;60
1857;7
1858;15
1859;40
1860;83
1861;65
1862;42
1863;30
1864;5
1865;7
1866;17
1867;24
1868;24
1869;27
1870;23
1871;22
1872;65
1873;26
1874;19
1875;56
1876;89
1877;33
1878;6
1879;40
1880;47
1881;8
1882;10
1883;9
1884;21
1885;34
1886;28
1887;9
1888;14
1889;62
1890;38
1891;53
1892;17
1893;6
1894;15
1895;69
1896;67
1897;29
1898;69
1899;35
1900;24
1901;12
1902;0
1903;36
1904;17
1905;24
1906;74
1907;25
1908;61
1909;36
1910;33
1911;10
1912;11
1913;62
1914;54
1915;48
1916;62
1917;62
1918;69
1919;70
1920;33
1921;9
1922;64
1923;34
1924;13
1925;8
1926;76
1927;60
1928;49
1929;8
1930;10
1931;61
1932;37
1933;34
1934;5
1935;6
1936;60
1937;68
1938;60
1939;34
1940;50
1941;6
1942;17
1943;9
1944;65
1945;33
1946;26
1947;7
1948;12
1949;13
1950;73
1951;69
1952;84
1953;47
1954;77
1955;53
1956;73
1957;66
1958;29
1959;29
1960;10
1961;7
1962;42
1963;10
1964;82
1965;63
1966;33
1967;7
1968;13
1969;67
1970;71
1971;61
1972;70
1973;98
1974;63
1975;48
1976;59
1977;80
1978;69
1979;19
1980;68
1981;73
1982;29
1983;40
1984;30
1985;55
1986;7
1987;8
1988;76
1989;47
1990;45
1991;27
1992;13
1993;16
1994;70
1995;69
1996;65
1997;66
1998;43
1999;57
2000;50
2001;53
2002;68
2003;41
2004;35
2005;59
2006;59
2007;44
2008;75
2009;79
2010;27
2011;47
2012;72
2013;80
2014;59
2015;43
2016;16
2017;10
2018;78
2019;47
2020;47
2021;31
2022;30
2023;37
2024;9
2025;6
2026;13
2027;69
2028;63
2029;59
2030;50
2031;6
2032;63
2033;85
2034;62
2035;58
2036;7
2037;56
2038;51
2039;15
2040;12
2041;59
2042;58
2043;13
2044;10
2045;56
2046;29
2047;28
2048;3
2049;7
2050;15
2051;57
2052;68
2053;81
2054;37
2055;77
2056;67
2057;45
2058;49
2059;18
2060;13
2061;78
2062;70
2063;69
2064;24
2065;84
2066;84
2067;65
2068;66
2069;42
2070;62
2071;73
2072;39
2073;42
2074;15
2075;70
2076;73
2077;52
2078;65
2079;67
2080;26
2081;49
2082;17
2083;17
2084;7
2085;74
2086;62
2087;66
2088;67
2089;25
2090;22
2091;71
2092;23
2093;57
2094;31
2095;60
2096;46
2097;17
2098;2
2099;4
2100;49
2101;17
2102;6
2103;60
2104;34
2105;43
2106;28
2107;4
2108;17
2109;11
2110;34
2111;40
2112;13
2113;10
2114;64
2115;57
2116;83
2117;59
2118;91
2119;72
2120;91
2121;77
2122;63
2123;38
2124;15
2125;8
2126;49
2127;48
2128;9
2129;8
2130;70
2131;33
2132;66
2133;71
2134;38
2135;39
2136;1
2137;65
2138;65
2139;77
2140;62
2141;39
2142;72
2143;57
2144;42
2145;36
2146;13
2147;4
2148;47
2149;57
2150;24
2151;22
2152;50
2153;58
2154;45
2155;43
2156;31
2157;4
2158;2
2159;42
2160;16
2161;49
2162;85
2163;56
2164;62
2165;48
2166;41
2167;60
2168;25
2169;45
2170;46
2171;20
2172;38
2173;5
2174;4
2175;11
2176;60
2177;57
2178;75
2179;36
2180;43
2181;9
2182;10
2183;6
2184;80
2185;73
2186;37
2187;72
2188;70
2189;34
2190;0
2191;12
2192;65
2193;60
2194;51
2195;22
2196;77
2197;47
2198;46
2199;73
2200;79
2201;55
2202;35
2203;53
2204;9
2205;63
2206;50
2207;17
2208;7
2209;43
2210;49
2211;16
2212;63
2213;20
2214;61
2215;43
2216;50
2217;46
2218;14
2219;58
2220;86
2221;69
2222;47
2223;64
2224;14
2225;8
2226;39
2227;21
2228;38
2229;19
2230;54
2231;56
2232;64
2233;89
2234;41
2235;36
2236;11
2237;71
2238;58
2239;56
2240;41
2241;14
2242;11
2243;48
2244;40
2245;11
2246;84
2247;74
2248;48
2249;55
2250;73
2251;64
2252;58
2253;18
2254;9
2255;32
2256;39
2257;5
2258;17
2259;1
2260;16
2261;2
2262;54
2263;48
2264;14
2265;16
2266;67
2267;59
2268;35
2269;66
2270;19
2271;80
2272;68
2273;56
2274;23
2275;36
2276;0
2277;1
2278;0
2279;71
2280;83
2281;70
2282;31
2283;84
2284;19
2285;53
2286;73
2287;66
2288;49
2289;49
2290;43
2291;35
2292;5
2293;55
2294;64
2295;57
2296;50
2297;11
2298;41
2299;50
2300;39
2301;11
2302;19
2303;54
2304;76
2305;20
2306;70
2307;30
2308;77
2309;77
2310;57
2311;59
2312;72
2313;63
2314;46
2315;46
2316;64
2317;54
2318;38
2319;38
2320;8
2321;27
2322;50
2323;15
2324;72
2325;79
2326;65
2327;47
2328;44
2329;1
2330;34
2331;17
2332;25
2333;33
2334;3
2335;82
2336;23
2337;64
2338;18
2339;59
2340;68
2341;42
2342;34
2343;0
2344;8
2345;16
2346;43
2347;20
2348;12
2349;2
2350;11
2351;79
2352;20
2353;42
2354;45
2355;34
2356;1
2357;12
2358;16
2359;30
2360;17
2361;62
2362;47
2363;57
2364;59
2365;42
2366;41
2367;5
2368;20
2369;39
2370;3
2371;33
2372;56
2373;51
2374;41
2375;10
2376;17
2377;67
2378;22
2379;46
2380;46
2381;40
2382;20
2383;50
2384;89
2385;70
2386;68
2387;56
2388;33
2389;40
2390;0
2391;18
2392;4
2393;28
2394;67
2395;36
2396;26
2397;50
2398;30
2399;16
2400;7
2401;43
2402;43
2403;7
2404;17
2405;44
2406;26
2407;19
2408;6
2409;60
2410;60
2411;59
2412;42
2413;17
2414;14
2415;58
2416;35
2417;14
2418;11
2419;37
2420;64
2421;8
2422;17
2423;73
2424;81
2425;55
2426;60
2427;58
2428;55
2429;65
2430;77
2431;37
2432;6
2433;51
2434;57
2435;75
2436;62
2437;76
2438;65
2439;63
2440;60
2441;73
2442;28
2443;25
2444;17
2445;9
2446;25
2447;33
2448;39
2449;1
2450;2
2451;67
2452;62
2453;80
2454;77
2455;70
2456;79
2457;29
2458;28
2459;10
2460;13
2461;73
2462;41
2463;62
2464;58
2465;80
2466;51
2467;51
2468;23
2469;19
2470;25
2471;63
2472;66
2473;45
2474;48
2475;59
2476;73
2477;66
2478;73
2479;29
2480;54
2481;73
2482;29
2483;54
2484;76
2485;70
2486;60
2487;49
2488;9
2489;28
2490;30
2491;11
2492;17
2493;70
2494;56
2495;50
2496;29
2497;39
2498;26
2499;32
2500;22
2501;80
2502;51
2503;39
2504;6
2505;15
2506;10
2507;38
2508;61
2509;43
2510;16
2511;18
2512;67
2513;59
2514;61
2515;65
2516;68
2517;43
2518;77
2519;71
2520;45
2521;49
2522;73
2523;44
2524;70
2525;55
2526;65
2527;59
2528;44
2529;47
2530;2
2531;91
2532;39
2533;56
2534;88
2535;22
2536;48
2537;84
2538;77
2539;46
2540;30
2541;35
2542;15
2543;5
2544;30
2545;30
2546;64
2547;64
2548;57
2549;66
2550;65
2551;77
2552;44
2553;42
2554;45
2555;8
2556;5
2557;30
2558;82
2559;58
2560;66
2561;54
2562;46
2563;63
2564;70
2565;68
2566;72
2567;59
2568;47
2569;11
2570;11
2571;22
2572;32
2573;1
2574;5
2575;36
2576;65
2577;51
2578;10
2579;42
2580;39
2581;23
2582;8
2583;12
2584;60
2585;76
2586;35
2587;35
2588;7
2589;12
2590;9
2591;75
2592;19
2593;68
2594;38
2595;72
2596;47
2597;61
2598;50
2599;36
2600;17
2601;41
2602;66
2603;35
2604;30
2605;10
2606;12
2607;44
2608;32
2609;6
2610;60
2611;48
2612;12
2613;66
2614;43
2615;63
2616;14
2617;15
2618;18
2619;38
2620;42
2621;1
2622;15
2623;15
2624;56
2625;30
2626;79
2627;55
2628;61
2629;17
2630;12
2631;61
2632;22
2633;20
2634;80
2635;60
2636;82
2637;66
2638;55
2639;31
2640;40
2641;12
2642;17
2643;11
2644;73
2645;23
2646;53
2647;24
2648;21
2649;29
2650;45
2651;9
2652;11
2653;66
2654;29
2655;76
2656;25
2657;62
2658;53
2659;34
2660;75
2661;33
2662;30
2663;35
2664;3
2665;0
2666;64
2667;36
2668;52
2669;9
2670;18
2671;66
2672;78
2673;22
2674;61
2675;68
2676;62
2677;24
2678;68
2679;72
2680;62
2681;51
2682;76
2683;36
2684;48
2685;13
2686;14
2687;47
2688;36
2689;52
2690;7
2691;35
2692;41
2693;8
2694;5
2695;69
2696;80
2697;26
2698;27
2699;51
2700;60
2701;50
2702;57
2703;61
2704;20
2705;29
2706;59
2707;18
2708;7
2709;27
2710;58
2711;33
2712;70
2713;52
2714;49
2715;21
2716;7
2717;5
2718;0
2719;73
2720;44
2721;43
2722;93
2723;20
2724;27
2725;73
2726;66
2727;22
2728;23
2729;35
2730;27
2731;0
2732;3
2733;32
2734;43
2735;1
2736;78
2737;51
2738;76
2739;29
2740;39
2741;57
2742;58
2743;28
2744;52
2745;59
2746;14
2747;11
2748;7
2749;37
2750;27
2751;37
2752;5
2753;7
2754;11
2755;63
2756;45
2757;6
2758;62
2759;66
2760;48
2761;85
2762;83
2763;83
2764;50
2765;51
2766;22
2767;27
2768;8
2769;14
2770;82
2771;76
2772;45
2773;58
2774;83
2775;69
2776;87
2777;50
2778;74
2779;54
2780;38
2781;49
2782;4
2783;14
2784;52
2785;38
2786;42
2787;49
2788;35
2789;47
2790;11
2791;14
2792;13
2793;63
2794;75
2795;46
2796;28
2797;0
2798;13
2799;3
2800;25
2801;43
2802;76
2803;27
2804;42
2805;53
2806;40
2807;15
2808;6
2809;82
2810;63
2811;84
2812;23
2813;42
2814;30
2815;6
2816;58
2817;19
2818;55
2819;72
2820;41
2821;53
2822;53
2823;82
2824;48
2825;51
2826;61
2827;55
2828;75
2829;24
2830;77
2831;67
2832;59
2833;46
2834;23
2835;5
2836;3
2837;4
2838;7
2839;55
2840;61
2841;24
2842;51
2843;63
2844;59
2845;33
2846;60
2847;33
2848;67
2849;74
2850;57
2851;46
2852;7
2853;7
2854;61
2855;35
2856;10
2857;17
2858;48
2859;31
2860;4
2861;55
2862;68
2863;31
2864;92
2865;57
2866;51
2867;46
2868;32
2869;51
2870;65
2871;76
2872;51
2873;68
2874;50
2875;52
2876;31
2877;66
2878;29
2879;70
2880;63
2881;45
2882;42
2883;4
2884;5
2885;22
2886;43
2887;78
2888;66
2889;70
2890;65
2891;35
2892;20
2893;34
2894;24
2895;38
2896;37
2897;6
2898;64
2899;52
2900;69
2901;52
2902;60
2903;44
2904;8
2905;51
2906;26
2907;60
2908;59
2909;8
2910;64
2911;38
2912;14
2913;12
2914;9
2915;29
2916;34
2917;64
2918;52
2919;57
2920;37
2921;92
2922;45
2923;50
2924;34
2925;6
2926;15
2927;50
2928;56
2929;52
2930;23
2931;57
2932;70
2933;70
2934;19
2935;24
2936;60
2937;64
2938;59
2939;47
2940;94
2941;50
2942;53
2943;65
2944;51
2945;66
2946;56
2947;59
2948;23
2949;60
2950;23
2951;39
2952;48
2953;32
2954;4
2955;3
2956;14
2957;30
2958;49
2959;24
2960;20
2961;48
2962;51
2963;22
2964;6
2965;13
2966;4
2967;7
2968;76
2969;23
2970;89
2971;88
2972;40
2973;62
2974;55
2975;13
2976;43
2977;63
2978;59
2979;57
2980;46
2981;39
2982;48
2983;13
2984;8
2985;68
2986;40
2987;36
2988;44
2989;13
2990;1
2991;72
2992;66
2993;67
2994;27
2995;78
2996;89
2997;55
2998;48
2999;58
3000;68
3001;54
3002;69
3003;73
3004;75
3005;84
3006;56
3007;82
3008;82
3009;55
3010;42
3011;12
3012;47
3013;84
3014;55
3015;20
3016;35
3017;45
3018;32
3019;66
3020;44
3021;38
3022;52
3023;20
3024;51
3025;64
3026;7
3027;18
3028;56
3029;65
3030;47
3031;8
3032;15
3033;35
3034;81
3035;19
3036;69
3037;73
3038;71
3039;80
3040;59
3041;71
3042;54
3043;78
3044;33
3045;78
3046;39
3047;55
3048;80
3049;54
3050;59
3051;51
3052;60
3053;71
3054;63
3055;15
3056;47
3057;29
3058;18
3059;68
3060;48
3061;71
3062;48
3063;33
3064;0
3065;2
3066;68
3067;77
3068;29
3069;49
3070;23
3071;5
3072;1
3073;24
3074;43
3075;9
3076;33
3077;31
3078;44
3079;39
3080;1
3081;72
3082;60
3083;59
3084;57
3085;58
3086;58
3087;66
3088;70
3089;27
3090;45
3091;20
3092;24
3093;83
3094;75
3095;84
3096;54
3097;78
3098;48
3099;71
3100;69
3101;56
3102;55
3103;13
3104;6
3105;85
3106;72
3107;46
3108;69
3109;65
3110;27
3111;27
3112;31
3113;6
3114;46
3115;80
3116;75
3117;73
3118;76
3119;23
3120;81
3121;71
3122;42
3123;48
3124;7
3125;17
3126;32
3127;20
3128;64
3129;72
3130;61
3131;73
3132;28
3133;57
3134;46
3135;61
3136;35
3137;6
3138;52
3139;33
3140;81
3141;32
3142;26
3143;29
3144;6
3145;14
3146;14
3147;10
3148;67
3149;40
3150;60
3151;57
3152;27
3153;36
3154;3
3155;3
3156;5
3157;19
3158;43
3159;47
3160;85
3161;55
3162;33
3163;92
3164;76
3165;67
3166;78
3167;23
3168;25
3169;65
3170;83
3171;72
3172;51
3173;39
3174;69
3175;82
3176;25
3177;19
3178;56
3179;55
3180;24
3181;42
3182;71
3183;22
3184;21
3185;3
3186;76
3187;40
3188;72
3189;20
3190;54
3191;77
3192;73
3193;21
3194;31
3195;71
3196;42
3197;40
3198;43
3199;9
3200;17
3201;32
3202;29
3203;17
3204;5
3205;82
3206;47
3207;20
3208;3
3209;5
3210;20
3211;56
3212;23
3213;23
3214;49
3215;66
3216;33
3217;68
3218;63
3219;62
3220;87
3221;25
3222;26
3223;17
3224;61
3225;66
3226;24
3227;28
3228;18
3229;2
3230;24
3231;21
3232;79
3233;62
3234;42
3235;25
3236;56
3237;34
3238;44
3239;42
3240;1
3241;18
3242;29
3243;34
3244;75
3245;32
3246;36
3247;4
3248;33
3249;56
3250;74
3251;61
3252;9
3253;28
3254;49
3255;18
3256;5
3257;18
3258;76
3259;46
3260;57
3261;38
3262;14
3263;11
3264;69
3265;61
3266;36
3267;33
3268;17
3269;7
3270;6
3271;72
3272;54
3273;65
3274;59
3275;23
3276;23
3277;68
3278;24
3279;52
3280;57
3281;62
3282;57
3283;19
3284;25
3285;76
3286;68
3287;50
3288;55
3289;48
3290;41
3291;16
3292;11
3293;7
3294;44
3295;6
3296;55
3297;76
3298;25
3299;85
3300;57
3301;88
3302;67
3303;53
3304;41
3305;49
3306;5
3307;5
3308;2
3309;55
3310;44
3311;75
3312;61
3313;78
3314;45
3315;51
3316;51
3317;43
3318;16
3319;73
3320;58
3321;27
3322;11
3323;72
3324;42
3325;43
3326;28
3327;32
3328;52
3329;26
3330;72
3331;61
3332;48
3333;20
3334;38
3335;25
3336;21
3337;75
3338;85
3339;86
3340;52
3341;60
3342;75
3343;44
3344;68
3345;19
3346;35
3347;11
3348;67
3349;26
3350;36
3351;3
3352;51
3353;51
3354;45
3355;24
3356;29
3357;57
3358;70
3359;83
3360;69
3361;21
3362;23
3363;30
3364;26
3365;30
3366;7
3367;6
3368;70
3369;24
3370;35
3371;16
3372;7
3373;34
3374;41
3375;9
3376;10
3377;26
3378;72
3379;28
3380;51
3381;65
3382;82
3383;70
3384;53
3385;56
3386;25
3387;29
3388;62
3389;47
3390;77
3391;55
3392;44
3393;43
3394;14
3395;18
3396;24
3397;19
3398;58
3399;42
3400;13
3401;6
3402;48
3403;82
3404;51
3405;68
3406;62
3407;45
3408;8
3409;64
3410;40
3411;17
3412;18
3413;59
3414;32
3415;29
3416;10
3417;50
3418;75
3419;36
3420;59
3421;17
3422;14
3423;72
3424;67
3425;30
3426;45
3427;4
3428;8
3429;54
3430;20
3431;44
3432;43
3433;50
3434;53
3435;44
3436;16
3437;17
3438;48
3439;19
3440;0
3441;12
3442;4
3443;23
3444;52
3445;25
3446;25
3447;2
3448;87
3449;40
3450;39
3451;10
3452;12
3453;18
3454;9
3455;58
3456;57
3457;55
3458;58
3459;20
3460;3
3461;10
3462;23
3463;50
3464;58
3465;51
3466;89
3467;30
3468;60
3469;50
3470;29
3471;37
3472;27
3473;14
3474;10
3475;69
3476;51
3477;23
3478;75
3479;52
3480;66
3481;71
3482;67
3483;21
3484;45
3485;4
3486;35
3487;6
3488;18
3489;46
3490;75
3491;73
3492;59
3493;56
3494;8
3495;42
3496;71
3497;61
3498;30
3499;72
3500;57
3501;44
3502;22
3503;75
3504;51
3505;40
3506;20
3507;8
3508;5
3509;45
3510;28
3511;8
3512;18
3513;66
3514;81
3515;47
3516;38
3517;5
3518;0
3519;1
3520;50
3521;12
3522;13
3523;22
3524;74
3525;41
3526;40
3527;45
3528;30
3529;15
3530;9
3531;7
3532;67
3533;72
3534;64
3535;61
3536;61
3537;60
3538;64
3539;84
3540;50
3541;53
3542;65
3543;67
3544;91
3545;29
3546;51
3547;86
3548;63
3549;71
3550;35
3551;47
3552;6
3553;12
3554;26
3555;36
3556;8
3557;10
3558;44
3559;11
3560;50
3561;40
3562;36
3563;17
3564;7
3565;9
3566;44
3567;41
3568;13
3569;6
3570;67
3571;29
3572;38
3573;2
3574;25
3575;76
3576;92
3577;26
3578;68
3579;66
3580;67
3581;69
3582;20
3583;56
3584;67
3585;39
3586;34
3587;59
3588;54
3589;44
3590;40
3591;34
3592;4
3593;3
3594;1
3595;29
3596;50
3597;15
3598;11
3599;12
3600;9
3601;75
3602;21
3603;87
3604;60
3605;74
3606;55
3607;10
3608;30
3609;37
3610;8
3611;58
3612;51
3613;41
3614;55
3615;67
3616;34
3617;46
3618;16
3619;17
3620;30
3621;26
3622;55
3623;57
3624;62
3625;63
3626;12
3627;19
3628;28
3629;17
3630;0
3631;10
3632;85
3633;73
3634;27
3635;40
3636;0
3637;9
3638;0
3639;78
3640;46
3641;33
3642;22
3643;16
3644;69
3645;62
3646;83
3647;30
3648;24
3649;38
3650;7
3651;5
3652;35
3653;37
3654;8
3655;53
3656;64
3657;74
3658;77
3659;21
3660;69
3661;60
3662;29
3663;34
3664;12
3665;12
3666;7
3667;36
3668;60
3669;43
3670;27
3671;43
3672;0
3673;4
3674;76
3675;47
3676;46
3677;56
3678;71
3679;46
3680;84
3681;31
3682;55
3683;13
3684;33
3685;40
3686;14
3687;6
3688;29
3689;59
3690;50
3691;48
3692;48
3693;49
3694;74
3695;72
3696;83
3697;25
3698;68
3699;49
3700;46
3701;29
3702;64
3703;7
3704;6
3705;8
3706;62
3707;51
3708;72
3709;67
3710;88
3711;36
3712;68
3713;59
3714;62
3715;71
3716;51
3717;51
3718;15
3719;45
3720;64
3721;38
3722;75
3723;97
3724;73
3725;80
3726;45
3727;53
3728;26
3729;14
3730;9
3731;15
3732;64
3733;80
3734;19
3735;35
3736;23
3737;36
3738;87
3739;47
3740;49
3741;44
3742;47
3743;13
3744;62
3745;14
3746;46
3747;3
3748;82
3749;41
3750;15
3751;30
3752;78
3753;53
3754;26
3755;33
3756;6
3757;17
3758;58
3759;55
3760;18
3761;13
3762;68
3763;63
3764;48
3765;19
3766;20
3767;55
3768;6
3769;16
3770;30
3771;40
3772;7
3773;14
3774;62
3775;43
3776;64
3777;64
3778;8
3779;12
3780;18
3781;79
3782;30
3783;1
3784;2
3785;39
3786;26
3787;15
3788;21
3789;34
3790;3
3791;55
3792;73
3793;72
3794;62
3795;72
3796;43
3797;18
3798;66
3799;75
3800;29
3801;56
3802;76
3803;48
3804;39
3805;18
3806;66
3807;85
3808;35
3809;27
3810;50
3811;50
3812;26
3813;14
3814;14
3815;9
3816;59
3817;24
3818;53
3819;75
3820;66
3821;69
3822;38
3823;29
3824;11
3825;14
3826;16
3827;81
3828;73
3829;39
3830;47
3831;9
3832;10
3833;48
3834;25
3835;62
3836;41
3837;38
3838;24
3839;41
3840;26
3841;6
3842;14
3843;25
3844;71
3845;33
3846;54
3847;17
3848;16
3849;10
3850;25
3851;72
3852;21
3853;20
3854;61
3855;60
3856;67
3857;63
3858;45
3859;45
3860;0
3861;52
3862;7
3863;10
3864;31
3865;34
3866;0
3867;17
3868;80
3869;52
3870;66
3871;66
3872;68
3873;61
3874;53
3875;67
3876;27
3877;44
3878;64
3879;52
3880;65
3881;22
3882;28
3883;68
3884;33
3885;37
3886;16
3887;11
3888;48
3889;71
3890;47
3891;45
3892;55
3893;82
3894;31
3895;19
3896;73
3897;71
3898;43
3899;69
3900;60
3901;58
3902;52
3903;60
3904;61
3905;65
3906;55
3907;52
3908;23
3909;83
3910;38
3911;50
3912;16
3913;38
3914;43
3915;6
3916;14
3917;9
3918;16
3919;69
3920;46
3921;55
3922;66
3923;46
3924;62
3925;49
3926;43
3927;20
3928;78
3929;23
3930;43
3931;46
3932;15
3933;15
3934;13
3935;45
3936;43
3937;3
3938;15
3939;23
3940;73
3941;32
3942;44
3943;5
3944;5
3945;44
3946;30
3947;4
3948;18
3949;20
3950;47
3951;42
3952;15
3953;4
3954;59
3955;70
3956;39
3957;66
3958;70
3959;66
3960;56
3961;60
3962;53
3963;78
3964;31
3965;56
3966;60
3967;48
3968;38
3969;8
3970;10
3971;26
3972;84
3973;55
3974;71
3975;71
3976;37
3977;28
3978;22
3979;85
3980;68
3981;61
3982;49
3983;15
3984;4
3985;9
3986;56
3987;40
3988;22
3989;53
3990;45
3991;53
3992;32
3993;17
3994;11
3995;14
3996;68
3997;61
3998;52
3999;52
4000;35
4001;13
4002;57
4003;68
4004;45
4005;72
4006;44
4007;41
4008;48
4009;3
4010;5
4011;78
4012;49
4013;26
4014;9
4015;6
4016;58
4017;72
4018;37
4019;45
4020;60
4021;45
4022;22
4023;65
4024;68
4025;30
4026;27
4027;4
4028;2
4029;38
4030;54
4031;42
4032;49
4033;12
4034;17
4035;17
4036;71
4037;85
4038;49
4039;30
4040;63
4041;20
4042;32
4043;24
4044;80
4045;50
4046;9
4047;8
4048;22
4049;29
4050;12
4051;18
4052;2
4053;51
4054;10
4055;54
4056;20
4057;42
4058;41
4059;46
4060;8
4061;4
4062;2
4063;52
4064;63
4065;33
4066;24
4067;31
4068;66
4069;56
4070;60
4071;15
4072;9
4073;60
4074;51
4075;89
4076;67
4077;73
4078;41
4079;60
4080;79
4081;63
4082;25
4083;66
4084;46
4085;23
4086;3
4087;1
4088;2
4089;52
4090;76
4091;35
4092;52
4093;43
4094;23
4095;2
4096;37
4097;14
4098;15
4099;53
4100;63
4101;18
4102;14
4103;67
4104;79
4105;54
4106;40
4107;39
4108;35
4109;16
4110;14
4111;47
4112;68
4113;59
4114;30
4115;38
4116;3
4117;2
4118;61
4119;22
4120;50
4121;52
4122;21
4123;75
4124;60
4125;26
4126;19
4127;82
4128;51
4129;89
4130;58
4131;82
4132;23
4133;33
4134;8
4135;4
4136;38
4137;19
4138;13
4139;42
4140;60
4141;10
4142;65
4143;40
4144;49
4145;7
4146;6
4147;6
4148;42
4149;32
4150;9
4151;16
4152;66
4153;73
4154;86
4155;61
4156;75
4157;43
4158;45
4159;6
4160;14
4161;24
4162;70
4163;53
4164;51
4165;57
4166;74
4167;48
4168;21
4169;67
4170;46
4171;18
4172;44
4173;23
4174;2
4175;1
4176;25
4177;24
4178;25
4179;47
4180;9
4181;4
4182;47
4183;6
4184;56
4185;20
4186;35
4187;52
4188;14
4189;19
4190;54
4191;64
4192;59
4193;70
4194;57
4195;76
4196;88
4197;66
4198;72
4199;44
4200;74
4201;33
4202;38
4203;3
4204;79
4205;46
4206;34
4207;45
4208;5
4209;4
4210;40
4211;24
4212;38
4213;5
4214;22
4215;28
4216;7
4217;49
4218;23
4219;55
4220;81
4221;32
4222;54
4223;11
4224;18
4225;76
4226;68
4227;66
4228;60
4229;26
4230;25
4231;37
4232;51
4233;10
4234;6
4235;40
4236;30
4237;61
4238;51
4239;29
4240;20
4241;2
4242;4
4243;6
4244;66
4245;53
4246;62
4247;27
4248;23
4249;14
4250;1
4251;40
4252;50
4253;6
4254;11
4255;13
4256;58
4257;20
4258;62
4259;57
4260;54
4261;63
4262;23
4263;70
4264;56
4265;20
4266;59
4267;54
4268;69
4269;75
4270;87
4271;58
4272;29
4273;8
4274;10
4275;6
4276;45
4277;23
4278;17
4279;1
4280;57
4281;80
4282;65
4283;38
4284;49
4285;49
4286;60
4287;20
4288;70
4289;53
4290;41
4291;53
4292;76
4293;63
4294;49
4295;0
4296;15
4297;2
4298;49
4299;72
4300;19
4301;56
4302;36
4303;8
4304;17
4305;33
4306;36
4307;2
4308;0
4309;89
4310;91
4311;33
4312;17
4313;16
4314;39
4315;12
4316;8
4317;40
4318;36
4319;17
4320;1
4321;39
4322;45
4323;4
4324;59
4325;78
4326;56
4327;43
4328;8
4329;18
4330;33
4331;39
4332;18
4333;18
4334;62
4335;73
4336;56
4337;80
4338;30
4339;81
4340;69
4341;75
4342;72
4343;65
4344;60
4345;40
4346;34
4347;2
4348;6
4349;28
4350;49
4351;9
4352;10
4353;18
4354;45
4355;19
4356;21
4357;27
4358;59
4359;54
4360;10
4361;14
4362;29
4363;57
4364;12
4365;9
4366;40
4367;49
4368;38
4369;44
4370;7
4371;1
4372;78
4373;50
4374;56
4375;69
4376;51
4377;60
4378;27
4379;58
4380;82
4381;65
4382;69
4383;28
4384;26
4385;59
4386;61
4387;18
4388;14
4389;19
4390;54
4391;57
4392;30
4393;22
4394;58
4395;22
4396;22
4397;43
4398;74
4399;70
4400;80
4401;39
4402;1
4403;5
4404;31
4405;32
4406;0
4407;7
4408;15
4409;51
4410;7
4411;7
4412;52
4413;51
4414;80
4415;22
4416;41
4417;44
4418;4
4419;5
4420;42
4421;36
4422;9
4423;13
4424;20
4425;46
4426;46
4427;15
4428;9
4429;74
4430;62
4431;69
4432;54
4433;63
4434;32
4435;10
4436;11
4437;58
4438;52
4439;12
4440;6
4441;7
4442;86
4443;33
4444;41
4445;22
4446;57
4447;69
4448;72
4449;66
4450;60
4451;73
4452;43
4453;55
4454;43
4455;51
4456;24
4457;34
4458;43
4459;8
4460;56
4461;51
4462;71
4463;32
4464;75
4465;70
4466;67
4467;83
4468;58
4469;28
4470;21
4471;62
4472;70
4473;82
4474;84
4475;69
4476;64
4477;71
4478;55
4479;46
4480;87
4481;32
4482;56
4483;63
4484;35
4485;17
4486;41
4487;62
4488;13
4489;18
4490;50
4491;63
4492;51
4493;9
4494;37
4495;62
4496;74
4497;40
4498;40
4499;2
4500;2
4501;0
4502;36
4503;33
4504;58
4505;48
4506;7
4507;11
4508;22
4509;81
4510;23
4511;22
4512;34
4513;69
4514;65
4515;72
4516;40
4517;10
4518;10
4519;70
4520;70
4521;45
4522;89
4523;73
4524;55
4525;37
4526;35
4527;3
4528;3
4529;30
4530;45
4531;10
4532;17
4533;68
4534;49
4535;31
4536;17
4537;66
4538;41
4539;43
4540;13
4541;42
4542;30
4543;20
4544;43
4545;61
4546;20
4547;35
4548;31
4549;15
4550;10
4551;13
4552;19
4553;22
4554;22
4555;58
4556;76
4557;36
4558;66
4559;35
4560;45
4561;32
4562;2
4563;0
4564;43
4565;45
4566;47
4567;80
4568;72
4569;53
4570;69
4571;57
4572;64
4573;22
4574;36
4575;20
4576;73
4577;22
4578;41
4579;59
4580;73
4581;74
4582;36
4583;51
4584;78
4585;29
4586;32
4587;37
4588;48
4589;75
4590;44
4591;33
4592;48
4593;11
4594;37
4595;33
4596;17
4597;16
4598;48
4599;69
4600;64
4601;54
4602;63
4603;52
4604;65
4605;58
4606;77
4607;60
4608;34
4609;40
4610;6
4611;76
4612;93
4613;40
4614;46
4615;11
4616;6
4617;10
4618;28
4619;74
4620;51
4621;56
4622;75
4623;60
4624;66
4625;59
4626;32
4627;9
4628;13
4629;8
4630;7
4631;77
4632;52
4633;47
4634;62
4635;62
4636;61
4637;29
4638;19
4639;16
4640;2
4641;4
4642;12
4643;1
4644;3
4645;58
4646;50
4647;63
4648;72
4649;71
4650;66
4651;28
4652;35
4653;9
4654;9
4655;55
4656;57
4657;12
4658;11
4659;6
4660;26
4661;34
4662;58
4663;62
4664;52
4665;72
4666;46
4667;75
4668;38
4669;23
4670;22
4671;46
4672;51
4673;40
4674;66
4675;49
4676;61
4677;24
4678;28
4679;51
4680;69
4681;48
4682;4
4683;4
4684;55
4685;80
4686;32
4687;21
4688;50
4689;24
4690;48
4691;59
4692;28
4693;8
4694;11
4695;68
4696;72
4697;31
4698;39
4699;3
4700;14
4701;65
4702;48
4703;50
4704;48
4705;66
4706;47
4707;23
4708;72
4709;22
4710;55
4711;80
4712;53
4713;72
4714;85
4715;55
4716;68
4717;55
4718;75
4719;67
4720;46
4721;32
4722;8
4723;16
4724;5
4725;35
4726;51
4727;66
4728;62
4729;52
4730;59
4731;77
4732;73
4733;80
4734;47
4735;77
4736;82
4737;76
4738;22
4739;50
4740;74
4741;77
4742;74
4743;57
4744;21
4745;55
4746;61
4747;34
4748;10
4749;15
4750;57
4751;75
4752;56
4753;52
4754;50
4755;52
4756;18
4757;13
4758;47
4759;23
4760;74
4761;51
4762;14
4763;8
4764;61
4765;55
4766;70
4767;51
4768;82
4769;53
4770;62
4771;70
4772;46
4773;33
4774;3
4775;32
4776;38
4777;14
4778;16
4779;57
4780;34
4781;35
4782;43
4783;42
4784;17
4785;13
4786;13
4787;70
4788;80
4789;63
4790;59
4791;20
4792;33
4793;73
4794;51
4795;51
4796;43
4797;68
4798;60
4799;65
4800;49
4801;32
4802;15
4803;7
4804;7
4805;56
4806;54
4807;35
4808;61
4809;54
4810;17
4811;9
4812;8
4813;23
4814;27
4815;64
4816;87
4817;79
4818;57
4819;56
4820;10
4821;8
4822;20
4823;46
4824;49
4825;62
4826;28
4827;40
4828;40
4829;35
4830;7
4831;9
4832;88
4833;73
4834;25
4835;55
4836;75
4837;58
4838;52
4839;21
4840;22
4841;35
4842;22
4843;93
4844;70
4845;69
4846;47
4847;71
4848;64
4849;55
4850;70
4851;64
4852;50
4853;63
4854;11
4855;51
4856;80
4857;37
4858;77
4859;28
4860;57
4861;49
4862;17
4863;8
4864;7
4865;46
4866;63
4867;38
4868;28
4869;18
4870;5
4871;35
4872;57
4873;57
4874;50
4875;33
4876;48
4877;77
4878;100
4879;24
4880;87
4881;55
4882;58
4883;12
4884;10
4885;62
4886;59
4887;33
4888;16
4889;38
4890;73
4891;68
4892;40
4893;45
4894;18
4895;38
4896;32
4897;28
4898;4
4899;66
4900;23
4901;53
4902;24
4903;33
4904;63
4905;46
4906;6
4907;18
4908;38
4909;13
4910;15
4911;23
4912;79
4913;71
4914;61
4915;67
4916;61
4917;58
4918;73
4919;47
4920;47
4921;72
4922;93
4923;48
4924;82
4925;25
4926;70
4927;41
4928;51
4929;11
4930;18
4931;18
4932;55
4933;19
4934;52
4935;59
4936;14
4937;77
4938;59
4939;73
4940;39
4941;70
4942;50
4943;63
4944;58
4945;13
4946;83
4947;53
4948;43
4949;68
4950;32
4951;29
4952;31
4953;5
4954;9
4955;4
4956;54
4957;51
4958;59
4959;85
4960;70
4961;43
4962;61
4963;10
4964;18
4965;70
4966;32
4967;30
4968;66
4969;56
4970;50
4971;52
4972;44
4973;35
4974;33
4975;52
4976;46
4977;59
4978;47
4979;27
4980;16
4981;65
4982;91
4983;45
4984;28
4985;4
4986;3
4987;3
4988;51
4989;77
4990;62
4991;75
4992;76
4993;60
4994;24
4995;63
4996;68
4997;84
4998;47
4999;81
5000;57
5001;37
5002;13
5003;12
5004;77
5005;30
5006;30
5007;1
5008;46
5009;26
5010;47
5011;73
5012;67
5013;38
5014;44
5015;5
5016;7
5017;44
5018;6
5019;31
5020;58
5021;60
5022;92
5023;62
5024;64
5025;21
5026;35
5027;4
5028;0
5029;46
5030;69
5031;41
5032;8
5033;6
5034;40
5035;24
5036;5
5037;12
5038;26
5039;61
5040;21
5041;20
5042;50
5043;31
5044;10
5045;17
5046;14
5047;71
5048;51
5049;74
5050;88
5051;77
5052;54
5053;65
5054;59
5055;80
5056;58
5057;65
5058;69
5059;41
5060;33
5061;15
5062;6
5063;55
5064;28
5065;16
5066;56
5067;42
5068;58
5069;78
5070;48
5071;70
5072;28
5073;80
5074;63
5075;60
5076;43
5077;51
5078;73
5079;59
5080;63
5081;35
5082;12
5083;82
5084;50
5085;66
5086;20
5087;29
5088;81
5089;60
5090;56
5091;49
5092;35
5093;11
5094;10
5095;57
5096;38
5097;85
5098;90
5099;76
5100;71
5101;75
5102;33
5103;40
5104;63
5105;71
5106;23
5107;23
5108;30
5109;68
5110;56
5111;49
5112;86
5113;40
5114;34
5115;9
5116;3
5117;47
5118;38
5119;36
5120;5
5121;0
5122;33
5123;32
5124;15
5125;12
5126;55
5127;7
5128;22
5129;48
5130;58
5131;47
5132;25
5133;69
5134;41
5135;52
5136;68
5137;43
5138;21
5139;53
5140;47
5141;57
5142;70
5143;63
5144;71
5145;57
5146;41
5147;42
5148;12
5149;15
5150;46
5151;70
5152;42
5153;62
5154;47
5155;55
5156;10
5157;12
5158;25
5159;21
5160;39
5161;40
5162;57
5163;14
5164;7
5165;82
5166;70
5167;87
5168;71
5169;52
5170;66
5171;70
5172;39
5173;48
5174;10
5175;1
5176;44
5177;24
5178;53
5179;90
5180;43
5181;62
5182;70
5183;44
5184;50
5185;15
5186;17
5187;8
5188;61
5189;32
5190;10
5191;9
5192;50
5193;6
5194;62
5195;59
5196;10
5197;9
5198;18
5199;58
5200;25
5201;51
5202;61
5203;60
5204;56
5205;82
5206;51
5207;38
5208;67
5209;50
5210;64
5211;76
5212;45
5213;9
5214;15
5215;43
5216;32
5217;48
5218;5
5219;1
5220;46
5221;89
5222;23
5223;46
5224;58
5225;66
5226;60
5227;40
5228;11
5229;15
5230;56
5231;40
5232;63
5233;76
5234;27
5235;26
5236;15
5237;6
5238;10
5239;57
5240;24
5241;50
5242;67
5243;64
5244;49
5245;53
5246;50
5247;35
5248;57
5249;68
5250;31
5251;49
5252;61
5253;23
5254;70
5255;19
5256;73
5257;66
5258;62
5259;70
5260;24
5261;64
5262;74
5263;78
5264;51
5265;30
5266;34
5267;5
5268;3
5269;53
5270;75
5271;62
5272;37
5273;7
5274;54
5275;62
5276;50
5277;18
5278;6
5279;7
5280;54
5281;60
5282;74
5283;60
5284;61
5285;72
5286;24
5287;30
5288;59
5289;73
5290;46
5291;68
5292;62
5293;65
5294;37
5295;30
5296;0
5297;3
5298;2
5299;80
5300;24
5301;19
5302;20
5303;34
5304;53
5305;25
5306;48
5307;82
5308;68
5309;70
5310;70
5311;35
5312;41
5313;56
5314;8
5315;83
5316;19
5317;68
5318;22
5319;35
5320;3
5321;5
5322;58
5323;72
5324;53
5325;38
5326;47
5327;28
5328;43
5329;5
5330;9
5331;21
5332;45
5333;23
5334;23
5335;49
5336;57
5337;23
5338;67
5339;87
5340;66
5341;67
5342;54
5343;30
5344;49
5345;8
5346;50
5347;42
5348;18
5349;18
5350;68
5351;65
5352;36
5353;48
5354;38
5355;57
5356;63
5357;30
5358;34
5359;1
5360;4
5361;57
5362;51
5363;53
5364;51
5365;70
5366;35
5367;52
5368;21
5369;22
5370;30
5371;35
5372;13
5373;6
5374;18
5375;62
5376;78
5377;55
5378;52
5379;7
5380;8
5381;38
5382;64
5383;65
5384;36
5385;64
5386;34
5387;24
5388;4
5389;5
5390;27
5391;38
5392;56
5393;37
5394;23
5395;53
5396;62
5397;50
5398;38
5399;6
5400;16
5401;17
5402;10
5403;42
5404;34
5405;13
5406;85
5407;49
5408;22
5409;4
5410;52
5411;62
5412;62
5413;39
5414;60
5415;73
5416;30
5417;57
5418;15
5419;11
5420;39
5421;63
5422;32
5423;8
5424;15
5425;64
5426;56
5427;48
5428;59
5429;88
5430;56
5431;70
5432;38
5433;61
5434;6
5435;27
5436;46
5437;11
5438;3
5439;13
5440;4
5441;5
5442;4
5443;89
5444;44
5445;4
5446;52
5447;16
5448;69
5449;31
5450;28
5451;41
5452;7
5453;1
5454;65
5455;60
5456;26
5457;75
5458;28
5459;27
5460;63
5461;21
5462;64
5463;72
5464;68
5465;54
5466;21
5467;52
5468;48
5469;40
5470;6
5471;14
5472;46
5473;32
5474;43
5475;12
5476;10
5477;4
5478;30
5479;82
5480;55
5481;13
5482;81
5483;69
5484;26
5485;41
5486;57
5487;64
5488;23
5489;7
5490;77
5491;61
5492;85
5493;53
5494;61
5495;34
5496;44
5497;5
5498;11
5499;56
5500;34
5501;10
5502;61
5503;61
5504;30
5505;44
5506;25
5507;62
5508;22
5509;43
5510;46
5511;23
5512;62
5513;53
5514;45
5515;47
5516;15
5517;7
5518;15
5519;58
5520;96
5521;50
5522;53
5523;58
5524;54
5525;28
5526;47
5527;8
5528;15
5529;61
5530;45
5531;52
5532;13
5533;47
5534;53
5535;58
5536;66
5537;56
5538;45
5539;67
5540;71
5541;76
5542;20
5543;24
5544;22
5545;57
5546;69
5547;51
5548;67
5549;37
5550;48
5551;46
5552;77
5553;65
5554;30
5555;49
5556;33
5557;10
5558;10
5559;73
5560;52
5561;29
5562;39
5563;63
5564;81
5565;85
5566;37
5567;46
5568;8
5569;63
5570;43
5571;30
5572;21
5573;2
5574;2
5575;46
5576;44
5577;17
5578;7
5579;33
5580;65
5581;21
5582;44
5583;13
5584;60
5585;47
5586;68
5587;53
5588;66
5589;28
5590;27
5591;60
5592;43
5593;45
5594;17
5595;8
5596;66
5597;42
5598;59
5599;21
5600;25
5601;4
5602;4
5603;0
5604;53
5605;20
5606;62
5607;51
5608;73
5609;42
5610;35
5611;3
5612;1
5613;0
5614;69
5615;50
5616;59
5617;36
5618;17
5619;11
5620;26
5621;19
5622;44
5623;24
5624;65
5625;25
5626;40
5627;5
5628;6
5629;38
5630;32
5631;14
5632;67
5633;63
5634;53
5635;79
5636;55
5637;45
5638;60
5639;14
5640;22
5641;72
5642;62
5643;39
5644;32
5645;56
5646;18
5647;6
5648;55
5649;54
5650;43
5651;64
5652;68
5653;63
5654;53
5655;22
5656;77
5657;49
5658;30
5659;12
5660;76
5661;61
5662;43
5663;37
5664;22
5665;43
5666;5
5667;3
5668;44
5669;69
5670;58
5671;35
5672;15
5673;18
5674;14
5675;74
5676;62
5677;57
5678;86
5679;64
5680;73
5681;48
5682;63
5683;6
5684;12
5685;43
5686;52
5687;83
5688;34
5689;33
5690;16
5691;3
5692;91
5693;69
5694;46
5695;23
5696;75
5697;75
5698;35
5699;10
5700;6
5701;61
5702;27
5703;41
5704;0
5705;17
5706;41
5707;31
5708;11
5709;15
5710;1
5711;17
5712;63
5713;27
5714;36
5715;31
5716;16
5717;18
5718;69
5719;52
5720;56
5721;25
5722;43
5723;23
5724;28
5725;32
5726;83
5727;49
5728;33
5729;55
5730;7
5731;68
5732;88
5733;27
5734;64
5735;8
5736;14
5737;65
5738;31
5739;72
5740;74
5741;74
5742;52
5743;59
5744;44
5745;35
5746;2
5747;1
5748;2
5749;2
5750;1
5751;72
5752;75
5753;50
5754;53
5755;47
5756;9
5757;15
5758;52
5759;51
5760;43
5761;10
5762;18
5763;38
5764;60
5765;11
5766;15
5767;8
5768;54
5769;36
5770;63
5771;77
5772;68
5773;53
5774;19
5775;52
5776;29
5777;60
5778;62
5779;63
5780;56
5781;73
5782;88
5783;56
5784;46
5785;14
5786;78
5787;56
5788;55
5789;15
5790;10
5791;32
5792;59
5793;61
5794;57
5795;41
5796;61
5797;56
5798;20
5799;77
5800;52
5801;79
5802;54
5803;92
5804;51
5805;60
5806;61
5807;40
5808;29
5809;3
5810;43
5811;27
5812;1
5813;0
5814;56
5815;58
5816;23
5817;67
5818;58
5819;59
5820;58
5821;77
5822;40
5823;56
5824;21
5825;83
5826;28
5827;27
5828;12
5829;16
5830;18
5831;92
5832;56
5833;53
5834;37
5835;43
5836;80
5837;75
5838;66
5839;46
5840;24
5841;69
5842;20
5843;44
5844;42
5845;24
5846;5
5847;1
5848;59
5849;36
5850;16
5851;13
5852;15
5853;58
5854;41
5855;75
5856;39
5857;47
5858;13
5859;5
5860;45
5861;28
5862;30
5863;50
5864;10
5865;9
5866;17
5867;47
5868;51
5869;48
5870;44
5871;5
5872;73
5873;23
5874;53
5875;54
5876;41
5877;37
5878;33
5879;37
5880;5
5881;9
5882;13
5883;46
5884;47
5885;4
5886;9
5887;83
5888;73
5889;46
5890;75
5891;35
5892;12
5893;37
5894;21
5895;34
5896;27
5897;43
5898;62
5899;57
5900;28
5901;27
5902;13
5903;7
5904;31
5905;46
5906;78
5907;59
5908;26
5909;26
5910;26
5911;42
5912;14
5913;15
5914;27
5915;49
5916;20
5917;40
5918;22
5919;20
5920;49
5921;21
5922;23
5923;25
5924;82
5925;55
5926;59
5927;54
5928;20
5929;50
5930;34
5931;22
5932;24
5933;23
5934;68
5935;73
5936;80
5937;70
5938;78
5939;55
5940;48
5941;43
5942;7
5943;91
5944;63
5945;60
5946;26
5947;40
5948;31
5949;61
5950;16
5951;8
5952;54
5953;25
5954;33
5955;30
5956;6
5957;3
5958;92
5959;46
5960;47
5961;33
5962;26
5963;25
5964;43
5965;37
5966;45
5967;10
5968;12
5969;27
5970;27
5971;75
5972;40
5973;48
5974;14
5975;50
5976;35
5977;18
5978;9
5979;27
5980;49
5981;7
5982;18
5983;62
5984;57
5985;87
5986;40
5987;47
5988;17
5989;6
5990;18
5991;40
5992;78
5993;24
5994;75
5995;21
5996;65
5997;34
5998;39
5999;2
6000;32
6001;60
6002;18
6003;12
6004;90
6005;62
6006;42
6007;51
6008;53
6009;72
6010;63
6011;30
6012;43
6013;7
6014;10
6015;10
6016;51
6017;64
6018;75
6019;86
6020;34
6021;51
6022;14
6023;17
6024;54
6025;85
6026;50
6027;31
6028;9
6029;15
6030;64
6031;57
6032;63
6033;29
6034;27
6035;34
6036;13
6037;10
6038;9
6039;24
6040;24
6041;24
6042;28
6043;90
6044;46
6045;15
6046;10
6047;27
6048;33
6049;19
6050;25
6051;75
6052;73
6053;58
6054;45
6055;16
6056;31
6057;61
6058;9
6059;72
6060;64
6061;54
6062;60
6063;65
6064;49
6065;84
6066;51
6067;51
6068;39
6069;20
6070;3
6071;2
6072;55
6073;22
6074;72
6075;50
6076;61
6077;16
6078;27
6079;68
6080;38
6081;54
6082;11
6083;17
6084;63
6085;48
6086;8
6087;0
6088;76
6089;60
6090;72
6091;59
6092;40
6093;68
6094;72
6095;55
6096;58
6097;40
6098;51
6099;87
6100;28
6101;57
6102;25
6103;30
6104;33
6105;0
6106;49
6107;48
6108;43
6109;68
6110;82
6111;49
6112;42
6113;28
6114;65
6115;35
6116;43
6117;3
6118;18
6119;70
6120;33
6121;70
6122;79
6123;55
6124;61
6125;16
6126;11
6127;13
6128;66
6129;20
6130;37
6131;45
6132;20
6133;0
6134;7
6135;59
6136;51
6137;15
6138;18
6139;48
6140;47
6141;73
6142;76
6143;23
6144;66
6145;38
6146;25
6147;75
6148;54
6149;87
6150;66
6151;73
6152;21
6153;63
6154;82
6155;21
6156;63
6157;53
6158;7
6159;15
6160;8
6161;48
6162;48
6163;10
6164;7
6165;11
6166;45
6167;69
6168;71
6169;54
6170;36
6171;40
6172;0
6173;8
6174;3
6175;37
6176;21
6177;26
6178;15
6179;2
6180;2
6181;71
6182;62
6183;62
6184;23
6185;64
6186;60
6187;18
6188;37
6189;46
6190;62
6191;63
6192;6
6193;51
6194;55
6195;47
6196;18
6197;30
6198;50
6199;45
6200;33
6201;18
6202;10
6203;40
6204;80
6205;36
6206;32
6207;19
6208;3
6209;57
6210;75
6211;44
6212;27
6213;78
6214;71
6215;43
6216;43
6217;6
6218;44
6219;75
6220;86
6221;60
6222;64
6223;65
6224;91
6225;48
6226;62
6227;28
6228;60
6229;31
6230;27
6231;40
6232;35
6233;36
6234;11
6235;7
6236;31
6237;51
6238;90
6239;58
6240;72
6241;21
6242;65
6243;44
6244;35
6245;2
6246;3
6247;32
6248;51
6249;48
6250;27
6251;63
6252;40
6253;74
6254;44
6255;41
6256;35
6257;12
6258;1
6259;51
6260;57
6261;75
6262;47
6263;39
6264;72
6265;75
6266;57
6267;71
6268;72
6269;20
6270;63
6271;27
6272;8
6273;8
6274;44
6275;58
6276;6
6277;17
6278;48
6279;44
6280;7
6281;11
6282;8
6283;13
6284;35
6285;34
6286;70
6287;82
6288;43
6289;38
6290;15
6291;45
6292;47
6293;8
6294;8
6295;52
6296;67
6297;31
6298;11
6299;14
6300;56
6301;24
6302;64
6303;47
6304;66
6305;62
6306;34
6307;9
6308;48
6309;55
6310;57
6311;43
6312;47
6313;16
6314;10
6315;14
6316;39
6317;4
6318;2
6319;53
6320;25
6321;52
6322;40
6323;23
6324;35
6325;55
6326;54
6327;68
6328;62
6329;49
6330;34
6331;37
6332;17
6333;15
6334;52
6335;70
6336;28
6337;19
6338;19
6339;21
6340;24
6341;61
6342;27
6343;21
6344;52
6345;73
6346;63
6347;56
6348;22
6349;23
6350;42
6351;42
6352;12
6353;13
6354;15
6355;82
6356;53
6357;32
6358;36
6359;1
6360;5
6361;51
6362;26
6363;26
6364;49
6365;61
6366;46
6367;73
6368;51
6369;78
6370;31
6371;42
6372;49
6373;52
6374;89
6375;80
6376;28
6377;22
6378;20
6379;33
6380;60
6381;67
6382;29
6383;71
6384;36
6385;46
6386;14
6387;33
6388;51
6389;56
6390;33
6391;46
6392;7
6393;12
6394;61
6395;44
6396;44
6397;60
6398;60
6399;8
6400;13
6401;72
6402;38
6403;46
6404;27
6405;30
6406;70
6407;51
6408;51
6409;32
6410;15
6411;15
6412;28
6413;23
6414;23
6415;60
6416;40
6417;15
6418;6
6419;17
6420;25
6421;90
6422;54
6423;61
6424;52
6425;59
6426;89
6427;74
6428;19
6429;57
6430;84
6431;49
6432;60
6433;63
6434;48
6435;78
6436;34
6437;71
6438;76
6439;61
6440;75
6441;49
6442;61
6443;8
6444;11
6445;59
6446;37
6447;16
6448;7
6449;55
6450;32
6451;48
6452;66
6453;83
6454;52
6455;24
6456;80
6457;24
6458;76
6459;71
6460;41
6461;76
6462;73
6463;71
6464;55
6465;51
6466;47
6467;33
6468;27
6469;3
6470;60
6471;63
6472;36
6473;7
6474;20
6475;19
6476;54
6477;46
6478;57
6479;48
6480;9
6481;6
6482;6
6483;75
6484;41
6485;50
6486;19
6487;20
6488;25
6489;30
6490;24
6491;73
6492;38
6493;64
6494;80
6495;29
6496;45
6497;64
6498;70
6499;35
6500;34
6501;9
6502;16
6503;33
6504;40
6505;3
6506;1
6507;1
6508;29
6509;33
6510;30
6511;9
6512;4
6513;5
6514;55
6515;70
6516;67
6517;50
6518;53
6519;37
6520;74
6521;40
6522;33
6523;85
6524;68
6525;86
6526;68
6527;61
6528;56
6529;72
6530;24
6531;35
6532;7
6533;60
6534;90
6535;21
6536;68
6537;45
6538;70
6539;52
6540;91
6541;77
6542;55
6543;56
6544;52
6545;88
6546;29
6547;45
6548;43
6549;36
6550;8
6551;4
6552;57
6553;55
6554;45
6555;7
6556;17
6557;7
6558;58
6559;53
6560;46
6561;48
6562;10
6563;6
6564;46
6565;33
6566;8
6567;16
6568;20
6569;27
6570;32
6571;2
6572;2
6573;28
6574;43
6575;39
6576;18
6577;11
6578;35
6579;34
6580;28
6581;6
6582;11
6583;28
6584;70
6585;74
6586;21
6587;33
6588;26
6589;20
6590;15
6591;18
6592;66
6593;39
6594;20
6595;63
6596;32
6597;34
6598;13
6599;16
6600;51
6601;46
6602;25
