1;47
2;78
3;39
4;41
5;6
6;15
7;35
8;27
9;11
10;11
11;49
12;34
13;62
14;10
15;6
16;17
17;31
18;49
19;14
20;17
21;15
22;67
23;20
24;71
25;26
26;46
27;7
28;12
29;28
30;20
31;49
32;41
33;16
34;16
35;42
36;24
37;45
38;46
39;9
40;11
41;50
42;54
43;36
44;10
45;15
46;16
47;23
48;66
49;56
50;48
51;50
52;52
53;10
54;15
55;57
56;24
57;49
58;71
59;63
60;86
61;36
62;44
63;39
64;4
65;17
66;11
67;31
68;25
69;42
70;15
71;5
72;46
73;62
74;48
75;20
76;85
77;56
78;57
79;54
80;38
81;49
82;12
83;25
84;24
85;18
86;14
87;56
88;58
89;55
90;80
91;29
92;72
93;42
94;40
95;48
96;60
97;55
98;41
99;36
100;12
101;5
102;28
103;45
104;0
105;17
106;6
107;56
108;74
109;74
110;22
111;73
112;56
113;76
114;88
115;50
116;29
117;26
118;32
119;15
120;74
121;86
122;44
123;32
124;1
125;65
126;49
127;63
128;39
129;35
130;37
131;10
132;39
133;62
134;67
135;52
136;21
137;52
138;34
139;41
140;11
141;7
142;31
143;24
144;3
145;3
146;5
147;52
148;68
149;67
150;77
151;29
152;42
153;8
154;2
155;66
156;74
157;33
158;28
159;35
160;4
161;76
162;63
163;26
164;19
165;7
166;57
167;61
168;38
169;56
170;10
171;8
172;24
173;54
174;55
175;50
176;42
177;57
178;6
179;17
180;53
181;44
182;10
183;17
184;60
185;30
186;45
187;18
188;13
189;15
190;7
191;52
192;76
193;48
194;28
195;5
196;6
197;62
198;46
199;11
200;6
201;30
202;38
203;18
204;52
205;80
206;26
207;52
208;6
209;16
210;24
211;35
212;0
213;0
214;42
215;87
216;40
217;48
218;5
219;24
220;62
221;30
222;30
223;18
224;9
225;16
226;59
227;47
228;6
229;18
230;17
231;32
232;16
233;26
234;43
235;2
236;35
237;64
238;17
239;7
240;66
241;19
242;27
243;50
244;49
245;46
246;34
247;13
248;7
249;34
250;26
251;5
252;2
253;60
254;78
255;39
256;47
257;8
258;66
259;59
260;28
261;17
262;76
263;41
264;42
265;7
266;9
267;34
268;53
269;11
270;8
271;8
272;61
273;46
274;28
275;47
276;17
277;15
278;58
279;49
280;14
281;10
282;41
283;42
284;10
285;2
286;43
287;28
288;43
289;15
290;68
291;43
292;20
293;52
294;51
295;53
296;17
297;9
298;67
299;73
300;54
301;35
302;57
303;65
304;52
305;60
306;13
307;10
308;15
309;50
310;53
311;80
312;37
313;58
314;34
315;47
316;7
317;36
318;37
319;3
320;5
321;31
322;47
323;57
324;62
325;49
326;59
327;23
328;44
329;87
330;54
331;46
332;34
333;14
334;43
335;50
336;52
337;66
338;90
339;56
340;53
341;44
342;38
343;8
344;3
345;9
346;53
347;25
348;34
349;6
350;4
351;73
352;56
353;64
354;44
355;7
356;12
357;67
358;53
359;50
360;53
361;20
362;52
363;50
364;57
365;79
366;87
367;45
368;42
369;55
370;9
371;15
372;12
373;85
374;65
375;51
376;20
377;53
378;50
379;7
380;16
381;15
382;72
383;46
384;57
385;43
386;35
387;18
388;47
389;76
390;83
391;34
392;58
393;67
394;62
395;46
396;54
397;78
398;85
399;75
400;61
401;53
402;53
403;33
404;7
405;46
406;75
407;31
408;19
409;24
410;55
411;25
412;32
413;61
414;39
415;37
416;10
417;66
418;66
419;34
420;29
421;5
422;10
423;55
424;52
425;49
426;32
427;61
428;71
429;58
430;54
431;61
432;60
433;16
434;52
435;30
436;44
437;41
438;7
439;14
440;63
441;37
442;8
443;15
444;16
445;18
446;62
447;33
448;42
449;0
450;44
451;40
452;27
453;12
454;3
455;25
456;76
457;39
458;50
459;18
460;13
461;6
462;59
463;46
464;38
465;43
466;16
467;15
468;72
469;24
470;38
471;21
472;41
473;5
474;46
475;40
476;9
477;7
478;6
479;6
480;48
481;36
482;19
483;2
484;2
485;15
486;42
487;84
488;24
489;68
490;55
491;33
492;15
493;47
494;34
495;12
496;62
497;31
498;4
499;47
500;66
501;50
502;80
503;30
504;38
505;9
506;7
507;33
508;70
509;52
510;69
511;63
512;64
513;32
514;59
515;70
516;40
517;31
518;42
519;6
520;10
521;37
522;39
523;0
524;1
525;28
526;84
527;63
528;50
529;71
530;62
531;39
532;27
533;68
534;20
535;63
536;90
537;42
538;21
539;21
540;31
541;34
542;5
543;11
544;25
545;2
546;3
547;47
548;22
549;57
550;29
551;17
552;48
553;66
554;69
555;51
556;22
557;55
558;72
559;70
560;36
561;62
562;30
563;14
564;66
565;21
566;9
567;59
568;21
569;54
570;24
571;62
572;66
573;34
574;33
575;61
576;53
577;6
578;31
579;47
580;11
581;9
582;54
583;47
584;70
585;55
586;80
587;22
588;30
589;31
590;3
591;53
592;69
593;82
594;55
595;26
596;73
597;62
598;30
599;65
600;62
601;34
602;44
603;5
604;13
605;9
606;8
607;31
608;24
609;34
610;25
611;72
612;77
613;35
614;19
615;5
616;2
617;81
618;55
619;66
620;61
621;20
622;42
623;35
624;15
625;4
626;71
627;33
628;45
629;38
630;7
631;42
632;42
633;49
634;45
635;53
636;12
637;13
638;29
639;7
640;42
641;35
642;16
643;11
644;28
645;36
646;0
647;47
648;21
649;5
650;1
651;21
652;66
653;34
654;35
655;62
656;34
657;30
658;23
659;58
660;50
661;41
662;41
663;68
664;21
665;33
666;23
667;25
668;0
669;18
670;88
671;76
672;48
673;31
674;82
675;41
676;39
677;60
678;57
679;24
680;54
681;60
682;90
683;85
684;60
685;26
686;18
687;9
688;7
689;56
690;55
691;39
692;72
693;37
694;39
695;2
696;14
697;17
698;67
699;73
700;51
701;26
702;58
703;62
704;39
705;15
706;11
707;66
708;65
709;53
710;13
711;35
712;31
713;6
714;14
715;9
716;51
717;43
718;80
719;59
720;31
721;11
722;50
723;24
724;56
725;51
726;6
727;18
728;10
729;59
730;19
731;55
732;46
733;61
734;84
735;25
736;39
737;8
738;75
739;76
740;23
741;33
742;21
743;34
744;25
745;37
746;19
747;26
748;73
749;60
750;46
751;8
752;74
753;19
754;54
755;87
756;31
757;15
758;54
759;62
760;88
761;54
762;72
763;76
764;50
765;29
766;65
767;53
768;50
769;22
770;62
771;20
772;58
773;80
774;32
775;52
776;24
777;77
778;76
779;63
780;43
781;30
782;44
783;49
784;47
785;34
786;70
787;57
788;54
789;37
790;39
791;51
792;34
793;16
794;6
795;33
796;42
797;44
798;16
799;1
800;66
801;67
802;40
803;37
804;4
805;4
806;3
807;71
808;85
809;37
810;37
811;16
812;18
813;63
814;64
815;65
816;64
817;52
818;62
819;54
820;69
821;33
822;46
823;57
824;65
825;58
826;28
827;17
828;48
829;66
830;25
831;54
832;24
833;42
834;70
835;52
836;62
837;54
838;66
839;53
840;53
841;14
842;8
843;49
844;63
845;56
846;45
847;13
848;12
849;41
850;32
851;59
852;16
853;61
854;28
855;54
856;66
857;32
858;72
859;66
860;60
861;50
862;74
863;49
864;82
865;47
866;39
867;25
868;13
869;12
870;3
871;64
872;71
873;68
874;44
875;29
876;2
877;16
878;47
879;65
880;32
881;53
882;10
883;88
884;45
885;67
886;31
887;57
888;17
889;9
890;55
891;35
892;9
893;74
894;60
895;68
896;32
897;48
898;3
899;16
900;3
901;54
902;60
903;67
904;67
905;28
906;30
907;7
908;18
909;38
910;50
911;11
912;9
913;19
914;72
915;70
916;47
917;63
918;46
919;10
920;36
921;28
922;10
923;16
924;39
925;15
926;47
927;22
928;53
929;66
930;28
931;43
932;3
933;4
934;66
935;63
936;55
937;47
938;14
939;29
940;83
941;46
942;18
943;65
944;69
945;25
946;67
947;47
948;44
949;4
950;32
951;31
952;32
953;18
954;18
955;6
956;28
957;60
958;19
959;30
960;31
961;62
962;59
963;57
964;66
965;72
966;92
967;48
968;53
969;11
970;9
971;11
972;10
973;23
974;60
975;87
976;81
977;95
978;74
979;67
980;49
981;55
982;73
983;60
984;46
985;70
986;69
987;96
988;48
989;45
990;69
991;70
992;33
993;33
994;37
995;21
996;3
997;6
998;53
999;91
1000;70
1001;22
1002;23
1003;58
1004;60
1005;59
1006;46
1007;33
1008;30
1009;10
1010;3
1011;22
1012;33
1013;51
1014;70
1015;53
1016;47
1017;70
1018;31
1019;29
1020;15
1021;16
1022;63
1023;37
1024;76
1025;39
1026;47
1027;12
1028;3
1029;29
1030;69
1031;21
1032;73
1033;37
1034;53
1035;55
1036;49
1037;38
1038;2
1039;13
1040;3
1041;5
1042;71
1043;80
1044;45
1045;39
1046;10
1047;15
1048;62
1049;64
1050;54
1051;40
1052;64
1053;27
1054;59
1055;9
1056;18
1057;67
1058;31
1059;29
1060;10
1061;18
1062;46
1063;35
1064;21
1065;3
1066;16
1067;65
1068;50
1069;42
1070;50
1071;29
1072;10
1073;16
1074;60
1075;68
1076;59
1077;69
1078;34
1079;59
1080;20
1081;78
1082;36
1083;81
1084;92
1085;65
1086;40
1087;29
1088;67
1089;80
1090;61
1091;42
1092;33
1093;5
1094;63
1095;63
1096;40
1097;38
1098;13
1099;52
1100;54
1101;30
1102;30
1103;33
1104;7
1105;1
1106;62
1107;74
1108;89
1109;58
1110;53
1111;38
1112;13
1113;10
1114;23
1115;37
1116;0
1117;12
1118;51
1119;81
1120;72
1121;19
1122;47
1123;22
1124;52
1125;68
1126;35
1127;45
1128;1
1129;9
1130;21
1131;65
1132;41
1133;91
1134;58
1135;61
1136;36
1137;61
1138;37
1139;18
1140;13
1141;18
1142;14
1143;35
1144;18
1145;27
1146;67
1147;24
1148;47
1149;38
1150;9
1151;4
1152;5
1153;59
1154;38
1155;42
1156;57
1157;38
1158;85
1159;43
1160;56
1161;19
1162;59
1163;76
1164;59
1165;43
1166;30
1167;7
1168;75
1169;69
1170;37
1171;64
1172;34
1173;32
1174;60
1175;25
1176;24
1177;75
1178;49
1179;47
1180;15
1181;60
1182;40
1183;54
1184;55
1185;33
1186;43
1187;50
1188;52
1189;8
1190;9
1191;29
1192;27
1193;2
1194;55
1195;56
1196;61
1197;71
1198;49
1199;15
1200;53
1201;65
1202;26
1203;38
1204;9
1205;11
1206;54
1207;38
1208;33
1209;2
1210;76
1211;76
1212;58
1213;67
1214;67
1215;38
1216;18
1217;65
1218;64
1219;46
1220;44
1221;37
1222;16
1223;15
1224;58
1225;78
1226;56
1227;69
1228;42
1229;59
1230;55
1231;16
1232;12
1233;36
1234;27
1235;66
1236;76
1237;22
1238;19
1239;78
1240;19
1241;48
1242;68
1243;20
1244;84
1245;66
1246;63
1247;62
1248;57
1249;55
1250;85
1251;50
1252;64
1253;63
1254;29
1255;30
1256;12
1257;85
1258;69
1259;47
1260;51
1261;13
1262;49
1263;51
1264;37
1265;7
1266;9
1267;73
1268;52
1269;51
1270;78
1271;67
1272;44
1273;33
1274;0
1275;19
1276;21
1277;22
1278;64
1279;82
1280;53
1281;62
1282;32
1283;21
1284;9
1285;3
1286;1
1287;33
1288;44
1289;36
1290;10
1291;9
1292;40
1293;70
1294;23
1295;41
1296;35
1297;17
1298;7
1299;76
1300;53
1301;63
1302;56
1303;66
1304;55
1305;42
1306;29
1307;39
1308;4
1309;5
1310;45
1311;47
1312;46
1313;35
1314;39
1315;2
1316;0
1317;54
1318;51
1319;40
1320;52
1321;33
1322;10
1323;39
1324;27
1325;14
1326;0
1327;59
1328;84
1329;68
1330;81
1331;22
1332;45
1333;15
1334;16
1335;37
1336;91
1337;49
1338;48
1339;54
1340;31
1341;15
1342;38
1343;32
1344;14
1345;7
1346;4
1347;38
1348;57
1349;47
1350;49
1351;60
1352;28
1353;47
1354;65
1355;39
1356;45
1357;33
1358;1
1359;11
1360;59
1361;44
1362;13
1363;7
1364;54
1365;69
1366;67
1367;27
1368;26
1369;32
1370;50
1371;18
1372;8
1373;7
1374;8
1375;70
1376;67
1377;84
1378;59
1379;80
1380;37
1381;10
1382;11
1383;48
1384;39
1385;91
1386;44
1387;5
1388;27
1389;30
1390;3
1391;18
1392;49
1393;72
1394;62
1395;28
1396;43
1397;35
1398;5
1399;15
1400;68
1401;20
1402;22
1403;72
1404;24
1405;35
1406;33
1407;17
1408;5
1409;57
1410;55
1411;49
1412;27
1413;13
1414;4
1415;66
1416;62
1417;54
1418;76
1419;52
1420;69
1421;69
1422;32
1423;32
1424;0
1425;70
1426;73
1427;56
1428;52
1429;56
1430;45
1431;92
1432;39
1433;24
1434;2
1435;14
1436;0
1437;55
1438;43
1439;59
1440;52
1441;72
1442;56
1443;57
1444;46
1445;40
1446;20
1447;19
1448;0
1449;2
1450;32
1451;10
1452;20
1453;48
1454;29
1455;33
1456;67
1457;83
1458;71
1459;40
1460;5
1461;3
1462;4
1463;13
1464;79
1465;57
1466;51
1467;58
1468;70
1469;23
1470;55
1471;19
1472;57
1473;67
1474;32
1475;63
1476;16
1477;10
1478;76
1479;22
1480;83
1481;86
1482;45
1483;32
1484;4
1485;5
1486;6
1487;30
1488;5
1489;64
1490;40
1491;14
1492;14
1493;33
1494;36
1495;5
1496;3
1497;35
1498;64
1499;10
1500;12
1501;71
1502;42
1503;56
1504;48
1505;19
1506;24
1507;21
1508;25
1509;79
1510;23
1511;23
1512;60
1513;38
1514;18
1515;14
1516;12
1517;67
1518;63
1519;44
1520;7
1521;6
1522;45
1523;9
1524;66
1525;88
1526;71
1527;68
1528;75
1529;25
1530;58
1531;76
1532;30
1533;45
1534;5
1535;3
1536;18
1537;50
1538;58
1539;38
1540;59
1541;43
1542;6
1543;51
1544;60
1545;38
1546;40
1547;15
1548;4
1549;15
1550;40
1551;2
1552;28
1553;32
1554;9
1555;13
1556;43
1557;27
1558;11
1559;8
1560;85
1561;69
1562;66
1563;36
1564;27
1565;10
1566;15
1567;86
1568;51
1569;66
1570;35
1571;41
1572;3
1573;41
1574;18
1575;53
1576;31
1577;33
1578;20
1579;68
1580;50
1581;73
1582;70
1583;76
1584;32
1585;45
1586;35
1587;59
1588;68
1589;97
1590;32
1591;78
1592;53
1593;59
1594;72
1595;62
1596;79
1597;76
1598;33
1599;52
1600;14
1601;6
1602;20
1603;21
1604;2
1605;1
1606;36
1607;47
1608;51
1609;47
1610;36
1611;17
1612;7
1613;52
1614;43
1615;40
1616;60
1617;29
1618;54
1619;23
1620;35
1621;44
1622;58
1623;8
1624;14
1625;40
1626;43
1627;44
1628;59
1629;84
1630;52
1631;81
1632;44
1633;72
1634;55
1635;69
1636;49
1637;46
1638;59
1639;32
1640;22
1641;15
1642;9
1643;26
1644;6
1645;17
1646;86
1647;50
1648;46
1649;38
1650;8
1651;22
1652;26
1653;0
1654;1
1655;57
1656;67
1657;48
1658;36
1659;33
1660;37
1661;0
1662;5
1663;51
1664;66
1665;72
1666;64
1667;21
1668;71
1669;64
1670;66
1671;56
1672;69
1673;58
1674;22
1675;20
1676;13
1677;0
1678;31
1679;57
1680;53
1681;57
1682;50
1683;47
1684;65
1685;26
1686;50
1687;44
1688;8
1689;16
1690;9
1691;91
1692;52
1693;80
1694;77
1695;64
1696;70
1697;30
1698;61
1699;25
1700;74
1701;56
1702;49
1703;12
1704;48
1705;72
1706;71
1707;62
1708;70
1709;36
1710;22
1711;61
1712;34
1713;47
1714;6
1715;11
1716;49
1717;50
1718;10
1719;15
1720;53
1721;24
1722;30
1723;44
1724;2
1725;5
1726;2
1727;44
1728;50
1729;53
1730;94
1731;29
1732;31
1733;3
1734;4
1735;1
1736;29
1737;51
1738;47
1739;11
1740;11
1741;74
1742;69
1743;19
1744;47
1745;17
1746;45
1747;30
1748;41
1749;85
1750;24
1751;69
1752;76
1753;41
1754;49
1755;40
1756;5
1757;10
1758;56
1759;73
1760;65
1761;22
1762;39
1763;24
1764;46
1765;57
1766;17
1767;76
1768;41
1769;80
1770;48
1771;53
1772;58
1773;73
1774;48
1775;30
1776;52
1777;9
1778;12
1779;61
1780;84
1781;32
1782;46
1783;2
1784;5
1785;66
1786;25
1787;49
1788;43
1789;12
1790;13
1791;12
1792;36
1793;23
1794;4
1795;11
1796;32
1797;62
1798;26
1799;62
1800;47
1801;40
1802;21
1803;1
1804;0
1805;47
1806;67
1807;68
1808;69
1809;51
1810;62
1811;51
1812;60
1813;67
1814;40
1815;40
1816;11
1817;18
1818;38
1819;56
1820;14
1821;14
1822;52
1823;49
1824;8
1825;34
1826;63
1827;52
1828;25
1829;19
1830;70
1831;60
1832;49
1833;44
1834;62
1835;22
1836;60
1837;19
1838;45
1839;70
1840;29
1841;28
1842;18
1843;18
1844;12
1845;47
1846;45
1847;31
1848;8
1849;15
1850;88
1851;60
1852;47
1853;9
1854;33
1855;37
1856;10
1857;8
1858;51
1859;34
1860;43
1861;3
1862;46
1863;92
1864;27
1865;46
1866;8
1867;11
1868;64
1869;29
1870;33
1871;27
1872;2
1873;73
1874;36
1875;47
1876;41
1877;42
1878;3
1879;9
1880;4
1881;49
1882;43
1883;15
1884;16
1885;15
1886;73
1887;64
1888;60
1889;51
1890;15
1891;24
1892;24
1893;18
1894;4
1895;3
1896;36
1897;84
1898;25
1899;73
1900;37
1901;35
1902;6
1903;11
1904;61
1905;37
1906;14
1907;6
1908;58
1909;41
1910;13
1911;13
1912;40
1913;31
1914;5
1915;2
1916;34
1917;48
1918;59
1919;64
1920;25
1921;55
1922;26
1923;61
1924;38
1925;21
1926;48
1927;34
1928;47
1929;66
1930;67
1931;41
1932;19
1933;32
1934;20
1935;67
1936;38
1937;68
1938;85
1939;50
1940;92
1941;74
1942;75
1943;27
1944;92
1945;30
1946;6
1947;29
1948;34
1949;32
1950;31
1951;5
1952;4
1953;11
1954;42
1955;44
1956;24
1957;53
1958;66
1959;79
1960;32
1961;59
1962;30
1963;58
1964;46
1965;71
1966;61
1967;42
1968;38
1969;13
1970;3
1971;53
1972;34
1973;54
1974;25
1975;71
1976;21
1977;74
1978;63
1979;53
1980;24
1981;66
1982;23
1983;66
1984;45
1985;70
1986;32
1987;34
1988;5
1989;12
1990;7
1991;23
1992;39
1993;63
1994;70
1995;69
1996;46
1997;67
1998;54
1999;75
2000;34
2001;14
2002;4
2003;40
2004;56
2005;40
2006;37
2007;41
2008;5
2009;2
2010;36
2011;42
2012;57
2013;23
2014;57
2015;38
2016;44
2017;50
2018;38
2019;53
2020;73
2021;69
2022;80
2023;64
2024;69
2025;63
2026;64
2027;60
2028;33
2029;47
2030;10
2031;12
2032;40
2033;59
2034;55
2035;24
2036;21
2037;26
2038;53
2039;59
2040;68
2041;52
2042;46
2043;60
2044;51
2045;46
2046;54
2047;39
2048;22
2049;14
2050;6
2051;2
2052;52
2053;65
2054;61
2055;73
2056;39
2057;35
2058;45
2059;9
2060;8
2061;39
2062;7
2063;63
2064;37
2065;35
2066;38
2067;64
2068;44
2069;42
2070;15
2071;17
2072;14
2073;24
2074;29
2075;15
2076;3
2077;50
2078;52
2079;72
2080;50
2081;46
2082;67
2083;39
2084;43
2085;17
2086;64
2087;66
2088;78
2089;69
2090;56
2091;68
2092;58
2093;47
2094;77
2095;57
2096;66
2097;48
2098;13
2099;40
2100;41
2101;10
2102;14
2103;8
2104;52
2105;65
2106;92
2107;63
2108;34
2109;51
2110;9
2111;11
2112;41
2113;19
2114;54
2115;44
2116;37
2117;21
2118;21
2119;19
2120;44
2121;0
2122;10
2123;0
2124;30
2125;36
2126;6
2127;18
2128;53
2129;47
2130;42
2131;34
2132;1
2133;9
2134;13
2135;30
2136;37
2137;40
2138;33
2139;11
2140;16
2141;88
2142;71
2143;77
2144;61
2145;86
2146;85
2147;54
2148;35
2149;52
2150;18
2151;8
2152;69
2153;22
2154;21
2155;41
2156;70
2157;22
2158;73
2159;54
2160;23
2161;62
2162;43
2163;52
2164;64
2165;49
2166;33
2167;13
2168;10
2169;44
2170;29
2171;12
2172;0
2173;51
2174;19
2175;47
2176;44
2177;55
2178;11
2179;7
2180;42
2181;47
2182;56
2183;24
2184;21
2185;72
2186;28
2187;49
2188;80
2189;55
2190;70
2191;45
2192;46
2193;31
2194;67
2195;40
2196;47
2197;0
2198;0
2199;12
2200;27
2201;44
2202;18
2203;58
2204;21
2205;37
2206;7
2207;78
2208;59
2209;57
2210;51
2211;49
2212;27
2213;12
2214;0
2215;63
2216;34
2217;20
2218;3
2219;16
2220;26
2221;26
2222;33
2223;59
2224;10
2225;9
2226;29
2227;37
2228;26
2229;59
2230;15
2231;9
2232;51
2233;37
2234;23
2235;1
2236;5
2237;34
2238;40
2239;10
2240;1
2241;9
2242;23
2243;32
2244;55
2245;25
2246;34
2247;38
2248;48
2249;12
2250;14
2251;53
2252;45
2253;15
2254;13
2255;6
2256;22
2257;63
2258;57
2259;23
2260;68
2261;21
2262;48
2263;21
2264;51
2265;38
2266;81
2267;86
2268;35
2269;4
2270;5
2271;65
2272;62
2273;44
2274;77
2275;59
2276;75
2277;67
2278;31
2279;82
2280;59
2281;37
2282;13
2283;66
2284;22
2285;33
2286;43
2287;14
2288;6
2289;61
2290;40
2291;13
2292;9
2293;61
2294;78
2295;39
2296;62
2297;23
2298;55
2299;55
2300;32
2301;10
2302;9
2303;42
2304;58
2305;26
2306;72
2307;72
2308;29
2309;46
2310;29
2311;40
2312;49
2313;78
2314;66
2315;46
2316;71
2317;82
2318;25
2319;25
2320;56
2321;42
2322;59
2323;49
2324;62
2325;37
2326;73
2327;19
2328;34
2329;44
2330;3
2331;4
2332;22
2333;72
2334;50
2335;59
2336;51
2337;63
2338;55
2339;84
2340;20
2341;47
2342;58
2343;11
2344;37
2345;76
2346;52
2347;35
2348;28
2349;44
2350;47
2351;57
2352;36
2353;54
2354;15
2355;75
2356;53
2357;46
2358;91
2359;23
2360;51
2361;21
2362;40
2363;5
2364;26
2365;26
2366;54
2367;58
2368;15
2369;14
2370;38
2371;51
2372;8
2373;48
2374;30
2375;18
2376;14
2377;26
2378;48
2379;9
2380;7
2381;31
2382;43
2383;0
2384;18
2385;23
2386;83
2387;24
2388;23
2389;67
2390;78
2391;47
2392;20
2393;24
2394;54
2395;20
2396;41
2397;63
2398;15
2399;9
2400;10
2401;51
2402;57
2403;16
2404;18
2405;20
2406;25
2407;20
2408;22
2409;39
2410;81
2411;61
2412;67
2413;40
2414;40
2415;18
2416;6
2417;59
2418;69
2419;37
2420;74
2421;45
2422;22
2423;27
2424;47
2425;32
2426;14
2427;57
2428;43
2429;38
2430;32
2431;0
2432;1
2433;9
2434;1
2435;2
2436;64
2437;68
2438;29
2439;40
2440;4
2441;17
2442;30
2443;79
2444;59
2445;78
2446;87
2447;63
2448;50
2449;42
2450;43
2451;3
2452;71
2453;66
2454;61
2455;50
2456;11
2457;17
2458;44
2459;25
2460;69
2461;20
2462;24
2463;22
2464;74
2465;41
2466;18
2467;13
2468;33
2469;32
2470;13
2471;16
2472;68
2473;32
2474;63
2475;47
2476;19
2477;39
2478;7
2479;5
2480;0
2481;53
2482;52
2483;64
2484;54
2485;13
2486;12
2487;64
2488;23
2489;5
2490;4
2491;52
2492;53
2493;8
2494;11
2495;9
2496;66
2497;80
2498;46
2499;16
2500;49
2501;54
2502;34
2503;28
2504;2
2505;38
2506;43
2507;10
2508;12
2509;43
2510;30
2511;45
2512;14
2513;62
2514;61
2515;35
2516;37
2517;11
2518;9
2519;19
2520;34
2521;40
2522;37
2523;38
2524;69
2525;42
2526;37
2527;11
2528;41
2529;74
2530;92
2531;78
2532;50
2533;32
2534;1
2535;37
2536;53
2537;38
2538;13
2539;14
2540;39
2541;54
2542;13
2543;18
2544;83
2545;75
2546;66
2547;56
2548;37
2549;35
2550;5
2551;2
2552;28
2553;37
2554;6
2555;72
2556;42
2557;31
2558;53
2559;32
2560;63
2561;22
2562;74
2563;80
2564;52
2565;19
2566;42
2567;36
2568;5
2569;8
2570;5
2571;63
2572;42
2573;70
2574;21
2575;35
2576;24
2577;20
2578;27
2579;21
2580;2
2581;5
2582;12
2583;59
2584;67
2585;35
2586;31
2587;41
2588;39
2589;3
2590;5
2591;62
2592;36
2593;54
2594;21
2595;57
2596;66
2597;21
2598;59
2599;62
2600;7
2601;6
2602;59
2603;45
2604;84
2605;69
2606;43
2607;22
2608;88
2609;66
2610;44
2611;51
2612;74
2613;50
2614;83
2615;22
2616;45
2617;2
2618;78
2619;55
2620;59
2621;45
2622;38
2623;6
2624;6
2625;21
2626;43
2627;47
2628;28
2629;48
2630;4
2631;24
2632;30
2633;46
2634;62
2635;40
2636;21
2637;2
2638;19
2639;23
2640;37
2641;72
2642;31
2643;59
2644;14
2645;7
2646;61
2647;68
2648;40
2649;92
2650;30
2651;52
2652;69
2653;63
2654;47
2655;50
2656;37
2657;63
2658;32
2659;16
2660;15
2661;6
2662;39
2663;36
2664;18
2665;4
2666;30
2667;34
2668;4
2669;4
2670;41
2671;25
2672;34
2673;12
2674;18
2675;33
2676;12
2677;9
2678;26
2679;85
2680;66
2681;24
2682;26
2683;50
2684;36
2685;31
2686;16
2687;12
2688;62
2689;39
2690;38
2691;9
2692;11
2693;42
2694;9
2695;20
2696;84
2697;48
2698;55
2699;16
2700;12
2701;7
2702;6
2703;42
2704;60
2705;45
2706;63
2707;54
2708;19
2709;75
2710;64
2711;64
2712;63
2713;91
2714;87
2715;26
2716;40
2717;18
2718;8
2719;43
2720;50
2721;35
2722;16
2723;14
2724;12
2725;46
2726;59
2727;21
2728;65
2729;51
2730;41
2731;6
2732;6
2733;61
2734;39
2735;31
2736;16
2737;17
2738;11
2739;70
2740;45
2741;44
2742;18
2743;59
2744;69
2745;60
2746;34
2747;26
2748;54
2749;33
2750;30
2751;77
2752;76
2753;46
2754;56
2755;9
2756;61
2757;29
2758;8
2759;15
2760;71
2761;56
2762;27
2763;13
2764;15
2765;14
2766;35
2767;32
2768;81
2769;34
2770;55
2771;33
2772;34
2773;12
2774;6
2775;40
2776;23
2777;16
2778;68
2779;67
2780;67
2781;56
2782;36
2783;17
2784;50
2785;60
2786;9
2787;54
2788;34
2789;69
2790;51
2791;53
2792;47
2793;13
2794;16
2795;8
2796;40
2797;64
2798;47
2799;10
2800;17
2801;48
2802;13
2803;21
2804;31
2805;79
2806;71
2807;69
2808;79
2809;36
2810;36
2811;11
2812;0
2813;44
2814;40
2815;39
2816;37
2817;5
2818;1
2819;3
2820;32
2821;47
2822;12
2823;21
2824;34
2825;22
2826;68
2827;25
2828;71
2829;43
2830;36
2831;11
2832;9
2833;44
2834;45
2835;6
2836;14
2837;5
2838;3
2839;13
2840;31
2841;36
2842;9
2843;16
2844;3
2845;39
2846;41
2847;7
2848;23
2849;82
2850;52
2851;44
2852;85
2853;74
2854;71
2855;26
2856;26
2857;6
2858;16
2859;26
2860;22
2861;4
2862;6
2863;9
2864;30
2865;40
2866;1
2867;9
2868;3
2869;10
2870;24
2871;24
2872;51
2873;84
2874;85
2875;22
2876;32
2877;9
2878;4
2879;17
2880;50
2881;47
2882;6
2883;13
2884;10
2885;41
2886;41
2887;8
2888;93
2889;19
2890;63
2891;48
2892;63
2893;47
2894;56
2895;55
2896;42
2897;29
2898;15
2899;13
2900;46
2901;35
2902;15
2903;8
2904;20
2905;72
2906;36
2907;33
2908;12
2909;16
2910;14
2911;30
2912;43
2913;10
2914;16
2915;46
2916;93
2917;60
2918;76
2919;27
2920;60
2921;10
2922;17
2923;35
2924;46
2925;23
2926;28
2927;5
2928;5
2929;28
2930;18
2931;41
2932;37
2933;39
2934;2
2935;48
2936;68
2937;38
2938;56
2939;49
2940;50
2941;34
2942;17
2943;16
2944;12
2945;61
2946;76
2947;38
2948;50
2949;57
2950;58
2951;68
2952;60
2953;46
2954;65
2955;38
2956;52
2957;13
2958;11
2959;36
2960;49
2961;1
2962;9
2963;28
2964;32
2965;8
2966;14
2967;4
2968;59
2969;20
2970;54
2971;89
2972;42
2973;71
2974;60
2975;31
2976;39
2977;14
2978;18
2979;25
2980;24
2981;74
2982;39
2983;33
2984;63
2985;44
2986;14
2987;17
2988;58
2989;54
2990;52
2991;73
2992;36
2993;34
2994;46
2995;3
2996;7
2997;20
2998;59
2999;51
3000;49
3001;8
3002;14
3003;9
3004;57
3005;45
3006;46
3007;49
3008;2
3009;5
3010;3
3011;37
3012;4
3013;2
3014;0
3015;61
3016;36
3017;46
3018;4
3019;3
3020;51
3021;35
3022;64
3023;21
3024;25
3025;23
3026;27
3027;29
3028;73
3029;72
3030;54
3031;52
3032;35
3033;28
3034;10
3035;14
3036;2
3037;57
3038;10
3039;49
3040;57
3041;77
3042;60
3043;63
3044;58
3045;30
3046;57
3047;37
3048;67
3049;69
3050;83
3051;28
3052;27
3053;35
3054;4
3055;12
3056;17
3057;60
3058;51
3059;8
3060;7
3061;34
3062;28
3063;52
3064;37
3065;56
3066;76
3067;65
3068;56
3069;66
3070;59
3071;65
3072;39
3073;50
3074;31
3075;8
3076;7
3077;45
3078;47
3079;8
3080;38
3081;64
3082;77
3083;61
3084;34
3085;84
3086;56
3087;10
3088;18
3089;77
3090;49
3091;42
3092;8
3093;59
3094;87
3095;69
3096;74
3097;55
3098;71
3099;77
3100;53
3101;52
3102;32
3103;63
3104;64
3105;17
3106;7
3107;62
3108;26
3109;82
3110;88
3111;39
3112;37
3113;51
3114;94
3115;54
3116;97
3117;36
3118;47
3119;39
3120;1
3121;5
3122;2
3123;56
3124;19
3125;57
3126;39
3127;18
3128;17
3129;55
3130;52
3131;56
3132;55
3133;51
3134;39
3135;88
3136;91
3137;24
3138;77
3139;83
3140;66
3141;70
3142;70
3143;33
3144;34
3145;0
3146;17
3147;80
3148;63
3149;55
3150;59
3151;29
3152;51
3153;24
3154;49
3155;59
3156;47
3157;12
3158;75
3159;51
3160;19
3161;21
3162;35
3163;55
3164;63
3165;43
3166;51
3167;36
3168;48
3169;8
3170;0
3171;0
3172;74
3173;19
3174;44
3175;26
3176;34
3177;50
3178;17
3179;34
3180;85
3181;68
3182;89
3183;48
3184;41
3185;18
3186;16
3187;42
3188;28
3189;13
3190;8
3191;45
3192;49
3193;31
3194;8
3195;7
3196;46
3197;62
3198;69
3199;48
3200;21
3201;21
3202;22
3203;54
3204;12
3205;70
3206;89
3207;21
3208;51
3209;44
3210;76
3211;56
3212;33
3213;10
3214;12
3215;67
3216;45
3217;31
3218;2
3219;5
3220;32
3221;45
3222;8
3223;7
3224;54
3225;40
3226;9
3227;13
3228;55
3229;63
3230;65
3231;74
3232;95
3233;44
3234;24
3235;44
3236;54
3237;18
3238;35
3239;49
3240;29
3241;17
3242;15
3243;51
3244;79
3245;43
3246;89
3247;51
3248;57
3249;54
3250;60
3251;63
3252;33
3253;51
3254;42
3255;9
3256;8
3257;50
3258;53
3259;16
3260;14
3261;37
3262;42
3263;94
3264;41
3265;62
3266;63
3267;85
3268;45
3269;4
3270;0
3271;16
3272;76
3273;86
3274;68
3275;47
3276;27
3277;11
3278;4
3279;46
3280;40
3281;19
3282;60
3283;55
3284;54
3285;61
3286;67
3287;62
3288;51
3289;43
3290;61
3291;10
3292;13
3293;18
3294;15
3295;28
3296;27
3297;14
3298;15
3299;13
3300;24
3301;49
3302;14
3303;13
3304;47
3305;33
3306;15
3307;11
3308;87
3309;54
3310;70
3311;64
3312;27
3313;22
3314;32
3315;45
3316;65
3317;50
3318;58
3319;35
3320;10
3321;22
3322;46
3323;3
3324;54
3325;54
3326;22
3327;0
3328;66
3329;48
3330;63
3331;40
3332;34
3333;4
3334;3
3335;63
3336;16
3337;47
3338;30
3339;7
3340;5
3341;3
3342;5
3343;65
3344;76
3345;30
3346;48
3347;35
3348;65
3349;39
3350;26
3351;70
3352;72
3353;71
3354;21
3355;77
3356;31
3357;30
3358;3
3359;5
3360;0
3361;61
3362;43
3363;35
3364;2
3365;13
3366;48
3367;32
3368;1
3369;1
3370;28
3371;32
3372;33
3373;12
3374;32
3375;41
3376;17
3377;12
3378;12
3379;48
3380;45
3381;12
3382;12
3383;41
3384;39
3385;15
3386;4
3387;59
3388;67
3389;52
3390;61
3391;59
3392;27
3393;71
3394;29
3395;66
3396;30
3397;30
3398;16
3399;7
3400;21
3401;31
3402;3
3403;42
3404;61
3405;66
3406;74
3407;70
3408;27
3409;61
3410;12
3411;31
3412;31
3413;1
3414;8
3415;3
3416;41
3417;37
3418;9
3419;12
3420;6
3421;33
3422;87
3423;43
3424;37
3425;8
3426;9
3427;36
3428;20
3429;32
3430;17
3431;37
3432;49
3433;36
3434;13
3435;15
3436;6
3437;62
3438;45
3439;65
3440;61
3441;68
3442;48
3443;49
3444;59
3445;14
3446;14
3447;55
3448;42
3449;56
3450;24
3451;49
3452;12
3453;3
3454;50
3455;43
3456;50
3457;6
3458;12
3459;63
3460;47
3461;15
3462;8
3463;37
3464;57
3465;22
3466;72
3467;47
3468;26
3469;48
3470;5
3471;5
3472;45
3473;41
3474;55
3475;54
3476;80
3477;29
3478;24
3479;0
3480;5
3481;11
3482;72
3483;92
3484;66
3485;54
3486;26
3487;46
3488;8
3489;11
3490;45
3491;66
3492;73
3493;33
3494;22
3495;9
3496;51
3497;60
3498;8
3499;17
3500;21
3501;39
3502;47
3503;18
3504;16
3505;34
3506;55
3507;8
3508;18
3509;40
3510;48
3511;40
3512;58
3513;53
3514;11
3515;16
3516;45
3517;32
3518;6
3519;1
3520;4
3521;26
3522;38
3523;4
3524;4
3525;39
3526;58
3527;62
3528;59
3529;10
3530;18
3531;20
3532;56
3533;41
3534;36
3535;64
3536;75
3537;59
3538;17
3539;78
3540;33
3541;55
3542;8
3543;35
3544;55
3545;38
3546;16
3547;9
3548;48
3549;31
3550;0
3551;15
3552;55
3553;67
3554;51
3555;55
3556;55
3557;68
3558;30
3559;47
3560;13
3561;13
3562;43
3563;26
3564;43
3565;15
3566;16
3567;54
3568;26
3569;66
3570;24
3571;39
3572;4
3573;1
3574;51
3575;36
3576;24
3577;37
3578;14
3579;1
3580;32
3581;49
3582;11
3583;3
3584;23
3585;57
3586;20
3587;33
3588;10
3589;0
3590;8
3591;13
3592;44
3593;26
3594;60
3595;44
3596;59
3597;81
3598;19
3599;19
3600;38
3601;13
3602;12
3603;66
3604;25
3605;81
3606;68
3607;82
3608;33
3609;41
3610;38
3611;0
3612;1
3613;92
3614;26
3615;50
3616;57
3617;11
3618;57
3619;32
3620;7
3621;17
3622;52
3623;76
3624;24
3625;73
3626;45
3627;41
3628;6
3629;68
3630;97
3631;66
3632;47
3633;22
3634;42
3635;59
3636;93
3637;55
3638;19
3639;62
3640;36
3641;24
3642;40
3643;7
3644;4
3645;29
3646;78
3647;20
3648;41
3649;29
3650;41
3651;18
3652;18
3653;57
3654;41
3655;15
3656;70
3657;27
3658;35
3659;45
3660;46
3661;15
3662;14
3663;36
3664;36
3665;10
3666;10
3667;7
3668;39
3669;40
3670;61
3671;31
3672;38
3673;35
3674;29
3675;15
3676;7
3677;54
3678;20
3679;65
3680;86
3681;50
3682;22
3683;38
3684;44
3685;17
3686;18
3687;34
3688;13
3689;55
3690;44
3691;44
3692;50
3693;8
3694;17
3695;31
3696;49
3697;17
3698;17
3699;34
3700;28
3701;7
3702;1
3703;60
3704;53
3705;22
3706;57
3707;32
3708;50
3709;36
3710;16
3711;6
3712;23
3713;21
3714;51
3715;57
3716;74
3717;47
3718;31
3719;0
3720;0
3721;4
3722;26
3723;45
3724;17
3725;13
3726;29
3727;71
3728;47
3729;48
3730;30
3731;16
3732;17
3733;57
3734;8
3735;14
3736;43
3737;59
3738;12
3739;8
3740;10
3741;42
3742;33
3743;15
3744;13
3745;45
3746;27
3747;16
3748;13
3749;27
3750;56
3751;12
3752;10
3753;71
3754;63
3755;36
3756;54
3757;63
3758;59
3759;80
3760;56
3761;61
3762;51
3763;69
3764;78
3765;23
3766;44
3767;60
3768;30
3769;20
3770;3
3771;2
3772;1
3773;63
3774;97
3775;59
3776;59
3777;73
3778;78
3779;65
3780;62
3781;32
3782;1
3783;8
3784;75
3785;45
3786;59
3787;77
3788;53
3789;48
3790;55
3791;20
3792;75
3793;23
3794;26
3795;53
3796;45
3797;40
3798;0
3799;4
3800;52
3801;60
3802;61
3803;28
3804;14
3805;18
3806;56
3807;47
3808;47
3809;53
3810;18
3811;7
3812;44
3813;29
3814;7
3815;17
3816;15
3817;14
3818;45
3819;11
3820;46
3821;31
3822;0
3823;3
3824;46
3825;70
3826;54
3827;52
3828;6
3829;15
3830;78
3831;33
3832;20
3833;39
3834;71
3835;20
3836;63
3837;68
3838;65
3839;41
3840;49
3841;3
3842;4
3843;16
3844;61
3845;67
3846;58
3847;83
3848;53
3849;36
3850;36
3851;4
3852;2
3853;8
3854;34
3855;41
3856;0
3857;5
3858;42
3859;38
3860;7
3861;16
3862;8
3863;84
3864;28
3865;45
3866;3
3867;2
3868;35
3869;53
3870;60
3871;38
3872;37
3873;39
3874;48
3875;83
3876;33
3877;29
3878;59
3879;36
3880;97
3881;74
3882;44
3883;47
3884;51
3885;63
3886;6
3887;46
3888;71
3889;67
3890;55
3891;32
3892;61
3893;58
3894;63
3895;48
3896;49
3897;33
3898;8
3899;12
3900;45
3901;15
3902;67
3903;43
3904;57
3905;86
3906;24
3907;79
3908;81
3909;51
3910;70
3911;42
3912;45
3913;33
3914;7
3915;70
3916;50
3917;54
3918;75
3919;40
3920;23
3921;2
3922;5
3923;11
3924;68
3925;71
3926;50
3927;41
3928;10
3929;17
3930;6
3931;71
3932;59
3933;46
3934;50
3935;17
3936;15
3937;26
3938;38
3939;34
3940;47
3941;8
3942;7
3943;61
3944;39
3945;7
3946;6
3947;12
3948;37
3949;59
3950;17
3951;7
3952;39
3953;33
3954;18
3955;8
3956;48
3957;58
3958;59
3959;15
3960;9
3961;47
3962;51
3963;15
3964;7
3965;14
3966;56
3967;53
3968;30
3969;6
3970;67
3971;71
3972;81
3973;21
3974;29
3975;30
3976;88
3977;57
3978;54
3979;52
3980;63
3981;47
3982;12
3983;29
3984;62
3985;7
3986;16
3987;43
3988;59
3989;9
3990;17
3991;74
3992;85
3993;52
3994;43
3995;31
3996;14
3997;56
3998;50
3999;39
4000;8
4001;10
4002;7
4003;53
4004;28
4005;54
4006;14
4007;16
4008;8
4009;18
4010;74
4011;62
4012;73
4013;44
4014;34
4015;8
4016;12
4017;13
4018;13
4019;58
4020;40
4021;17
4022;9
4023;63
4024;26
4025;12
4026;15
4027;55
4028;50
4029;52
4030;42
4031;57
4032;68
4033;38
4034;55
4035;23
4036;68
4037;53
4038;63
4039;64
4040;31
4041;35
4042;2
4043;16
4044;58
4045;32
4046;13
4047;9
4048;26
4049;11
4050;42
4051;42
4052;6
4053;17
4054;17
4055;27
4056;42
4057;18
4058;8
4059;27
4060;60
4061;7
4062;7
4063;17
4064;58
4065;73
4066;50
4067;75
4068;66
4069;57
4070;47
4071;86
4072;51
4073;62
4074;58
4075;31
4076;25
4077;3
4078;24
4079;48
4080;3
4081;42
4082;31
4083;0
4084;4
4085;11
4086;80
4087;48
4088;44
4089;33
4090;9
4091;73
4092;43
4093;45
4094;39
4095;2
4096;17
4097;60
4098;66
4099;50
4100;49
4101;17
4102;9
4103;18
4104;38
4105;42
4106;50
4107;24
4108;32
4109;38
4110;29
4111;6
4112;5
4113;76
4114;37
4115;26
4116;12
4117;63
4118;72
4119;72
4120;60
4121;50
4122;53
4123;72
4124;21
4125;63
4126;20
4127;20
4128;24
4129;25
4130;44
4131;66
4132;39
4133;21
4134;36
4135;10
4136;0
4137;41
4138;48
4139;57
4140;79
4141;22
4142;52
4143;47
4144;30
4145;25
4146;22
4147;54
4148;59
4149;45
4150;40
4151;14
4152;7
4153;86
4154;42
4155;39
4156;14
4157;2
4158;30
4159;49
4160;1
4161;12
4162;71
4163;58
4164;61
4165;50
4166;32
4167;45
4168;73
4169;22
4170;17
4171;43
4172;38
4173;6
4174;14
4175;40
4176;21
4177;5
4178;2
4179;36
4180;59
4181;65
4182;86
4183;30
4184;32
4185;8
4186;34
4187;40
4188;41
4189;10
4190;5
4191;41
4192;26
4193;68
4194;89
4195;54
4196;67
4197;53
4198;11
4199;33
4200;75
4201;58
4202;69
4203;31
4204;57
4205;65
4206;40
4207;34
4208;34
4209;18
4210;9
4211;39
4212;39
4213;8
4214;27
4215;49
4216;8
4217;7
4218;14
4219;27
4220;63
4221;79
4222;62
4223;58
4224;36
4225;26
4226;3
4227;4
4228;5
4229;39
4230;50
4231;71
4232;69
4233;56
4234;69
4235;31
4236;31
4237;32
4238;16
4239;5
4240;32
4241;32
4242;29
4243;9
4244;2
4245;52
4246;18
4247;38
4248;63
4249;19
4250;77
4251;67
4252;36
4253;42
4254;2
4255;11
4256;80
4257;51
4258;30
4259;26
4260;11
4261;11
4262;72
4263;72
4264;50
4265;59
4266;6
4267;10
4268;12
4269;38
4270;55
4271;11
4272;14
4273;60
4274;85
4275;70
4276;82
4277;61
4278;31
4279;58
4280;24
4281;34
4282;43
4283;49
4284;15
4285;6
4286;57
4287;59
4288;22
4289;73
4290;88
4291;56
4292;47
4293;6
4294;43
4295;59
4296;11
4297;36
4298;33
4299;12
4300;12
4301;8
4302;63
4303;43
4304;88
4305;53
4306;35
4307;68
4308;70
4309;54
4310;49
4311;63
4312;71
4313;61
4314;45
4315;56
4316;18
4317;14
4318;26
4319;70
4320;75
4321;60
4322;64
4323;36
4324;33
4325;5
4326;0
4327;2
4328;55
4329;30
4330;71
4331;73
4332;45
4333;8
4334;0
4335;60
4336;37
4337;9
4338;6
4339;44
4340;48
4341;9
4342;10
4343;10
4344;17
4345;25
4346;19
4347;70
4348;36
4349;7
4350;14
4351;47
4352;32
4353;1
4354;12
4355;60
4356;28
4357;7
4358;24
4359;41
4360;14
4361;7
4362;39
4363;63
4364;10
4365;8
4366;62
4367;66
4368;19
4369;69
4370;46
4371;41
4372;22
4373;34
4374;23
4375;20
4376;22
4377;50
4378;42
4379;46
4380;9
4381;7
4382;5
4383;6
4384;39
4385;19
4386;49
4387;68
4388;52
4389;32
4390;47
4391;16
4392;18
4393;47
4394;55
4395;43
4396;6
4397;9
4398;27
4399;36
4400;8
4401;18
4402;69
4403;68
4404;40
4405;32
4406;8
4407;18
4408;50
4409;41
4410;12
4411;11
4412;46
4413;31
4414;36
4415;12
4416;18
4417;18
4418;64
4419;39
4420;61
4421;52
4422;39
4423;33
4424;7
4425;8
4426;38
4427;44
4428;3
4429;11
4430;2
4431;59
4432;53
4433;7
4434;44
4435;41
4436;28
4437;3
4438;1
4439;27
4440;62
4441;25
4442;51
4443;31
4444;9
4445;16
4446;60
4447;48
4448;60
4449;23
4450;21
4451;24
4452;21
4453;74
4454;34
4455;39
4456;15
4457;30
4458;52
4459;54
4460;89
4461;42
4462;22
4463;28
4464;66
4465;34
4466;90
4467;40
4468;28
4469;42
4470;46
4471;12
4472;5
4473;3
4474;75
4475;20
4476;35
4477;20
4478;5
4479;18
4480;22
4481;34
4482;11
4483;0
4484;46
4485;52
4486;16
4487;6
4488;7
4489;40
4490;74
4491;37
4492;20
4493;59
4494;42
4495;62
4496;40
4497;43
4498;18
4499;18
4500;86
4501;51
4502;41
4503;26
4504;18
4505;15
4506;35
4507;24
4508;12
4509;9
4510;39
4511;24
4512;14
4513;1
4514;64
4515;59
4516;80
4517;34
4518;56
4519;19
4520;47
4521;63
4522;31
4523;8
4524;13
4525;10
4526;49
4527;49
4528;3
4529;1
4530;35
4531;35
4532;12
4533;2
4534;6
4535;44
4536;38
4537;11
4538;18
4539;42
4540;48
4541;14
4542;59
4543;32
4544;8
4545;43
4546;38
4547;46
4548;53
4549;14
4550;8
4551;74
4552;33
4553;35
4554;15
4555;2
4556;1
4557;33
4558;35
4559;20
4560;3
4561;1
4562;2
4563;61
4564;42
4565;15
4566;35
4567;33
4568;62
4569;84
4570;75
4571;42
4572;61
4573;69
4574;55
4575;51
4576;62
4577;24
4578;31
4579;3
4580;15
4581;43
4582;14
4583;92
4584;47
4585;57
4586;34
4587;18
4588;49
4589;39
4590;15
4591;24
4592;48
4593;21
4594;62
4595;56
4596;53
4597;59
4598;33
4599;8
4600;8
4601;65
4602;88
4603;30
4604;44
4605;92
4606;26
4607;53
4608;72
4609;87
4610;55
4611;80
4612;72
4613;79
4614;50
4615;33
4616;17
4617;9
4618;15
4619;57
4620;83
4621;36
4622;58
4623;65
4624;52
4625;47
4626;33
4627;53
4628;14
4629;11
4630;67
4631;83
4632;42
4633;41
4634;49
4635;19
4636;24
4637;22
4638;29
4639;59
4640;31
4641;45
4642;22
4643;44
4644;71
4645;55
4646;19
4647;39
4648;64
4649;21
4650;99
4651;53
4652;62
4653;67
4654;36
4655;79
4656;42
4657;33
4658;17
4659;2
4660;75
4661;54
4662;44
4663;61
4664;70
4665;32
4666;52
4667;35
4668;27
4669;1
4670;1
4671;3
4672;8
4673;11
4674;5
4675;78
4676;41
4677;66
4678;34
4679;53
4680;16
4681;8
4682;54
4683;67
4684;53
4685;38
4686;8
4687;14
4688;43
4689;48
4690;4
4691;3
4692;6
4693;51
4694;61
4695;33
4696;11
4697;6
4698;84
4699;51
4700;67
4701;28
4702;39
4703;17
4704;8
4705;86
4706;71
4707;55
4708;71
4709;59
4710;94
4711;46
4712;7
4713;74
4714;98
4715;53
4716;47
4717;50
4718;14
4719;10
4720;11
4721;8
4722;42
4723;68
4724;69
4725;40
4726;32
4727;14
4728;19
4729;77
4730;48
4731;34
4732;44
4733;41
4734;5
4735;14
4736;60
4737;69
4738;29
4739;54
4740;45
4741;11
4742;6
4743;27
4744;30
4745;16
4746;4
4747;50
4748;60
4749;41
4750;21
4751;26
4752;22
4753;29
4754;67
4755;45
4756;26
4757;12
4758;6
4759;25
4760;23
4761;20
4762;59
4763;20
4764;36
4765;25
4766;36
4767;64
4768;27
4769;34
4770;17
4771;18
4772;2
4773;29
4774;38
4775;5
4776;46
4777;34
4778;6
4779;17
4780;10
4781;63
4782;77
4783;66
4784;93
4785;23
4786;54
4787;46
4788;30
4789;42
4790;24
4791;40
4792;2
4793;1
4794;70
4795;73
4796;37
4797;84
4798;80
4799;28
4800;59
4801;38
4802;13
4803;42
4804;50
4805;18
4806;9
4807;7
4808;15
4809;43
4810;25
4811;22
4812;66
4813;68
4814;43
4815;47
4816;58
4817;16
4818;38
4819;27
4820;15
4821;71
4822;68
4823;68
4824;56
4825;54
4826;26
4827;39
4828;61
4829;53
4830;39
4831;35
4832;1
4833;0
4834;2
4835;35
4836;44
4837;3
4838;11
4839;38
4840;70
4841;27
4842;29
4843;17
4844;15
4845;20
4846;45
4847;15
4848;35
4849;46
4850;12
4851;15
4852;8
4853;36
4854;22
4855;70
4856;22
4857;56
4858;67
4859;47
4860;31
4861;5
4862;4
4863;34
4864;58
4865;11
4866;71
4867;28
4868;50
4869;37
4870;12
4871;33
4872;44
4873;34
4874;12
4875;11
4876;47
4877;20
4878;48
4879;48
4880;57
4881;77
4882;36
4883;30
4884;15
4885;11
4886;36
4887;34
4888;30
4889;14
4890;6
4891;5
4892;53
4893;65
4894;88
4895;69
4896;62
4897;54
4898;21
4899;38
4900;58
4901;71
4902;83
4903;64
4904;47
4905;45
4906;51
4907;11
4908;14
4909;59
4910;44
4911;12
4912;18
4913;40
4914;57
4915;64
4916;72
4917;23
4918;45
4919;27
4920;6
4921;44
4922;71
4923;74
4924;38
4925;30
4926;16
4927;11
4928;21
4929;73
4930;71
4931;66
4932;64
4933;28
4934;22
4935;2
4936;57
4937;83
4938;60
4939;23
4940;49
4941;92
4942;21
4943;62
4944;63
4945;22
4946;2
4947;56
4948;46
4949;13
4950;6
4951;16
4952;45
4953;50
4954;17
4955;11
4956;12
4957;78
4958;22
4959;59
4960;45
4961;75
4962;19
4963;20
4964;37
4965;46
4966;16
4967;16
4968;7
4969;31
4970;35
4971;1
4972;5
4973;17
4974;77
4975;23
4976;20
4977;66
4978;66
4979;25
4980;69
4981;52
4982;22
4983;90
4984;67
4985;67
4986;43
4987;37
4988;17
4989;7
4990;74
4991;28
4992;23
4993;22
4994;23
4995;21
4996;33
4997;87
4998;85
4999;55
5000;48
5001;49
5002;15
5003;18
5004;70
5005;69
5006;42
5007;61
5008;18
5009;33
5010;26
5011;62
5012;65
5013;59
5014;37
5015;44
5016;2
5017;3
5018;0
5019;73
5020;66
5021;41
5022;46
5023;68
5024;56
5025;41
5026;11
5027;18
5028;72
5029;79
5030;31
5031;25
5032;22
5033;47
5034;19
5035;15
5036;7
5037;51
5038;39
5039;29
5040;5
5041;2
5042;24
5043;31
5044;3
5045;10
5046;32
5047;51
5048;16
5049;15
5050;69
5051;29
5052;59
5053;6
5054;34
5055;38
5056;12
5057;42
5058;63
5059;27
5060;40
5061;25
5062;44
5063;32
5064;34
5065;18
5066;63
5067;78
5068;30
5069;67
5070;73
5071;42
5072;29
5073;26
5074;9
5075;38
5076;9
5077;30
5078;57
5079;49
5080;75
5081;57
5082;19
5083;22
5084;48
5085;66
5086;73
5087;36
5088;43
5089;25
5090;70
5091;34
5092;6
5093;42
5094;83
5095;34
5096;16
5097;43
5098;24
5099;73
5100;44
5101;58
5102;71
5103;64
5104;26
5105;15
5106;24
5107;36
5108;3
5109;73
5110;74
5111;65
5112;51
5113;72
5114;43
5115;30
5116;3
5117;15
5118;4
5119;38
5120;40
5121;0
5122;2
5123;89
5124;82
5125;39
5126;33
5127;8
5128;29
5129;21
5130;46
5131;69
5132;39
5133;84
5134;52
5135;24
5136;67
5137;92
5138;48
5139;50
5140;22
5141;38
5142;20
5143;70
5144;21
5145;69
5146;72
5147;46
5148;66
5149;42
5150;70
5151;85
5152;46
5153;42
5154;7
5155;15
5156;62
5157;45
5158;8
5159;10
5160;12
5161;27
5162;9
5163;15
5164;27
5165;66
5166;65
5167;53
5168;45
5169;8
5170;11
5171;34
5172;40
5173;11
5174;6
5175;75
5176;35
5177;52
5178;66
5179;58
5180;47
5181;56
5182;70
5183;66
5184;63
5185;49
5186;36
5187;2
5188;1
5189;58
5190;40
5191;41
5192;78
5193;67
5194;44
5195;40
5196;16
5197;21
5198;70
5199;62
5200;34
5201;45
5202;23
5203;83
5204;46
5205;30
5206;14
5207;18
5208;60
5209;7
5210;22
5211;47
5212;41
5213;73
5214;69
5215;76
5216;58
5217;34
5218;10
5219;12
5220;60
5221;60
5222;42
5223;11
5224;7
5225;18
5226;7
5227;76
5228;52
5229;65
5230;53
5231;26
5232;27
5233;3
5234;5
5235;95
5236;36
5237;29
5238;4
5239;0
5240;33
5241;51
5242;51
5243;19
5244;75
5245;28
5246;43
5247;3
5248;8
5249;16
5250;40
5251;45
5252;63
5253;62
5254;22
5255;42
5256;40
5257;7
5258;6
5259;32
5260;76
5261;85
5262;72
5263;28
5264;48
5265;23
5266;67
5267;63
5268;19
5269;53
5270;46
5271;38
5272;15
5273;51
5274;60
5275;39
5276;9
5277;7
5278;53
5279;53
5280;69
5281;48
5282;69
5283;26
5284;25
5285;0
5286;2
5287;47
5288;9
5289;12
5290;51
5291;51
5292;72
5293;48
5294;11
5295;49
5296;55
5297;46
5298;20
5299;23
5300;2
5301;18
5302;5
5303;47
5304;51
5305;49
5306;30
5307;0
5308;10
5309;69
5310;21
5311;72
5312;44
5313;30
5314;2
5315;4
5316;60
5317;24
5318;23
5319;34
5320;46
5321;72
5322;23
5323;72
5324;76
5325;52
5326;34
5327;33
5328;2
5329;5
5330;49
5331;48
5332;37
5333;30
5334;11
5335;4
5336;56
5337;31
5338;46
5339;15
5340;18
5341;4
5342;32
5343;59
5344;18
5345;14
5346;52
5347;60
5348;36
5349;70
5350;24
5351;26
5352;57
5353;30
5354;14
5355;11
5356;6
5357;55
5358;58
5359;47
5360;34
5361;86
5362;87
5363;61
5364;54
5365;50
5366;52
5367;47
5368;39
5369;14
5370;43
5371;40
5372;1
5373;15
5374;48
5375;48
5376;50
5377;24
5378;19
5379;76
5380;79
5381;69
5382;47
5383;44
5384;49
5385;40
5386;4
5387;2
5388;29
5389;44
5390;51
5391;18
5392;42
5393;94
5394;70
5395;57
5396;24
5397;37
5398;4
5399;7
5400;30
5401;23
5402;4
5403;3
5404;13
5405;49
5406;31
5407;35
5408;37
5409;2
5410;2
5411;9
5412;66
5413;56
5414;81
5415;49
5416;39
5417;44
5418;16
5419;9
5420;15
5421;40
5422;46
5423;46
5424;46
5425;56
5426;57
5427;16
5428;45
5429;30
5430;5
5431;5
5432;51
5433;34
5434;40
5435;75
5436;49
5437;75
5438;20
5439;51
5440;44
5441;46
5442;18
5443;51
5444;40
5445;34
5446;63
5447;15
5448;32
5449;53
5450;44
5451;80
5452;78
5453;29
5454;21
5455;20
5456;28
5457;42
5458;8
5459;7
5460;2
5461;33
5462;19
5463;39
5464;35
5465;2
5466;14
5467;56
5468;67
5469;67
5470;48
5471;17
5472;13
5473;43
5474;48
5475;21
5476;31
5477;42
5478;5
5479;4
5480;65
5481;76
5482;44
5483;11
5484;48
5485;81
5486;26
5487;20
5488;75
5489;52
5490;31
5491;15
5492;12
5493;47
5494;48
5495;69
5496;52
5497;75
5498;68
5499;54
5500;61
5501;20
5502;19
5503;54
5504;29
5505;9
5506;15
5507;14
5508;59
5509;35
5510;9
5511;14
5512;58
5513;84
5514;37
5515;34
5516;11
5517;10
5518;55
5519;37
5520;6
5521;41
5522;19
5523;51
5524;81
5525;22
5526;95
5527;76
5528;31
5529;50
5530;48
5531;17
5532;15
5533;34
5534;64
5535;11
5536;35
5537;83
5538;39
5539;39
5540;6
5541;15
5542;10
5543;20
5544;28
5545;15
5546;46
5547;91
5548;27
5549;31
5550;0
5551;66
5552;59
5553;43
5554;34
5555;15
5556;48
5557;39
5558;17
5559;50
5560;47
5561;46
5562;18
5563;9
5564;16
5565;39
5566;49
5567;8
5568;12
5569;17
5570;69
5571;30
5572;40
5573;23
5574;26
5575;11
5576;81
5577;60
5578;26
5579;55
5580;18
5581;11
5582;55
5583;57
5584;66
5585;62
5586;44
5587;45
5588;16
5589;11
5590;37
5591;62
5592;9
5593;7
5594;50
5595;54
5596;22
5597;35
5598;9
5599;16
5600;1
5601;8
5602;63
5603;54
5604;22
5605;44
5606;21
5607;54
5608;50
5609;64
5610;66
5611;42
5612;22
5613;50
5614;66
5615;33
5616;51
5617;36
5618;52
5619;33
5620;37
5621;45
5622;18
5623;9
5624;30
5625;39
5626;0
5627;15
5628;85
5629;64
5630;39
5631;22
5632;50
5633;41
5634;12
5635;60
5636;59
5637;51
5638;51
5639;14
5640;8
5641;12
5642;50
5643;79
5644;21
5645;49
5646;86
5647;25
5648;43
5649;35
5650;1
5651;20
5652;58
5653;23
5654;17
5655;30
5656;48
5657;8
5658;10
5659;49
5660;57
5661;14
5662;12
5663;17
5664;36
5665;17
5666;17
5667;31
5668;63
5669;13
5670;7
5671;81
5672;36
5673;41
5674;1
5675;8
5676;2
5677;1
5678;46
5679;37
5680;44
5681;19
5682;32
5683;26
5684;18
5685;15
5686;16
5687;40
5688;51
5689;32
5690;59
5691;17
5692;14
5693;6
5694;36
5695;81
5696;52
5697;61
5698;35
5699;62
5700;50
5701;35
5702;63
5703;56
5704;58
5705;72
5706;62
5707;90
5708;40
5709;64
5710;34
5711;68
5712;56
5713;66
5714;60
5715;59
5716;41
5717;12
5718;17
5719;40
5720;54
5721;59
5722;49
5723;46
5724;21
5725;36
5726;38
5727;4
5728;17
5729;8
5730;38
5731;76
5732;29
5733;57
5734;11
5735;9
5736;27
5737;31
5738;7
5739;11
5740;6
5741;36
5742;15
5743;17
5744;53
5745;40
5746;7
5747;10
5748;8
5749;34
5750;49
5751;16
5752;60
5753;45
5754;30
5755;2
5756;14
5757;9
5758;49
5759;48
5760;6
5761;24
5762;60
5763;63
5764;37
5765;37
5766;13
5767;14
5768;81
5769;59
5770;40
5771;48
5772;14
5773;17
5774;7
5775;77
5776;63
5777;53
5778;50
5779;32
5780;39
5781;49
5782;15
5783;48
5784;76
5785;95
5786;68
5787;71
5788;57
5789;87
5790;30
5791;34
5792;3
5793;10
5794;43
5795;61
5796;10
5797;45
5798;64
5799;49
5800;51
5801;45
5802;48
5803;13
5804;12
5805;73
5806;39
5807;95
5808;48
5809;43
5810;8
5811;37
5812;35
5813;18
5814;10
5815;36
5816;16
5817;15
5818;41
5819;34
5820;15
5821;17
5822;14
5823;70
5824;52
5825;36
5826;23
5827;45
5828;2
5829;3
5830;2
5831;47
5832;43
5833;17
5834;11
5835;57
5836;68
5837;26
5838;46
5839;34
5840;33
5841;16
5842;14
5843;33
5844;43
5845;10
5846;14
5847;43
5848;34
5849;9
5850;3
5851;17
5852;34
5853;40
5854;17
5855;18
5856;17
5857;57
5858;16
5859;47
5860;48
5861;1
5862;17
5863;15
5864;48
5865;58
5866;43
5867;19
5868;3
5869;8
5870;52
5871;71
5872;26
5873;25
5874;4
5875;16
5876;67
5877;61
5878;47
5879;59
5880;11
5881;54
5882;7
5883;13
5884;19
5885;53
5886;83
5887;36
5888;53
5889;53
5890;85
5891;28
5892;60
5893;52
5894;54
5895;46
5896;58
5897;20
5898;78
5899;51
5900;54
5901;41
5902;9
5903;6
5904;21
5905;31
5906;75
5907;56
5908;48
5909;19
5910;62
5911;61
5912;26
5913;66
5914;54
5915;69
5916;74
5917;57
5918;66
5919;53
5920;67
5921;47
5922;45
5923;20
5924;23
5925;49
5926;46
5927;34
5928;17
5929;16
5930;65
5931;60
5932;62
5933;58
5934;83
5935;37
5936;37
5937;16
5938;64
5939;57
5940;34
5941;64
5942;64
5943;60
5944;66
5945;48
5946;62
5947;57
5948;67
5949;59
5950;89
5951;59
5952;47
5953;13
5954;8
5955;89
5956;52
5957;34
5958;34
5959;10
5960;4
5961;76
5962;64
5963;98
5964;56
5965;11
5966;11
5967;39
5968;67
5969;39
5970;44
5971;8
5972;16
5973;63
5974;28
5975;12
5976;56
5977;59
5978;53
5979;43
5980;19
5981;59
5982;52
5983;31
5984;81
5985;54
5986;35
5987;80
5988;63
5989;38
5990;25
5991;27
5992;2
5993;18
5994;37
5995;46
5996;8
5997;12
5998;66
5999;59
6000;68
6001;22
6002;31
6003;70
6004;42
6005;1
6006;10
6007;37
6008;46
6009;4
6010;13
6011;30
6012;46
6013;18
6014;5
6015;35
6016;41
6017;52
6018;15
6019;10
6020;59
6021;53
6022;63
6023;74
6024;72
6025;48
6026;36
6027;12
6028;59
6029;21
6030;43
6031;67
6032;41
6033;36
6034;0
6035;3
6036;16
6037;0
6038;75
6039;59
6040;22
6041;86
6042;76
6043;62
6044;60
6045;20
6046;65
6047;29
6048;20
6049;9
6050;3
6051;49
6052;77
6053;37
6054;67
6055;46
6056;19
6057;79
6058;29
6059;18
6060;8
6061;39
6062;38
6063;2
6064;15
6065;63
6066;54
6067;16
6068;30
6069;60
6070;35
6071;80
6072;36
6073;49
6074;16
6075;67
6076;73
6077;50
6078;57
6079;61
6080;77
6081;76
6082;71
6083;48
6084;64
6085;11
6086;15
6087;94
6088;90
6089;50
6090;79
6091;56
6092;46
6093;37
6094;18
6095;8
6096;22
6097;34
6098;40
6099;67
6100;23
6101;19
6102;23
6103;27
6104;20
6105;27
6106;22
6107;19
6108;34
6109;39
6110;51
6111;33
6112;67
6113;45
6114;41
6115;30
6116;1
6117;5
6118;7
6119;83
6120;73
6121;32
6122;66
6123;47
6124;38
6125;76
6126;56
6127;61
6128;34
6129;44
6130;48
6131;4
6132;1
6133;45
6134;58
6135;40
6136;11
6137;18
6138;12
6139;75
6140;46
6141;20
6142;77
6143;19
6144;49
6145;66
6146;37
6147;2
6148;5
6149;31
6150;53
6151;14
6152;9
6153;33
6154;27
6155;8
6156;3
6157;36
6158;19
6159;6
6160;2
6161;39
6162;45
6163;25
6164;61
6165;34
6166;10
6167;14
6168;61
6169;26
6170;49
6171;37
6172;10
6173;7
6174;69
6175;77
6176;44
6177;31
6178;7
6179;8
6180;36
6181;39
6182;40
6183;60
6184;11
6185;30
6186;38
6187;46
6188;65
6189;64
6190;74
6191;49
6192;61
6193;88
6194;22
6195;21
6196;52
6197;41
6198;73
6199;74
6200;22
6201;91
6202;48
6203;47
6204;33
6205;28
6206;2
6207;5
6208;38
6209;29
6210;0
6211;9
6212;51
6213;71
6214;51
6215;51
6216;67
6217;73
6218;89
6219;55
6220;67
6221;41
6222;52
6223;32
6224;46
6225;15
6226;20
6227;30
6228;6
6229;0
6230;47
6231;29
6232;76
6233;34
6234;26
6235;70
6236;49
6237;19
6238;22
6239;45
6240;12
6241;2
6242;50
6243;44
6244;61
6245;25
6246;32
6247;23
6248;26
6249;78
6250;65
6251;91
6252;60
6253;26
6254;46
6255;54
6256;17
6257;61
6258;65
6259;74
6260;72
6261;26
6262;36
6263;18
6264;5
6265;39
6266;34
6267;66
6268;56
6269;69
6270;48
6271;95
6272;20
6273;39
6274;53
6275;40
6276;35
6277;39
6278;36
6279;2
6280;0
6281;60
6282;62
6283;52
6284;67
6285;68
6286;21
6287;43
6288;21
6289;40
6290;12
6291;14
6292;54
6293;41
6294;17
6295;15
6296;47
6297;34
6298;38
6299;18
6300;18
6301;66
6302;43
6303;35
6304;11
6305;8
6306;33
6307;27
6308;51
6309;34
6310;15
6311;15
6312;58
6313;53
6314;22
6315;32
6316;45
6317;3
6318;56
6319;36
6320;57
6321;6
6322;11
6323;47
6324;53
6325;41
6326;28
6327;34
6328;17
6329;6
6330;15
6331;42
6332;51
6333;34
6334;44
6335;8
6336;13
6337;12
6338;29
6339;82
6340;86
6341;23
6342;38
6343;42
6344;7
6345;54
6346;80
6347;60
6348;34
6349;52
6350;15
6351;36
6352;52
6353;89
6354;70
6355;54
6356;64
6357;67
6358;22
6359;49
6360;62
6361;62
6362;41
6363;41
6364;2
6365;26
6366;71
6367;46
6368;41
6369;8
6370;31
6371;46
6372;2
6373;4
6374;51
6375;49
6376;16
6377;6
6378;36
6379;76
6380;52
6381;53
6382;46
6383;84
6384;21
6385;84
6386;46
6387;56
6388;36
6389;32
6390;42
6391;9
6392;17
6393;66
6394;48
6395;42
6396;68
6397;34
6398;59
6399;8
6400;15
6401;25
6402;21
6403;20
6404;82
6405;63
6406;40
6407;60
6408;42
6409;49
6410;60
6411;23
6412;35
6413;45
6414;57
6415;83
6416;79
6417;51
6418;68
6419;36
6420;53
6421;46
6422;32
6423;7
6424;5
6425;52
6426;63
6427;71
6428;51
6429;74
6430;36
6431;37
6432;11
6433;54
6434;65
6435;38
6436;19
6437;18
6438;4
6439;5
6440;25
6441;83
6442;32
6443;43
6444;4
6445;3
6446;41
6447;48
6448;36
6449;50
6450;11
6451;11
6452;32
6453;36
6454;7
6455;4
6456;38
6457;40
6458;14
6459;11
6460;66
6461;26
6462;47
6463;55
6464;63
6465;48
6466;37
6467;44
6468;40
6469;18
6470;8
6471;43
6472;42
6473;54
6474;18
6475;15
6476;18
6477;7
6478;60
6479;76
6480;63
6481;31
6482;12
6483;36
6484;8
6485;46
6486;21
6487;69
6488;36
6489;40
6490;44
6491;7
6492;48
6493;42
6494;1
6495;5
6496;36
6497;20
6498;20
6499;41
6500;53
6501;36
6502;18
6503;51
6504;78
6505;64
6506;7
6507;17
6508;89
6509;54
6510;51
6511;15
6512;11
6513;70
6514;64
6515;33
6516;46
6517;7
6518;18
6519;72
6520;36
6521;36
6522;3
6523;21
6524;68
6525;21
6526;38
6527;24
6528;39
6529;49
6530;10
6531;7
6532;45
6533;45
6534;3
6535;2
6536;92
6537;44
6538;43
6539;45
6540;0
6541;58
6542;61
6543;27
6544;53
6545;24
6546;96
6547;94
6548;65
6549;60
6550;37
6551;88
6552;61
6553;37
6554;15
6555;53
6556;53
6557;12
6558;6
6559;19
6560;49
6561;35
6562;57
6563;37
6564;36
6565;47
6566;11
6567;10
6568;36
6569;33
6570;8
6571;9
6572;28
6573;39
6574;1
6575;2
6576;2
6577;56
6578;21
6579;25
6580;29
6581;3
6582;2
6583;36
6584;59
6585;52
6586;9
6587;13
6588;59
6589;53
6590;42
6591;30
6592;13
6593;2
6594;69
6595;23
6596;39
6597;16
6598;21
6599;35
6600;65
6601;79
6602;58
6603;67
6604;60
6605;76
6606;57
6607;62
6608;29
6609;55
6610;63
6611;34
6612;19
6613;5
6614;4
6615;56
6616;87
6617;38
6618;54
6619;16
6620;34
6621;46
6622;7
6623;8
6624;40
6625;44
6626;17
6627;11
6628;5
6629;63
6630;64
6631;9
6632;6
6633;21
6634;49
6635;85
6636;35
6637;39
6638;27
6639;2
6640;16
6641;72
6642;21
6643;44
6644;42
6645;11
6646;6
6647;35
6648;21
6649;3
6650;2
6651;60
6652;38
6653;60
6654;48
6655;39
6656;10
6657;3
6658;50
6659;30
6660;12
6661;15
6662;15
6663;56
6664;45
6665;60
6666;44
6667;47
6668;25
6669;23
6670;37
6671;49
6672;70
6673;65
6674;71
6675;54
6676;26
6677;31
6678;4
6679;58
6680;75
6681;66
6682;20
6683;30
6684;44
6685;16
6686;16
6687;49
6688;19
6689;38
6690;32
6691;0
6692;69
6693;67
6694;44
6695;4
6696;0
6697;8
6698;77
6699;61
6700;59
6701;59
6702;52
6703;45
6704;39
6705;72
6706;51
6707;78
6708;81
6709;67
6710;68
6711;76
6712;58
6713;86
6714;63
6715;44
6716;55
6717;7
6718;16
6719;6
6720;51
6721;23
6722;30
6723;61
6724;44
6725;6
6726;16
6727;8
6728;57
6729;74
6730;60
6731;55
6732;32
6733;41
6734;2
6735;3
6736;35
6737;24
6738;2
6739;2
6740;37
6741;40
6742;41
6743;38
6744;18
6745;69
6746;22
6747;32
6748;37
6749;4
6750;1
6751;3
6752;20
6753;54
6754;21
6755;39
6756;64
6757;42
6758;33
6759;54
6760;11
6761;17
6762;31
6763;37
6764;42
6765;0
6766;1
6767;18
6768;30
6769;19
6770;89
6771;79
6772;75
6773;43
6774;89
6775;49
6776;23
6777;32
6778;31
6779;12
6780;48
6781;49
6782;11
6783;8
6784;59
6785;58
6786;37
6787;24
6788;9
6789;36
6790;28
6791;49
6792;23
6793;42
6794;69
6795;33
6796;38
6797;17
6798;18
6799;9
6800;16
6801;67
6802;34
6803;48
6804;7
6805;13
6806;9
6807;46
6808;33
6809;40
6810;61
6811;62
6812;41
6813;13
6814;60
6815;60
6816;31
6817;73
6818;67
6819;42
6820;48
6821;16
6822;10
6823;12
6824;51
6825;22
6826;79
6827;64
6828;36
6829;6
6830;63
6831;84
6832;37
6833;69
6834;46
6835;55
6836;48
6837;63
6838;18
6839;54
6840;66
6841;99
6842;19
6843;51
6844;83
6845;25
6846;53
6847;53
6848;74
6849;32
6850;33
6851;23
6852;5
6853;8
6854;34
6855;32
6856;5
6857;0
6858;15
6859;14
6860;68
6861;74
6862;47
6863;46
6864;71
6865;49
6866;46
6867;6
6868;6
6869;13
6870;68
6871;73
6872;71
6873;21
6874;23
6875;62
6876;70
6877;61
6878;59
6879;9
6880;7
6881;60
6882;59
6883;9
6884;33
6885;46
6886;7
6887;18
6888;30
6889;43
6890;8
6891;18
6892;24
6893;44
6894;2
6895;78
6896;60
6897;31
6898;37
6899;16
6900;11
6901;11
6902;32
6903;47
6904;17
6905;16
6906;15
6907;22
6908;61
6909;33
6910;38
6911;13
6912;18
6913;50
6914;25
6915;25
6916;69
6917;71
6918;34
6919;52
6920;23
6921;45
6922;46
6923;9
6924;6
6925;63
6926;53
6927;61
6928;20
6929;41
6930;34
6931;0
6932;3
6933;26
6934;47
6935;41
6936;22
6937;32
6938;55
6939;13
6940;17
6941;61
6942;80
6943;38
6944;77
6945;51
6946;36
6947;62
6948;17
6949;9
6950;71
6951;19
6952;69
6953;58
6954;31
6955;39
6956;15
6957;18
6958;24
6959;66
6960;19
6961;40
6962;3
6963;67
6964;70
6965;36
6966;75
6967;27
6968;40
6969;16
6970;40
6971;27
6972;11
6973;10
6974;90
6975;89
6976;34
6977;84
6978;53
6979;64
6980;50
6981;60
6982;7
6983;12
6984;9
6985;63
6986;54
6987;14
6988;13
6989;14
6990;30
6991;44
6992;2
6993;3
6994;52
6995;62
6996;50
6997;51
6998;14
6999;16
7000;63
7001;56
7002;8
7003;9
7004;50
7005;72
7006;65
7007;45
7008;69
7009;56
7010;40
7011;10
7012;61
7013;49
7014;17
7015;13
7016;48
7017;32
7018;43
7019;8
7020;87
7021;59
7022;61
7023;51
7024;30
7025;40
7026;0
7027;1
7028;8
7029;44
7030;73
7031;85
7032;71
7033;34
7034;38
7035;2
7036;1
7037;1
7038;31
7039;62
7040;14
7041;11
7042;66
7043;59
7044;36
7045;34
7046;29
7047;58
7048;32
7049;39
7050;12
7051;2
7052;15
7053;66
7054;87
7055;73
7056;68
7057;28
7058;43
7059;58
7060;31
7061;41
7062;53
7063;55
7064;77
7065;60
7066;55
7067;47
7068;52
7069;12
7070;17
7071;66
7072;30
7073;57
7074;44
7075;41
7076;33
7077;16
7078;15
7079;37
7080;26
7081;15
7082;13
7083;1
7084;68
7085;70
7086;63
7087;26
7088;8
7089;14
7090;47
7091;47
7092;18
7093;18
7094;36
7095;23
7096;62
7097;75
7098;54
7099;64
7100;53
7101;21
7102;43
7103;19
7104;53
7105;63
7106;32
7107;20
7108;74
7109;92
7110;51
7111;37
7112;56
7113;23
7114;34
7115;57
7116;75
7117;32
7118;30
7119;11
7120;7
7121;5
7122;23
7123;23
7124;4
7125;5
7126;2
7127;41
7128;22
7129;60
7130;56
7131;75
7132;30
7133;31
7134;15
7135;10
7136;43
7137;34
7138;20
7139;26
7140;63
7141;55
7142;52
7143;43
7144;43
7145;4
7146;9
7147;6
7148;44
7149;60
7150;34
7151;27
7152;16
7153;9
7154;18
7155;73
7156;47
7157;42
7158;58
7159;17
7160;8
7161;25
7162;43
7163;3
7164;11
7165;57
7166;60
7167;45
7168;43
7169;9
7170;72
7171;87
7172;37
7173;33
7174;9
7175;39
7176;59
7177;44
7178;11
7179;10
7180;29
7181;59
7182;66
7183;38
7184;63
7185;34
7186;31
7187;46
7188;2
7189;0
7190;44
7191;34
7192;38
7193;8
7194;29
7195;50
7196;36
7197;10
7198;19
7199;69
7200;41
7201;54
7202;52
7203;9
7204;15
7205;50
7206;8
7207;64
7208;79
7209;52
7210;64
7211;54
7212;86
7213;53
7214;51
7215;20
7216;27
7217;0
7218;6
7219;31
7220;30
7221;0
7222;6
7223;2
7224;2
7225;92
7226;69
7227;69
7228;70
7229;38
7230;40
7231;39
7232;19
7233;40
7234;25
7235;72
7236;36
7237;37
7238;16
7239;2
7240;2
7241;55
7242;37
7243;14
7244;11
7245;8
7246;36
7247;42
7248;48
7249;31
7250;75
7251;44
7252;56
7253;70
7254;47
7255;46
7256;12
7257;13
7258;55
7259;56
7260;89
7261;65
7262;40
7263;40
7264;31
7265;0
7266;12
7267;4
7268;5
7269;73
7270;77
7271;54
7272;36
7273;13
7274;14
7275;66
7276;69
7277;20
7278;46
7279;42
7280;56
7281;91
7282;53
7283;51
7284;69
7285;73
7286;51
7287;20
7288;76
7289;20
7290;19
7291;23
7292;80
7293;35
7294;31
7295;1
7296;9
7297;21
7298;71
7299;55
7300;47
7301;42
7302;39
7303;13
7304;6
7305;7
7306;54
7307;62
7308;36
7309;32
7310;5
7311;6
7312;67
7313;53
7314;62
7315;77
7316;44
7317;31
7318;11
7319;1
7320;51
7321;47
7322;61
7323;58
7324;9
7325;7
7326;8
7327;64
7328;26
7329;11
7330;7
7331;36
7332;41
7333;18
7334;0
7335;54
7336;83
7337;24
7338;47
7339;2
7340;3
7341;8
7342;34
7343;34
7344;8
7345;13
7346;80
7347;67
7348;22
7349;71
7350;29
7351;46
7352;15
7353;67
7354;80
7355;75
7356;55
7357;52
7358;35
7359;45
7360;17
7361;14
7362;58
7363;33
7364;11
7365;12
7366;42
7367;89
7368;70
7369;46
7370;62
7371;52
7372;70
7373;38
7374;63
7375;70
7376;28
7377;13
7378;38
7379;35
7380;39
7381;13
7382;18
7383;36
7384;55
7385;17
7386;12
7387;43
7388;31
7389;8
7390;17
7391;17
7392;54
7393;56
7394;58
7395;48
7396;52
7397;71
7398;37
7399;24
7400;35
7401;31
7402;19
7403;22
7404;49
7405;78
7406;71
7407;34
7408;62
7409;19
7410;37
7411;29
7412;1
7413;4
7414;69
7415;23
7416;71
7417;89
7418;65
7419;54
7420;27
7421;47
7422;4
7423;73
7424;21
7425;39
7426;41
7427;5
7428;12
7429;55
7430;81
7431;29
7432;69
7433;49
7434;25
7435;2
7436;16
7437;66
7438;57
7439;51
7440;52
7441;58
7442;40
7443;10
7444;14
7445;48
7446;36
7447;22
7448;3
7449;3
7450;10
7451;61
7452;44
7453;57
7454;8
7455;77
7456;54
7457;30
7458;69
7459;87
7460;67
7461;53
7462;71
7463;59
7464;58
7465;90
7466;61
7467;43
7468;57
7469;13
7470;11
7471;47
7472;46
7473;7
7474;7
7475;34
7476;35
7477;13
7478;12
7479;27
7480;63
7481;7
7482;47
7483;40
7484;18
7485;74
7486;47
7487;31
7488;53
7489;13
7490;27
7491;50
7492;66
7493;46
7494;56
7495;54
7496;84
7497;21
7498;33
7499;21
7500;81
7501;38
7502;45
7503;7
7504;37
7505;39
7506;3
7507;13
7508;4
7509;55
7510;44
7511;12
7512;11
7513;48
7514;55
7515;13
7516;8
7517;53
7518;61
7519;11
7520;6
7521;15
7522;51
7523;28
7524;24
7525;25
7526;45
7527;20
7528;56
7529;35
7530;34
7531;10
7532;67
7533;62
7534;40
7535;78
7536;29
7537;64
7538;41
7539;53
7540;31
7541;18
7542;39
7543;57
7544;77
7545;47
7546;55
7547;26
7548;39
7549;47
7550;16
7551;17
7552;66
7553;60
7554;64
7555;36
7556;6
7557;17
7558;33
7559;37
7560;7
7561;13
7562;70
7563;35
7564;46
7565;29
7566;18
7567;17
7568;63
7569;60
7570;36
7571;13
7572;75
7573;24
7574;48
7575;53
7576;15
7577;7
7578;86
7579;22
7580;42
7581;33
7582;16
7583;10
7584;6
7585;15
7586;64
7587;78
7588;25
7589;23
7590;26
7591;54
7592;40
7593;19
7594;83
7595;81
7596;40
7597;79
7598;63
7599;39
7600;52
7601;22
7602;87
7603;47
7604;43
7605;40
7606;1
7607;16
7608;49
7609;6
7610;14
7611;44
7612;26
7613;8
7614;14
7615;30
7616;20
7617;2
7618;4
7619;77
7620;40
7621;60
7622;64
7623;89
7624;56
7625;39
7626;57
7627;60
7628;16
7629;11
7630;12
7631;46
7632;45
7633;7
7634;6
7635;46
7636;51
7637;33
7638;31
7639;31
7640;17
7641;15
7642;8
7643;76
7644;42
7645;35
7646;58
7647;75
7648;49
7649;24
7650;38
7651;20
7652;52
7653;54
7654;52
7655;64
7656;59
7657;63
7658;11
7659;58
7660;84
7661;51
7662;26
7663;47
7664;39
7665;12
7666;8
7667;72
7668;62
7669;53
7670;48
7671;78
7672;59
7673;55
7674;79
7675;54
7676;28
7677;25
7678;0
7679;8
7680;18
7681;34
7682;29
7683;12
7684;17
7685;73
7686;64
7687;61
7688;68
7689;62
7690;42
7691;68
7692;97
7693;44
7694;55
7695;87
7696;61
7697;41
7698;47
7699;4
7700;18
7701;59
7702;27
7703;14
7704;61
7705;92
7706;68
7707;37
7708;61
7709;10
7710;13
7711;17
7712;78
7713;76
7714;49
7715;20
7716;89
7717;63
7718;74
7719;48
7720;54
7721;64
7722;26
7723;72
7724;34
7725;50
7726;53
7727;12
7728;16
7729;31
7730;38
7731;22
7732;80
7733;67
7734;53
7735;91
7736;48
7737;34
7738;32
7739;33
7740;31
7741;51
7742;47
7743;63
7744;48
7745;71
7746;29
7747;55
7748;69
7749;21
7750;46
7751;35
7752;31
7753;58
7754;12
7755;16
7756;7
7757;34
7758;54
7759;29
7760;16
7761;42
7762;36
7763;9
7764;0
7765;31
7766;35
7767;15
7768;3
7769;50
7770;89
7771;44
7772;32
7773;63
7774;76
7775;66
7776;53
7777;75
7778;46
7779;22
7780;45
7781;15
7782;16
7783;30
7784;64
7785;8
7786;56
7787;51
7788;62
7789;19
7790;24
7791;45
7792;9
7793;4
7794;79
7795;36
7796;15
7797;9
7798;82
7799;35
7800;57
7801;24
7802;26
7803;24
7804;0
7805;1
7806;35
7807;48
7808;0
7809;5
7810;33
7811;57
7812;65
7813;40
7814;52
7815;52
7816;54
7817;55
7818;68
7819;61
7820;30
7821;40
7822;13
7823;65
7824;20
7825;21
7826;4
7827;32
7828;16
7829;32
7830;36
7831;13
7832;8
7833;48
7834;49
7835;16
7836;38
7837;38
7838;2
7839;40
7840;38
7841;18
7842;34
7843;29
7844;18
7845;1
7846;38
7847;48
7848;13
7849;6
7850;9
7851;79
7852;31
7853;40
7854;13
7855;17
7856;39
7857;56
7858;11
7859;16
7860;48
7861;9
7862;17
7863;61
7864;53
7865;42
7866;75
7867;58
7868;64
7869;39
7870;50
7871;11
7872;11
7873;21
7874;94
7875;77
7876;66
7877;79
7878;51
7879;74
7880;64
7881;70
7882;37
7883;40
7884;40
7885;3
7886;64
7887;74
7888;53
7889;53
7890;57
7891;9
7892;16
7893;62
7894;73
7895;26
7896;24
7897;66
7898;29
7899;26
7900;11
7901;51
7902;54
7903;81
7904;54
7905;56
7906;70
7907;78
7908;53
7909;60
7910;41
7911;41
7912;72
7913;34
7914;40
7915;25
7916;61
7917;57
7918;83
7919;89
7920;37
7921;48
7922;10
7923;35
7924;24
7925;51
7926;65
7927;73
7928;59
7929;50
7930;15
7931;59
7932;52
7933;27
7934;51
7935;59
7936;14
7937;6
7938;74
7939;25
7940;48
7941;29
7942;28
7943;3
7944;2
7945;47
7946;63
7947;47
7948;68
7949;70
7950;21
7951;35
7952;43
7953;17
7954;15
7955;15
7956;53
7957;46
7958;68
7959;46
7960;33
7961;35
7962;11
7963;7
7964;31
7965;31
7966;32
7967;34
7968;29
7969;4
7970;10
7971;37
7972;27
7973;9
7974;5
7975;18
7976;24
7977;59
7978;56
7979;55
7980;51
7981;47
7982;55
7983;41
7984;34
7985;31
7986;30
7987;17
7988;0
7989;40
7990;46
7991;13
7992;17
7993;18
7994;33
7995;54
7996;30
7997;12
7998;31
7999;57
8000;8
8001;35
8002;38
8003;9
8004;9
8005;42
8006;68
8007;63
8008;91
8009;54
8010;62
8011;69
8012;20
8013;76
8014;60
8015;30
8016;10
8017;17
8018;17
8019;30
8020;70
8021;20
8022;26
8023;41
8024;23
8025;2
8026;1
8027;40
8028;54
8029;18
8030;17
8031;12
8032;14
8033;71
8034;63
8035;64
8036;52
8037;32
8038;31
8039;34
8040;52
8041;15
8042;17
8043;46
8044;42
8045;49
8046;4
8047;2
8048;28
8049;33
8050;1
8051;1
8052;42
8053;22
8054;24
8055;80
8056;50
8057;44
8058;8
8059;14
8060;24
8061;19
8062;37
8063;19
8064;45
8065;79
8066;21
8067;94
8068;66
8069;56
8070;23
8071;61
8072;19
8073;45
8074;54
8075;65
8076;59
8077;47
8078;40
8079;58
8080;76
8081;73
8082;52
8083;39
8084;75
8085;51
8086;35
8087;45
8088;52
8089;46
8090;12
8091;6
8092;48
8093;19
8094;49
8095;20
8096;35
8097;69
8098;43
8099;58
8100;49
8101;52
8102;29
8103;40
8104;44
8105;41
8106;7
8107;2
8108;8
8109;28
8110;97
8111;53
8112;39
8113;63
8114;30
8115;11
8116;16
8117;43
8118;70
8119;89
8120;73
8121;19
8122;30
8123;60
8124;17
8125;8
8126;74
8127;88
8128;43
8129;41
8130;3
8131;5
8132;14
8133;45
8134;30
8135;8
8136;16
8137;51
8138;52
8139;15
8140;15
8141;30
8142;50
8143;34
8144;9
8145;11
8146;21
8147;83
8148;42
8149;51
8150;51
8151;76
8152;51
8153;65
8154;40
8155;23
8156;26
8157;34
8158;34
8159;4
8160;0
8161;2
8162;47
8163;33
8164;9
8165;11
8166;41
8167;81
8168;53
8169;72
8170;37
8171;50
8172;13
8173;15
8174;52
8175;60
8176;43
8177;47
8178;69
8179;54
8180;95
8181;26
8182;37
8183;32
8184;7
8185;15
8186;59
8187;39
8188;31
8189;3
8190;4
8191;32
8192;70
8193;71
8194;51
8195;47
8196;75
8197;57
8198;75
8199;50
8200;82
8201;47
8202;15
8203;17
8204;53
8205;38
8206;37
8207;70
8208;37
8209;46
8210;1
8211;13
8212;8
8213;38
8214;42
8215;15
8216;3
8217;65
8218;24
8219;58
8220;80
8221;34
8222;54
8223;14
8224;7
8225;77
8226;32
8227;38
8228;17
8229;10
8230;0
8231;35
8232;72
8233;65
8234;25
8235;39
8236;81
8237;78
8238;66
8239;67
8240;27
8241;45
8242;5
8243;10
8244;0
8245;43
8246;49
8247;7
8248;15
8249;63
8250;73
8251;70
8252;75
8253;61
8254;47
8255;6
8256;15
8257;60
8258;69
8259;42
8260;98
8261;44
8262;45
8263;11
8264;7
8265;25
8266;85
8267;25
8268;71
8269;51
8270;47
8271;90
8272;42
8273;25
8274;27
8275;33
8276;8
8277;10
8278;80
8279;57
8280;41
8281;69
8282;52
8283;39
8284;9
8285;12
8286;56
8287;38
8288;17
8289;36
8290;39
8291;1
8292;14
8293;5
8294;60
8295;88
8296;26
8297;20
8298;55
8299;30
8300;23
8301;59
8302;39
8303;47
8304;18
8305;9
8306;42
8307;55
8308;46
8309;65
8310;40
8311;28
8312;11
8313;10
8314;71
8315;39
8316;43
8317;37
8318;10
8319;17
8320;72
8321;25
8322;25
8323;43
8324;5
8325;4
8326;30
8327;51
8328;9
8329;16
8330;21
8331;45
8332;23
8333;58
8334;42
8335;73
8336;54
8337;41
8338;36
8339;5
8340;14
8341;39
8342;34
8343;28
8344;3
8345;2
8346;17
8347;53
8348;58
8349;48
8350;8
8351;17
8352;10
8353;49
8354;81
8355;53
8356;67
8357;34
8358;42
8359;38
8360;4
8361;3
8362;35
8363;35
8364;12
8365;11
8366;6
8367;55
8368;54
8369;46
8370;36
8371;13
8372;9
8373;60
8374;54
8375;62
8376;67
8377;48
8378;66
8379;79
8380;21
8381;33
8382;59
8383;39
8384;6
8385;7
8386;70
8387;31
8388;28
8389;20
8390;2
8391;3
8392;15
8393;48
8394;80
8395;43
8396;39
8397;18
8398;13
8399;11
8400;18
8401;42
8402;60
8403;75
8404;36
8405;64
8406;49
8407;44
8408;43
8409;13
8410;15
8411;43
8412;8
8413;6
8414;47
8415;42
8416;13
8417;52
8418;11
8419;12
8420;36
8421;24
8422;6
8423;16
8424;51
8425;94
8426;47
8427;16
8428;37
8429;62
8430;54
8431;33
8432;50
8433;10
8434;13
8435;63
8436;66
8437;53
8438;61
8439;53
8440;69
8441;55
8442;70
8443;30
8444;56
8445;30
8446;61
8447;16
8448;6
8449;17
8450;37
8451;57
8452;18
8453;13
8454;74
8455;58
8456;22
8457;30
8458;47
8459;44
8460;8
8461;10
8462;45
8463;56
8464;9
8465;54
8466;74
8467;61
8468;29
8469;13
8470;17
8471;11
8472;40
8473;42
8474;11
8475;23
8476;48
8477;81
8478;63
8479;45
8480;52
8481;55
8482;44
8483;8
8484;66
8485;51
8486;38
8487;70
8488;54
8489;69
8490;60
8491;36
8492;56
8493;16
8494;9
8495;30
8496;73
8497;44
8498;51
8499;52
8500;48
8501;78
8502;36
8503;29
8504;52
8505;20
8506;35
8507;23
8508;76
8509;37
8510;44
8511;39
8512;18
8513;15
8514;17
8515;20
8516;36
8517;66
8518;46
8519;49
8520;7
8521;12
8522;42
8523;44
8524;1
8525;2
8526;12
8527;50
8528;56
8529;45
8530;34
8531;45
8532;39
8533;22
8534;37
8535;63
8536;72
8537;19
8538;36
8539;73
8540;49
8541;27
8542;6
8543;2
8544;61
8545;96
8546;37
8547;42
8548;12
8549;6
8550;54
8551;58
8552;95
8553;47
8554;30
8555;20
8556;0
8557;31
8558;51
8559;70
8560;62
8561;82
8562;52
8563;58
8564;14
8565;11
8566;73
8567;58
8568;26
8569;24
8570;45
8571;8
8572;1
8573;14
8574;8
8575;61
8576;58
8577;77
8578;62
8579;53
8580;20
8581;31
8582;0
8583;48
8584;37
8585;7
8586;8
8587;48
8588;88
8589;50
8590;47
8591;31
8592;42
8593;23
8594;16
8595;5
8596;67
8597;41
8598;45
8599;85
8600;37
8601;25
8602;90
8603;87
8604;29
8605;58
8606;56
8607;84
8608;54
8609;22
8610;54
8611;87
8612;58
8613;63
8614;35
8615;65
8616;81
8617;47
8618;50
8619;67
8620;82
8621;31
8622;29
8623;4
8624;49
8625;73
8626;49
8627;47
8628;57
8629;62
8630;70
8631;76
8632;24
8633;64
8634;44
8635;63
8636;21
8637;62
8638;26
8639;42
8640;2
8641;64
8642;27
8643;36
8644;3
8645;0
8646;29
8647;42
8648;18
8649;10
8650;8
8651;64
8652;56
8653;78
8654;74
8655;70
8656;56
8657;12
8658;34
8659;20
8660;40
8661;41
8662;4
8663;2
8664;27
8665;73
8666;42
8667;52
8668;41
8669;46
8670;9
8671;14
8672;49
8673;47
8674;3
8675;2
8676;65
8677;28
8678;47
8679;2
8680;2
8681;49
8682;58
8683;54
8684;54
8685;94
8686;57
8687;71
8688;45
8689;14
8690;28
8691;55
8692;44
8693;12
8694;9
8695;58
8696;53
8697;36
8698;12
8699;8
8700;10
8701;9
8702;65
8703;28
8704;61
8705;41
8706;57
8707;35
8708;61
8709;37
8710;6
8711;25
8712;21
8713;19
8714;33
8715;28
8716;7
8717;2
8718;1
8719;79
8720;80
8721;69
8722;23
8723;41
8724;19
8725;11
8726;46
8727;34
8728;11
8729;17
8730;44
8731;6
8732;70
8733;72
8734;48
8735;89
8736;36
8737;31
8738;9
8739;54
8740;70
8741;72
8742;33
8743;8
8744;12
8745;39
8746;47
8747;10
8748;15
8749;17
8750;47
8751;27
8752;5
8753;5
8754;7
8755;51
8756;66
8757;45
8758;66
8759;38
8760;38
8761;4
8762;49
8763;54
8764;64
8765;51
8766;64
8767;63
8768;68
8769;39
8770;48
8771;59
8772;49
8773;29
8774;43
8775;4
8776;11
8777;60
8778;49
8779;46
8780;48
8781;48
8782;63
8783;52
8784;58
8785;39
8786;81
8787;39
8788;43
8789;7
8790;51
8791;75
8792;69
8793;52
8794;84
8795;53
8796;70
8797;25
8798;56
8799;48
8800;9
8801;12
8802;6
8803;31
8804;61
8805;28
8806;47
8807;24
8808;34
8809;52
8810;9
8811;17
8812;44
8813;18
8814;8
8815;76
8816;88
8817;66
8818;39
8819;59
8820;25
8821;51
8822;59
8823;64
8824;35
8825;35
8826;6
8827;2
8828;33
8829;44
8830;81
8831;19
8832;57
8833;56
8834;8
8835;9
8836;17
8837;60
8838;77
8839;56
8840;61
8841;6
8842;58
8843;71
8844;78
8845;64
8846;35
8847;33
8848;76
8849;93
8850;46
8851;21
8852;38
8853;35
8854;13
8855;16
8856;39
8857;58
8858;79
8859;31
8860;27
8861;42
8862;67
8863;39
8864;38
8865;4
8866;9
8867;6
8868;33
8869;38
8870;15
8871;15
8872;5
8873;39
8874;91
8875;47
8876;30
8877;77
8878;38
8879;45
8880;32
8881;9
8882;15
8883;17
8884;16
8885;56
8886;88
8887;51
8888;36
8889;75
8890;27
8891;36
8892;5
8893;4
8894;28
8895;48
8896;12
8897;8
8898;52
8899;70
8900;64
8901;38
8902;49
8903;13
8904;16
8905;65
8906;70
8907;71
8908;54
8909;14
8910;42
8911;30
8912;59
8913;84
8914;67
8915;69
8916;61
8917;69
8918;74
8919;34
8920;21
8921;30
8922;53
8923;62
8924;26
8925;45
8926;37
8927;32
8928;19
8929;92
8930;19
8931;19
8932;63
8933;85
8934;38
8935;63
8936;16
8937;14
8938;8
8939;53
8940;31
8941;65
8942;64
8943;44
8944;32
8945;6
8946;5
8947;34
8948;46
8949;3
8950;33
8951;67
8952;69
8953;70
8954;38
8955;29
8956;0
8957;4
8958;26
8959;47
8960;7
8961;14
8962;43
8963;45
8964;63
8965;10
8966;8
8967;62
8968;67
8969;37
8970;26
8971;18
8972;44
8973;31
8974;12
8975;1
8976;19
8977;46
8978;39
8979;29
8980;9
8981;40
8982;71
8983;31
8984;32
8985;14
8986;0
8987;38
8988;38
8989;4
8990;7
8991;41
8992;46
8993;14
8994;6
8995;54
8996;59
8997;46
8998;78
8999;74
9000;26
9001;43
9002;24
9003;34
9004;29
9005;37
9006;11
9007;8
9008;47
9009;60
9010;11
9011;7
9012;12
9013;33
9014;26
9015;4
9016;2
9017;72
9018;76
9019;66
9020;61
9021;72
9022;70
9023;33
9024;53
9025;21
9026;30
9027;52
9028;13
9029;73
9030;66
9031;63
9032;30
9033;36
9034;68
9035;81
9036;78
9037;47
9038;54
9039;53
9040;76
9041;30
9042;51
9043;49
9044;12
9045;7
9046;60
9047;52
9048;95
9049;31
9050;13
9051;47
9052;35
9053;44
9054;16
9055;8
9056;73
9057;47
9058;46
9059;27
9060;30
9061;0
9062;3
9063;34
9064;36
9065;34
9066;17
9067;43
9068;49
9069;16
9070;17
9071;32
9072;67
9073;25
9074;25
9075;34
9076;42
9077;1
9078;1
9079;21
9080;23
9081;77
9082;57
9083;71
9084;60
9085;43
9086;48
9087;5
9088;9
9089;45
9090;23
9091;2
9092;11
9093;0
9094;63
9095;60
9096;58
9097;56
9098;90
9099;57
9100;83
9101;39
9102;54
9103;46
9104;12
9105;7
9106;55
9107;22
9108;39
9109;44
9110;38
9111;4
9112;11
9113;2
9114;66
9115;72
9116;42
9117;24
9118;4
9119;51
9120;27
9121;38
9122;60
9123;7
9124;17
9125;46
9126;44
9127;14
9128;40
9129;34
9130;44
9131;43
9132;3
9133;56
9134;74
9135;53
9136;49
9137;15
9138;85
9139;67
9140;24
9141;32
9142;9
9143;3
9144;41
9145;54
9146;18
9147;15
9148;17
9149;70
9150;20
9151;21
9152;19
9153;44
9154;39
9155;11
9156;3
9157;0
9158;5
9159;65
9160;89
9161;51
9162;74
9163;47
9164;36
9165;17
9166;79
9167;53
9168;76
9169;48
9170;53
9171;36
9172;10
9173;14
9174;60
9175;53
9176;45
9177;16
9178;15
9179;31
9180;41
9181;10
9182;43
9183;31
9184;3
9185;1
9186;14
9187;42
9188;40
9189;71
9190;81
9191;55
9192;38
9193;58
9194;62
9195;62
9196;80
9197;33
9198;65
9199;46
9200;72
9201;58
9202;52
9203;89
9204;44
9205;29
9206;7
9207;6
9208;74
9209;78
9210;77
9211;28
9212;33
9213;4
9214;39
9215;27
9216;44
9217;9
9218;12
9219;29
9220;39
9221;7
9222;8
9223;38
9224;20
9225;51
9226;79
9227;34
9228;54
9229;47
9230;62
9231;26
9232;75
9233;42
9234;33
9235;2
9236;8
9237;44
9238;20
9239;6
9240;4
9241;67
9242;65
9243;36
9244;64
9245;56
9246;64
9247;29
9248;53
9249;11
9250;16
9251;58
9252;26
9253;60
9254;28
9255;29
9256;5
9257;12
9258;0
9259;46
9260;76
9261;35
9262;36
9263;14
9264;57
9265;52
9266;20
9267;44
9268;19
9269;82
9270;21
9271;69
9272;40
9273;45
9274;12
9275;0
9276;35
9277;35
9278;18
9279;14
9280;68
9281;92
9282;22
9283;38
9284;43
9285;38
9286;45
9287;7
9288;10
9289;18
9290;68
9291;33
9292;66
9293;69
9294;62
9295;33
9296;67
9297;93
9298;37
9299;40
9300;10
9301;11
9302;36
9303;1
9304;67
9305;20
9306;36
9307;47
9308;39
9309;73
9310;40
9311;59
9312;35
9313;45
9314;1
9315;6
9316;19
9317;38
9318;5
9319;9
9320;33
9321;63
9322;8
9323;18
9324;8
9325;47
9326;46
9327;57
9328;52
9329;50
9330;35
9331;9
9332;18
9333;51
9334;72
9335;30
9336;34
9337;10
9338;35
9339;45
9340;46
9341;13
9342;10
9343;22
9344;40
9345;57
9346;21
9347;25
9348;19
9349;67
9350;39
9351;20
9352;16
9353;0
9354;38
9355;7
9356;16
9357;27
9358;43
9359;78
9360;36
9361;40
9362;80
9363;53
9364;42
9365;62
9366;24
9367;52
9368;52
9369;68
9370;60
9371;64
9372;55
9373;56
9374;71
9375;75
9376;61
9377;22
9378;59
9379;34
9380;6
9381;40
9382;39
9383;40
9384;15
9385;14
9386;77
9387;80
9388;69
9389;55
9390;59
9391;73
9392;84
9393;51
9394;75
9395;63
9396;59
9397;11
9398;7
9399;14
9400;22
9401;38
9402;49
9403;11
9404;14
9405;54
9406;51
9407;70
9408;89
9409;60
9410;54
9411;42
9412;26
9413;25
9414;91
9415;94
9416;59
9417;31
9418;31
9419;71
9420;68
9421;23
9422;39
9423;32
9424;10
9425;43
9426;45
9427;40
9428;10
9429;10
9430;39
9431;45
9432;40
9433;41
9434;4
9435;11
9436;4
9437;53
9438;64
9439;45
9440;57
9441;68
9442;68
9443;51
9444;57
9445;72
9446;22
9447;46
9448;39
9449;21
9450;15
9451;16
9452;39
9453;77
9454;76
9455;54
9456;44
9457;36
9458;49
9459;6
9460;10
9461;47
9462;68
9463;68
9464;58
9465;46
9466;22
9467;22
9468;82
9469;69
9470;21
9471;31
9472;12
9473;4
9474;17
9475;72
9476;26
9477;54
9478;44
9479;86
9480;61
9481;42
9482;9
9483;20
9484;48
9485;60
9486;46
9487;13
9488;8
9489;30
9490;22
9491;32
9492;2
9493;2
9494;75
9495;40
9496;19
9497;61
9498;35
9499;30
9500;2
9501;17
9502;1
9503;20
9504;22
9505;0
9506;5
9507;43
9508;35
9509;5
9510;1
9511;36
9512;82
9513;57
9514;61
9515;30
9516;7
9517;18
9518;47
9519;17
9520;70
9521;55
9522;83
9523;49
9524;41
9525;0
9526;12
9527;83
9528;65
9529;33
9530;20
9531;49
9532;50
9533;55
9534;6
9535;10
9536;30
9537;37
9538;34
9539;1
9540;4
9541;39
9542;59
9543;9
9544;62
9545;53
9546;27
9547;40
9548;2
9549;3
9550;50
9551;54
9552;13
9553;12
9554;45
9555;59
9556;54
9557;67
9558;23
9559;45
9560;34
9561;14
9562;81
9563;79
9564;44
9565;35
9566;90
9567;43
9568;70
9569;46
9570;81
9571;26
9572;91
9573;66
9574;92
9575;60
9576;35
9577;68
9578;21
9579;47
9580;49
9581;14
9582;9
9583;15
9584;25
9585;44
9586;66
9587;58
9588;61
9589;72
9590;52
9591;38
9592;51
9593;76
9594;26
9595;71
9596;59
9597;88
9598;36
9599;32
9600;4
9601;1
9602;35
9603;52
9604;62
9605;30
9606;6
9607;13
9608;48
9609;33
9610;15
9611;7
9612;43
9613;39
9614;9
9615;56
9616;48
9617;62
9618;52
9619;61
9620;18
9621;14
9622;70
9623;71
9624;88
9625;68
9626;34
9627;53
9628;74
9629;47
9630;48
9631;51
9632;11
9633;9
9634;16
9635;61
9636;75
9637;50
9638;37
9639;19
9640;27
9641;47
9642;61
9643;55
9644;36
9645;10
9646;17
9647;20
9648;21
9649;28
9650;34
9651;6
9652;15
9653;9
9654;23
9655;55
9656;58
9657;51
9658;42
9659;22
9660;44
9661;5
9662;14
9663;63
9664;38
9665;16
9666;6
9667;74
9668;30
9669;11
9670;38
9671;70
9672;68
9673;57
9674;56
9675;58
9676;63
9677;40
9678;52
9679;48
9680;88
9681;55
9682;59
9683;73
9684;88
9685;60
9686;60
9687;20
9688;78
9689;66
9690;64
9691;56
9692;81
9693;73
9694;32
9695;39
9696;39
9697;0
9698;2
9699;39
9700;43
9701;5
9702;13
9703;54
9704;65
9705;25
9706;48
9707;72
9708;50
9709;54
9710;36
9711;63
9712;20
9713;22
9714;47
9715;27
9716;44
9717;4
9718;3
9719;59
9720;44
9721;13
9722;7
9723;22
9724;54
9725;54
9726;69
9727;69
9728;47
9729;45
9730;3
9731;0
9732;39
9733;29
9734;13
9735;4
9736;88
9737;28
9738;60
9739;66
9740;68
9741;58
9742;70
9743;59
9744;62
9745;52
9746;92
9747;88
9748;50
9749;55
9750;43
9751;38
9752;57
9753;16
9754;31
9755;19
9756;9
9757;4
9758;11
9759;44
9760;39
9761;12
9762;15
9763;36
9764;38
9765;5
9766;9
9767;44
9768;10
9769;6
9770;34
9771;34
9772;31
9773;10
9774;17
9775;80
9776;60
9777;68
9778;54
9779;38
9780;63
9781;33
9782;13
9783;56
9784;51
9785;18
9786;44
9787;32
9788;14
9789;21
9790;51
9791;24
9792;88
9793;39
9794;70
9795;44
9796;35
9797;76
9798;44
9799;40
9800;1
9801;1
9802;37
9803;45
9804;0
9805;1
9806;32
9807;46
9808;13
9809;8
9810;6
9811;32
9812;10
9813;67
9814;61
9815;10
9816;16
9817;43
9818;24
9819;33
9820;71
9821;62
9822;33
9823;29
9824;18
9825;28
9826;43
9827;12
9828;11
9829;69
9830;54
9831;27
9832;65
9833;43
9834;11
9835;7
9836;12
9837;72
9838;73
9839;26
9840;51
9841;32
9842;88
9843;60
9844;41
9845;14
9846;9
9847;53
9848;49
9849;51
9850;24
9851;52
9852;32
9853;23
9854;19
9855;25
9856;46
9857;38
9858;62
9859;15
9860;11
9861;15
9862;36
9863;14
9864;17
9865;36
9866;35
9867;9
9868;37
9869;42
9870;17
9871;43
9872;34
9873;18
9874;1
9875;18
9876;43
9877;56
9878;37
9879;31
9880;6
9881;1
9882;46
9883;39
9884;10
9885;17
9886;44
9887;37
9888;8
9889;13
9890;25
9891;19
9892;91
9893;19
9894;19
9895;85
9896;80
9897;31
9898;39
9899;0
9900;2
9901;30
9902;59
9903;73
9904;35
9905;22
9906;21
9907;41
9908;61
9909;41
9910;64
9911;14
9912;26
9913;14
9914;9
9915;36
9916;52
9917;22
9918;92
9919;25
9920;47
9921;11
9922;8
9923;19
9924;43
9925;36
9926;2
9927;49
9928;34
9929;18
9930;9
9931;58
9932;57
9933;35
9934;41
9935;31
9936;12
9937;14
9938;17
9939;55
9940;39
9941;27
9942;2
9943;36
9944;24
9945;24
9946;66
9947;50
9948;53
9949;40
9950;31
9951;14
9952;3
9953;22
9954;44
9955;36
9956;8
9957;42
9958;46
9959;4
9960;35
9961;38
9962;46
9963;7
9964;18
9965;9
9966;9
9967;50
9968;63
9969;6
9970;39
9971;59
9972;40
9973;27
9974;9
9975;9
9976;9
9977;22
9978;26
9979;3
9980;3
9981;47
9982;31
9983;14
9984;17
9985;56
9986;50
9987;13
9988;8
9989;15
9990;51
9991;60
9992;28
9993;11
9994;12
9995;55
9996;41
9997;12
9998;17
9999;7
10000;17
10001;35
10002;20
10003;37
10004;11
10005;53
10006;44
10007;52
10008;55
10009;62
10010;78
10011;25
10012;19
10013;19
10014;39
10015;63
10016;9
10017;14
10018;16
10019;24
10020;54
10021;32
10022;53
10023;41
10024;8
10025;10
10026;62
10027;64
10028;69
10029;19
10030;39
10031;46
10032;35
10033;4
10034;52
10035;80
10036;41
10037;37
10038;4
10039;2
10040;77
10041;81
10042;60
10043;51
10044;9
10045;58
10046;87
10047;22
10048;56
10049;64
10050;25
10051;52
10052;35
10053;24
10054;49
10055;25
10056;68
10057;38
10058;22
10059;36
10060;72
10061;67
10062;72
10063;23
10064;25
10065;51
10066;34
10067;10
10068;12
10069;17
10070;53
10071;95
10072;63
10073;73
10074;55
10075;46
10076;67
10077;21
10078;55
10079;38
10080;39
10081;34
10082;10
10083;97
10084;60
10085;21
10086;89
10087;53
10088;69
10089;60
10090;58
10091;20
10092;75
10093;22
10094;53
10095;73
10096;39
10097;37
10098;12
10099;58
10100;51
10101;39
10102;38
10103;81
10104;78
10105;32
10106;71
10107;57
10108;49
10109;41
10110;4
10111;6
10112;32
10113;45
10114;5
10115;0
10116;1
10117;21
10118;19
10119;64
10120;19
10121;62
10122;85
10123;66
10124;70
10125;65
10126;66
10127;44
10128;32
10129;0
10130;5
10131;50
10132;45
10133;18
10134;65
10135;34
10136;57
10137;36
10138;13
10139;14
10140;51
10141;81
10142;63
10143;31
10144;34
10145;9
10146;5
10147;11
10148;63
10149;57
10150;44
10151;60
10152;56
10153;50
10154;17
10155;34
10156;55
10157;43
10158;51
10159;75
10160;20
10161;22
10162;67
10163;59
10164;48
10165;35
10166;74
10167;46
10168;54
10169;12
10170;23
10171;23
10172;98
10173;23
10174;73
10175;72
10176;79
10177;71
10178;24
10179;51
10180;26
10181;36
10182;9
10183;70
10184;73
10185;50
10186;40
10187;49
10188;58
10189;17
10190;29
10191;29
10192;40
10193;2
10194;5
10195;51
10196;78
10197;39
10198;47
10199;14
10200;1
10201;55
10202;28
10203;37
10204;11
10205;18
10206;12
10207;47
10208;22
10209;97
10210;59
10211;71
10212;49
10213;33
10214;32
10215;42
10216;42
10217;18
10218;1
10219;88
10220;73
10221;52
10222;49
10223;15
10224;48
10225;28
10226;29
10227;1
10228;2
10229;31
10230;34
10231;15
10232;4
10233;63
10234;55
10235;52
10236;63
10237;46
10238;21
10239;85
10240;43
10241;40
10242;14
10243;17
10244;13
10245;36
10246;27
10247;16
10248;37
10249;20
10250;32
10251;52
10252;88
10253;57
10254;51
10255;10
10256;15
10257;20
10258;58
10259;43
10260;31
10261;10
10262;6
10263;46
10264;20
10265;19
10266;39
10267;25
10268;24
10269;59
10270;52
10271;65
10272;74
10273;61
10274;53
10275;52
10276;61
10277;52
10278;59
10279;54
10280;35
10281;75
10282;45
10283;50
10284;27
10285;21
10286;4
10287;4
10288;18
10289;80
10290;88
10291;49
10292;29
10293;59
10294;36
10295;11
10296;36
10297;9
10298;16
10299;27
10300;81
10301;20
10302;40
10303;64
10304;26
10305;8
10306;16
10307;19
10308;45
10309;3
10310;18
10311;5
10312;46
10313;68
10314;68
10315;71
10316;63
10317;55
10318;72
10319;62
10320;55
10321;18
10322;14
10323;64
10324;49
10325;42
10326;20
10327;42
10328;36
10329;4
10330;42
10331;24
10332;49
10333;38
10334;3
10335;30
10336;46
10337;2
10338;16
10339;44
10340;66
10341;72
10342;36
10343;33
10344;21
10345;77
10346;57
10347;23
10348;81
10349;44
10350;31
10351;30
10352;42
10353;26
10354;12
10355;4
10356;55
10357;20
10358;55
10359;53
10360;46
10361;54
10362;17
10363;15
10364;27
10365;19
10366;5
10367;17
10368;40
10369;27
10370;25
10371;4
10372;24
10373;29
10374;8
10375;4
10376;7
10377;55
10378;48
10379;19
10380;66
10381;49
10382;20
10383;4
10384;4
10385;11
10386;90
10387;73
10388;23
10389;20
10390;64
10391;33
10392;20
10393;53
10394;61
10395;46
10396;44
10397;31
10398;16
10399;3
10400;95
10401;61
10402;69
10403;32
10404;20
10405;21
10406;67
10407;24
10408;21
10409;29
10410;0
10411;4
10412;1
10413;0
10414;26
10415;77
10416;31
10417;29
10418;57
10419;84
10420;46
10421;27
10422;18
10423;11
10424;17
10425;77
10426;66
10427;47
10428;64
10429;72
10430;75
10431;51
10432;60
10433;46
10434;77
10435;37
10436;39
10437;11
10438;39
10439;66
10440;30
10441;59
10442;64
10443;27
10444;25
10445;1
10446;20
10447;46
10448;5
10449;18
10450;9
10451;32
10452;73
10453;84
10454;51
10455;69
10456;37
10457;54
10458;49
10459;37
10460;14
10461;14
10462;15
10463;70
10464;45
10465;30
10466;5
10467;4
10468;45
10469;39
10470;8
10471;44
10472;25
10473;96
10474;76
10475;37
10476;66
10477;30
10478;36
10479;49
10480;3
10481;10
10482;1
10483;3
10484;46
10485;39
10486;10
10487;12
10488;16
10489;6
10490;41
10491;52
10492;10
10493;6
10494;69
10495;59
10496;67
10497;33
10498;47
10499;20
10500;33
10501;38
10502;6
10503;11
10504;16
10505;69
10506;21
10507;34
10508;37
10509;36
10510;10
10511;38
10512;21
10513;2
10514;73
10515;56
10516;36
10517;77
10518;63
10519;58
10520;11
10521;14
10522;20
10523;3
10524;0
10525;63
10526;62
10527;51
10528;57
10529;28
10530;59
10531;14
10532;17
10533;16
10534;39
10535;19
10536;3
10537;6
10538;26
10539;65
10540;31
10541;30
10542;15
10543;17
10544;16
10545;43
10546;42
10547;19
10548;4
10549;3
10550;34
10551;43
10552;49
10553;47
10554;16
10555;7
10556;58
10557;65
10558;63
10559;10
10560;62
10561;57
10562;35
10563;73
10564;54
10565;41
10566;12
10567;81
10568;52
10569;22
10570;67
10571;54
10572;31
10573;72
10574;51
10575;47
10576;32
10577;23
10578;56
10579;93
10580;59
10581;61
10582;63
10583;31
10584;14
10585;9
10586;6
10587;5
10588;49
10589;25
10590;9
10591;77
10592;72
10593;20
10594;56
10595;64
10596;47
10597;28
10598;7
10599;11
10600;27
10601;39
10602;8
10603;11
10604;71
10605;51
10606;54
10607;75
10608;41
10609;22
10610;27
10611;86
10612;47
10613;30
10614;37
10615;43
10616;62
10617;52
10618;23
10619;54
10620;24
10621;28
10622;53
10623;66
10624;57
10625;76
10626;70
10627;49
10628;31
10629;49
10630;5
10631;13
10632;45
10633;21
10634;5
10635;3
10636;59
10637;36
10638;31
10639;34
10640;5
10641;11
10642;52
10643;77
10644;60
10645;82
10646;81
10647;65
10648;54
10649;55
10650;14
10651;17
10652;60
10653;53
10654;18
10655;18
10656;11
10657;42
10658;42
10659;16
10660;4
10661;52
10662;26
10663;55
10664;20
10665;53
10666;45
10667;43
10668;1
10669;2
10670;26
10671;47
10672;3
10673;12
10674;89
10675;40
10676;41
10677;53
10678;16
10679;6
10680;17
10681;64
10682;19
10683;62
10684;46
10685;20
10686;23
10687;38
10688;21
10689;68
10690;67
10691;29
10692;44
10693;4
10694;1
10695;73
10696;26
10697;60
10698;36
10699;45
10700;17
10701;8
10702;51
10703;62
10704;37
10705;34
10706;3
10707;4
10708;52
10709;26
10710;11
10711;39
10712;69
10713;65
10714;57
10715;52
10716;98
10717;30
10718;36
10719;3
10720;0
10721;3
10722;70
10723;53
10724;61
10725;78
10726;57
10727;52
10728;32
10729;6
10730;14
10731;51
10732;17
10733;12
10734;28
10735;35
10736;14
10737;2
10738;25
10739;58
10740;75
10741;48
10742;55
10743;31
10744;41
10745;11
10746;13
10747;72
10748;68
10749;40
10750;66
10751;57
10752;32
10753;11
10754;6
10755;29
10756;33
10757;36
10758;10
10759;14
10760;23
10761;52
10762;73
10763;70
10764;47
10765;49
10766;12
10767;10
10768;12
10769;51
10770;61
10771;75
10772;62
10773;51
10774;44
10775;40
10776;6
10777;0
10778;0
10779;34
10780;40
10781;2
10782;8
10783;31
10784;27
10785;4
10786;6
10787;56
10788;38
10789;33
10790;11
10791;8
10792;51
10793;83
10794;49
10795;48
10796;81
10797;83
10798;51
10799;40
10800;13
10801;18
10802;23
10803;44
10804;39
10805;44
10806;15
10807;5
10808;4
10809;47
10810;6
10811;16
10812;37
10813;50
10814;15
10815;7
10816;67
10817;38
10818;24
10819;23
10820;78
10821;44
10822;41
10823;19
10824;4
10825;3
10826;3
10827;43
10828;35
10829;12
10830;2
10831;53
10832;81
10833;56
10834;36
10835;30
10836;29
10837;6
10838;16
10839;6
10840;50
10841;44
10842;12
10843;17
10844;49
10845;53
10846;50
10847;49
10848;46
10849;92
10850;70
10851;37
10852;50
10853;6
10854;6
10855;13
10856;45
10857;67
10858;83
10859;43
10860;56
10861;79
10862;85
10863;42
10864;40
10865;17
10866;17
10867;36
10868;49
10869;42
10870;6
10871;7
10872;30
10873;28
10874;0
10875;64
10876;48
10877;33
10878;48
10879;6
10880;9
10881;47
10882;75
10883;72
10884;60
10885;43
10886;61
10887;46
10888;36
10889;24
10890;2
10891;12
10892;22
10893;56
10894;54
10895;42
10896;9
10897;7
10898;9
10899;36
10900;13
10901;11
10902;8
10903;23
10904;69
10905;27
10906;33
10907;37
10908;4
10909;1
10910;0
10911;64
10912;69
10913;67
10914;62
10915;42
10916;38
10917;7
10918;0
10919;6
10920;51
10921;43
10922;29
10923;0
10924;16
10925;4
10926;50
10927;53
10928;10
10929;9
10930;44
10931;69
10932;48
10933;45
10934;74
10935;40
10936;60
10937;80
10938;33
10939;43
10940;1
10941;2
10942;4
10943;65
10944;61
10945;90
10946;54
10947;20
10948;75
10949;38
10950;19
10951;0
10952;3
10953;31
10954;37
10955;6
10956;5
10957;59
10958;37
10959;13
10960;39
10961;31
10962;4
10963;50
10964;67
10965;57
10966;35
10967;84
10968;38
10969;47
10970;4
10971;5
10972;52
10973;29
10974;39
10975;14
10976;49
10977;51
10978;14
10979;47
10980;53
10981;59
10982;41
10983;15
10984;40
10985;63
10986;54
10987;38
10988;66
10989;93
