1;48
2;23
3;5
4;9
5;36
6;54
7;51
8;39
9;44
10;12
11;12
12;63
13;75
14;52
15;76
16;34
17;39
18;4
19;6
20;52
21;67
22;36
23;27
24;0
25;15
26;36
27;16
28;41
29;56
30;74
31;20
32;32
33;24
34;25
35;75
36;29
37;60
38;56
39;53
40;70
41;22
42;32
43;61
44;47
45;47
46;76
47;47
48;83
49;32
50;76
51;45
52;34
53;17
54;1
55;5
56;32
57;28
58;6
59;1
60;18
61;92
62;54
63;67
64;39
65;23
66;3
67;22
68;26
69;48
70;53
71;7
72;8
73;68
74;30
75;23
76;23
77;35
78;1
79;15
80;56
81;36
82;40
83;38
84;11
85;14
86;21
87;30
88;43
89;23
90;75
91;34
92;7
93;77
94;61
95;26
96;6
97;41
98;39
99;4
100;2
101;27
102;47
103;7
104;5
105;50
106;31
107;0
108;37
109;49
110;1
111;3
112;35
113;19
114;27
115;57
116;24
117;29
118;79
119;26
120;39
121;35
122;32
123;13
124;10
125;27
126;7
127;30
128;23
129;14
130;12
131;81
132;56
133;46
134;75
135;66
136;33
137;36
138;25
139;82
140;87
141;19
142;21
143;58
144;35
145;58
146;37
147;76
148;65
149;77
150;50
151;40
152;62
153;10
154;9
155;12
156;7
157;62
158;36
159;34
160;15
161;48
162;46
163;77
164;59
165;58
166;71
167;61
168;35
169;41
170;54
171;43
172;88
173;63
174;83
175;58
176;54
177;60
178;91
179;51
180;36
181;29
182;25
183;38
184;38
185;11
186;17
187;7
188;69
189;47
190;33
191;46
192;16
193;9
194;55
195;44
196;63
197;39
198;31
199;29
200;55
201;61
202;55
203;38
204;78
205;56
206;19
207;35
208;49
209;60
210;20
211;21
212;83
213;27
214;35
215;13
216;12
217;28
218;27
219;55
220;82
221;20
222;48
223;77
224;50
225;49
226;46
227;3
228;13
229;26
230;0
231;45
232;41
233;6
234;6
235;40
236;35
237;31
238;38
239;26
240;48
241;36
242;36
243;42
244;90
245;37
246;19
247;32
248;27
249;4
250;4
251;42
252;49
253;18
254;9
255;24
256;26
257;23
258;28
259;27
260;3
261;5
262;4
263;66
264;25
265;66
266;78
267;62
268;51
269;61
270;69
271;46
272;40
273;9
274;12
275;46
276;39
277;53
278;56
279;60
280;53
281;27
282;36
283;32
284;44
285;36
286;3
287;9
288;79
289;54
290;32
291;13
292;11
293;8
294;9
295;78
296;75
297;47
298;27
299;2
300;42
301;27
302;5
303;18
304;24
305;24
306;33
307;42
308;17
309;12
310;25
311;44
312;18
313;5
314;26
315;46
316;61
317;84
318;26
319;82
320;25
321;70
322;66
323;64
324;54
325;62
326;41
327;44
328;29
329;15
330;6
331;54
332;66
333;38
334;32
335;43
336;24
337;4
338;5
339;15
340;21
341;30
342;43
343;30
344;43
345;68
346;76
347;56
348;41
349;8
350;16
351;93
352;63
353;68
354;29
355;44
356;10
357;10
358;30
359;40
360;6
361;5
362;45
363;56
364;7
365;7
366;59
367;50
368;29
369;54
370;56
371;63
372;57
373;48
374;47
375;29
376;48
377;34
378;10
379;8
380;12
381;40
382;50
383;74
384;35
385;44
386;16
387;1
388;59
389;46
390;12
391;18
392;53
393;25
394;56
395;26
396;51
397;11
398;30
399;88
400;76
401;71
402;43
403;27
404;36
405;6
406;6
407;38
408;35
409;23
410;75
411;42
412;24
413;19
414;43
415;22
416;47
417;31
418;7
419;9
420;47
421;28
422;36
423;1
424;36
425;61
426;48
427;41
428;66
429;33
430;53
431;79
432;28
433;38
434;69
435;82
436;65
437;44
438;9
439;17
440;63
441;90
442;27
443;84
444;82
445;40
446;47
447;40
448;1
449;34
450;70
451;59
452;55
453;76
454;73
455;54
456;70
457;54
458;58
459;60
460;27
461;18
462;6
463;67
464;54
465;63
466;58
467;35
468;36
469;11
470;15
471;12
472;12
473;57
474;61
475;48
476;32
477;17
478;9
479;38
480;45
481;45
482;30
483;70
484;66
485;52
486;21
487;49
488;33
489;10
490;17
491;68
492;75
493;41
494;62
495;68
496;25
497;27
498;51
499;41
500;49
501;1
502;5
503;67
504;40
505;44
506;51
507;44
508;35
509;24
510;49
511;48
512;22
513;35
514;33
515;4
516;19
517;19
518;73
519;23
520;31
521;23
522;37
523;64
524;22
525;50
526;77
527;21
528;38
529;23
530;22
531;19
532;25
533;29
534;9
535;62
536;50
537;47
538;39
539;4
540;65
541;87
542;55
543;60
544;59
545;66
546;37
547;54
548;66
549;60
550;25
551;43
552;38
553;24
554;25
555;57
556;59
557;47
558;66
559;43
560;28
561;7
562;9
563;12
564;83
565;88
566;26
567;85
568;23
569;28
570;13
571;0
572;53
573;55
574;56
575;28
576;68
577;19
578;21
579;74
580;45
581;57
582;58
583;84
584;38
585;78
586;92
587;46
588;56
589;16
590;13
591;60
592;29
593;57
594;53
595;66
596;28
597;23
598;12
599;10
600;3
601;74
602;45
603;45
604;5
605;17
606;30
607;21
608;42
609;3
610;3
611;57
612;53
613;38
614;37
615;23
616;4
617;3
618;44
619;57
620;33
621;40
622;40
623;7
624;4
625;32
626;53
627;54
628;43
629;35
630;69
631;59
632;47
633;34
634;17
635;17
636;31
637;29
638;7
639;12
640;43
641;68
642;55
643;46
644;84
645;76
646;66
647;20
648;22
649;53
650;54
651;57
652;33
653;75
654;81
655;55
656;49
657;27
658;2
659;4
660;3
661;73
662;37
663;51
664;89
665;20
666;68
667;26
668;62
669;22
670;24
671;24
672;53
673;50
674;60
675;56
676;69
677;42
678;3
679;1
680;3
681;55
682;29
683;43
684;45
685;12
686;1
687;76
688;54
689;45
690;46
691;18
692;1
693;37
694;44
695;3
696;33
697;56
698;10
699;12
700;76
701;71
702;70
703;61
704;66
705;60
706;35
707;39
708;4
709;0
710;4
711;41
712;39
713;47
714;7
715;7
716;39
717;72
718;41
719;80
720;48
721;47
722;53
723;48
724;49
725;54
726;51
727;65
728;25
729;64
730;30
731;73
732;51
733;68
734;74
735;51
736;57
737;21
738;51
739;31
740;53
741;15
742;18
743;6
744;28
745;32
746;12
747;13
748;51
749;20
750;46
751;45
752;49
753;7
754;17
755;31
756;51
757;23
758;58
759;52
760;62
761;50
762;52
763;29
764;45
765;18
766;4
767;28
768;33
769;9
770;17
771;58
772;26
773;47
774;56
775;62
776;34
777;59
778;50
779;62
780;60
781;44
782;22
783;80
784;71
785;85
786;37
787;54
788;58
789;51
790;70
791;26
792;41
793;11
794;10
795;29
796;76
797;43
798;50
799;42
800;27
801;35
802;3
803;3
804;12
805;64
806;20
807;29
808;63
809;58
810;39
811;9
812;16
813;46
814;71
815;39
816;22
817;18
818;3
819;33
820;41
821;5
822;1
823;30
824;27
825;71
826;21
827;69
828;25
829;45
830;64
831;48
832;36
833;22
834;24
835;21
836;32
837;44
838;37
839;27
840;15
841;14
842;36
843;38
844;12
845;15
846;48
847;49
848;18
849;12
850;31
851;11
852;6
853;91
854;47
855;19
856;61
857;10
858;32
859;22
860;4
861;2
862;3
863;17
864;48
865;50
866;39
867;32
868;71
869;53
870;74
871;68
872;22
873;30
874;66
875;70
876;30
877;53
878;48
879;56
880;52
881;59
882;37
883;18
884;17
885;13
886;6
887;34
888;31
889;0
890;4
891;26
892;47
893;25
894;28
895;44
896;31
897;8
898;2
899;29
900;68
901;21
902;31
903;56
904;63
905;56
906;52
907;10
908;32
909;28
910;56
911;24
912;42
913;24
914;5
915;1
916;3
917;41
918;48
919;3
920;7
921;21
922;29
923;15
924;5
925;91
926;51
927;58
928;33
929;22
930;29
931;52
932;20
933;19
934;36
935;48
936;17
937;11
938;6
939;28
940;50
941;37
942;43
943;6
944;14
945;45
946;59
947;58
948;56
949;92
950;39
951;54
952;19
953;65
954;41
955;48
956;70
957;35
958;27
959;14
960;4
961;62
962;61
963;38
964;59
965;52
966;8
967;55
968;46
969;10
970;15
971;59
972;21
973;75
974;28
975;47
976;15
977;20
978;68
979;56
980;19
981;28
982;53
983;71
984;22
985;40
986;52
987;30
988;24
989;51
990;35
991;22
992;14
993;1
994;34
995;48
996;0
997;45
998;70
999;27
1000;75
1001;44
1002;53
1003;53
1004;39
1005;53
1006;56
1007;41
1008;42
1009;34
1010;17
1011;16
1012;59
1013;57
1014;23
1015;82
1016;32
1017;69
1018;35
1019;39
1020;12
1021;13
1022;57
1023;45
1024;16
1025;6
1026;10
1027;24
1028;6
1029;28
1030;9
1031;37
1032;40
1033;39
1034;0
1035;18
1036;10
1037;57
1038;60
1039;36
1040;28
1041;12
1042;4
1043;47
1044;47
1045;18
1046;79
1047;74
1048;37
1049;33
1050;5
1051;9
1052;50
1053;25
1054;45
1055;67
1056;37
1057;68
1058;48
1059;80
1060;30
1061;59
1062;37
1063;67
1064;46
1065;7
1066;35
1067;26
1068;2
1069;50
1070;30
1071;43
1072;25
1073;64
1074;58
1075;70
1076;74
1077;81
1078;66
1079;36
1080;54
1081;29
1082;57
1083;34
1084;48
1085;29
1086;47
1087;36
1088;1
1089;12
1090;27
1091;50
1092;52
1093;11
1094;17
1095;71
1096;72
1097;53
1098;8
1099;6
1100;45
1101;73
1102;71
1103;70
1104;59
1105;20
1106;40
1107;86
1108;71
1109;57
1110;61
1111;31
1112;6
1113;50
1114;35
1115;16
1116;69
1117;37
1118;9
1119;54
1120;35
1121;21
1122;93
1123;43
1124;46
1125;0
1126;5
1127;20
1128;35
1129;28
1130;5
1131;13
1132;52
1133;67
1134;49
1135;50
1136;8
1137;10
1138;60
1139;34
1140;14
1141;13
1142;7
1143;53
1144;21
1145;37
1146;25
1147;17
1148;11
1149;63
1150;43
1151;73
1152;36
1153;68
1154;51
1155;73
1156;64
1157;79
1158;63
1159;57
1160;19
1161;84
1162;48
1163;23
1164;42
1165;27
1166;1
1167;10
1168;67
1169;33
1170;42
1171;11
1172;11
1173;37
1174;31
1175;13
1176;42
1177;64
1178;69
1179;34
1180;73
1181;25
1182;20
1183;47
1184;39
1185;44
1186;27
1187;47
1188;89
1189;84
1190;54
1191;66
1192;21
1193;28
1194;28
1195;70
1196;46
1197;68
1198;35
1199;62
1200;91
1201;70
1202;26
1203;52
1204;63
1205;47
1206;46
1207;42
1208;53
1209;51
1210;79
1211;28
1212;49
1213;28
1214;90
1215;47
1216;11
1217;61
1218;53
1219;42
1220;74
1221;51
1222;32
1223;53
1224;24
1225;55
1226;62
1227;30
1228;49
1229;12
1230;68
1231;71
1232;74
1233;42
1234;1
1235;28
1236;30
1237;13
1238;47
1239;29
1240;8
1241;13
1242;6
1243;13
1244;42
1245;46
1246;47
1247;9
1248;22
1249;32
1250;5
1251;16
1252;46
1253;34
1254;9
1255;21
1256;47
1257;39
1258;38
1259;43
1260;3
1261;39
1262;55
1263;58
1264;37
1265;10
1266;9
1267;50
1268;53
1269;92
1270;47
1271;48
1272;36
1273;91
1274;46
1275;24
1276;46
1277;3
1278;6
1279;22
1280;22
1281;11
1282;0
1283;12
1284;62
1285;25
1286;53
1287;43
1288;40
1289;22
1290;77
1291;31
1292;61
1293;67
1294;35
1295;50
1296;18
1297;6
1298;9
1299;8
1300;35
1301;71
1302;50
1303;77
1304;63
1305;49
1306;49
1307;24
1308;19
1309;20
1310;27
1311;76
1312;66
1313;35
1314;50
1315;87
1316;69
1317;41
1318;45
1319;47
1320;78
1321;77
1322;80
1323;54
1324;26
1325;52
1326;25
1327;25
1328;58
1329;32
1330;24
1331;45
1332;29
1333;43
1334;82
1335;68
1336;48
1337;70
1338;67
1339;34
1340;13
1341;50
1342;52
1343;84
1344;51
1345;59
1346;60
1347;75
1348;26
1349;51
1350;35
1351;14
1352;26
1353;44
1354;1
1355;3
1356;49
1357;62
1358;63
1359;18
1360;12
1361;55
1362;61
1363;25
1364;43
1365;60
1366;88
1367;62
1368;56
1369;51
1370;15
1371;11
1372;18
1373;85
1374;23
1375;78
1376;54
1377;60
1378;46
1379;36
1380;7
1381;39
1382;33
1383;7
1384;68
1385;57
1386;51
1387;59
1388;38
1389;47
1390;18
1391;18
1392;16
1393;50
1394;21
1395;29
1396;12
1397;10
1398;3
1399;5
1400;7
1401;8
1402;60
1403;33
1404;9
1405;70
1406;46
1407;47
1408;19
1409;21
1410;19
1411;75
1412;51
1413;62
1414;45
1415;16
1416;9
1417;61
1418;53
1419;38
1420;51
1421;15
1422;14
1423;24
1424;24
1425;25
1426;73
1427;28
1428;78
1429;46
1430;18
1431;13
1432;43
1433;70
1434;57
1435;73
1436;22
1437;57
1438;60
1439;9
1440;20
1441;40
1442;0
1443;1
1444;67
1445;64
1446;45
1447;29
1448;6
1449;4
1450;3
1451;60
1452;57
1453;36
1454;65
1455;36
1456;36
1457;50
1458;27
1459;58
1460;6
1461;10
1462;10
1463;37
1464;70
1465;48
1466;37
1467;3
1468;16
1469;37
1470;3
1471;1
1472;56
1473;64
1474;39
1475;28
1476;16
1477;17
1478;38
1479;23
1480;1
1481;4
1482;80
1483;81
1484;24
1485;30
1486;44
1487;18
1488;31
1489;42
1490;72
1491;59
1492;45
1493;14
1494;53
1495;58
1496;54
1497;31
1498;6
1499;14
1500;34
1501;41
1502;40
1503;8
1504;0
1505;30
1506;58
1507;51
1508;9
1509;18
1510;34
1511;36
1512;7
1513;4
1514;11
1515;2
1516;53
1517;32
1518;38
1519;19
1520;59
1521;23
1522;71
1523;37
1524;27
1525;17
1526;5
1527;24
1528;69
1529;42
1530;26
1531;11
1532;14
1533;7
1534;36
1535;18
1536;28
1537;79
1538;19
1539;35
1540;28
1541;40
1542;13
1543;12
1544;53
1545;63
1546;14
1547;8
1548;39
1549;32
1550;0
1551;70
1552;51
1553;57
1554;64
1555;63
1556;83
1557;22
1558;22
1559;27
1560;24
1561;24
1562;61
1563;26
1564;59
1565;38
1566;0
1567;3
1568;3
1569;48
1570;56
1571;34
1572;28
1573;5
1574;19
1575;62
1576;79
1577;63
1578;63
1579;84
1580;54
1581;85
1582;46
1583;44
1584;17
1585;71
1586;23
1587;60
1588;40
1589;64
1590;17
1591;18
1592;6
1593;25
1594;54
1595;48
1596;62
1597;50
1598;89
1599;46
1600;39
1601;56
1602;14
1603;10
1604;44
1605;27
1606;12
1607;9
1608;21
1609;46
1610;59
1611;75
1612;63
1613;56
1614;26
1615;30
1616;31
1617;13
1618;18
1619;43
1620;58
1621;12
1622;7
1623;17
1624;58
1625;11
1626;6
1627;59
1628;59
1629;72
1630;60
1631;58
1632;44
1633;39
1634;3
1635;60
1636;38
1637;17
1638;14
1639;54
1640;62
1641;29
1642;35
1643;6
1644;10
1645;13
1646;47
1647;59
1648;14
1649;12
1650;15
1651;11
1652;52
1653;18
1654;76
1655;45
1656;73
1657;47
1658;41
1659;18
1660;0
1661;47
1662;6
1663;46
1664;45
1665;9
1666;9
1667;31
1668;35
1669;15
1670;29
1671;29
1672;35
1673;2
1674;3
1675;51
1676;26
1677;25
1678;51
1679;83
1680;64
1681;56
1682;63
1683;76
1684;27
1685;51
1686;46
1687;21
1688;56
1689;25
1690;31
1691;36
1692;6
1693;9
1694;66
1695;81
1696;46
1697;57
1698;64
1699;22
1700;36
1701;27
1702;17
1703;15
1704;71
1705;56
1706;46
1707;57
1708;82
1709;32
1710;50
1711;17
1712;9
1713;26
1714;39
1715;7
1716;35
1717;36
1718;14
1719;25
1720;46
1721;67
1722;46
1723;56
1724;6
1725;57
1726;48
1727;8
1728;8
1729;75
1730;20
1731;70
1732;54
1733;29
1734;52
1735;6
1736;38
1737;61
1738;48
1739;75
1740;49
1741;51
1742;23
1743;65
1744;41
1745;48
1746;6
1747;11
1748;75
1749;82
1750;93
1751;50
1752;24
1753;54
1754;41
1755;40
1756;48
1757;39
1758;33
1759;34
1760;2
1761;4
1762;52
1763;33
1764;51
1765;12
1766;8
1767;17
1768;16
1769;49
1770;49
1771;63
1772;87
1773;52
1774;22
1775;39
1776;51
1777;66
1778;57
1779;22
1780;35
1781;58
1782;20
1783;42
1784;2
1785;4
1786;38
1787;29
1788;28
1789;3
1790;2
1791;14
1792;33
1793;34
1794;5
1795;4
1796;63
1797;60
1798;34
1799;19
1800;17
1801;9
1802;64
1803;55
1804;52
1805;49
1806;36
1807;60
1808;61
1809;24
1810;32
1811;26
1812;33
1813;12
1814;8
1815;14
1816;37
1817;36
1818;17
1819;85
1820;41
1821;80
1822;64
1823;28
1824;53
1825;44
1826;28
1827;14
1828;63
1829;36
1830;66
1831;26
1832;45
1833;15
1834;8
1835;27
1836;39
1837;8
1838;21
1839;63
1840;26
1841;58
1842;35
1843;51
1844;45
1845;13
1846;47
1847;6
1848;29
1849;43
1850;0
1851;6
1852;94
1853;71
1854;55
1855;30
1856;70
1857;57
1858;89
1859;74
1860;34
1861;47
1862;65
1863;51
1864;58
1865;28
1866;19
1867;34
1868;68
1869;24
1870;19
1871;23
1872;24
1873;47
1874;29
1875;21
1876;35
1877;20
1878;42
1879;29
1880;39
1881;1
1882;12
1883;8
1884;86
1885;22
1886;48
1887;29
1888;13
1889;13
1890;20
1891;51
1892;51
1893;12
1894;15
1895;33
1896;51
1897;18
1898;6
1899;19
1900;54
1901;23
1902;36
1903;70
1904;73
1905;51
1906;38
1907;14
1908;71
1909;62
1910;53
1911;69
1912;47
1913;60
1914;55
1915;55
1916;15
1917;12
1918;34
1919;44
1920;32
1921;16
1922;14
1923;20
1924;62
1925;37
1926;7
1927;7
1928;16
1929;78
1930;59
1931;36
1932;44
1933;28
1934;0
1935;58
1936;57
1937;66
1938;59
1939;23
1940;71
1941;22
1942;27
1943;48
1944;39
1945;49
1946;41
1947;12
1948;2
1949;9
1950;36
1951;43
1952;16
1953;37
1954;37
1955;15
1956;32
1957;47
1958;13
1959;4
1960;51
1961;33
1962;63
1963;59
1964;10
1965;10
1966;38
1967;33
1968;15
1969;5
1970;67
1971;22
1972;59
1973;53
1974;35
1975;51
1976;18
1977;38
1978;43
1979;5
1980;0
1981;9
1982;22
1983;49
1984;5
1985;2
1986;24
1987;83
1988;61
1989;30
1990;20
1991;1
1992;4
1993;36
1994;31
1995;43
1996;4
1997;17
1998;45
1999;53
2000;14
2001;15
2002;34
2003;57
2004;26
2005;19
2006;81
2007;62
2008;21
2009;53
2010;32
2011;67
2012;52
2013;35
2014;58
2015;36
2016;50
2017;10
2018;16
2019;46
2020;25
2021;53
2022;56
2023;52
2024;55
2025;56
2026;47
2027;37
2028;13
2029;12
2030;37
2031;27
2032;7
2033;15
2034;35
2035;79
2036;21
2037;76
2038;72
2039;52
2040;44
2041;34
2042;46
2043;15
2044;11
2045;45
2046;19
2047;61
2048;34
2049;48
2050;46
2051;34
2052;16
2053;13
2054;26
2055;66
2056;23
2057;25
2058;58
2059;53
2060;55
2061;55
2062;30
2063;68
2064;29
2065;58
2066;27
2067;36
2068;25
2069;55
2070;46
2071;23
2072;19
2073;60
2074;19
2075;44
2076;20
2077;65
2078;49
2079;64
2080;39
2081;9
2082;7
2083;54
2084;9
2085;14
2086;48
2087;82
2088;66
2089;56
2090;63
2091;58
2092;52
2093;57
2094;58
2095;25
2096;25
2097;81
2098;67
2099;41
2100;24
2101;31
2102;42
2103;10
2104;45
2105;81
2106;65
2107;37
2108;27
2109;23
2110;45
2111;54
2112;47
2113;38
2114;12
2115;4
2116;49
2117;53
2118;73
2119;76
2120;25
2121;60
2122;44
2123;48
2124;23
2125;28
2126;33
2127;16
2128;12
2129;17
2130;61
2131;33
2132;15
2133;60
2134;69
2135;58
2136;64
2137;61
2138;37
2139;40
2140;1
2141;14
2142;35
2143;27
2144;11
2145;7
2146;66
2147;72
2148;56
2149;33
2150;22
2151;49
2152;27
2153;20
2154;61
2155;50
2156;40
2157;25
2158;56
2159;64
2160;33
2161;35
2162;16
2163;12
2164;76
2165;49
2166;15
2167;37
2168;28
2169;8
2170;51
2171;29
2172;10
2173;10
2174;38
2175;71
2176;32
2177;38
2178;10
2179;7
2180;42
2181;19
2182;69
2183;85
2184;46
2185;71
2186;56
2187;35
2188;32
2189;0
2190;1
2191;71
2192;28
2193;46
2194;32
2195;30
2196;8
2197;11
2198;37
2199;66
2200;36
2201;57
2202;40
2203;18
2204;29
2205;36
2206;11
2207;3
2208;62
2209;57
2210;92
2211;34
2212;58
2213;44
2214;49
2215;47
2216;9
2217;11
2218;56
2219;31
2220;59
2221;75
2222;20
2223;56
2224;54
2225;77
2226;68
2227;50
2228;51
2229;53
2230;66
2231;41
2232;38
2233;3
2234;24
2235;45
2236;30
2237;68
2238;34
2239;30
2240;17
2241;13
2242;9
2243;50
2244;45
2245;37
2246;37
2247;4
2248;5
2249;50
2250;48
2251;23
2252;46
2253;53
2254;6
2255;67
2256;37
2257;46
2258;18
2259;52
2260;42
2261;12
2262;36
2263;22
2264;19
2265;22
2266;59
2267;62
2268;50
2269;28
2270;47
2271;13
2272;10
2273;62
2274;20
2275;19
2276;59
2277;36
2278;43
2279;6
2280;14
2281;51
2282;48
2283;61
2284;9
2285;12
2286;73
2287;43
2288;37
2289;49
2290;29
2291;17
2292;18
2293;70
2294;75
2295;69
2296;83
2297;51
2298;70
2299;52
2300;57
2301;49
2302;36
2303;18
2304;55
2305;46
2306;69
2307;49
2308;19
2309;19
2310;64
2311;62
2312;64
2313;42
2314;27
2315;59
2316;8
2317;7
2318;49
2319;41
2320;51
2321;19
2322;59
2323;71
2324;23
2325;69
2326;32
2327;19
2328;29
2329;77
2330;51
2331;30
2332;42
2333;71
2334;22
2335;27
2336;51
2337;43
2338;14
2339;55
2340;55
2341;61
2342;39
2343;6
2344;13
2345;9
2346;10
2347;29
2348;54
2349;79
2350;20
2351;60
2352;24
2353;54
2354;43
2355;46
2356;30
2357;45
2358;69
2359;50
2360;77
2361;26
2362;28
2363;82
2364;59
2365;30
2366;40
2367;33
2368;42
2369;61
2370;10
2371;13
2372;28
2373;44
2374;45
2375;44
2376;26
2377;81
2378;23
2379;51
2380;72
2381;87
2382;74
2383;93
2384;80
2385;58
2386;68
2387;74
2388;65
2389;33
2390;48
2391;59
2392;41
2393;78
2394;52
2395;56
2396;47
2397;31
2398;35
2399;9
2400;1
2401;53
2402;71
2403;43
2404;19
2405;3
2406;2
2407;3
2408;51
2409;32
2410;21
2411;60
2412;24
2413;62
2414;32
2415;22
2416;1
2417;9
2418;61
2419;14
2420;9
2421;38
2422;75
2423;63
2424;27
2425;27
2426;11
2427;13
2428;66
2429;72
2430;23
2431;43
2432;4
2433;8
2434;38
2435;20
2436;70
2437;50
2438;26
2439;49
2440;45
2441;17
2442;23
2443;66
2444;52
2445;62
2446;75
2447;23
2448;19
2449;54
2450;26
2451;27
2452;12
2453;5
2454;48
2455;12
2456;11
2457;73
2458;22
2459;34
2460;43
2461;7
2462;42
2463;57
2464;60
2465;25
2466;46
2467;0
2468;28
2469;48
2470;14
2471;11
2472;61
2473;9
2474;16
2475;24
2476;43
2477;5
2478;3
2479;32
2480;30
2481;52
2482;25
2483;78
2484;48
2485;63
2486;43
2487;40
2488;4
2489;51
2490;59
2491;21
2492;69
2493;71
2494;56
2495;45
2496;13
2497;18
2498;22
2499;49
2500;46
2501;79
2502;28
2503;30
2504;35
2505;1
2506;39
2507;64
2508;22
2509;89
2510;76
2511;45
2512;64
2513;54
2514;32
2515;35
2516;13
2517;0
2518;10
2519;23
2520;78
2521;40
2522;22
2523;12
2524;45
2525;79
2526;60
2527;42
2528;34
2529;18
2530;18
2531;75
2532;59
2533;48
2534;29
2535;22
2536;46
2537;33
2538;32
2539;31
2540;39
2541;8
2542;12
2543;51
2544;29
2545;40
2546;18
2547;5
2548;3
2549;46
2550;70
2551;44
2552;69
2553;45
2554;20
2555;22
2556;76
2557;84
2558;37
2559;60
2560;24
2561;85
2562;70
2563;58
2564;42
2565;58
2566;41
2567;69
2568;30
2569;66
2570;44
2571;37
2572;39
2573;26
2574;42
2575;31
2576;5
2577;8
2578;28
2579;23
2580;55
2581;52
2582;25
2583;53
2584;39
2585;32
2586;9
2587;17
2588;78
2589;59
2590;54
2591;76
2592;24
2593;41
2594;19
2595;80
2596;71
2597;56
2598;67
2599;48
2600;53
2601;53
2602;59
2603;57
2604;66
2605;73
2606;20
2607;36
2608;56
2609;56
2610;32
2611;7
2612;13
2613;59
2614;49
2615;61
2616;74
2617;56
2618;67
2619;56
2620;23
2621;19
2622;86
2623;22
2624;87
2625;28
2626;46
2627;52
2628;6
2629;10
2630;37
2631;65
2632;55
2633;42
2634;47
2635;42
2636;44
2637;7
2638;64
2639;34
2640;57
2641;47
2642;39
2643;8
2644;13
2645;47
2646;58
2647;74
2648;31
2649;57
2650;60
2651;35
2652;88
2653;84
2654;26
2655;19
2656;4
2657;4
2658;5
2659;36
2660;53
2661;55
2662;64
2663;24
2664;52
2665;58
2666;69
2667;21
2668;44
2669;19
2670;5
2671;18
2672;73
2673;45
2674;33
2675;41
2676;0
2677;38
2678;53
2679;67
2680;21
2681;74
2682;43
2683;51
2684;34
2685;59
2686;29
2687;24
2688;28
2689;59
2690;7
2691;12
2692;18
2693;28
2694;54
2695;9
2696;18
2697;91
2698;78
2699;51
2700;70
2701;48
2702;53
2703;39
2704;28
2705;46
2706;34
2707;35
2708;45
2709;60
2710;34
2711;30
2712;3
2713;10
2714;58
2715;58
2716;48
2717;45
2718;0
2719;4
2720;3
2721;9
2722;50
2723;19
2724;26
2725;17
2726;67
2727;28
2728;34
2729;3
2730;3
2731;1
2732;43
2733;42
2734;39
2735;40
2736;13
2737;61
2738;27
2739;39
2740;62
2741;42
2742;28
2743;10
2744;2
2745;20
2746;11
2747;6
2748;50
2749;55
2750;68
2751;74
2752;58
2753;54
2754;58
2755;35
2756;16
2757;17
2758;19
2759;68
2760;28
2761;53
2762;56
2763;61
2764;24
2765;76
2766;83
2767;45
2768;30
2769;17
2770;6
2771;64
2772;40
2773;71
2774;26
2775;66
2776;29
2777;48
2778;3
2779;12
2780;1
2781;41
2782;27
2783;24
2784;25
2785;27
2786;19
2787;25
2788;20
2789;29
2790;33
2791;28
2792;26
2793;1
2794;2
2795;11
2796;58
2797;27
2798;18
2799;30
2800;73
2801;23
2802;53
2803;34
2804;15
2805;17
2806;38
2807;29
2808;41
2809;65
2810;35
2811;28
2812;6
2813;3
2814;71
2815;63
2816;79
2817;81
2818;21
2819;40
2820;21
2821;52
2822;30
2823;30
2824;15
2825;11
2826;44
2827;47
2828;11
2829;6
2830;30
2831;60
2832;16
2833;13
2834;30
2835;26
2836;5
2837;5
2838;42
2839;31
2840;6
2841;15
2842;37
2843;51
2844;14
2845;44
2846;72
2847;52
2848;33
2849;29
2850;12
2851;14
2852;30
2853;29
2854;29
2855;46
2856;47
2857;57
2858;55
2859;70
2860;48
2861;5
2862;2
2863;45
2864;4
2865;8
2866;44
2867;26
2868;0
2869;0
2870;6
2871;22
2872;31
2873;4
2874;4
2875;46
2876;82
2877;40
2878;76
2879;52
2880;49
2881;62
2882;6
2883;23
2884;67
2885;61
2886;52
2887;41
2888;26
2889;47
2890;23
2891;35
2892;38
2893;4
2894;0
2895;2
2896;30
2897;66
2898;31
2899;46
2900;8
2901;12
2902;68
2903;25
2904;86
2905;53
2906;80
2907;29
2908;26
2909;46
2910;69
2911;22
2912;57
2913;68
2914;60
2915;20
2916;43
2917;53
2918;33
2919;49
2920;44
2921;15
2922;1
2923;27
2924;44
2925;4
2926;13
2927;44
2928;40
2929;3
2930;51
2931;72
2932;48
2933;49
2934;30
2935;46
2936;18
2937;8
2938;48
2939;18
2940;62
2941;11
2942;57
2943;22
2944;20
2945;32
2946;4
2947;2
2948;53
2949;57
2950;62
2951;67
2952;70
2953;82
2954;40
2955;45
2956;4
2957;5
2958;26
2959;76
2960;37
2961;46
2962;36
2963;29
2964;30
2965;43
2966;19
2967;1
2968;15
2969;48
2970;43
2971;9
2972;8
2973;40
2974;55
2975;6
2976;17
2977;19
2978;70
2979;50
2980;85
2981;56
2982;67
2983;70
2984;34
2985;26
2986;20
2987;55
2988;47
2989;24
2990;22
2991;82
2992;37
2993;34
2994;7
2995;7
2996;77
2997;66
2998;27
2999;68
3000;55
3001;19
3002;40
3003;65
3004;52
3005;22
3006;63
3007;70
3008;65
3009;68
3010;52
3011;46
3012;54
3013;64
3014;19
3015;51
3016;23
3017;21
3018;35
3019;5
3020;3
3021;5
3022;27
3023;53
3024;59
3025;54
3026;50
3027;66
3028;60
3029;69
3030;60
3031;34
3032;0
3033;16
3034;66
3035;57
3036;46
3037;11
3038;12
3039;38
3040;45
3041;16
3042;11
3043;46
3044;48
3045;85
3046;61
3047;25
3048;63
3049;57
3050;86
3051;84
3052;36
3053;29
3054;35
3055;6
3056;65
3057;20
3058;82
3059;33
3060;24
3061;3
3062;4
3063;70
3064;40
3065;69
3066;74
3067;52
3068;82
3069;52
3070;73
3071;52
3072;47
3073;70
3074;55
3075;74
3076;45
3077;26
3078;5
3079;17
3080;5
3081;28
3082;33
3083;57
3084;80
3085;54
3086;43
3087;11
3088;7
3089;75
3090;54
3091;48
3092;31
3093;42
3094;5
3095;4
3096;49
3097;43
3098;46
3099;12
3100;12
3101;36
3102;49
3103;15
3104;11
3105;15
3106;58
3107;58
3108;46
3109;30
3110;28
3111;0
3112;28
3113;30
3114;17
3115;4
3116;51
3117;55
3118;61
3119;40
3120;8
3121;26
3122;20
3123;59
3124;38
3125;9
3126;24
3127;52
3128;46
3129;52
3130;16
3131;10
3132;48
3133;56
3134;52
3135;54
3136;33
3137;81
3138;64
3139;39
3140;24
3141;0
3142;4
3143;19
3144;23
3145;22
3146;51
3147;59
3148;19
3149;46
3150;60
3151;41
3152;37
3153;9
3154;17
3155;31
3156;41
3157;13
3158;11
3159;25
3160;52
3161;38
3162;51
3163;61
3164;6
3165;6
3166;33
3167;26
3168;15
3169;18
3170;37
3171;52
3172;24
3173;71
3174;44
3175;37
3176;65
3177;24
3178;79
3179;68
3180;37
3181;75
3182;73
3183;62
3184;23
3185;73
3186;52
3187;65
3188;42
3189;38
3190;54
3191;47
3192;31
3193;31
3194;26
3195;67
3196;30
3197;21
3198;68
3199;90
3200;32
3201;53
3202;10
3203;10
3204;18
3205;14
3206;71
3207;19
3208;28
3209;64
3210;27
3211;32
3212;31
3213;55
3214;62
3215;28
3216;44
3217;9
3218;1
3219;76
3220;59
3221;49
3222;51
3223;76
3224;70
3225;20
3226;46
3227;52
3228;13
3229;35
3230;44
3231;15
3232;18
3233;13
3234;29
3235;51
3236;58
3237;32
3238;51
3239;61
3240;44
3241;62
3242;43
3243;28
3244;0
3245;18
3246;14
3247;40
3248;63
3249;70
3250;48
3251;39
3252;1
3253;0
3254;47
3255;74
3256;51
3257;66
3258;48
3259;74
3260;56
3261;26
3262;71
3263;44
3264;47
3265;81
3266;40
3267;56
3268;37
3269;51
3270;62
3271;6
3272;16
3273;49
3274;59
3275;56
3276;64
3277;72
3278;40
3279;31
3280;26
3281;54
3282;54
3283;30
3284;41
3285;59
3286;24
3287;28
3288;22
3289;58
3290;63
3291;48
3292;21
3293;54
3294;46
3295;18
3296;18
3297;28
3298;46
3299;56
3300;69
3301;67
3302;33
3303;56
3304;68
3305;77
3306;28
3307;16
3308;33
3309;26
3310;12
3311;2
3312;56
3313;43
3314;25
3315;43
3316;36
3317;59
3318;71
3319;39
3320;43
3321;8
3322;6
3323;35
3324;45
3325;31
3326;29
3327;1
3328;3
3329;12
3330;29
3331;76
3332;50
3333;55
3334;53
3335;59
3336;70
3337;47
3338;43
3339;18
3340;16
3341;64
3342;52
3343;28
3344;54
3345;27
3346;28
3347;4
3348;40
3349;57
3350;46
3351;8
3352;9
3353;11
3354;34
3355;26
3356;69
3357;47
3358;78
3359;50
3360;69
3361;44
3362;35
3363;5
3364;2
3365;4
3366;10
3367;48
3368;51
3369;16
3370;18
3371;14
3372;18
3373;23
3374;32
3375;35
3376;46
3377;47
3378;14
3379;1
3380;54
3381;69
3382;36
3383;33
3384;11
3385;3
3386;0
3387;39
3388;36
3389;12
3390;10
3391;33
3392;57
3393;14
3394;18
3395;71
3396;67
3397;56
3398;27
3399;44
3400;6
3401;0
3402;58
3403;37
3404;18
3405;9
3406;69
3407;47
3408;23
3409;22
3410;64
3411;22
3412;55
3413;35
3414;56
3415;52
3416;43
3417;24
3418;6
3419;17
3420;30
3421;3
3422;32
3423;36
3424;7
3425;9
3426;51
3427;23
3428;22
3429;59
3430;7
3431;44
3432;36
3433;5
3434;3
3435;20
3436;53
3437;33
3438;23
3439;55
3440;63
3441;53
3442;16
3443;10
3444;10
3445;13
3446;59
3447;56
3448;11
3449;15
3450;37
3451;24
3452;11
3453;16
3454;14
3455;47
3456;27
3457;0
3458;0
3459;6
3460;28
3461;46
3462;0
3463;63
3464;41
3465;6
3466;50
3467;87
3468;60
3469;32
3470;36
3471;4
3472;3
3473;22
3474;23
3475;37
3476;41
3477;18
3478;13
3479;11
3480;47
3481;27
3482;34
3483;58
3484;66
3485;29
3486;63
3487;26
3488;19
3489;39
3490;2
3491;1
3492;0
3493;65
3494;50
3495;25
3496;51
3497;53
3498;49
3499;75
3500;50
3501;55
3502;65
3503;72
3504;69
3505;58
3506;56
3507;46
3508;3
3509;3
3510;36
3511;14
3512;77
3513;34
3514;23
3515;24
3516;0
3517;1
3518;29
3519;61
3520;53
3521;52
3522;44
3523;13
3524;7
3525;46
3526;54
3527;12
3528;9
3529;62
3530;37
3531;16
3532;16
3533;54
3534;39
3535;21
3536;57
3537;66
3538;54
3539;19
3540;52
3541;28
3542;22
3543;59
3544;22
3545;87
3546;47
3547;31
3548;21
3549;5
3550;53
3551;33
3552;22
3553;8
3554;9
3555;20
3556;81
3557;25
3558;25
3559;84
3560;37
3561;20
3562;20
3563;68
3564;41
3565;22
3566;28
3567;7
3568;31
3569;63
3570;22
3571;33
3572;11
3573;4
3574;46
3575;52
3576;35
3577;73
3578;43
3579;13
3580;13
3581;39
3582;3
3583;9
3584;1
3585;0
3586;0
3587;9
3588;75
3589;52
3590;91
3591;74
3592;51
3593;25
3594;59
3595;25
3596;19
3597;51
3598;25
3599;42
3600;51
3601;38
3602;33
3603;63
3604;40
3605;14
3606;17
3607;50
3608;15
3609;8
3610;70
3611;48
3612;40
3613;59
3614;69
3615;40
3616;54
3617;76
3618;23
3619;66
3620;67
3621;52
3622;72
3623;40
3624;63
3625;53
3626;35
3627;25
3628;65
3629;76
3630;57
3631;57
3632;67
3633;37
3634;45
3635;53
3636;69
3637;62
3638;84
3639;48
3640;37
3641;19
3642;26
3643;24
3644;5
3645;0
3646;62
3647;23
3648;57
3649;9
3650;60
3651;33
3652;11
3653;64
3654;94
3655;61
3656;39
3657;80
3658;61
3659;50
3660;58
3661;46
3662;29
3663;42
3664;16
3665;18
3666;4
3667;32
3668;37
3669;12
3670;13
3671;12
3672;15
3673;31
3674;29
3675;6
3676;8
3677;71
3678;45
3679;8
3680;55
3681;23
3682;45
3683;29
3684;13
3685;14
3686;59
3687;77
3688;39
3689;28
3690;51
3691;53
3692;47
3693;50
3694;11
3695;48
3696;57
3697;22
3698;66
3699;39
3700;64
3701;46
3702;45
3703;27
3704;6
3705;14
3706;15
3707;27
3708;71
3709;39
3710;31
3711;31
3712;7
3713;2
3714;41
3715;28
3716;31
3717;28
3718;45
3719;7
3720;18
3721;59
3722;28
3723;44
3724;0
3725;1
3726;38
3727;25
3728;42
3729;48
3730;29
3731;41
3732;2
3733;4
3734;30
3735;36
3736;11
3737;63
3738;66
3739;43
3740;51
3741;51
3742;35
3743;49
3744;51
3745;8
3746;10
3747;12
3748;33
3749;70
3750;52
3751;67
3752;34
3753;36
3754;57
3755;90
3756;68
3757;55
3758;47
3759;63
3760;42
3761;29
3762;65
3763;76
3764;60
3765;37
3766;9
3767;15
3768;56
3769;7
3770;13
3771;69
3772;80
3773;28
3774;40
3775;37
3776;0
3777;12
3778;15
3779;4
3780;65
3781;62
3782;73
3783;57
3784;78
3785;28
3786;8
3787;8
3788;48
3789;9
3790;57
3791;25
3792;49
3793;24
3794;47
3795;26
3796;13
3797;37
3798;46
3799;74
3800;48
3801;45
3802;32
3803;31
3804;12
3805;7
3806;18
3807;63
3808;23
3809;39
3810;30
3811;60
3812;34
3813;35
3814;24
3815;46
3816;36
3817;37
3818;0
3819;34
3820;45
3821;14
3822;40
3823;65
3824;58
3825;49
3826;45
3827;32
3828;62
3829;35
3830;62
3831;17
3832;16
3833;72
3834;55
3835;38
3836;70
3837;64
3838;45
3839;48
3840;11
3841;9
3842;91
3843;76
3844;81
3845;22
3846;54
3847;28
3848;32
3849;57
3850;12
3851;8
3852;63
3853;50
3854;59
3855;48
3856;73
3857;75
3858;70
3859;29
3860;32
3861;18
3862;4
3863;38
3864;65
3865;26
3866;67
3867;75
3868;64
3869;39
3870;8
3871;8
3872;76
3873;55
3874;26
3875;14
3876;44
3877;45
3878;12
3879;13
3880;14
3881;33
3882;21
3883;27
3884;20
3885;54
3886;22
3887;54
3888;68
3889;30
3890;35
3891;5
3892;6
3893;56
3894;29
3895;36
3896;42
3897;2
3898;5
3899;2
3900;38
3901;45
3902;31
3903;47
3904;1
3905;3
3906;21
3907;24
3908;50
3909;22
3910;69
3911;77
3912;70
3913;94
3914;26
3915;2
3916;2
3917;45
3918;46
3919;26
3920;35
3921;1
3922;9
3923;1
3924;28
3925;33
3926;1
3927;3
3928;9
3929;11
3930;94
3931;30
3932;27
3933;37
3934;31
3935;5
3936;14
3937;44
3938;48
3939;72
3940;41
3941;20
3942;71
3943;25
3944;20
3945;27
3946;35
3947;43
3948;38
3949;14
3950;10
3951;32
3952;69
3953;30
3954;34
3955;23
3956;1
3957;0
3958;41
3959;6
3960;17
3961;59
3962;79
3963;81
3964;91
3965;63
3966;53
3967;30
3968;45
3969;2
3970;8
3971;60
3972;52
3973;28
3974;61
3975;14
3976;12
3977;8
3978;36
3979;12
3980;59
3981;66
3982;25
3983;39
3984;10
3985;36
3986;40
3987;0
3988;5
3989;37
3990;40
3991;81
3992;70
3993;51
3994;56
3995;43
3996;18
3997;47
3998;57
3999;27
4000;62
4001;62
4002;47
4003;69
4004;60
4005;19
4006;22
4007;25
4008;54
4009;19
4010;68
4011;28
4012;14
4013;6
4014;57
4015;32
4016;26
4017;42
4018;27
4019;44
4020;7
4021;16
4022;17
4023;48
4024;69
4025;40
4026;32
4027;54
4028;24
4029;21
4030;23
4031;56
4032;57
4033;41
4034;16
4035;38
4036;48
4037;51
4038;10
4039;9
4040;14
4041;55
4042;74
4043;34
4044;64
4045;59
4046;41
4047;48
4048;3
4049;5
4050;5
4051;22
4052;33
4053;58
4054;48
4055;64
4056;44
4057;54
4058;61
4059;45
4060;48
4061;4
4062;4
4063;20
4064;54
4065;30
4066;36
4067;21
4068;23
4069;43
4070;6
4071;6
4072;41
4073;43
4074;12
4075;74
4076;38
4077;67
4078;21
4079;19
4080;24
4081;52
4082;19
4083;23
4084;47
4085;23
4086;3
4087;3
4088;25
4089;54
4090;63
4091;18
4092;12
4093;40
4094;53
4095;52
4096;60
4097;49
4098;48
4099;17
4100;14
4101;15
4102;7
4103;23
4104;20
4105;55
4106;40
4107;52
4108;23
4109;23
4110;46
4111;50
4112;7
4113;11
4114;9
4115;39
4116;62
4117;76
4118;22
4119;20
4120;33
4121;19
4122;34
4123;3
4124;28
4125;29
4126;18
4127;10
4128;4
4129;20
4130;19
4131;48
4132;37
4133;51
4134;18
4135;6
4136;26
4137;29
4138;63
4139;24
4140;37
4141;55
4142;49
4143;80
4144;22
4145;42
4146;41
4147;7
4148;7
4149;36
4150;45
4151;58
4152;47
4153;50
4154;52
4155;50
4156;51
4157;67
4158;55
4159;71
4160;38
4161;53
4162;47
4163;63
4164;35
4165;41
4166;4
4167;22
4168;50
4169;23
4170;70
4171;23
4172;69
4173;53
4174;30
4175;33
4176;77
4177;42
4178;25
4179;50
4180;47
4181;23
4182;30
4183;45
4184;17
4185;29
4186;45
4187;1
4188;16
4189;40
4190;20
4191;16
4192;25
4193;37
4194;8
4195;3
4196;12
4197;2
4198;52
4199;48
4200;36
4201;47
4202;15
4203;6
4204;8
4205;26
4206;25
4207;57
4208;54
4209;17
4210;12
4211;30
4212;44
4213;2
4214;5
4215;1
4216;12
4217;78
4218;89
4219;39
4220;39
4221;33
4222;24
4223;25
4224;79
4225;41
4226;35
4227;57
4228;94
4229;19
4230;39
4231;70
4232;28
4233;55
4234;60
4235;66
4236;54
4237;43
4238;46
4239;13
4240;33
4241;29
4242;44
4243;7
4244;8
4245;77
4246;29
4247;23
4248;17
4249;12
4250;4
4251;25
4252;43
4253;31
4254;11
4255;1
4256;2
4257;41
4258;0
4259;72
4260;48
4261;50
4262;22
4263;21
4264;35
4265;27
4266;15
4267;6
4268;8
4269;29
4270;54
4271;37
4272;12
4273;67
4274;36
4275;70
4276;43
4277;22
4278;24
4279;26
4280;38
4281;51
4282;53
4283;54
4284;37
4285;71
4286;70
4287;37
4288;31
4289;15
4290;8
4291;54
4292;53
4293;61
4294;64
4295;33
4296;32
4297;7
4298;15
4299;32
4300;15
4301;82
4302;51
4303;50
4304;71
4305;28
4306;76
4307;53
4308;69
4309;38
4310;84
4311;50
4312;39
4313;29
4314;9
4315;11
4316;31
4317;46
4318;33
4319;7
4320;13
4321;29
4322;56
4323;44
4324;51
4325;54
4326;32
4327;21
4328;74
4329;38
4330;57
4331;39
4332;23
4333;27
4334;46
4335;31
4336;25
4337;60
4338;63
4339;62
4340;38
4341;30
4342;52
4343;30
4344;38
4345;50
4346;6
4347;77
4348;56
4349;50
4350;39
4351;7
4352;11
4353;63
4354;62
4355;54
4356;43
4357;18
4358;12
4359;6
4360;42
4361;47
4362;49
4363;86
4364;24
4365;38
4366;23
4367;36
4368;40
4369;25
4370;57
4371;74
4372;66
4373;56
4374;14
4375;12
4376;43
4377;17
4378;28
4379;28
4380;54
4381;8
4382;76
4383;45
4384;75
4385;55
4386;54
4387;40
4388;41
4389;59
4390;59
4391;55
4392;27
4393;9
4394;33
4395;34
4396;18
4397;13
4398;51
4399;52
4400;60
4401;38
4402;45
4403;0
4404;3
4405;18
4406;93
4407;34
4408;23
4409;48
4410;30
4411;61
4412;23
4413;46
4414;50
4415;80
4416;94
4417;48
4418;42
4419;19
4420;53
4421;47
4422;26
4423;74
4424;66
4425;55
4426;57
4427;60
4428;13
4429;12
4430;17
4431;67
4432;51
4433;43
4434;84
4435;48
4436;71
4437;49
4438;2
4439;15
4440;55
4441;49
4442;15
4443;82
4444;68
4445;66
4446;77
4447;47
4448;7
4449;53
4450;29
4451;45
4452;2
4453;11
4454;40
4455;48
4456;78
4457;49
4458;25
4459;46
4460;35
4461;48
4462;23
4463;24
4464;32
4465;62
4466;55
4467;7
4468;18
4469;21
4470;27
4471;66
4472;49
4473;20
4474;42
4475;13
4476;29
4477;43
4478;6
4479;17
4480;24
4481;78
4482;63
4483;50
4484;9
4485;14
4486;47
4487;45
4488;37
4489;13
4490;15
4491;7
4492;18
4493;24
4494;24
4495;48
4496;52
4497;18
4498;7
4499;60
4500;25
4501;22
4502;67
4503;68
4504;51
4505;92
4506;62
4507;25
4508;21
4509;4
4510;28
4511;53
4512;26
4513;56
4514;47
4515;69
4516;67
4517;48
4518;73
4519;48
4520;56
4521;22
4522;76
4523;39
4524;47
4525;23
4526;67
4527;45
4528;21
4529;25
4530;25
4531;75
4532;77
4533;35
4534;41
4535;58
4536;15
4537;12
4538;70
4539;58
4540;25
4541;38
4542;2
4543;32
4544;24
4545;28
4546;41
4547;29
4548;10
4549;36
4550;35
4551;0
4552;14
4553;11
4554;33
4555;64
4556;49
4557;57
4558;54
4559;43
4560;56
4561;22
4562;21
4563;48
4564;40
4565;12
4566;18
4567;10
4568;81
4569;66
4570;30
4571;32
4572;36
4573;50
4574;54
4575;48
4576;6
4577;10
4578;70
4579;22
4580;46
4581;31
4582;51
4583;56
4584;57
4585;15
4586;16
4587;30
4588;40
4589;41
4590;9
4591;9
4592;46
4593;40
4594;36
4595;12
4596;13
4597;51
4598;51
4599;51
4600;56
4601;12
4602;16
4603;35
4604;14
4605;70
4606;51
4607;54
4608;56
4609;30
4610;35
4611;6
4612;14
4613;1
4614;69
4615;54
4616;66
4617;41
4618;53
4619;51
4620;38
4621;31
4622;25
4623;62
4624;20
4625;79
4626;57
4627;8
4628;14
4629;38
4630;57
4631;24
4632;29
4633;32
4634;31
4635;6
4636;12
4637;16
4638;37
4639;48
4640;5
4641;0
4642;3
4643;4
4644;40
4645;26
4646;62
4647;44
4648;43
4649;2
4650;45
4651;19
4652;57
4653;80
4654;22
4655;30
4656;44
4657;24
4658;46
4659;59
4660;47
4661;31
4662;27
4663;12
4664;11
4665;61
4666;52
4667;71
4668;29
4669;13
4670;66
4671;46
4672;36
4673;2
4674;18
4675;67
4676;28
4677;91
4678;44
4679;32
4680;13
4681;15
4682;47
4683;37
4684;9
4685;1
4686;28
4687;86
4688;56
4689;33
4690;36
4691;0
4692;29
4693;37
4694;48
4695;25
4696;70
4697;33
4698;47
4699;54
4700;9
4701;10
4702;19
4703;42
4704;53
4705;8
4706;9
4707;41
4708;34
4709;2
4710;28
4711;10
4712;15
4713;31
4714;28
4715;29
4716;4
4717;18
4718;28
4719;49
4720;38
4721;29
4722;17
4723;5
4724;4
4725;76
4726;40
4727;71
4728;29
4729;42
4730;63
4731;26
4732;62
4733;21
4734;62
4735;48
4736;53
4737;28
4738;59
4739;58
4740;55
4741;52
4742;56
4743;28
4744;47
4745;71
4746;73
4747;76
4748;38
4749;32
4750;11
4751;13
4752;9
4753;18
4754;50
4755;53
4756;23
4757;33
4758;27
4759;58
4760;25
4761;49
4762;45
4763;10
4764;18
4765;58
4766;64
4767;13
4768;49
4769;69
4770;60
4771;45
4772;28
4773;13
4774;9
4775;76
4776;50
4777;59
4778;66
4779;66
4780;47
4781;40
4782;15
4783;18
4784;27
4785;9
4786;1
4787;0
4788;31
4789;38
4790;12
4791;16
4792;71
4793;81
4794;46
4795;56
4796;35
4797;27
4798;35
4799;7
4800;76
4801;45
4802;48
4803;54
4804;6
4805;50
4806;39
4807;59
4808;52
4809;59
4810;11
4811;10
4812;63
4813;52
4814;43
4815;47
4816;50
4817;37
4818;23
4819;46
4820;72
4821;64
4822;38
4823;31
4824;45
4825;6
4826;3
4827;3
4828;80
4829;74
4830;75
4831;49
4832;17
4833;53
4834;82
4835;54
4836;86
4837;20
4838;25
4839;60
4840;41
4841;82
4842;62
4843;33
4844;69
4845;54
4846;56
4847;48
4848;70
4849;39
4850;7
4851;50
4852;58
4853;75
4854;23
4855;24
4856;0
4857;75
4858;81
4859;39
4860;42
4861;14
4862;53
4863;22
4864;27
4865;41
4866;10
4867;2
4868;65
4869;55
4870;62
4871;40
4872;18
4873;56
4874;69
4875;75
4876;29
4877;69
4878;20
4879;83
4880;28
4881;24
4882;37
4883;50
4884;30
4885;42
4886;0
4887;4
4888;75
4889;25
4890;57
4891;50
4892;61
4893;47
4894;47
4895;50
4896;6
4897;17
4898;13
4899;36
4900;81
4901;30
4902;29
4903;17
4904;58
4905;56
4906;44
4907;51
4908;38
4909;8
4910;10
4911;54
4912;52
4913;41
4914;7
4915;15
4916;70
4917;75
4918;96
4919;40
4920;38
4921;74
4922;64
4923;24
4924;24
4925;58
4926;47
4927;34
4928;19
4929;24
4930;65
4931;38
4932;67
4933;22
4934;64
4935;73
4936;21
4937;48
4938;70
4939;61
4940;51
4941;68
4942;50
4943;85
4944;43
4945;25
4946;37
4947;39
4948;2
4949;16
4950;14
4951;31
4952;42
4953;14
4954;15
4955;67
4956;45
4957;27
4958;25
4959;32
4960;1
4961;71
4962;38
4963;61
4964;56
4965;25
4966;45
4967;62
4968;14
4969;11
4970;67
4971;46
4972;27
4973;72
4974;22
4975;36
4976;6
4977;36
4978;8
4979;43
4980;33
4981;18
4982;18
4983;31
4984;45
4985;16
4986;11
4987;82
4988;39
4989;56
4990;75
4991;22
4992;12
4993;32
4994;52
4995;54
4996;39
4997;22
4998;45
4999;24
5000;47
5001;70
5002;67
5003;26
5004;35
5005;25
5006;25
5007;47
5008;49
5009;71
5010;43
5011;52
5012;21
5013;29
5014;36
5015;26
5016;6
5017;5
5018;71
5019;59
5020;49
5021;52
5022;53
5023;57
5024;24
5025;64
5026;41
5027;27
5028;61
5029;67
5030;38
5031;56
5032;63
5033;55
5034;19
5035;67
5036;69
5037;59
5038;42
5039;67
5040;66
5041;30
5042;48
5043;50
5044;13
5045;67
5046;40
5047;44
5048;11
5049;5
5050;35
5051;27
5052;4
5053;4
5054;30
5055;23
5056;76
5057;58
5058;74
5059;70
5060;28
5061;46
5062;62
5063;58
5064;69
5065;37
5066;14
5067;53
5068;58
5069;45
5070;72
5071;48
5072;29
5073;56
5074;9
5075;55
5076;55
5077;61
5078;48
5079;37
5080;11
5081;9
5082;60
5083;57
5084;46
5085;51
5086;14
5087;15
5088;43
5089;67
5090;73
5091;32
5092;54
5093;30
5094;59
5095;25
5096;70
5097;61
5098;58
5099;64
5100;65
5101;57
5102;29
5103;30
5104;58
5105;57
5106;28
5107;18
5108;55
5109;48
5110;9
5111;91
5112;25
5113;90
5114;55
5115;71
5116;72
5117;46
5118;38
5119;51
5120;37
5121;41
5122;10
5123;4
5124;40
5125;33
5126;0
5127;1
5128;66
5129;54
5130;50
5131;44
5132;24
5133;65
5134;72
5135;54
5136;75
5137;26
5138;48
5139;21
5140;23
5141;44
5142;4
5143;8
5144;43
5145;19
5146;63
5147;46
5148;57
5149;69
5150;32
5151;24
5152;2
5153;23
5154;49
5155;54
5156;46
5157;46
5158;24
5159;61
5160;27
5161;34
5162;38
5163;26
5164;34
5165;6
5166;17
5167;75
5168;67
5169;46
5170;47
5171;6
5172;25
5173;80
5174;56
5175;64
5176;20
5177;91
5178;32
5179;48
5180;35
5181;32
5182;38
5183;36
5184;0
5185;15
5186;61
5187;53
5188;48
5189;10
5190;18
5191;10
5192;13
5193;36
5194;35
5195;1
5196;9
5197;50
5198;8
5199;11
5200;56
5201;34
5202;18
5203;9
5204;26
5205;39
5206;8
5207;12
5208;10
5209;44
5210;76
5211;46
5212;61
5213;81
5214;19
5215;64
5216;49
5217;25
5218;37
5219;41
5220;19
5221;3
5222;11
5223;2
5224;3
5225;28
5226;37
5227;14
5228;18
5229;17
5230;85
5231;61
5232;32
5233;56
5234;45
5235;47
5236;28
5237;64
5238;12
5239;69
5240;64
5241;68
5242;40
5243;25
5244;26
5245;51
5246;15
5247;8
5248;52
5249;55
5250;53
5251;74
5252;28
5253;57
5254;41
5255;46
5256;39
5257;35
5258;5
5259;4
5260;17
5261;5
5262;1
5263;71
5264;30
5265;28
5266;32
5267;66
5268;23
5269;26
5270;22
5271;2
5272;1
5273;11
5274;36
5275;25
5276;24
5277;46
5278;58
5279;47
5280;52
5281;35
5282;7
5283;18
5284;80
5285;23
5286;70
5287;48
5288;30
5289;8
5290;67
5291;54
5292;33
5293;37
5294;44
5295;38
5296;52
5297;72
5298;58
5299;21
5300;75
5301;33
5302;46
5303;22
5304;59
5305;39
5306;54
5307;71
5308;24
5309;23
5310;53
5311;20
5312;29
5313;57
5314;35
5315;43
5316;64
5317;63
5318;62
5319;47
5320;28
5321;41
5322;28
5323;18
5324;18
5325;48
5326;49
5327;27
5328;54
5329;13
5330;14
5331;8
5332;45
5333;37
5334;36
5335;5
5336;3
5337;50
5338;34
5339;30
5340;45
5341;20
5342;64
5343;48
5344;66
5345;89
5346;35
5347;30
5348;2
5349;5
5350;20
5351;45
5352;0
5353;12
5354;44
5355;25
5356;0
5357;79
5358;58
5359;50
5360;67
5361;26
5362;41
5363;23
5364;3
5365;4
5366;26
5367;60
5368;67
5369;82
5370;31
5371;28
5372;28
5373;59
5374;18
5375;16
5376;55
5377;62
5378;54
5379;57
5380;39
5381;25
5382;67
5383;25
5384;26
5385;26
5386;69
5387;22
5388;65
5389;55
5390;28
5391;56
5392;14
5393;43
5394;51
5395;54
5396;50
5397;28
5398;36
5399;4
5400;4
5401;56
5402;29
5403;41
5404;66
5405;21
5406;22
5407;26
5408;80
5409;25
5410;51
5411;87
5412;31
5413;40
5414;21
5415;6
5416;5
5417;3
5418;57
5419;24
5420;34
5421;36
5422;41
5423;38
5424;76
5425;42
5426;44
5427;25
5428;25
5429;62
5430;23
5431;70
5432;27
5433;50
5434;6
5435;49
5436;42
5437;5
5438;11
5439;7
5440;26
5441;70
5442;54
5443;31
5444;38
5445;0
5446;0
5447;31
5448;50
5449;56
5450;56
5451;23
5452;53
5453;46
5454;7
5455;71
5456;37
5457;34
5458;55
5459;26
5460;24
5461;25
5462;81
5463;87
5464;54
5465;27
5466;47
5467;62
5468;35
5469;42
5470;32
5471;18
5472;6
5473;10
5474;59
5475;48
5476;67
5477;50
5478;49
5479;6
5480;27
5481;32
5482;38
5483;7
5484;14
5485;48
5486;74
5487;55
5488;31
5489;49
5490;85
5491;85
5492;41
5493;22
5494;36
5495;15
5496;0
5497;54
5498;85
5499;51
5500;57
5501;28
5502;25
5503;54
5504;57
5505;60
5506;31
5507;75
5508;52
5509;61
5510;13
5511;7
5512;20
5513;62
5514;47
5515;40
5516;42
5517;12
5518;33
5519;30
5520;18
5521;12
5522;11
5523;9
5524;44
5525;38
5526;6
5527;71
5528;20
5529;48
5530;33
5531;8
5532;18
5533;65
5534;53
5535;31
5536;54
5537;55
5538;19
5539;58
5540;15
5541;93
5542;23
5543;72
5544;46
5545;38
5546;59
5547;7
5548;17
5549;9
5550;41
5551;40
5552;3
5553;12
5554;57
5555;51
5556;78
5557;64
5558;23
5559;33
5560;5
5561;2
5562;56
5563;51
5564;30
5565;23
5566;75
5567;48
5568;52
5569;62
5570;27
5571;37
5572;9
5573;6
5574;60
5575;37
5576;86
5577;54
5578;83
5579;70
5580;76
5581;68
5582;44
5583;48
5584;12
5585;76
5586;36
5587;3
5588;6
5589;15
5590;48
5591;25
5592;1
5593;6
5594;36
5595;37
5596;9
5597;32
5598;74
5599;46
5600;38
5601;64
5602;9
5603;55
5604;53
5605;37
5606;41
5607;38
5608;2
5609;3
5610;76
5611;41
5612;52
5613;53
5614;54
5615;30
5616;61
5617;72
5618;63
5619;84
5620;72
5621;64
5622;45
5623;70
5624;25
5625;26
5626;70
5627;23
5628;20
5629;62
5630;67
5631;70
5632;49
5633;34
5634;11
5635;6
5636;30
5637;59
5638;35
5639;11
5640;14
5641;15
5642;86
5643;54
5644;46
5645;43
5646;42
5647;10
5648;2
5649;53
5650;50
5651;14
5652;8
5653;47
5654;59
5655;43
5656;59
5657;14
5658;7
5659;18
5660;61
5661;26
5662;79
5663;45
5664;33
5665;12
5666;0
5667;14
5668;31
5669;11
5670;90
5671;34
5672;70
5673;37
5674;21
5675;28
5676;33
5677;10
5678;13
5679;53
5680;33
5681;15
5682;17
5683;70
5684;44
5685;19
5686;25
5687;42
5688;27
5689;54
5690;50
5691;66
5692;37
5693;73
5694;19
5695;52
5696;46
5697;80
5698;75
5699;30
5700;14
5701;7
5702;62
5703;63
5704;47
5705;33
5706;15
5707;44
5708;53
5709;14
5710;8
5711;43
5712;25
5713;3
5714;3
5715;63
5716;40
5717;63
5718;62
5719;13
5720;7
5721;8
5722;46
5723;42
5724;17
5725;8
5726;49
5727;39
5728;43
5729;16
5730;10
5731;69
5732;36
5733;28
5734;16
5735;8
5736;71
5737;59
5738;39
5739;32
5740;28
5741;1
5742;1
5743;60
5744;45
5745;75
5746;94
5747;50
5748;65
5749;72
5750;40
5751;53
5752;41
5753;10
5754;12
5755;51
5756;23
5757;42
5758;49
5759;62
5760;37
5761;53
5762;14
5763;54
5764;59
5765;42
5766;53
5767;59
5768;28
5769;78
5770;44
5771;38
5772;17
5773;27
5774;36
5775;10
5776;43
5777;26
5778;9
5779;29
5780;27
5781;1
5782;17
5783;3
5784;5
5785;63
5786;71
5787;50
5788;79
5789;61
5790;53
5791;49
5792;11
5793;9
5794;32
5795;32
5796;1
5797;1
5798;31
5799;28
5800;9
5801;6
5802;63
5803;33
5804;61
5805;7
5806;8
5807;64
5808;76
5809;35
5810;49
5811;0
5812;3
5813;3
5814;32
5815;39
5816;40
5817;9
5818;3
5819;64
5820;49
5821;56
5822;51
5823;65
5824;53
5825;51
5826;44
5827;90
5828;51
5829;27
5830;10
5831;10
5832;27
5833;55
5834;73
5835;67
5836;22
5837;62
5838;39
5839;46
5840;7
5841;16
5842;6
5843;74
5844;71
5845;27
5846;29
5847;42
5848;33
5849;11
5850;15
5851;43
5852;26
5853;31
5854;29
5855;1
5856;0
5857;17
5858;59
5859;54
5860;57
5861;38
5862;17
5863;13
5864;47
5865;53
5866;38
5867;33
5868;0
5869;74
5870;64
5871;85
5872;83
5873;48
5874;75
5875;50
5876;68
5877;65
5878;55
5879;23
5880;82
5881;78
5882;58
5883;57
5884;39
5885;27
5886;18
5887;6
5888;10
5889;51
5890;57
5891;52
5892;31
5893;48
5894;18
5895;18
5896;88
5897;41
5898;79
5899;71
5900;54
5901;47
5902;18
5903;15
5904;56
5905;52
5906;63
5907;62
5908;28
5909;29
5910;31
5911;3
5912;4
5913;48
5914;63
5915;49
5916;76
5917;53
5918;33
5919;30
5920;20
5921;39
5922;25
5923;74
5924;68
5925;48
5926;52
5927;65
5928;47
5929;36
5930;10
5931;6
5932;29
5933;20
5934;54
5935;27
5936;41
5937;55
5938;54
5939;55
5940;52
5941;13
5942;8
5943;29
5944;58
5945;16
5946;57
5947;19
5948;32
5949;42
5950;16
5951;63
5952;47
5953;7
5954;10
5955;59
5956;69
5957;48
5958;26
5959;25
5960;38
5961;19
5962;19
5963;75
5964;41
5965;56
5966;11
5967;75
5968;88
5969;63
5970;56
5971;73
5972;74
5973;41
5974;19
5975;58
5976;63
5977;38
5978;44
5979;50
5980;6
5981;6
5982;10
5983;12
5984;46
5985;49
5986;11
5987;8
5988;54
5989;85
5990;53
5991;48
5992;55
5993;8
5994;18
5995;7
5996;10
5997;34
5998;32
5999;37
6000;8
6001;2
6002;33
6003;21
6004;28
6005;33
6006;38
6007;15
6008;0
6009;49
6010;89
6011;59
6012;70
6013;70
6014;59
6015;38
6016;54
6017;25
6018;30
6019;11
6020;30
6021;51
6022;64
6023;6
6024;17
6025;34
6026;57
6027;51
6028;35
6029;45
6030;52
6031;39
6032;58
6033;24
6034;25
6035;70
6036;62
6037;40
6038;16
6039;39
6040;41
6041;15
6042;7
6043;84
6044;54
6045;28
6046;44
6047;59
6048;15
6049;7
6050;74
6051;59
6052;48
6053;31
6054;70
6055;27
6056;28
6057;29
6058;0
6059;36
6060;31
6061;12
6062;7
6063;9
6064;19
6065;43
6066;0
6067;31
6068;22
6069;63
6070;36
6071;4
6072;19
6073;36
6074;3
6075;17
6076;50
6077;47
6078;30
6079;46
6080;57
6081;10
6082;15
6083;47
6084;28
6085;31
6086;2
6087;9
6088;50
6089;66
6090;73
6091;21
6092;45
6093;43
6094;31
6095;14
6096;85
6097;89
6098;60
6099;60
6100;46
6101;57
6102;52
6103;36
6104;9
6105;9
6106;34
6107;36
6108;0
6109;4
6110;51
6111;51
6112;71
6113;24
6114;42
6115;28
6116;1
6117;5
6118;29
6119;41
6120;15
6121;12
6122;48
6123;54
6124;11
6125;10
6126;11
6127;34
6128;33
6129;14
6130;39
6131;60
6132;32
6133;10
6134;17
6135;15
6136;20
6137;70
6138;53
6139;81
6140;84
6141;37
6142;50
6143;38
6144;81
6145;56
6146;32
6147;41
6148;32
6149;10
6150;12
6151;55
6152;49
6153;36
6154;26
6155;17
6156;9
6157;33
6158;29
6159;36
6160;22
6161;46
6162;39
6163;81
6164;25
6165;64
6166;48
6167;10
6168;14
6169;42
6170;27
6171;5
6172;42
6173;45
6174;37
6175;7
6176;27
6177;36
6178;43
6179;6
6180;13
6181;16
6182;42
6183;13
6184;35
6185;52
6186;71
6187;49
6188;53
6189;21
6190;70
6191;71
6192;33
6193;48
6194;32
6195;1
6196;13
6197;29
6198;58
6199;54
6200;53
6201;36
6202;15
6203;57
6204;50
6205;61
6206;42
6207;39
6208;22
6209;73
6210;33
6211;69
6212;28
6213;39
6214;27
6215;8
6216;1
6217;60
6218;76
6219;61
6220;62
6221;66
6222;50
6223;47
6224;16
6225;7
6226;58
6227;32
6228;7
6229;15
6230;33
6231;6
6232;9
6233;61
6234;54
6235;58
6236;76
6237;20
6238;72
6239;49
6240;16
6241;12
6242;42
6243;20
6244;28
6245;31
6246;76
6247;52
6248;36
6249;42
6250;10
6251;1
6252;37
6253;70
6254;46
6255;54
6256;71
6257;77
6258;91
6259;51
6260;88
6261;37
6262;63
6263;24
6264;32
6265;46
6266;21
6267;26
6268;5
6269;39
6270;40
6271;32
6272;62
6273;78
6274;42
6275;32
6276;16
6277;17
6278;26
6279;25
6280;36
6281;61
6282;33
6283;31
6284;12
6285;68
6286;32
6287;57
6288;19
6289;26
6290;43
6291;59
6292;72
6293;27
6294;48
6295;60
6296;24
6297;52
6298;78
6299;26
6300;37
6301;0
6302;2
6303;18
6304;85
6305;30
6306;63
6307;11
6308;8
6309;54
6310;36
6311;7
6312;15
6313;55
6314;46
6315;69
6316;61
6317;49
6318;8
6319;11
6320;54
6321;26
6322;17
6323;2
6324;43
6325;34
6326;2
6327;23
6328;27
6329;37
6330;33
6331;6
6332;66
6333;52
6334;80
6335;31
6336;13
6337;17
6338;28
6339;53
6340;36
6341;54
6342;21
6343;58
6344;34
6345;57
6346;14
6347;16
6348;28
6349;44
6350;54
6351;24
6352;24
6353;61
6354;24
6355;80
6356;30
6357;44
6358;3
6359;1
6360;29
6361;63
6362;64
6363;40
6364;42
6365;3
6366;12
6367;0
6368;34
6369;36
6370;9
6371;14
6372;42
6373;47
6374;28
6375;53
6376;17
6377;15
6378;49
6379;35
6380;43
6381;29
6382;15
6383;26
6384;47
6385;63
6386;52
6387;51
6388;69
6389;56
6390;41
6391;11
6392;29
6393;22
6394;57
6395;53
6396;52
6397;48
6398;12
6399;59
6400;40
6401;26
6402;18
6403;13
6404;61
6405;78
6406;71
6407;57
6408;45
6409;27
6410;8
6411;8
6412;26
6413;35
6414;5
6415;5
6416;47
6417;57
6418;41
6419;13
6420;28
6421;45
6422;2
6423;5
6424;27
6425;25
6426;0
6427;18
6428;70
6429;55
6430;88
6431;39
6432;56
6433;70
6434;67
6435;40
6436;45
6437;12
6438;5
6439;5
6440;27
6441;31
6442;1
6443;10
6444;76
6445;24
6446;35
6447;20
6448;54
6449;72
6450;57
6451;45
6452;3
6453;50
6454;59
6455;49
6456;9
6457;12
6458;16
6459;16
6460;68
6461;35
6462;48
6463;50
6464;42
6465;53
6466;26
6467;51
6468;45
6469;11
6470;42
6471;45
6472;2
6473;10
6474;2
6475;2
6476;46
6477;47
6478;38
6479;58
6480;6
6481;6
6482;16
6483;60
6484;70
6485;82
6486;27
6487;23
6488;19
6489;30
6490;25
6491;27
6492;72
6493;38
6494;37
6495;19
6496;26
6497;51
6498;9
6499;8
6500;57
6501;76
6502;39
6503;38
6504;7
6505;17
6506;53
6507;57
6508;54
6509;70
6510;80
6511;53
6512;21
6513;30
6514;44
6515;8
6516;18
6517;32
6518;41
6519;3
6520;1
6521;2
6522;39
6523;42
6524;3
6525;4
6526;5
6527;37
6528;59
6529;8
6530;13
6531;76
6532;62
6533;24
6534;49
6535;53
6536;38
6537;12
6538;12
6539;12
6540;41
6541;60
6542;57
6543;13
6544;10
6545;40
6546;59
6547;37
6548;76
6549;23
6550;59
6551;39
6552;30
6553;57
6554;63
6555;67
6556;42
6557;43
6558;30
6559;17
6560;55
6561;57
6562;47
6563;31
6564;92
6565;72
6566;27
6567;79
6568;52
6569;34
6570;16
6571;16
6572;61
6573;40
6574;33
6575;62
6576;22
6577;70
6578;73
6579;25
6580;39
6581;51
6582;71
6583;31
6584;47
6585;42
6586;61
6587;49
6588;8
6589;12
6590;12
6591;37
6592;35
6593;19
6594;2
6595;6
6596;5
6597;22
6598;46
6599;46
6600;38
6601;66
6602;26
6603;54
6604;42
6605;27
6606;1
6607;0
6608;66
6609;52
6610;42
6611;25
6612;68
6613;78
6614;49
6615;60
6616;44
6617;40
6618;42
6619;52
6620;42
6621;59
6622;63
6623;43
6624;22
6625;35
6626;50
6627;31
6628;24
6629;24
6630;25
6631;52
6632;40
6633;14
6634;14
6635;23
6636;24
6637;55
6638;65
6639;73
6640;75
6641;50
6642;59
6643;29
6644;20
6645;47
6646;19
6647;30
6648;4
6649;1
6650;5
6651;43
6652;67
6653;51
6654;58
6655;76
6656;65
6657;36
6658;28
6659;52
6660;71
6661;33
6662;64
6663;64
6664;70
6665;78
6666;55
6667;19
6668;61
6669;39
6670;58
6671;7
6672;12
6673;21
6674;38
6675;3
6676;2
6677;62
6678;71
6679;37
6680;54
6681;52
6682;48
6683;26
6684;85
6685;73
6686;66
6687;60
6688;55
6689;78
6690;63
6691;58
6692;73
6693;66
6694;71
6695;65
6696;58
6697;39
6698;59
6699;10
6700;6
6701;25
6702;32
6703;26
6704;8
6705;13
6706;9
6707;72
6708;25
6709;33
6710;63
6711;26
6712;23
6713;68
6714;21
6715;30
6716;70
6717;51
6718;23
6719;86
6720;63
6721;35
6722;53
6723;17
6724;42
6725;27
6726;15
6727;18
6728;13
6729;23
6730;57
6731;48
6732;50
6733;31
6734;64
6735;36
6736;33
6737;3
6738;2
6739;67
6740;67
6741;50
6742;58
6743;26
6744;12
6745;10
6746;3
6747;34
6748;49
6749;59
6750;63
6751;63
6752;30
6753;49
6754;13
6755;35
6756;41
6757;7
6758;4
6759;58
6760;65
6761;55
6762;31
6763;24
6764;44
6765;4
6766;1
6767;29
6768;23
6769;46
6770;20
6771;62
6772;41
6773;37
6774;3
6775;0
6776;60
6777;44
6778;54
6779;74
6780;57
6781;33
6782;55
6783;14
6784;13
6785;39
6786;48
6787;34
6788;75
6789;53
6790;7
6791;13
6792;49
6793;39
6794;17
6795;17
6796;79
6797;36
6798;25
6799;33
6800;68
6801;21
6802;62
6803;55
6804;29
6805;46
6806;34
6807;24
6808;0
6809;7
6810;68
6811;57
6812;39
6813;20
6814;72
6815;24
6816;70
6817;74
6818;64
6819;49
6820;62
6821;16
6822;18
6823;65
6824;47
6825;91
6826;44
6827;31
6828;58
6829;70
6830;51
6831;92
6832;45
6833;54
6834;30
6835;6
6836;13
6837;9
6838;18
6839;46
6840;54
6841;25
6842;47
6843;37
6844;47
6845;13
6846;16
6847;17
6848;36
6849;43
6850;0
6851;5
6852;4
6853;36
6854;25
6855;44
6856;23
6857;43
6858;46
6859;11
6860;11
6861;15
6862;45
6863;35
6864;10
6865;4
6866;59
6867;65
6868;19
6869;26
6870;56
6871;20
6872;43
6873;59
6874;67
6875;35
6876;58
6877;36
6878;0
6879;61
6880;73
6881;74
6882;75
6883;28
6884;65
6885;79
6886;61
6887;51
6888;74
6889;25
6890;46
6891;21
6892;68
6893;32
6894;39
6895;14
6896;16
6897;47
6898;53
6899;45
6900;31
6901;12
6902;18
6903;44
6904;22
6905;2
6906;2
6907;5
6908;53
6909;43
6910;53
6911;42
6912;14
6913;12
6914;16
6915;48
6916;23
6917;41
6918;14
6919;60
6920;55
6921;30
6922;76
6923;28
6924;35
6925;43
6926;27
6927;5
6928;3
6929;46
6930;50
6931;21
6932;45
6933;35
6934;11
6935;10
6936;8
6937;57
6938;27
6939;50
6940;76
6941;52
6942;54
6943;62
6944;78
6945;56
6946;53
6947;33
6948;60
6949;67
6950;37
6951;24
6952;9
6953;2
6954;18
6955;29
6956;59
6957;55
6958;40
6959;54
6960;68
6961;29
6962;69
6963;42
6964;32
6965;12
6966;5
6967;1
6968;14
6969;52
6970;83
6971;50
6972;33
6973;8
6974;9
6975;7
6976;53
6977;25
6978;19
6979;65
6980;33
6981;56
6982;25
6983;26
6984;56
6985;42
6986;20
6987;24
6988;23
6989;57
6990;46
6991;31
6992;6
6993;12
6994;70
6995;42
6996;63
6997;54
6998;33
6999;53
7000;34
7001;50
7002;53
7003;44
7004;38
7005;58
7006;12
7007;9
7008;71
7009;48
7010;33
7011;3
7012;55
7013;47
7014;39
7015;35
7016;48
7017;40
7018;29
7019;48
7020;82
7021;60
7022;62
7023;57
7024;40
7025;30
7026;49
7027;28
7028;16
7029;17
7030;39
7031;28
7032;3
7033;8
7034;2
7035;54
7036;23
7037;25
7038;59
7039;19
7040;56
7041;62
7042;24
7043;31
7044;35
7045;12
7046;1
7047;17
7048;90
7049;59
7050;48
7051;57
7052;44
7053;53
7054;9
7055;10
7056;54
7057;81
7058;51
7059;67
7060;85
7061;38
7062;45
7063;74
7064;63
7065;53
7066;21
7067;39
7068;59
7069;59
7070;87
7071;56
7072;71
7073;57
7074;31
7075;57
7076;6
7077;9
7078;36
7079;29
7080;3
7081;4
7082;46
7083;32
7084;29
7085;34
7086;0
7087;4
7088;45
7089;24
7090;13
7091;6
7092;48
7093;4
7094;44
7095;16
7096;81
7097;71
7098;22
7099;81
7100;21
7101;28
7102;51
7103;55
7104;76
7105;31
7106;20
7107;49
7108;2
7109;4
7110;4
7111;43
7112;28
7113;29
7114;55
7115;57
7116;44
7117;38
7118;5
7119;0
7120;15
7121;71
7122;34
7123;21
7124;24
7125;57
7126;22
7127;69
7128;58
7129;37
7130;18
7131;26
7132;55
7133;59
7134;23
7135;58
7136;83
7137;43
7138;47
7139;38
7140;51
7141;71
7142;43
7143;52
7144;48
7145;59
7146;24
7147;27
7148;62
7149;42
7150;40
7151;87
7152;66
7153;38
7154;9
7155;12
7156;22
7157;56
7158;50
7159;80
7160;21
7161;22
7162;78
7163;70
7164;58
7165;30
7166;69
7167;50
7168;49
7169;17
7170;8
7171;78
7172;44
7173;74
7174;25
7175;23
7176;38
7177;19
7178;22
7179;62
7180;50
7181;61
7182;23
7183;44
7184;53
7185;82
7186;27
7187;62
7188;53
7189;21
7190;49
7191;42
7192;17
7193;7
7194;34
7195;41
7196;7
7197;1
7198;76
7199;36
7200;22
7201;71
7202;62
7203;22
7204;37
7205;5
7206;68
7207;47
7208;51
7209;51
7210;64
7211;52
7212;62
7213;77
7214;25
7215;53
7216;55
7217;47
7218;42
7219;20
7220;20
7221;22
7222;63
7223;52
7224;64
7225;63
7226;47
7227;9
7228;15
7229;30
7230;38
7231;15
7232;9
7233;53
7234;21
7235;30
7236;34
7237;47
7238;46
7239;6
7240;10
7241;78
7242;71
7243;44
7244;69
7245;59
7246;45
7247;87
7248;69
7249;60
7250;66
7251;36
7252;31
7253;16
7254;6
7255;61
7256;25
7257;54
7258;33
7259;54
7260;12
7261;27
7262;46
7263;35
7264;40
7265;55
7266;26
7267;32
7268;28
7269;51
7270;26
7271;50
7272;33
7273;17
7274;9
7275;84
7276;36
7277;30
7278;0
7279;6
7280;3
7281;38
7282;42
7283;6
7284;8
7285;12
7286;60
7287;37
7288;42
7289;18
7290;11
7291;55
7292;63
7293;35
7294;54
7295;37
7296;8
7297;15
7298;8
7299;6
7300;76
7301;51
7302;74
7303;54
7304;68
7305;72
7306;61
7307;50
7308;59
7309;20
7310;41
7311;5
7312;4
7313;4
7314;88
7315;38
7316;27
7317;64
7318;10
7319;7
7320;34
7321;76
7322;28
7323;51
7324;33
7325;42
7326;16
7327;15
7328;80
7329;54
7330;70
7331;63
7332;52
7333;58
7334;7
7335;46
7336;7
7337;68
7338;54
7339;40
7340;35
7341;18
7342;5
7343;8
7344;72
7345;20
7346;19
7347;67
7348;55
7349;52
7350;90
7351;42
7352;70
7353;24
7354;29
7355;47
7356;54
7357;12
7358;18
7359;46
7360;12
7361;37
7362;35
7363;5
7364;30
7365;54
7366;11
7367;13
7368;25
7369;23
7370;76
7371;51
7372;63
7373;79
7374;56
7375;39
7376;35
7377;4
7378;2
7379;44
7380;51
7381;52
7382;43
7383;10
7384;16
7385;16
7386;58
7387;56
7388;16
7389;15
7390;53
7391;64
7392;21
7393;29
7394;53
7395;18
7396;12
7397;30
7398;34
7399;4
7400;2
7401;38
7402;34
7403;6
7404;12
7405;33
7406;44
7407;42
7408;5
7409;17
7410;93
7411;47
7412;12
7413;67
7414;55
7415;43
7416;13
7417;49
7418;94
7419;36
7420;28
7421;39
7422;26
7423;53
7424;51
7425;53
7426;34
7427;19
7428;3
7429;1
7430;34
7431;46
7432;11
7433;10
7434;30
7435;27
7436;3
7437;4
7438;47
7439;37
7440;18
7441;3
7442;5
7443;79
7444;21
7445;49
7446;50
7447;48
7448;74
7449;60
7450;39
7451;13
7452;14
7453;28
7454;40
7455;77
7456;58
7457;31
7458;23
7459;72
7460;27
7461;40
7462;8
7463;70
7464;39
7465;44
7466;34
7467;16
7468;56
7469;42
7470;61
7471;23
7472;55
7473;43
7474;72
7475;33
7476;34
7477;42
7478;6
7479;15
7480;65
7481;46
7482;37
7483;3
7484;5
7485;40
7486;25
7487;46
7488;55
7489;54
7490;71
7491;87
7492;25
7493;43
7494;48
7495;7
7496;13
7497;19
7498;34
7499;53
7500;24
7501;38
7502;51
7503;57
7504;15
7505;10
7506;50
7507;23
7508;44
7509;71
7510;49
7511;27
7512;41
7513;11
7514;11
7515;56
7516;26
7517;69
7518;52
7519;78
7520;32
7521;68
7522;66
7523;73
7524;62
7525;54
7526;32
7527;56
7528;60
7529;46
7530;30
7531;16
7532;12
7533;36
7534;75
7535;49
7536;23
7537;27
7538;70
7539;70
7540;43
7541;50
7542;68
7543;47
7544;20
7545;1
7546;14
7547;29
7548;43
7549;10
7550;15
7551;73
7552;58
7553;50
7554;38
7555;24
7556;29
7557;4
7558;11
7559;69
7560;54
7561;46
7562;39
7563;16
7564;6
7565;18
7566;15
7567;32
7568;72
7569;32
7570;74
7571;58
7572;22
7573;29
7574;2
7575;4
7576;38
7577;33
7578;3
7579;3
7580;3
7581;21
7582;39
7583;24
7584;54
7585;36
7586;17
7587;42
7588;48
7589;39
7590;43
7591;41
7592;10
7593;14
7594;32
7595;63
7596;76
7597;32
7598;15
7599;38
7600;27
7601;25
7602;62
7603;55
7604;49
7605;33
7606;13
7607;8
7608;56
7609;50
7610;13
7611;48
7612;27
7613;38
7614;11
7615;11
7616;39
7617;21
7618;6
7619;2
7620;69
7621;58
7622;44
7623;33
7624;12
7625;4
7626;3
7627;24
7628;23
7629;63
7630;54
7631;59
7632;54
7633;62
7634;51
7635;39
7636;68
7637;37
7638;75
7639;49
7640;19
7641;4
7642;37
7643;43
7644;18
7645;11
7646;39
7647;34
7648;6
7649;5
7650;33
7651;47
7652;0
7653;0
7654;3
7655;47
7656;3
7657;3
7658;2
7659;21
7660;20
7661;19
7662;48
7663;16
7664;0
7665;45
7666;29
7667;69
7668;48
7669;78
7670;54
7671;32
7672;18
7673;8
7674;62
7675;62
7676;68
7677;30
7678;43
7679;28
7680;9
7681;35
7682;91
7683;46
7684;88
7685;43
7686;37
7687;10
7688;17
7689;24
7690;3
7691;1
7692;29
7693;48
7694;14
7695;16
7696;45
7697;46
7698;42
7699;56
7700;14
7701;10
7702;6
7703;32
7704;42
7705;18
7706;47
7707;44
7708;48
7709;63
7710;37
7711;21
7712;5
7713;10
7714;0
7715;1
7716;4
7717;45
7718;35
7719;29
7720;48
7721;0
7722;3
7723;65
7724;26
7725;43
7726;1
7727;5
7728;67
7729;70
7730;86
7731;32
7732;40
7733;49
7734;28
7735;8
7736;16
7737;45
7738;37
7739;1
7740;3
7741;46
7742;23
7743;64
7744;67
7745;38
7746;28
7747;45
7748;3
7749;1
7750;32
7751;28
7752;2
7753;5
7754;9
7755;45
7756;19
7757;51
7758;32
7759;47
7760;34
7761;16
7762;12
7763;30
7764;28
7765;58
7766;71
7767;75
7768;45
7769;13
7770;17
7771;49
7772;46
7773;16
7774;8
7775;7
7776;54
7777;63
7778;27
7779;45
7780;47
7781;63
7782;20
7783;70
7784;23
7785;66
7786;26
7787;23
7788;29
7789;50
7790;69
7791;33
7792;36
7793;14
7794;9
7795;17
7796;11
7797;64
7798;56
7799;15
7800;60
7801;37
7802;6
7803;15
7804;48
7805;68
7806;47
7807;28
7808;0
7809;3
7810;21
7811;67
7812;25
7813;58
7814;25
7815;25
7816;23
7817;29
7818;40
7819;18
7820;16
7821;56
7822;53
7823;53
7824;36
7825;9
7826;13
7827;18
7828;51
7829;19
7830;61
7831;30
7832;12
7833;15
7834;28
7835;22
7836;24
7837;37
7838;59
7839;55
7840;77
7841;27
7842;46
7843;6
7844;13
7845;91
7846;63
7847;65
7848;25
7849;26
7850;61
7851;47
7852;34
7853;17
7854;18
7855;17
7856;50
7857;27
7858;44
7859;66
7860;74
7861;65
7862;69
7863;42
7864;23
7865;47
7866;13
7867;55
7868;59
7869;40
7870;45
7871;11
7872;13
7873;51
7874;75
7875;82
7876;27
7877;27
7878;0
7879;16
7880;8
7881;45
7882;38
7883;14
7884;9
7885;75
7886;76
7887;22
7888;23
7889;47
7890;78
7891;25
7892;54
7893;40
7894;24
7895;78
7896;40
7897;44
7898;9
7899;3
7900;1
7901;0
7902;1
7903;4
7904;65
7905;23
7906;28
7907;20
7908;20
7909;80
7910;31
7911;29
7912;18
7913;10
7914;36
7915;67
7916;35
7917;44
7918;4
7919;15
7920;79
7921;65
7922;49
7923;46
7924;40
7925;20
7926;40
7927;80
7928;44
7929;35
7930;78
7931;42
7932;31
7933;0
7934;5
7935;6
7936;61
7937;37
7938;37
7939;16
7940;3
7941;28
7942;6
7943;54
7944;26
7945;57
7946;82
7947;23
7948;63
7949;54
7950;51
7951;18
7952;17
7953;32
7954;31
7955;53
7956;47
7957;9
7958;13
7959;7
7960;32
7961;27
7962;76
7963;66
7964;64
7965;28
7966;29
7967;5
7968;0
7969;43
7970;2
7971;24
7972;73
7973;20
7974;56
7975;21
7976;75
7977;51
7978;36
7979;26
7980;47
7981;31
7982;47
7983;10
7984;12
7985;46
7986;53
7987;54
7988;13
7989;21
7990;20
7991;72
7992;38
7993;34
7994;11
7995;30
7996;38
7997;53
7998;62
7999;34
8000;28
8001;62
8002;71
8003;47
8004;19
8005;11
8006;12
8007;32
8008;32
8009;50
8010;45
8011;14
8012;16
8013;27
8014;29
8015;36
8016;1
8017;5
8018;25
8019;20
8020;56
8021;40
8022;21
8023;44
8024;17
8025;19
8026;21
8027;74
8028;53
8029;52
8030;34
8031;44
8032;4
8033;2
8034;42
8035;62
8036;19
8037;30
8038;4
8039;0
8040;57
8041;40
8042;66
8043;48
8044;54
8045;60
8046;17
8047;32
8048;43
8049;18
8050;6
8051;28
8052;35
8053;13
8054;8
8055;36
8056;38
8057;62
8058;57
8059;87
8060;28
8061;32
8062;73
8063;74
8064;59
8065;39
8066;32
8067;1
8068;43
8069;22
8070;71
8071;84
8072;37
8073;25
8074;32
8075;33
8076;70
8077;66
8078;72
8079;32
8080;63
8081;60
8082;29
8083;15
8084;6
8085;54
8086;45
8087;18
8088;18
8089;50
8090;9
8091;18
8092;50
8093;64
8094;58
8095;21
8096;23
8097;77
8098;70
8099;32
8100;12
8101;31
8102;51
8103;9
8104;8
8105;67
8106;73
8107;48
8108;47
8109;46
8110;8
8111;9
8112;28
8113;49
8114;6
8115;16
8116;45
8117;62
8118;25
8119;70
8120;74
8121;58
8122;21
8123;20
8124;22
8125;82
8126;34
8127;37
8128;52
8129;57
8130;27
8131;38
8132;51
8133;50
8134;10
8135;13
8136;87
8137;55
8138;40
8139;59
8140;88
8141;63
8142;69
8143;46
8144;47
8145;47
8146;34
8147;44
8148;9
8149;28
8150;48
8151;3
8152;63
8153;76
8154;46
8155;48
8156;17
8157;14
8158;7
8159;49
8160;70
8161;48
8162;42
8163;29
8164;3
8165;11
8166;15
8167;81
8168;37
8169;68
8170;70
8171;23
8172;20
8173;25
8174;26
8175;32
8176;37
8177;28
8178;54
8179;78
8180;81
8181;70
8182;52
8183;62
8184;39
8185;27
8186;14
8187;7
8188;54
8189;55
8190;61
8191;55
8192;8
8193;14
8194;37
8195;67
8196;70
8197;86
8198;24
8199;52
8200;63
8201;13
8202;15
8203;36
8204;42
8205;70
8206;41
8207;26
8208;16
8209;13
8210;7
8211;52
8212;63
8213;41
8214;67
8215;57
8216;50
8217;8
8218;10
8219;23
8220;51
8221;32
8222;47
8223;3
8224;6
8225;28
8226;34
8227;53
8228;11
8229;17
8230;66
8231;51
8232;47
8233;64
8234;75
8235;59
8236;20
8237;31
8238;39
8239;45
8240;0
8241;32
8242;33
8243;38
8244;39
8245;18
8246;2
8247;51
8248;45
8249;28
8250;37
8251;9
8252;3
8253;37
8254;52
8255;68
8256;32
8257;51
8258;68
8259;41
8260;66
8261;54
8262;64
8263;51
8264;53
8265;49
8266;58
8267;60
8268;21
8269;52
8270;51
8271;35
8272;56
8273;6
8274;10
8275;25
8276;22
8277;76
8278;53
8279;51
8280;31
8281;11
8282;63
8283;55
8284;32
8285;35
8286;14
8287;8
8288;59
8289;50
8290;71
8291;67
8292;60
8293;28
8294;35
8295;10
8296;11
8297;5
8298;35
8299;31
8300;6
8301;6
8302;22
8303;19
8304;29
8305;22
8306;73
8307;32
8308;28
8309;8
8310;9
8311;9
8312;27
8313;38
8314;49
8315;16
8316;56
8317;58
8318;51
8319;59
8320;23
8321;51
8322;25
8323;30
8324;63
8325;46
8326;76
8327;71
8328;70
8329;28
8330;9
8331;6
8332;54
8333;43
8334;62
8335;33
8336;48
8337;50
8338;29
8339;27
8340;22
8341;14
8342;31
8343;72
8344;76
8345;45
8346;68
8347;51
8348;57
8349;56
8350;45
8351;63
8352;14
8353;13
8354;61
8355;51
8356;10
8357;9
8358;71
8359;65
8360;88
8361;51
8362;30
8363;44
8364;39
8365;16
8366;15
8367;49
8368;12
8369;39
8370;32
8371;36
8372;4
8373;13
8374;50
8375;47
8376;18
8377;72
8378;22
8379;67
8380;19
8381;46
8382;53
8383;25
8384;65
8385;55
8386;19
8387;69
8388;71
8389;68
8390;39
8391;57
8392;9
8393;14
8394;37
8395;47
8396;43
8397;10
8398;14
8399;20
8400;23
8401;32
8402;69
8403;21
8404;27
8405;50
8406;22
8407;36
8408;37
8409;11
8410;29
8411;68
8412;30
8413;48
8414;62
8415;51
8416;47
8417;34
8418;31
8419;3
8420;3
8421;55
8422;35
8423;17
8424;9
8425;56
8426;53
8427;34
8428;37
8429;9
8430;6
8431;52
8432;64
8433;16
8434;16
8435;51
8436;53
8437;21
8438;20
8439;63
8440;11
8441;11
8442;38
8443;47
8444;10
8445;14
8446;25
8447;63
8448;61
8449;70
8450;51
8451;25
8452;23
8453;41
8454;23
8455;75
8456;66
8457;23
8458;26
8459;53
8460;52
8461;39
8462;14
8463;26
8464;31
8465;47
8466;8
8467;18
8468;3
8469;99
8470;26
8471;39
8472;15
8473;8
8474;18
8475;13
8476;71
8477;29
8478;25
8479;83
8480;53
8481;53
8482;11
8483;25
8484;49
8485;35
8486;41
8487;4
8488;8
8489;19
8490;25
8491;72
8492;53
8493;40
8494;70
8495;32
8496;37
8497;23
8498;29
8499;24
8500;39
8501;25
8502;22
8503;9
8504;3
8505;54
8506;56
8507;48
8508;76
8509;59
8510;9
8511;43
8512;66
8513;48
8514;26
8515;25
8516;22
8517;70
8518;57
8519;49
8520;47
8521;26
8522;14
8523;17
8524;47
8525;11
8526;73
8527;52
8528;75
8529;60
8530;54
8531;45
8532;17
8533;9
8534;46
8535;53
8536;10
8537;18
8538;12
8539;15
8540;68
8541;85
8542;67
8543;32
8544;36
8545;60
8546;74
8547;70
8548;67
8549;55
8550;72
8551;78
8552;25
8553;75
8554;38
8555;31
8556;26
8557;56
8558;35
8559;37
8560;64
8561;55
8562;7
8563;18
8564;51
8565;28
8566;13
8567;16
8568;46
8569;58
8570;14
8571;10
8572;17
8573;42
8574;46
8575;57
8576;16
8577;38
8578;44
8579;0
8580;62
8581;27
8582;48
8583;40
8584;62
8585;68
8586;77
8587;50
8588;26
8589;26
8590;42
8591;0
8592;0
8593;15
8594;69
8595;59
8596;44
8597;33
8598;78
8599;33
8600;40
8601;7
8602;18
8603;51
8604;41
8605;23
8606;32
8607;51
8608;50
8609;30
8610;25
8611;71
8612;62
8613;60
8614;47
8615;59
8616;32
8617;48
8618;28
8619;45
8620;71
8621;38
8622;68
8623;53
8624;26
8625;59
8626;68
8627;46
8628;75
8629;66
8630;27
8631;6
8632;80
8633;32
8634;33
8635;17
8636;18
8637;58
8638;59
8639;35
8640;45
8641;40
8642;49
8643;38
8644;47
8645;82
8646;77
8647;53
8648;32
8649;31
8650;45
8651;50
8652;52
8653;58
8654;46
8655;27
8656;49
8657;5
8658;5
8659;0
8660;55
8661;71
8662;25
8663;51
8664;21
8665;19
8666;47
8667;41
8668;2
8669;1
8670;26
8671;35
8672;13
8673;10
8674;74
8675;80
8676;92
8677;48
8678;45
8679;29
8680;3
8681;15
8682;68
8683;26
8684;25
8685;25
8686;54
8687;46
8688;53
8689;72
8690;36
8691;25
8692;2
8693;2
8694;50
8695;53
8696;73
8697;26
8698;21
8699;1
8700;16
8701;37
8702;57
8703;17
8704;15
8705;24
8706;39
8707;40
8708;32
8709;49
8710;28
8711;27
8712;23
8713;12
8714;12
8715;48
8716;35
8717;53
8718;40
8719;70
8720;26
8721;28
8722;3
8723;4
8724;5
8725;55
8726;28
8727;14
8728;39
8729;84
8730;78
8731;58
8732;46
8733;18
8734;32
8735;32
8736;5
8737;2
8738;44
8739;14
8740;12
8741;41
8742;43
8743;39
8744;15
8745;61
8746;60
8747;42
8748;21
8749;19
8750;61
8751;31
8752;27
8753;4
8754;12
8755;61
8756;44
8757;48
8758;13
8759;6
8760;48
8761;50
8762;42
8763;71
8764;71
8765;45
8766;35
8767;0
8768;14
8769;22
8770;3
8771;62
8772;24
8773;30
8774;60
8775;51
8776;15
8777;51
8778;54
8779;30
8780;15
8781;2
8782;53
8783;29
8784;15
8785;18
8786;17
8787;49
8788;44
8789;61
8790;91
8791;66
8792;30
8793;16
8794;28
8795;26
8796;86
8797;32
8798;78
8799;46
8800;88
8801;50
8802;52
8803;46
8804;70
8805;22
8806;25
8807;25
8808;77
8809;24
8810;20
8811;28
8812;53
8813;47
8814;68
8815;86
8816;72
8817;90
8818;40
8819;45
8820;11
8821;12
8822;25
8823;64
8824;25
8825;56
8826;76
8827;55
8828;46
8829;14
8830;14
8831;62
8832;34
8833;42
8834;34
8835;57
8836;68
8837;62
8838;25
8839;37
8840;34
8841;11
8842;0
8843;67
8844;27
8845;32
8846;27
8847;1
8848;5
8849;26
8850;78
8851;29
8852;59
8853;18
8854;56
8855;73
8856;62
8857;29
8858;57
8859;60
8860;44
8861;42
8862;3
8863;2
8864;34
8865;26
8866;52
8867;66
8868;59
8869;17
8870;50
8871;59
8872;21
8873;29
8874;53
8875;42
8876;29
8877;50
8878;52
8879;18
8880;12
8881;14
8882;22
8883;58
8884;72
8885;26
8886;42
8887;54
8888;8
8889;7
8890;13
8891;56
8892;45
8893;18
8894;9
8895;36
8896;30
8897;5
8898;16
8899;1
8900;6
8901;62
8902;26
8903;46
8904;48
8905;59
8906;25
8907;39
8908;32
8909;16
8910;18
8911;50
8912;41
8913;46
8914;44
8915;9
8916;14
8917;75
8918;57
8919;51
8920;39
8921;20
8922;62
8923;49
8924;26
8925;29
8926;12
8927;7
8928;9
8929;27
8930;65
8931;69
8932;24
8933;49
8934;72
8935;46
8936;26
8937;37
8938;30
8939;19
8940;30
8941;22
8942;27
8943;44
8944;46
8945;62
8946;38
8947;73
8948;20
8949;49
8950;30
8951;60
8952;7
8953;13
8954;46
8955;37
8956;12
8957;14
8958;45
8959;25
8960;0
8961;2
8962;8
8963;78
8964;54
8965;88
8966;71
8967;43
8968;38
8969;41
8970;6
8971;1
8972;5
8973;29
8974;11
8975;18
8976;26
8977;70
8978;64
8979;57
8980;23
8981;35
8982;30
8983;12
8984;17
8985;62
8986;47
8987;60
8988;32
8989;20
8990;8
8991;10
8992;55
8993;69
8994;29
8995;32
8996;5
8997;17
8998;29
8999;40
9000;31
9001;33
9002;55
9003;10
9004;12
9005;33
9006;33
9007;38
9008;34
9009;62
9010;32
9011;37
9012;1
9013;51
9014;79
9015;35
9016;42
9017;3
9018;44
9019;47
9020;5
9021;4
9022;37
9023;22
9024;19
9025;64
9026;35
9027;62
9028;61
9029;59
9030;61
9031;58
9032;67
9033;52
9034;26
9035;11
9036;72
9037;46
9038;30
9039;26
9040;6
9041;0
9042;73
9043;21
9044;37
9045;19
9046;70
9047;50
9048;49
9049;17
9050;18
9051;31
9052;26
9053;2
9054;42
9055;48
9056;16
9057;17
9058;24
9059;32
9060;3
9061;9
9062;46
9063;23
9064;5
9065;40
9066;42
9067;32
9068;37
9069;40
9070;58
9071;15
9072;16
9073;60
9074;11
9075;15
9076;51
9077;53
9078;21
9079;30
9080;53
9081;40
9082;24
9083;25
9084;45
9085;46
9086;9
9087;57
9088;63
9089;55
9090;61
9091;46
9092;71
9093;76
9094;40
9095;31
9096;13
9097;37
9098;41
9099;14
9100;22
9101;39
9102;33
9103;10
9104;58
9105;70
9106;49
9107;70
9108;32
9109;36
9110;4
9111;6
9112;46
9113;30
9114;8
9115;11
9116;76
9117;67
9118;46
9119;61
9120;74
9121;26
9122;19
9123;25
9124;28
9125;45
9126;73
9127;19
9128;39
9129;38
9130;13
9131;15
9132;68
9133;37
9134;41
9135;25
9136;29
9137;45
9138;13
9139;37
9140;39
9141;11
9142;56
9143;56
9144;46
9145;53
9146;17
9147;9
9148;30
9149;55
9150;6
9151;18
9152;40
9153;47
9154;17
9155;15
9156;34
9157;56
9158;30
9159;6
9160;37
9161;31
9162;38
9163;40
9164;27
9165;17
9166;3
9167;18
9168;32
9169;52
9170;40
9171;89
9172;80
9173;48
9174;57
9175;49
9176;11
9177;17
9178;43
9179;40
9180;12
9181;8
9182;63
9183;61
9184;61
9185;52
9186;35
9187;30
9188;18
9189;3
9190;49
9191;26
9192;5
9193;3
9194;4
9195;51
9196;44
9197;57
9198;37
9199;43
9200;16
9201;10
9202;24
9203;77
9204;63
9205;44
9206;47
9207;15
9208;4
9209;11
9210;31
9211;81
9212;24
9213;20
9214;76
9215;26
9216;26
9217;10
9218;10
9219;51
9220;47
9221;65
9222;20
9223;48
9224;25
9225;66
9226;56
9227;25
9228;47
9229;24
9230;74
9231;61
9232;55
9233;24
9234;57
9235;56
9236;64
9237;87
9238;58
9239;65
9240;51
9241;37
9242;34
9243;3
9244;70
9245;31
9246;57
9247;77
9248;64
9249;73
9250;76
9251;81
9252;41
9253;48
9254;17
9255;6
9256;38
9257;90
9258;42
9259;40
9260;9
9261;18
9262;31
9263;43
9264;9
9265;69
9266;80
9267;40
9268;38
9269;27
9270;14
9271;0
9272;4
9273;59
9274;41
9275;48
9276;9
9277;4
9278;1
9279;16
9280;4
9281;58
9282;56
9283;39
9284;57
9285;79
9286;29
9287;47
9288;41
9289;2
9290;5
9291;36
9292;66
9293;50
9294;56
9295;49
9296;47
9297;3
9298;5
9299;0
9300;47
9301;46
9302;62
9303;24
9304;22
9305;25
9306;92
9307;55
9308;29
9309;53
9310;68
9311;46
9312;17
9313;8
9314;34
9315;68
9316;46
9317;28
9318;63
9319;8
9320;10
9321;10
9322;6
9323;25
9324;29
9325;87
9326;22
9327;36
9328;43
9329;7
9330;1
9331;25
9332;77
9333;69
9334;43
9335;54
9336;67
9337;44
9338;65
9339;23
9340;24
9341;48
9342;25
9343;20
9344;27
9345;28
9346;5
9347;4
9348;59
9349;59
9350;28
9351;38
9352;70
9353;37
9354;34
9355;30
9356;25
9357;25
9358;21
9359;55
9360;30
9361;11
9362;9
9363;31
9364;49
9365;53
9366;36
9367;55
9368;36
9369;35
9370;47
9371;61
9372;76
9373;48
9374;32
9375;31
9376;19
9377;25
9378;61
9379;64
9380;28
9381;6
9382;12
9383;12
9384;25
9385;19
9386;34
9387;59
9388;18
9389;17
9390;18
9391;14
9392;59
9393;81
9394;46
9395;27
9396;1
9397;50
9398;42
9399;6
9400;10
9401;66
9402;37
9403;28
9404;19
9405;2
9406;3
9407;14
9408;1
9409;63
9410;32
9411;47
9412;5
9413;4
9414;3
9415;52
9416;43
9417;13
9418;11
9419;41
9420;65
9421;20
9422;54
9423;29
9424;8
9425;8
9426;42
9427;36
9428;11
9429;13
9430;53
9431;51
9432;41
9433;57
9434;26
9435;66
9436;50
9437;56
9438;35
9439;75
9440;60
9441;35
9442;44
9443;5
9444;28
9445;77
9446;47
9447;74
9448;46
9449;83
9450;68
9451;91
9452;53
9453;36
9454;69
9455;61
9456;48
9457;30
9458;4
9459;0
9460;5
9461;38
9462;77
9463;46
9464;30
9465;15
9466;13
9467;40
9468;49
9469;40
9470;57
9471;34
9472;14
9473;14
9474;83
9475;67
9476;73
9477;72
9478;25
9479;48
9480;19
9481;21
9482;22
9483;47
9484;38
9485;8
9486;57
9487;26
9488;79
9489;39
9490;46
9491;17
9492;14
9493;28
9494;69
9495;72
9496;75
9497;19
9498;71
9499;77
9500;46
9501;45
9502;39
9503;12
9504;2
9505;32
9506;44
9507;43
9508;62
9509;43
9510;8
9511;39
9512;55
9513;46
9514;47
9515;66
9516;79
9517;58
9518;32
9519;15
9520;16
9521;6
9522;31
9523;66
9524;20
9525;38
9526;31
9527;45
9528;11
9529;5
9530;43
9531;23
9532;42
9533;28
9534;69
9535;47
9536;29
9537;14
9538;14
9539;87
9540;57
9541;34
9542;40
9543;19
9544;23
9545;77
9546;24
9547;34
9548;76
9549;28
9550;27
9551;15
9552;17
9553;21
9554;82
9555;35
9556;62
9557;21
9558;26
9559;44
9560;2
9561;0
9562;47
9563;29
9564;6
9565;21
9566;62
9567;24
9568;87
9569;40
9570;41
9571;60
9572;65
9573;60
9574;35
9575;33
9576;0
9577;5
9578;30
9579;54
9580;53
9581;42
9582;65
9583;72
9584;29
9585;24
9586;27
9587;1
9588;2
9589;9
9590;57
9591;55
9592;40
9593;40
9594;21
9595;22
9596;63
9597;60
9598;42
9599;30
9600;3
9601;1
9602;68
9603;63
9604;59
9605;31
9606;29
9607;10
9608;9
9609;59
9610;48
9611;8
9612;16
9613;7
9614;67
9615;51
9616;44
9617;39
9618;11
9619;10
9620;11
9621;22
9622;0
9623;4
9624;66
9625;22
9626;2
9627;53
9628;50
9629;60
9630;39
9631;48
9632;10
9633;6
9634;7
9635;14
9636;2
9637;0
9638;48
9639;11
9640;49
9641;48
9642;56
9643;23
9644;26
9645;73
9646;56
9647;54
9648;49
9649;58
9650;8
9651;12
9652;13
9653;49
9654;36
9655;73
9656;74
9657;80
9658;70
9659;58
9660;59
9661;24
9662;37
9663;59
9664;7
9665;17
9666;14
9667;25
9668;30
9669;33
9670;62
9671;50
9672;31
9673;32
9674;45
9675;39
9676;22
9677;50
9678;55
9679;33
9680;22
9681;81
9682;25
9683;35
9684;60
9685;44
9686;28
9687;13
9688;67
9689;26
9690;46
9691;80
9692;44
9693;17
9694;17
9695;44
9696;56
9697;53
9698;47
9699;28
9700;34
9701;9
9702;12
9703;46
9704;45
9705;11
9706;11
9707;10
9708;43
9709;56
9710;68
9711;23
9712;25
9713;30
9714;34
9715;6
9716;3
9717;70
9718;66
9719;66
9720;32
9721;81
9722;75
9723;80
9724;42
9725;59
9726;54
9727;23
9728;32
9729;39
9730;41
9731;59
9732;62
9733;45
9734;44
9735;6
9736;8
9737;17
9738;47
9739;52
9740;47
9741;79
9742;25
9743;57
9744;54
9745;47
9746;45
9747;5
9748;1
9749;1
9750;68
9751;70
9752;32
9753;44
9754;0
9755;4
9756;53
9757;30
9758;30
9759;15
9760;61
9761;46
9762;75
9763;33
9764;25
9765;6
9766;17
9767;5
9768;44
9769;26
9770;75
9771;25
9772;23
9773;23
9774;19
9775;34
9776;43
9777;12
9778;11
9779;17
9780;64
9781;24
9782;34
9783;63
9784;59
9785;22
9786;61
9787;37
9788;6
9789;13
9790;48
9791;21
9792;64
9793;61
9794;80
9795;57
9796;43
9797;30
9798;16
9799;7
9800;51
9801;25
9802;23
9803;71
9804;53
9805;20
9806;22
9807;39
9808;35
9809;54
9810;23
9811;31
9812;39
9813;32
9814;32
9815;70
9816;90
9817;53
9818;75
9819;19
9820;57
9821;26
9822;67
9823;29
9824;64
9825;14
9826;6
9827;11
9828;47
9829;40
9830;35
9831;9
9832;11
9833;41
9834;35
9835;10
9836;13
9837;10
9838;76
9839;31
9840;50
9841;12
9842;18
9843;31
9844;24
9845;6
9846;2
9847;36
9848;27
9849;28
9850;33
9851;51
9852;68
9853;46
9854;57
9855;38
9856;23
9857;38
9858;22
9859;22
9860;66
9861;66
9862;55
9863;25
9864;65
9865;90
9866;28
9867;33
9868;37
9869;7
9870;4
9871;43
9872;73
9873;20
9874;59
9875;52
9876;60
9877;63
9878;63
9879;87
9880;42
9881;45
9882;35
9883;11
9884;6
9885;9
9886;52
9887;39
9888;22
9889;29
9890;32
9891;75
9892;87
9893;52
9894;60
9895;46
9896;35
9897;18
9898;12
9899;71
9900;47
9901;34
9902;23
9903;22
9904;50
9905;59
9906;56
9907;19
9908;80
9909;62
9910;72
9911;28
9912;29
9913;16
9914;24
9915;23
9916;32
9917;72
9918;47
9919;77
9920;61
9921;19
9922;28
9923;44
9924;25
9925;21
9926;24
9927;25
9928;57
9929;50
9930;24
9931;19
9932;20
9933;42
9934;4
9935;2
9936;54
9937;31
9938;8
9939;7
9940;53
9941;21
9942;50
9943;19
9944;37
9945;52
9946;67
9947;39
9948;26
9949;11
9950;36
9951;35
9952;13
9953;7
9954;30
9955;32
9956;18
9957;6
9958;7
9959;30
9960;28
9961;6
9962;27
9963;27
9964;11
9965;10
9966;14
9967;27
9968;34
9969;2
9970;1
9971;44
9972;55
9973;65
9974;24
9975;71
9976;25
9977;56
9978;61
9979;20
9980;39
9981;19
9982;54
9983;10
9984;57
9985;20
9986;41
9987;73
9988;48
9989;22
9990;39
9991;20
9992;24
9993;28
9994;26
9995;23
9996;40
9997;31
9998;14
9999;15
10000;56
10001;71
10002;35
10003;36
10004;65
10005;91
10006;29
10007;31
10008;24
10009;12
10010;2
10011;56
10012;63
10013;47
10014;50
10015;35
10016;10
10017;18
10018;48
10019;22
10020;13
10021;2
10022;46
10023;26
10024;8
10025;12
10026;70
10027;51
10028;84
10029;56
10030;53
10031;28
10032;31
10033;5
10034;9
10035;4
10036;41
10037;47
10038;31
10039;48
10040;55
10041;49
10042;58
10043;42
10044;58
10045;14
10046;8
10047;81
10048;25
10049;26
10050;28
10051;54
10052;22
10053;62
10054;73
10055;20
10056;79
10057;61
10058;87
10059;78
10060;83
10061;47
10062;62
10063;40
10064;70
10065;60
10066;28
10067;27
10068;44
10069;0
10070;28
10071;58
10072;55
10073;29
10074;83
10075;60
10076;82
10077;56
10078;33
10079;26
10080;50
10081;77
10082;70
10083;91
10084;32
10085;81
10086;30
10087;43
10088;25
10089;3
10090;12
10091;87
10092;57
10093;21
10094;27
10095;20
10096;16
10097;7
10098;1
10099;40
10100;30
10101;60
10102;57
10103;25
10104;27
10105;2
10106;4
10107;48
10108;52
10109;54
10110;69
10111;24
10112;49
10113;75
10114;24
10115;53
10116;48
10117;37
10118;32
10119;44
10120;53
10121;17
10122;6
10123;31
10124;48
10125;1
10126;6
10127;35
10128;76
10129;53
10130;42
10131;76
10132;27
10133;22
10134;7
10135;1
10136;33
10137;20
10138;38
10139;0
10140;2
10141;18
10142;26
10143;55
10144;24
10145;70
10146;25
10147;48
10148;64
10149;18
10150;15
10151;36
10152;27
10153;19
10154;48
10155;95
10156;33
10157;33
10158;47
10159;46
10160;17
10161;8
10162;18
10163;33
10164;30
10165;63
10166;18
10167;8
10168;52
10169;54
10170;48
10171;55
10172;63
10173;44
10174;51
10175;27
10176;34
10177;31
10178;11
10179;12
10180;25
10181;78
10182;32
10183;13
10184;4
10185;70
10186;30
10187;31
10188;19
10189;67
10190;67
10191;76
10192;57
10193;23
10194;43
10195;54
10196;28
10197;21
10198;21
10199;83
10200;57
10201;62
10202;30
10203;6
10204;13
10205;50
10206;14
10207;53
10208;54
10209;18
10210;10
10211;64
10212;50
10213;52
10214;43
10215;78
10216;66
10217;58
10218;30
10219;22
10220;82
10221;81
10222;19
10223;20
10224;23
10225;65
10226;66
10227;23
10228;23
10229;24
10230;25
10231;23
10232;28
10233;45
10234;65
10235;28
10236;64
10237;9
10238;15
10239;64
10240;66
10241;37
10242;36
10243;16
10244;70
10245;44
10246;43
10247;1
10248;0
10249;5
10250;32
10251;30
10252;46
10253;77
10254;56
10255;48
10256;20
10257;61
10258;23
10259;57
10260;51
10261;19
10262;21
10263;52
10264;27
10265;39
10266;28
10267;2
10268;4
10269;18
10270;62
10271;46
10272;74
10273;49
10274;25
10275;4
10276;32
10277;2
10278;3
10279;4
10280;38
10281;32
10282;10
10283;35
10284;39
10285;12
10286;17
10287;60
10288;43
10289;7
10290;18
10291;41
10292;19
10293;3
10294;16
10295;9
10296;34
10297;75
10298;67
10299;63
10300;41
10301;54
10302;31
10303;23
10304;67
10305;89
10306;56
10307;67
10308;46
10309;58
10310;51
10311;37
10312;23
10313;4
10314;3
10315;34
10316;37
10317;6
10318;0
10319;54
10320;65
10321;33
10322;37
10323;42
10324;5
10325;0
10326;29
10327;32
10328;1
10329;3
10330;4
10331;3
10332;4
10333;72
10334;59
10335;55
10336;75
10337;40
10338;53
10339;70
10340;28
10341;53
10342;8
10343;16
10344;25
10345;91
10346;20
10347;46
10348;25
10349;25
10350;27
10351;42
10352;7
10353;7
10354;39
10355;6
10356;59
10357;72
10358;96
10359;79
10360;72
10361;78
10362;76
10363;93
10364;90
10365;73
10366;72
10367;101
10368;92
10369;96
10370;84
10371;67
10372;79
10373;90
10374;76
10375;79
10376;87
10377;73
10378;80
10379;79
10380;87
10381;75
10382;87
10383;86
10384;85
10385;95
10386;83
10387;73
10388;76
10389;96
10390;68
10391;75
10392;71
10393;75
10394;74
10395;76
10396;80
10397;82
10398;96
10399;73
10400;76
10401;69
10402;91
10403;77
10404;86
10405;77
10406;79
10407;83
10408;97
10409;89
10410;91
10411;81
10412;67
10413;74
10414;86
10415;84
10416;72
10417;83
10418;86
10419;86
10420;86
10421;97
10422;87
10423;80
10424;85
10425;76
10426;83
10427;91
10428;96
10429;82
10430;75
10431;77
10432;88
10433;74
10434;79
