1;21
2;64
3;95
4;39
5;13
6;68
7;19
8;73
9;71
10;34
11;69
12;19
13;65
14;56
15;12
16;90
17;63
18;48
19;76
20;94
21;30
22;16
23;49
24;64
25;43
26;79
27;64
28;29
29;8
30;18
31;44
32;25
33;52
34;54
35;62
36;33
37;63
38;31
39;10
40;9
41;43
42;24
43;15
44;8
45;16
46;61
47;65
48;53
49;54
50;64
51;56
52;59
53;55
54;35
55;57
56;78
57;84
58;33
59;13
60;58
61;51
62;73
63;66
64;80
65;71
66;50
67;26
68;55
69;49
70;21
71;40
72;48
73;13
74;11
75;15
76;57
77;82
78;44
79;59
80;38
81;26
82;17
83;33
84;56
85;30
86;44
87;3
88;17
89;68
90;91
91;40
92;31
93;15
94;12
95;24
96;1
97;10
98;56
99;81
100;75
101;47
102;67
103;46
104;19
105;32
106;65
107;61
108;53
109;34
110;14
111;51
112;65
113;77
114;49
115;37
116;54
117;10
118;9
119;64
120;70
121;47
122;60
123;6
124;58
125;68
126;65
127;51
128;37
129;16
130;58
131;14
132;20
133;33
134;37
135;40
136;1
137;29
138;58
139;33
140;19
141;32
142;86
143;29
144;37
145;16
146;42
147;44
148;58
149;54
150;51
151;42
152;42
153;7
154;2
155;82
156;32
157;60
158;40
159;17
160;74
161;55
162;75
163;45
164;30
165;4
166;4
167;4
168;75
169;76
170;48
171;38
172;25
173;80
174;37
175;57
176;18
177;12
178;50
179;84
180;67
181;29
182;39
183;15
184;11
185;3
186;77
187;56
188;46
189;79
190;64
191;50
192;48
193;16
194;35
195;36
196;0
197;81
198;61
199;46
200;73
201;40
202;55
203;70
204;73
205;64
206;93
207;24
208;50
209;71
210;53
211;68
212;46
213;49
214;52
215;8
216;13
217;34
218;88
219;69
220;80
221;55
222;79
223;81
224;38
225;38
226;5
227;43
228;5
229;40
230;81
231;56
232;45
233;52
234;67
235;70
236;33
237;53
238;82
239;72
240;63
241;64
242;43
243;18
244;9
245;31
246;76
247;54
248;65
249;29
250;20
251;30
252;44
253;34
254;55
255;51
256;55
257;24
258;68
259;62
260;58
261;55
262;70
263;52
264;77
265;60
266;55
267;47
268;33
269;27
270;71
271;55
272;48
273;45
274;36
275;53
276;18
277;7
278;7
279;57
280;72
281;68
282;53
283;45
284;71
285;59
286;22
287;70
288;79
289;41
290;87
291;71
292;77
293;52
294;28
295;23
296;62
297;54
298;48
299;75
300;54
301;43
302;53
303;52
304;26
305;57
306;26
307;39
308;4
309;4
310;46
311;24
312;10
313;10
314;58
315;43
316;37
317;62
318;11
319;12
320;13
321;15
322;80
323;60
324;54
325;13
326;15
327;73
328;58
329;30
330;49
331;60
332;66
333;80
334;35
335;36
336;2
337;13
338;2
339;53
340;36
341;6
342;12
343;54
344;49
345;67
346;57
347;10
348;57
349;42
350;14
351;16
352;69
353;58
354;19
355;2
356;20
357;61
358;82
359;55
360;74
361;63
362;38
363;76
364;37
365;8
366;6
367;57
368;38
369;6
370;6
371;55
372;7
373;70
374;64
375;42
376;38
377;44
378;69
379;55
380;31
381;59
382;45
383;69
384;74
385;71
386;58
387;48
388;82
389;48
390;61
391;46
392;21
393;20
394;45
395;59
396;62
397;6
398;8
399;14
400;57
401;99
402;35
403;24
404;72
405;32
406;24
407;3
408;8
409;59
410;50
411;15
412;57
413;49
414;63
415;8
416;13
417;11
418;68
419;49
420;46
421;5
422;4
423;25
424;57
425;33
426;80
427;57
428;48
429;49
430;19
431;82
432;19
433;30
434;65
435;54
436;86
437;31
438;30
439;25
440;2
441;5
442;24
443;38
444;62
445;47
446;55
447;49
448;25
449;4
450;2
451;58
452;25
453;24
454;19
455;32
456;66
457;58
458;62
459;84
460;87
461;51
462;58
463;20
464;81
465;61
466;58
467;49
468;62
469;62
470;22
471;78
472;49
473;51
474;64
475;24
476;39
477;2
478;4
479;16
480;47
481;1
482;7
483;4
484;3
485;34
486;9
487;58
488;40
489;17
490;12
491;53
492;52
493;38
494;60
495;9
496;37
497;55
498;16
499;48
500;48
501;80
502;72
503;33
504;26
505;35
506;55
507;12
508;27
509;19
510;18
511;0
512;13
513;60
514;76
515;41
516;41
517;64
518;81
519;58
520;8
521;41
522;61
523;63
524;76
525;30
526;22
527;2
528;3
529;35
530;61
531;79
532;88
533;57
534;82
535;30
536;35
537;13
538;8
539;31
540;47
541;8
542;38
543;8
544;59
545;53
546;86
547;69
548;64
549;63
550;33
551;45
552;13
553;13
554;75
555;64
556;46
557;8
558;46
559;9
560;3
561;54
562;62
563;17
564;87
565;74
566;85
567;50
568;59
569;35
570;14
571;70
572;58
573;50
574;48
575;49
576;44
577;7
578;14
579;2
580;62
581;72
582;49
583;7
584;64
585;62
586;33
587;63
588;82
589;60
590;34
591;45
592;31
593;46
594;79
595;60
596;77
597;74
598;84
599;38
600;45
601;27
602;41
603;17
604;7
605;41
606;58
607;52
608;50
609;53
610;44
611;72
612;30
613;65
614;54
615;34
616;40
617;10
618;8
619;6
620;15
621;61
622;19
623;38
624;58
625;76
626;37
627;65
628;50
629;55
630;15
631;48
632;35
633;15
634;72
635;72
636;51
637;82
638;57
639;32
640;56
641;14
642;14
643;16
644;42
645;62
646;47
647;64
648;14
649;60
650;60
651;57
652;42
653;84
654;69
655;88
656;33
657;52
658;60
659;67
660;35
661;42
662;1
663;39
664;45
665;17
666;23
667;38
668;23
669;21
670;51
671;11
672;54
673;62
674;50
675;79
676;55
677;61
678;45
679;35
680;3
681;68
682;67
683;77
684;28
685;65
686;48
687;45
688;11
689;55
690;74
691;29
692;62
693;14
694;13
695;72
696;55
697;40
698;21
699;4
700;17
701;44
702;57
703;16
704;17
705;33
706;20
707;80
708;22
709;78
710;23
711;37
712;63
713;44
714;77
715;48
716;25
717;38
718;2
719;10
720;26
721;47
722;63
723;27
724;33
725;78
726;51
727;69
728;22
729;28
730;16
731;59
732;74
733;49
734;57
735;50
736;55
737;29
738;87
739;72
740;65
741;34
742;50
743;58
744;10
745;12
746;34
747;32
748;12
749;0
750;11
751;30
752;62
753;9
754;13
755;63
756;7
757;63
758;60
759;68
760;55
761;37
762;11
763;7
764;72
765;35
766;44
767;64
768;57
769;70
770;32
771;31
772;8
773;46
774;23
775;55
776;76
777;84
778;57
779;61
780;70
781;22
782;47
783;57
784;51
785;8
786;9
787;13
788;64
789;20
790;31
791;28
792;18
793;2
794;0
795;77
796;22
797;37
798;0
799;4
800;44
801;65
802;60
803;73
804;87
805;53
806;85
807;60
808;48
809;13
810;33
811;43
812;1
813;2
814;0
815;35
816;38
817;4
818;10
819;16
820;3
821;3
822;79
823;20
824;24
825;24
826;24
827;22
828;20
829;27
830;64
831;86
832;87
833;31
834;22
835;5
836;17
837;53
838;51
839;44
840;41
841;10
842;69
843;27
844;30
845;9
846;10
847;75
848;54
849;56
850;79
851;24
852;72
853;55
854;38
855;58
856;59
857;26
858;71
859;42
860;48
861;49
862;53
863;16
864;10
865;41
866;69
867;52
868;70
869;36
870;23
871;1
872;26
873;31
874;0
875;13
876;79
877;90
878;75
879;24
880;23
881;30
882;63
883;55
884;54
885;20
886;63
887;65
888;53
889;27
890;57
891;61
892;52
893;73
894;28
895;60
896;73
897;90
898;72
899;56
900;35
901;45
902;18
903;7
904;14
905;77
906;43
907;25
908;67
909;68
910;46
911;42
912;14
913;14
914;49
915;71
916;53
917;44
918;78
919;78
920;57
921;49
922;4
923;12
924;59
925;20
926;22
927;22
928;67
929;63
930;53
931;72
932;60
933;70
934;68
935;79
936;53
937;27
938;78
939;87
940;56
941;75
942;85
943;31
944;31
945;8
946;46
947;15
948;11
949;76
950;68
951;60
952;32
953;49
954;75
955;47
956;27
957;22
958;19
959;29
960;59
961;47
962;66
963;71
964;57
965;26
966;64
967;10
968;81
969;35
970;23
971;40
972;49
973;57
974;71
975;49
976;19
977;60
978;57
979;44
980;38
981;31
982;10
983;3
984;18
985;51
986;74
987;19
988;28
989;48
990;21
991;21
992;57
993;68
994;85
995;38
996;66
997;61
998;53
999;12
1000;81
1001;57
1002;12
1003;6
1004;56
1005;70
1006;62
1007;73
1008;49
1009;63
1010;63
1011;79
1012;64
1013;12
1014;57
1015;71
1016;81
1017;67
1018;82
1019;30
1020;39
1021;44
1022;44
1023;13
1024;17
1025;0
1026;43
1027;34
1028;43
1029;65
1030;39
1031;14
1032;6
1033;38
1034;61
1035;6
1036;75
1037;29
1038;42
1039;59
1040;18
1041;19
1042;34
1043;18
1044;38
1045;22
1046;59
1047;51
1048;67
1049;78
1050;40
1051;29
1052;27
1053;17
1054;3
1055;10
1056;90
1057;36
1058;9
1059;14
1060;28
1061;61
1062;68
1063;26
1064;71
1065;70
1066;88
1067;72
1068;73
1069;96
1070;77
1071;59
1072;42
1073;37
1074;15
1075;12
1076;31
1077;15
1078;17
1079;53
1080;70
1081;51
1082;41
1083;61
1084;61
1085;65
1086;47
1087;31
1088;28
1089;85
1090;71
1091;78
1092;22
1093;39
1094;4
1095;11
1096;4
1097;5
1098;75
1099;63
1100;59
1101;62
1102;70
1103;71
1104;50
1105;43
1106;69
1107;84
1108;33
1109;42
1110;53
1111;49
1112;74
1113;63
1114;59
1115;46
1116;45
1117;23
1118;3
1119;5
1120;4
1121;38
1122;30
1123;13
1124;7
1125;67
1126;56
1127;71
1128;33
1129;78
1130;71
1131;62
1132;34
1133;22
1134;20
1135;31
1136;68
1137;55
1138;62
1139;80
1140;24
1141;48
1142;55
1143;15
1144;8
1145;31
1146;37
1147;2
1148;13
1149;24
1150;55
1151;44
1152;32
1153;85
1154;83
1155;79
1156;79
1157;82
1158;78
1159;30
1160;29
1161;36
1162;16
1163;70
1164;80
1165;47
1166;19
1167;48
1168;77
1169;34
1170;35
1171;69
1172;75
1173;49
1174;23
1175;21
1176;21
1177;58
1178;37
1179;37
1180;62
1181;63
1182;13
1183;38
1184;52
1185;58
1186;7
1187;7
1188;9
1189;65
1190;84
1191;82
1192;31
1193;61
1194;68
1195;65
1196;62
1197;19
1198;28
1199;5
1200;2
1201;2
1202;45
1203;28
1204;15
1205;5
1206;85
1207;26
1208;77
1209;71
1210;24
1211;43
1212;32
1213;4
1214;17
1215;53
1216;62
1217;52
1218;76
1219;57
1220;39
1221;11
1222;16
1223;61
1224;56
1225;48
1226;51
1227;81
1228;66
1229;56
1230;58
1231;17
1232;11
1233;16
1234;16
1235;60
1236;81
1237;67
1238;54
1239;49
1240;41
1241;6
1242;18
1243;53
1244;75
1245;51
1246;59
1247;53
1248;26
1249;7
1250;52
1251;31
1252;42
1253;12
1254;8
1255;88
1256;52
1257;77
1258;80
1259;40
1260;75
1261;57
1262;56
1263;22
1264;78
1265;53
1266;51
1267;25
1268;26
1269;35
1270;53
1271;24
1272;22
1273;49
1274;37
1275;3
1276;6
1277;4
1278;51
1279;52
1280;48
1281;31
1282;6
1283;6
1284;21
1285;65
1286;35
1287;58
1288;24
1289;26
1290;54
1291;73
1292;51
1293;55
1294;62
1295;36
1296;13
1297;7
1298;60
1299;68
1300;82
1301;70
1302;78
1303;87
1304;62
1305;27
1306;56
1307;11
1308;12
1309;10
1310;57
1311;16
1312;31
1313;49
1314;6
1315;63
1316;62
1317;47
1318;39
1319;16
1320;46
1321;35
1322;46
1323;43
1324;44
1325;71
1326;45
1327;48
1328;10
1329;8
1330;53
1331;66
1332;58
1333;59
1334;64
1335;49
1336;28
1337;47
1338;9
1339;18
1340;71
1341;51
1342;38
1343;21
1344;63
1345;61
1346;38
1347;50
1348;71
1349;74
1350;74
1351;67
1352;72
1353;53
1354;66
1355;70
1356;24
1357;57
1358;45
1359;39
1360;35
1361;13
1362;11
1363;21
1364;23
1365;53
1366;42
1367;16
1368;2
1369;64
1370;9
1371;40
1372;54
1373;82
1374;48
1375;57
1376;38
1377;77
1378;45
1379;27
1380;1
1381;0
1382;57
1383;55
1384;38
1385;47
1386;38
1387;6
1388;42
1389;31
1390;46
1391;1
1392;16
1393;1
1394;41
1395;48
1396;14
1397;30
1398;44
1399;13
1400;1
1401;10
1402;57
1403;76
1404;33
1405;47
1406;7
1407;8
1408;72
1409;46
1410;66
1411;54
1412;61
1413;20
1414;72
1415;57
1416;36
1417;64
1418;62
1419;25
1420;37
1421;15
1422;5
1423;12
1424;28
1425;20
1426;52
1427;40
1428;65
1429;88
1430;52
1431;35
1432;36
1433;47
1434;13
1435;1
1436;84
1437;20
1438;47
1439;32
1440;17
1441;18
1442;46
1443;74
1444;49
1445;77
1446;68
1447;33
1448;35
1449;16
1450;53
1451;39
1452;20
1453;76
1454;26
1455;82
1456;81
1457;57
1458;31
1459;17
1460;16
1461;53
1462;69
1463;73
1464;46
1465;30
1466;63
1467;43
1468;13
1469;65
1470;53
1471;51
1472;54
1473;48
1474;20
1475;66
1476;26
1477;49
1478;52
1479;57
1480;14
1481;11
1482;14
1483;69
1484;21
1485;29
1486;77
1487;73
1488;35
1489;27
1490;62
1491;57
1492;44
1493;13
1494;15
1495;15
1496;33
1497;59
1498;51
1499;49
1500;10
1501;12
1502;73
1503;59
1504;23
1505;35
1506;56
1507;43
1508;48
1509;13
1510;7
1511;18
1512;34
1513;70
1514;21
1515;65
1516;37
1517;88
1518;60
1519;31
1520;52
1521;18
1522;12
1523;38
1524;54
1525;15
1526;15
1527;17
1528;67
1529;57
1530;30
1531;30
1532;16
1533;79
1534;25
1535;24
1536;62
1537;46
1538;67
1539;70
1540;90
1541;49
1542;62
1543;37
1544;27
1545;8
1546;12
1547;25
1548;48
1549;17
1550;5
1551;53
1552;57
1553;71
1554;53
1555;71
1556;48
1557;33
1558;1
1559;38
1560;51
1561;68
1562;56
1563;48
1564;45
1565;34
1566;16
1567;78
1568;58
1569;32
1570;32
1571;12
1572;14
1573;90
1574;51
1575;36
1576;60
1577;22
1578;23
1579;1
1580;49
1581;71
1582;42
1583;67
1584;33
1585;5
1586;2
1587;26
1588;42
1589;10
1590;10
1591;73
1592;38
1593;44
1594;56
1595;60
1596;64
1597;48
1598;34
1599;3
1600;2
1601;50
1602;31
1603;20
1604;22
1605;21
1606;46
1607;87
1608;38
1609;15
1610;63
1611;74
1612;35
1613;45
1614;15
1615;4
1616;81
1617;55
1618;51
1619;28
1620;71
1621;20
1622;57
1623;42
1624;46
1625;34
1626;52
1627;64
1628;59
1629;21
1630;52
1631;38
1632;72
1633;70
1634;73
1635;59
1636;59
1637;66
1638;53
1639;71
1640;85
1641;72
1642;38
1643;85
1644;25
1645;85
1646;55
1647;31
1648;8
1649;42
1650;73
1651;38
1652;63
1653;64
1654;58
1655;63
1656;70
1657;37
1658;47
1659;19
1660;31
1661;39
1662;9
1663;14
1664;61
1665;31
1666;57
1667;8
1668;51
1669;50
1670;61
1671;46
1672;8
1673;49
1674;49
1675;17
1676;11
1677;49
1678;65
1679;52
1680;20
1681;79
1682;31
1683;28
1684;9
1685;17
1686;63
1687;90
1688;68
1689;24
1690;45
1691;62
1692;28
1693;0
1694;0
1695;44
1696;75
1697;49
1698;60
1699;64
1700;52
1701;58
1702;57
1703;17
1704;14
1705;65
1706;61
1707;37
1708;30
1709;5
1710;3
1711;2
1712;70
1713;53
1714;43
1715;0
1716;5
1717;26
1718;61
1719;42
1720;43
1721;31
1722;17
1723;1
1724;11
1725;35
1726;36
1727;5
1728;6
1729;25
1730;66
1731;61
1732;22
1733;22
1734;60
1735;68
1736;53
1737;69
1738;67
1739;26
1740;40
1741;22
1742;0
1743;0
1744;20
1745;85
1746;58
1747;61
1748;53
1749;62
1750;28
1751;62
1752;8
1753;73
1754;91
1755;49
1756;63
1757;65
1758;66
1759;87
1760;26
1761;99
1762;64
1763;51
1764;46
1765;35
1766;13
1767;6
1768;52
1769;62
1770;46
1771;72
1772;79
1773;71
1774;23
1775;46
1776;33
1777;62
1778;58
1779;57
1780;52
1781;68
1782;30
1783;33
1784;21
1785;18
1786;1
1787;3
1788;50
1789;72
1790;35
1791;63
1792;71
1793;52
1794;56
1795;35
1796;95
1797;24
1798;73
1799;45
1800;47
1801;40
1802;36
1803;4
1804;7
1805;80
1806;23
1807;91
1808;84
1809;59
1810;90
1811;50
1812;36
1813;29
1814;5
1815;11
1816;86
1817;55
1818;67
1819;87
1820;48
1821;33
1822;28
1823;9
1824;5
1825;52
1826;77
1827;86
1828;66
1829;47
1830;26
1831;9
1832;11
1833;61
1834;32
1835;54
1836;59
1837;77
1838;39
1839;86
1840;60
1841;86
1842;50
1843;64
1844;10
1845;9
1846;44
1847;64
1848;28
1849;70
1850;63
1851;74
1852;38
1853;42
1854;58
1855;51
1856;83
1857;60
1858;49
1859;34
1860;33
1861;10
1862;3
1863;5
1864;72
1865;63
1866;24
1867;50
1868;26
1869;15
1870;43
1871;81
1872;59
1873;67
1874;19
1875;70
1876;62
1877;24
1878;38
1879;10
1880;4
1881;66
1882;37
1883;54
1884;73
1885;60
1886;33
1887;10
1888;7
1889;37
1890;42
1891;2
1892;5
1893;62
1894;55
1895;48
1896;67
1897;81
1898;63
1899;62
1900;31
1901;24
1902;45
1903;66
1904;76
1905;33
1906;44
1907;18
1908;10
1909;40
1910;36
1911;40
1912;0
1913;16
1914;60
1915;24
1916;32
1917;5
1918;58
1919;27
1920;41
1921;5
1922;5
1923;56
1924;57
1925;49
1926;49
1927;37
1928;12
1929;6
1930;6
1931;33
1932;28
1933;13
1934;18
1935;13
1936;79
1937;33
1938;75
1939;52
1940;45
1941;21
1942;60
1943;60
1944;54
1945;72
1946;50
1947;73
1948;74
1949;59
1950;76
1951;76
1952;80
1953;72
1954;79
1955;46
1956;85
1957;32
1958;89
1959;44
1960;12
1961;41
1962;36
1963;14
1964;7
1965;9
1966;42
1967;81
1968;60
1969;26
1970;51
1971;54
1972;25
1973;25
1974;25
1975;23
1976;57
1977;38
1978;39
1979;19
1980;47
1981;42
1982;30
1983;16
1984;9
1985;12
1986;71
1987;67
1988;47
1989;5
1990;4
1991;45
1992;34
1993;8
1994;10
1995;33
1996;88
1997;62
1998;22
1999;72
2000;91
2001;77
2002;64
2003;77
2004;62
2005;30
2006;73
2007;55
2008;81
2009;82
2010;74
2011;70
2012;62
2013;28
2014;59
2015;27
2016;46
2017;63
2018;18
2019;13
2020;64
2021;55
2022;10
2023;16
2024;9
2025;50
2026;37
2027;9
2028;13
2029;42
2030;38
2031;15
2032;1
2033;57
2034;31
2035;5
2036;35
2037;18
2038;46
2039;2
2040;65
2041;30
2042;44
2043;49
2044;31
2045;53
2046;10
2047;9
2048;7
2049;56
2050;64
2051;82
2052;67
2053;44
2054;71
2055;24
2056;19
2057;51
2058;22
2059;21
2060;21
2061;69
2062;25
2063;54
2064;39
2065;46
2066;2
2067;83
2068;64
2069;47
2070;69
2071;63
2072;48
2073;27
2074;43
2075;13
2076;48
2077;9
2078;63
2079;76
2080;69
2081;59
2082;57
2083;70
2084;19
2085;38
2086;52
2087;62
2088;52
2089;46
2090;53
2091;8
2092;8
2093;81
2094;44
2095;21
2096;76
2097;62
2098;44
2099;41
2100;5
2101;11
2102;41
2103;35
2104;30
2105;12
2106;45
2107;75
2108;39
2109;55
2110;40
2111;39
2112;56
2113;7
2114;17
2115;18
2116;61
2117;59
2118;41
2119;54
2120;52
2121;60
2122;89
2123;48
2124;81
2125;71
2126;64
2127;52
2128;42
2129;12
2130;73
2131;91
2132;33
2133;11
2134;17
2135;52
2136;59
2137;42
2138;35
2139;68
2140;58
2141;42
2142;49
2143;33
2144;57
2145;6
2146;14
2147;27
2148;46
2149;48
2150;80
2151;64
2152;21
2153;41
2154;43
2155;0
2156;55
2157;43
2158;6
2159;13
2160;45
2161;54
2162;34
2163;15
2164;71
2165;40
2166;36
2167;73
2168;28
2169;57
2170;9
2171;37
2172;49
2173;11
2174;9
2175;60
2176;51
2177;7
2178;51
2179;64
2180;44
2181;38
2182;55
2183;65
2184;46
2185;36
2186;32
2187;3
2188;33
2189;46
2190;63
2191;41
2192;45
2193;10
2194;14
2195;97
2196;39
2197;40
2198;81
2199;26
2200;61
2201;51
2202;61
2203;29
2204;35
2205;12
2206;18
2207;65
2208;76
2209;34
2210;67
2211;59
2212;38
2213;51
2214;46
2215;11
2216;13
2217;35
2218;39
2219;44
2220;45
2221;2
2222;18
2223;16
2224;68
2225;77
2226;76
2227;53
2228;19
2229;52
2230;64
2231;57
2232;52
2233;52
2234;75
2235;55
2236;20
2237;46
2238;31
2239;4
2240;13
2241;5
2242;68
2243;81
2244;46
2245;20
2246;85
2247;42
2248;43
2249;2
2250;17
2251;24
2252;24
2253;20
2254;81
2255;63
2256;74
2257;74
2258;19
2259;70
2260;76
2261;65
2262;24
2263;80
2264;24
2265;31
2266;48
2267;15
2268;17
2269;41
2270;0
2271;11
2272;39
2273;23
2274;45
2275;12
2276;34
2277;53
2278;7
2279;20
2280;97
2281;46
2282;67
2283;30
2284;12
2285;59
2286;57
2287;49
2288;31
2289;13
2290;70
2291;78
2292;34
2293;42
2294;72
2295;45
2296;48
2297;17
2298;14
2299;54
2300;59
2301;62
2302;45
2303;13
2304;12
2305;46
2306;31
2307;15
2308;48
2309;74
2310;62
2311;55
2312;37
2313;30
2314;18
2315;6
2316;62
2317;52
2318;22
2319;49
2320;52
2321;21
2322;23
2323;57
2324;40
2325;36
2326;14
2327;11
2328;18
2329;27
2330;21
2331;57
2332;57
2333;53
2334;28
2335;64
2336;49
2337;20
2338;38
2339;7
2340;84
2341;33
2342;73
2343;38
2344;7
2345;43
2346;64
2347;14
2348;9
2349;97
2350;38
2351;51
2352;62
2353;45
2354;11
2355;11
2356;91
2357;66
2358;63
2359;20
2360;55
2361;74
2362;73
2363;42
2364;48
2365;43
2366;0
2367;69
2368;35
2369;15
2370;82
2371;43
2372;84
2373;63
2374;52
2375;49
2376;26
2377;44
2378;10
2379;53
2380;47
2381;20
2382;0
2383;35
2384;66
2385;25
2386;52
2387;58
2388;48
2389;49
2390;21
2391;19
2392;68
2393;28
2394;22
2395;21
2396;25
2397;71
2398;24
2399;57
2400;87
2401;24
2402;93
2403;82
2404;64
2405;31
2406;9
2407;19
2408;46
2409;89
2410;55
2411;75
2412;76
2413;53
2414;57
2415;65
2416;61
2417;65
2418;70
2419;84
2420;57
2421;59
2422;20
2423;42
2424;44
2425;16
2426;15
2427;54
2428;66
2429;79
2430;36
2431;59
2432;62
2433;35
2434;54
2435;40
2436;53
2437;60
2438;14
2439;17
2440;49
2441;35
2442;68
2443;60
2444;24
2445;28
2446;13
2447;0
2448;37
2449;63
2450;84
2451;21
2452;49
2453;45
2454;39
2455;43
2456;8
2457;4
2458;56
2459;26
2460;55
2461;54
2462;81
2463;41
2464;50
2465;40
2466;63
2467;63
2468;69
2469;51
2470;21
2471;64
2472;81
2473;25
2474;69
2475;66
2476;85
2477;58
2478;53
2479;46
2480;17
2481;60
2482;84
2483;73
2484;51
2485;34
2486;90
2487;64
2488;51
2489;47
2490;52
2491;53
2492;38
2493;62
2494;87
2495;59
2496;67
2497;54
2498;41
2499;15
2500;8
2501;40
2502;44
2503;12
2504;36
2505;37
2506;14
2507;15
2508;82
2509;60
2510;49
2511;42
2512;87
2513;47
2514;34
2515;48
2516;2
2517;5
2518;46
2519;48
2520;19
2521;41
2522;57
2523;48
2524;44
2525;45
2526;36
2527;38
2528;4
2529;7
2530;21
2531;85
2532;55
2533;44
2534;7
2535;15
2536;55
2537;21
2538;41
2539;58
2540;55
2541;62
2542;79
2543;70
2544;38
2545;27
2546;48
2547;72
2548;48
2549;31
2550;13
2551;10
2552;10
2553;31
2554;49
2555;31
2556;35
2557;17
2558;0
2559;11
2560;52
2561;19
2562;35
2563;47
2564;4
2565;18
2566;69
2567;73
2568;77
2569;53
2570;30
2571;51
2572;15
2573;11
2574;17
2575;44
2576;48
2577;7
2578;11
2579;49
2580;80
2581;23
2582;45
2583;80
2584;70
2585;64
2586;55
2587;32
2588;77
2589;22
2590;43
2591;38
2592;52
2593;85
2594;25
2595;46
2596;69
2597;85
2598;80
2599;38
2600;46
2601;16
2602;13
2603;6
2604;15
2605;44
2606;52
2607;12
2608;17
2609;72
2610;82
2611;34
2612;62
2613;13
2614;7
2615;63
2616;37
2617;26
2618;14
2619;78
2620;50
2621;61
2622;80
2623;21
2624;34
2625;40
2626;95
2627;64
2628;91
2629;57
2630;49
2631;71
2632;47
2633;64
2634;45
2635;20
2636;45
2637;8
2638;6
2639;47
2640;44
2641;1
2642;1
2643;59
2644;54
2645;33
2646;38
2647;3
2648;65
2649;47
2650;64
2651;76
2652;69
2653;79
2654;38
2655;45
2656;7
2657;12
2658;71
2659;41
2660;59
2661;34
2662;17
2663;10
2664;17
2665;58
2666;49
2667;71
2668;71
2669;24
2670;47
2671;1
2672;11
2673;71
2674;19
2675;72
2676;79
2677;57
2678;35
2679;14
2680;7
2681;20
2682;32
2683;1
2684;5
2685;18
2686;58
2687;79
2688;35
2689;57
2690;9
2691;7
2692;59
2693;29
2694;18
2695;45
2696;31
2697;1
2698;69
2699;56
2700;37
2701;9
2702;16
2703;67
2704;67
2705;64
2706;52
2707;78
2708;60
2709;53
2710;64
2711;55
2712;44
2713;52
2714;44
2715;62
2716;45
2717;11
2718;16
2719;57
2720;58
2721;84
2722;59
2723;22
2724;72
2725;46
2726;68
2727;76
2728;67
2729;65
2730;71
2731;49
2732;73
2733;61
2734;29
2735;7
2736;10
2737;73
2738;60
2739;38
2740;78
2741;60
2742;64
2743;31
2744;11
2745;13
2746;81
2747;45
2748;23
2749;2
2750;5
2751;7
2752;73
2753;27
2754;62
2755;84
2756;47
2757;59
2758;51
2759;19
2760;39
2761;31
2762;66
2763;53
2764;49
2765;50
2766;14
2767;55
2768;53
2769;59
2770;69
2771;37
2772;28
2773;59
2774;15
2775;18
2776;57
2777;40
2778;11
2779;11
2780;60
2781;8
2782;14
2783;53
2784;43
2785;20
2786;42
2787;1
2788;5
2789;48
2790;35
2791;51
2792;13
2793;31
2794;34
2795;44
2796;12
2797;8
2798;44
2799;45
2800;61
2801;53
2802;11
2803;9
2804;45
2805;31
2806;15
2807;53
2808;66
2809;76
2810;76
2811;72
2812;66
2813;47
2814;47
2815;16
2816;10
2817;72
2818;73
2819;58
2820;47
2821;74
2822;70
2823;35
2824;75
2825;48
2826;90
2827;27
2828;54
2829;9
2830;7
2831;34
2832;71
2833;80
2834;51
2835;57
2836;72
2837;26
2838;68
2839;35
2840;19
2841;32
2842;38
2843;17
2844;24
2845;21
2846;41
2847;62
2848;15
2849;14
2850;49
2851;52
2852;39
2853;43
2854;3
2855;64
2856;32
2857;13
2858;18
2859;6
2860;43
2861;15
2862;15
2863;23
2864;69
2865;42
2866;44
2867;12
2868;16
2869;3
2870;70
2871;41
2872;31
2873;13
2874;0
2875;54
2876;43
2877;56
2878;51
2879;74
2880;62
2881;38
2882;57
2883;33
2884;90
2885;39
2886;35
2887;24
2888;40
2889;21
2890;10
2891;61
2892;66
2893;49
2894;91
2895;82
2896;58
2897;56
2898;35
2899;54
2900;65
2901;52
2902;83
2903;35
2904;47
2905;42
2906;20
2907;1
2908;6
2909;4
2910;47
2911;68
2912;41
2913;70
2914;30
2915;40
2916;18
2917;74
2918;59
2919;31
2920;64
2921;13
2922;14
2923;84
2924;56
2925;79
2926;49
2927;50
2928;19
2929;46
2930;10
2931;36
2932;50
2933;8
2934;16
2935;79
2936;71
2937;46
2938;52
2939;59
2940;7
2941;17
2942;38
2943;66
2944;31
2945;23
2946;71
2947;46
2948;58
2949;72
2950;47
2951;39
2952;57
2953;32
2954;44
2955;1
2956;14
2957;11
2958;29
2959;33
2960;46
2961;17
2962;12
2963;37
2964;38
2965;42
2966;7
2967;24
2968;30
2969;47
2970;6
2971;15
2972;71
2973;54
2974;55
2975;33
2976;30
2977;51
2978;51
2979;22
2980;21
2981;56
2982;64
2983;66
2984;42
2985;44
2986;11
2987;64
2988;79
2989;74
2990;22
2991;74
2992;78
2993;69
2994;76
2995;40
2996;51
2997;88
2998;53
2999;57
3000;57
3001;70
3002;47
3003;74
3004;42
3005;39
3006;48
3007;61
3008;28
3009;54
3010;43
3011;45
3012;12
3013;5
3014;60
3015;70
3016;50
3017;32
3018;9
3019;65
3020;19
3021;56
3022;50
3023;47
3024;53
3025;49
3026;15
3027;16
3028;37
3029;55
3030;52
3031;29
3032;30
3033;1
3034;0
3035;66
3036;49
3037;53
3038;77
3039;49
3040;51
3041;53
3042;18
3043;70
3044;65
3045;61
3046;73
3047;40
3048;49
3049;11
3050;14
3051;10
3052;81
3053;66
3054;65
3055;63
3056;77
3057;90
3058;38
3059;26
3060;55
3061;40
3062;6
3063;31
3064;51
3065;16
3066;47
3067;68
3068;75
3069;43
3070;72
3071;52
3072;59
3073;19
3074;62
3075;22
3076;47
3077;59
3078;37
3079;6
3080;17
3081;40
3082;51
3083;6
3084;17
3085;70
3086;57
3087;65
3088;33
3089;80
3090;53
3091;30
3092;48
3093;16
3094;23
3095;23
3096;24
3097;21
3098;70
3099;30
3100;49
3101;6
3102;9
3103;54
3104;43
3105;63
3106;59
3107;82
3108;51
3109;67
3110;55
3111;72
3112;60
3113;22
3114;66
3115;77
3116;51
3117;72
3118;87
3119;37
3120;35
3121;5
3122;4
3123;51
3124;60
3125;28
3126;7
3127;81
3128;31
3129;12
3130;23
3131;40
3132;31
3133;0
3134;6
3135;71
3136;52
3137;59
3138;50
3139;20
3140;42
3141;43
3142;44
3143;15
3144;11
3145;18
3146;84
3147;54
3148;58
3149;52
3150;87
3151;23
3152;58
3153;54
3154;46
3155;54
3156;15
3157;9
3158;86
3159;58
3160;37
3161;46
3162;69
3163;73
3164;75
3165;24
3166;61
3167;25
3168;23
3169;59
3170;57
3171;86
3172;59
3173;52
3174;54
3175;37
3176;51
3177;53
3178;48
3179;28
3180;64
3181;40
3182;25
3183;8
3184;2
3185;66
3186;47
3187;47
3188;49
3189;72
3190;62
3191;45
3192;59
3193;8
3194;66
3195;23
3196;45
3197;55
3198;21
3199;87
3200;78
3201;37
3202;57
3203;68
3204;61
3205;78
3206;44
3207;53
3208;79
3209;52
3210;44
3211;18
3212;10
3213;17
3214;17
3215;82
3216;87
3217;44
3218;36
3219;17
3220;12
3221;60
3222;64
3223;54
3224;18
3225;25
3226;62
3227;20
3228;77
3229;33
3230;60
3231;69
3232;42
3233;20
3234;42
3235;11
3236;9
3237;67
3238;20
3239;24
3240;21
3241;60
3242;23
3243;38
3244;50
3245;67
3246;51
3247;44
3248;35
3249;33
3250;1
3251;5
3252;3
3253;54
3254;19
3255;78
3256;66
3257;52
3258;65
3259;59
3260;77
3261;73
3262;55
3263;61
3264;90
3265;56
3266;37
3267;60
3268;26
3269;56
3270;29
3271;50
3272;6
3273;13
3274;19
3275;31
3276;50
3277;80
3278;61
3279;37
3280;53
3281;77
3282;66
3283;92
3284;57
3285;70
3286;53
3287;56
3288;85
3289;28
3290;88
3291;39
3292;49
3293;84
3294;73
3295;43
3296;57
3297;12
3298;18
3299;16
3300;20
3301;38
3302;53
3303;24
3304;73
3305;21
3306;22
3307;84
3308;91
3309;22
3310;22
3311;30
3312;28
3313;19
3314;65
3315;48
3316;54
3317;59
3318;67
3319;72
3320;71
3321;53
3322;44
3323;15
3324;14
3325;56
3326;47
3327;11
3328;17
3329;12
3330;47
3331;11
3332;53
3333;91
3334;46
3335;44
3336;32
3337;54
3338;35
3339;63
3340;53
3341;9
3342;14
3343;49
3344;35
3345;9
3346;17
3347;48
3348;56
3349;56
3350;38
3351;8
3352;61
3353;23
3354;59
3355;44
3356;21
3357;54
3358;53
3359;40
3360;58
3361;16
3362;14
3363;82
3364;52
3365;76
3366;25
3367;24
3368;31
3369;48
3370;9
3371;15
3372;11
3373;43
3374;67
3375;73
3376;22
3377;71
3378;82
3379;61
3380;19
3381;36
3382;1
3383;7
3384;55
3385;73
3386;82
3387;39
3388;42
3389;15
3390;2
3391;50
3392;25
3393;66
3394;45
3395;52
3396;11
3397;10
3398;50
3399;60
3400;52
3401;23
3402;43
3403;41
3404;57
3405;87
3406;26
3407;36
3408;56
3409;46
3410;24
3411;67
3412;75
3413;82
3414;67
3415;59
3416;40
3417;16
3418;17
3419;38
3420;43
3421;42
3422;3
3423;5
3424;23
3425;36
3426;25
3427;25
3428;57
3429;54
3430;51
3431;55
3432;44
3433;53
3434;17
3435;12
3436;66
3437;49
3438;41
3439;41
3440;7
3441;2
3442;9
3443;24
3444;76
3445;46
3446;53
3447;7
3448;6
3449;22
3450;76
3451;80
3452;79
3453;62
3454;58
3455;31
3456;82
3457;70
3458;58
3459;42
3460;44
3461;10
3462;14
3463;45
3464;19
3465;54
3466;71
3467;27
3468;33
3469;18
3470;17
3471;62
3472;55
3473;31
3474;18
3475;57
3476;60
3477;44
3478;42
3479;67
3480;35
3481;57
3482;19
3483;67
3484;86
3485;71
3486;58
3487;65
3488;34
3489;7
3490;7
3491;60
3492;79
3493;57
3494;43
3495;58
3496;6
3497;59
3498;19
3499;53
3500;75
3501;24
3502;60
3503;62
3504;56
3505;71
3506;66
3507;86
3508;51
3509;46
3510;69
3511;29
3512;41
3513;43
3514;67
3515;73
3516;62
3517;35
3518;33
3519;1
3520;1
3521;2
3522;45
3523;54
3524;69
3525;41
3526;45
3527;15
3528;18
3529;57
3530;50
3531;62
3532;80
3533;81
3534;86
3535;35
3536;24
3537;20
3538;19
3539;58
3540;92
3541;44
3542;55
3543;62
3544;70
3545;60
3546;7
3547;63
3548;28
3549;8
3550;61
3551;66
3552;47
3553;13
3554;46
3555;63
3556;69
3557;56
3558;33
3559;43
3560;32
3561;72
3562;38
3563;57
3564;23
3565;22
3566;80
3567;35
3568;17
3569;11
3570;50
3571;52
3572;16
3573;10
3574;51
3575;55
3576;45
3577;63
3578;12
3579;10
3580;58
3581;80
3582;71
3583;40
3584;55
3585;28
3586;22
3587;59
3588;86
3589;50
3590;81
3591;75
3592;48
3593;15
3594;12
3595;34
3596;71
3597;58
3598;34
3599;22
3600;36
3601;37
3602;35
3603;21
3604;48
3605;57
3606;66
3607;73
3608;74
3609;50
3610;28
3611;53
3612;66
3613;19
3614;55
3615;63
3616;65
3617;46
3618;60
3619;7
3620;6
3621;28
3622;85
3623;25
3624;42
3625;56
3626;11
3627;17
3628;78
3629;85
3630;72
3631;58
3632;30
3633;34
3634;50
3635;37
3636;8
3637;13
3638;40
3639;43
3640;8
3641;13
3642;72
3643;34
3644;9
3645;11
3646;32
3647;26
3648;13
3649;8
3650;53
3651;50
3652;41
3653;46
3654;7
3655;10
3656;47
3657;57
3658;55
3659;50
3660;58
3661;8
3662;18
3663;7
3664;78
3665;19
3666;70
3667;73
3668;62
3669;25
3670;53
3671;16
3672;13
3673;45
3674;41
3675;23
3676;18
3677;3
3678;14
3679;5
3680;59
3681;84
3682;53
3683;70
3684;49
3685;54
3686;70
3687;27
3688;45
3689;6
3690;9
3691;65
3692;32
3693;48
3694;28
3695;62
3696;9
3697;10
3698;17
3699;52
3700;75
3701;88
3702;75
3703;61
3704;36
3705;47
3706;76
3707;62
3708;51
3709;68
3710;67
3711;79
3712;62
3713;79
3714;24
3715;81
3716;54
3717;31
3718;40
3719;61
3720;36
3721;38
3722;11
3723;17
3724;58
3725;50
3726;10
3727;61
3728;52
3729;73
3730;50
3731;46
3732;47
3733;80
3734;75
3735;55
3736;27
3737;48
3738;16
3739;3
3740;47
3741;64
3742;42
3743;20
3744;25
3745;5
3746;70
3747;44
3748;63
3749;14
3750;79
3751;47
3752;44
3753;53
3754;19
3755;28
3756;5
3757;0
3758;9
3759;10
3760;25
3761;46
3762;53
3763;49
3764;59
3765;53
3766;63
3767;54
3768;31
3769;21
3770;41
3771;55
3772;22
3773;43
3774;4
3775;30
3776;14
3777;54
3778;20
3779;26
3780;70
3781;57
3782;68
3783;52
3784;73
3785;65
3786;51
3787;57
3788;66
3789;53
3790;76
3791;41
3792;23
3793;52
3794;46
3795;73
3796;49
3797;20
3798;59
3799;56
3800;51
3801;80
3802;32
3803;42
3804;16
3805;13
3806;87
3807;86
3808;77
3809;75
3810;47
3811;69
3812;19
3813;79
3814;80
3815;24
3816;56
3817;75
3818;20
3819;57
3820;54
3821;73
3822;74
3823;56
3824;82
3825;64
3826;24
3827;51
3828;80
3829;70
3830;52
3831;44
3832;55
3833;65
3834;53
3835;83
3836;44
3837;36
3838;5
3839;18
3840;61
3841;59
3842;58
3843;51
3844;59
3845;70
3846;25
3847;83
3848;27
3849;57
3850;81
3851;38
3852;31
3853;8
3854;10
3855;77
3856;73
3857;71
3858;55
3859;80
3860;60
3861;76
3862;37
3863;22
3864;60
3865;57
3866;71
3867;25
3868;48
3869;70
3870;52
3871;46
3872;63
3873;77
3874;72
3875;54
3876;48
3877;30
3878;11
3879;7
3880;59
3881;39
3882;10
3883;18
3884;44
3885;60
3886;60
3887;13
3888;17
3889;78
3890;20
3891;36
3892;51
3893;52
3894;63
3895;38
3896;20
3897;4
3898;17
3899;50
3900;61
3901;12
3902;54
3903;27
3904;15
3905;17
3906;16
3907;57
3908;54
3909;23
3910;28
3911;54
3912;65
3913;24
3914;47
3915;54
3916;51
3917;42
3918;49
3919;54
3920;60
3921;8
3922;18
3923;45
3924;65
3925;36
3926;68
3927;73
3928;21
3929;58
3930;69
3931;81
3932;26
3933;36
3934;10
3935;12
3936;50
3937;48
3938;21
3939;15
3940;15
3941;33
3942;60
3943;51
3944;72
3945;58
3946;26
3947;70
3948;61
3949;62
3950;33
3951;9
3952;65
3953;70
3954;52
3955;73
3956;52
3957;62
3958;11
3959;37
3960;27
3961;13
3962;9
3963;71
3964;47
3965;70
3966;44
3967;67
3968;70
3969;57
3970;58
3971;25
3972;41
3973;81
3974;81
3975;24
3976;66
3977;91
3978;49
3979;27
3980;48
3981;53
3982;10
3983;76
3984;46
3985;35
3986;42
3987;2
3988;8
3989;16
3990;52
3991;10
3992;17
3993;60
3994;88
3995;35
3996;46
3997;63
3998;69
3999;55
4000;49
4001;45
4002;67
4003;54
4004;20
4005;45
4006;6
4007;44
4008;69
4009;58
4010;58
4011;47
4012;38
4013;53
4014;71
4015;22
4016;72
4017;25
4018;82
4019;51
4020;21
4021;25
4022;73
4023;86
4024;55
4025;21
4026;73
4027;56
4028;55
4029;23
4030;35
4031;44
4032;30
4033;16
4034;16
4035;83
4036;75
4037;33
4038;38
4039;1
4040;15
4041;60
4042;73
4043;53
4044;44
4045;55
4046;51
4047;74
4048;60
4049;73
4050;55
4051;51
4052;59
4053;74
4054;31
4055;47
4056;59
4057;47
4058;15
4059;11
4060;90
4061;71
4062;22
4063;47
4064;2
4065;69
4066;46
4067;67
4068;24
4069;67
4070;49
4071;62
4072;47
4073;39
4074;14
4075;3
4076;55
4077;66
4078;55
4079;68
4080;65
4081;58
4082;21
4083;49
4084;46
4085;70
4086;47
4087;77
4088;25
4089;48
4090;16
4091;17
4092;72
4093;26
4094;64
4095;38
4096;18
4097;18
4098;20
4099;50
4100;29
4101;39
4102;76
4103;62
4104;71
4105;46
4106;57
4107;34
4108;13
4109;6
4110;7
4111;11
4112;69
4113;55
4114;42
4115;58
4116;49
4117;16
4118;11
4119;39
4120;36
4121;55
4122;64
4123;58
4124;37
4125;46
4126;0
4127;10
4128;33
4129;38
4130;28
4131;3
4132;16
4133;2
4134;5
4135;65
4136;44
4137;50
4138;7
4139;10
4140;16
4141;52
4142;67
4143;53
4144;41
4145;35
4146;46
4147;15
4148;13
4149;43
4150;77
4151;35
4152;19
4153;28
4154;21
4155;85
4156;59
4157;47
4158;30
4159;58
4160;69
4161;33
4162;55
4163;21
4164;76
4165;41
4166;93
4167;51
4168;84
4169;34
4170;15
4171;13
4172;57
4173;60
4174;76
4175;42
4176;44
4177;39
4178;0
4179;1
4180;2
4181;46
4182;63
4183;38
4184;43
4185;45
4186;57
4187;8
4188;85
4189;50
4190;76
4191;30
4192;29
4193;4
4194;9
4195;3
4196;75
4197;84
4198;59
4199;67
4200;76
4201;45
4202;33
4203;10
4204;4
4205;3
4206;71
4207;87
4208;73
4209;20
4210;69
4211;22
4212;61
4213;77
4214;42
4215;78
4216;65
4217;60
4218;73
4219;58
4220;71
4221;26
4222;40
4223;14
4224;9
4225;11
4226;15
4227;74
4228;39
4229;10
4230;53
4231;76
4232;21
4233;56
4234;36
4235;24
4236;57
4237;48
4238;77
4239;91
4240;55
4241;8
4242;87
4243;57
4244;34
4245;51
4246;77
4247;72
4248;72
4249;55
4250;52
4251;47
4252;48
4253;8
4254;14
4255;33
4256;72
4257;46
4258;37
4259;12
4260;58
4261;87
4262;49
4263;55
4264;26
4265;36
4266;12
4267;14
4268;46
4269;45
4270;71
4271;59
4272;55
4273;62
4274;31
4275;49
4276;38
4277;27
4278;47
4279;2
4280;12
4281;60
4282;70
4283;22
4284;59
4285;48
4286;44
4287;20
4288;3
4289;2
4290;13
4291;8
4292;20
4293;81
4294;45
4295;30
4296;40
4297;15
4298;3
4299;1
4300;36
4301;28
4302;10
4303;1
4304;53
4305;39
4306;57
4307;10
4308;89
4309;56
4310;55
4311;50
4312;27
4313;12
4314;16
4315;25
4316;34
4317;74
4318;56
4319;68
4320;60
4321;27
4322;59
4323;10
4324;13
4325;25
4326;23
4327;76
4328;57
4329;84
4330;25
4331;26
4332;24
4333;5
4334;7
4335;72
4336;56
4337;60
4338;22
4339;30
4340;13
4341;9
4342;62
4343;46
4344;52
4345;66
4346;72
4347;52
4348;34
4349;43
4350;5
4351;12
4352;23
4353;47
4354;8
4355;16
4356;75
4357;58
4358;62
4359;59
4360;63
4361;66
4362;59
4363;28
4364;34
4365;6
4366;12
4367;64
4368;30
4369;16
4370;12
4371;62
4372;48
4373;31
4374;52
4375;67
4376;45
4377;36
4378;37
4379;36
4380;13
4381;4
4382;44
4383;81
4384;77
4385;48
4386;57
4387;23
4388;66
4389;37
4390;79
4391;61
4392;20
4393;38
4394;51
4395;36
4396;27
4397;11
4398;14
4399;50
4400;49
4401;55
4402;73
4403;89
4404;48
4405;39
4406;2
4407;82
4408;60
4409;90
4410;55
4411;58
4412;63
4413;32
4414;63
4415;21
4416;44
4417;28
4418;43
4419;4
4420;16
4421;1
4422;56
4423;44
4424;17
4425;13
4426;12
4427;35
4428;11
4429;34
4430;70
4431;40
4432;24
4433;53
4434;68
4435;19
4436;39
4437;62
4438;46
4439;68
4440;84
4441;63
4442;25
4443;36
4444;43
4445;46
4446;10
4447;75
4448;24
4449;24
4450;38
4451;91
4452;19
4453;35
4454;66
4455;23
4456;24
4457;5
4458;13
4459;63
4460;57
4461;60
4462;55
4463;55
4464;10
4465;13
4466;18
4467;58
4468;52
4469;86
4470;70
4471;71
4472;57
4473;70
4474;49
4475;26
4476;58
4477;65
4478;36
4479;39
4480;64
4481;25
4482;59
4483;61
4484;60
4485;40
4486;72
4487;30
4488;23
4489;19
4490;50
4491;39
4492;31
4493;80
4494;52
4495;20
4496;38
4497;88
4498;66
4499;52
4500;48
4501;31
4502;7
4503;9
4504;64
4505;68
4506;46
4507;33
4508;4
4509;1
4510;18
4511;42
4512;12
4513;63
4514;22
4515;42
4516;4
4517;8
4518;3
4519;57
4520;19
4521;86
4522;59
4523;68
4524;47
4525;50
4526;47
4527;7
4528;13
4529;67
4530;71
4531;59
4532;51
4533;8
4534;15
4535;6
4536;12
4537;66
4538;71
4539;26
4540;41
4541;2
4542;15
4543;67
4544;72
4545;68
4546;80
4547;59
4548;71
4549;48
4550;26
4551;1
4552;1
4553;15
4554;14
4555;88
4556;36
4557;47
4558;57
4559;21
4560;28
4561;10
4562;1
4563;74
4564;47
4565;25
4566;67
4567;48
4568;29
4569;16
4570;14
4571;48
4572;48
4573;75
4574;37
4575;23
4576;19
4577;23
4578;36
4579;1
4580;15
4581;53
4582;61
4583;21
4584;57
4585;91
4586;35
4587;38
4588;62
4589;71
4590;41
4591;39
4592;36
4593;5
4594;17
4595;36
4596;31
4597;77
4598;20
4599;60
4600;20
4601;51
4602;74
4603;86
4604;19
4605;52
4606;43
4607;20
4608;59
4609;89
4610;62
4611;23
4612;79
4613;28
4614;76
4615;63
4616;55
4617;31
4618;29
4619;50
4620;45
4621;79
4622;52
4623;56
4624;61
4625;55
4626;43
4627;36
4628;14
4629;63
4630;47
4631;25
4632;50
4633;48
4634;7
4635;8
4636;9
4637;38
4638;51
4639;83
4640;33
4641;23
4642;5
4643;28
4644;22
4645;55
4646;85
4647;47
4648;61
4649;52
4650;70
4651;38
4652;22
4653;13
4654;2
4655;4
4656;66
4657;22
4658;53
4659;51
4660;67
4661;46
4662;20
4663;22
4664;82
4665;22
4666;55
4667;57
4668;48
4669;35
4670;82
4671;28
4672;41
4673;18
4674;66
4675;28
4676;10
4677;88
4678;35
4679;38
4680;61
4681;8
4682;60
4683;80
4684;61
4685;87
4686;48
4687;23
4688;4
4689;12
4690;20
4691;66
4692;35
4693;36
4694;13
4695;33
4696;54
4697;70
4698;44
4699;54
4700;17
4701;13
4702;16
4703;74
4704;73
4705;50
4706;34
4707;38
4708;57
4709;22
4710;21
4711;31
4712;51
4713;51
4714;42
4715;42
4716;6
4717;57
4718;76
4719;51
4720;32
4721;4
4722;58
4723;43
4724;58
4725;38
4726;16
4727;15
4728;39
4729;35
4730;3
4731;65
4732;35
4733;64
4734;51
4735;77
4736;88
4737;33
4738;64
4739;34
4740;7
4741;57
4742;49
4743;35
4744;56
4745;48
4746;53
4747;51
4748;66
4749;45
4750;71
4751;24
4752;34
4753;4
4754;15
4755;9
4756;66
4757;87
4758;61
4759;50
4760;72
4761;19
4762;20
4763;22
4764;26
4765;63
4766;51
4767;39
4768;7
4769;13
4770;54
4771;58
4772;58
4773;28
4774;17
4775;14
4776;35
4777;46
4778;13
4779;15
4780;49
4781;49
4782;71
4783;49
4784;74
4785;54
4786;83
4787;58
4788;50
4789;16
4790;13
4791;17
4792;26
4793;55
4794;77
4795;69
4796;58
4797;31
4798;26
4799;82
4800;82
4801;73
4802;29
4803;35
4804;88
4805;52
4806;25
4807;72
4808;62
4809;32
4810;21
4811;69
4812;46
4813;42
4814;55
4815;59
4816;40
4817;29
4818;15
4819;11
4820;48
4821;23
4822;66
4823;59
4824;31
4825;6
4826;18
4827;84
4828;27
4829;31
4830;1
4831;5
4832;37
4833;35
4834;4
4835;12
4836;2
4837;7
4838;28
4839;53
4840;9
4841;18
4842;59
4843;72
4844;59
4845;55
4846;34
4847;41
4848;14
4849;2
4850;56
4851;44
4852;11
4853;12
4854;71
4855;32
4856;37
4857;8
4858;4
4859;62
4860;70
4861;46
4862;70
4863;23
4864;62
4865;81
4866;44
4867;57
4868;49
4869;21
4870;47
4871;37
4872;80
4873;73
4874;23
4875;46
4876;23
4877;27
4878;9
4879;4
4880;47
4881;27
4882;41
4883;24
4884;71
4885;52
4886;37
4887;58
4888;60
4889;75
4890;36
4891;73
4892;54
4893;54
4894;81
4895;59
4896;52
4897;32
4898;11
4899;8
4900;62
4901;81
4902;70
4903;48
4904;73
4905;91
4906;65
4907;33
4908;46
4909;0
4910;5
4911;5
4912;11
4913;51
4914;55
4915;77
4916;56
4917;62
4918;41
4919;15
4920;12
4921;59
4922;71
4923;62
4924;68
4925;50
4926;19
4927;47
4928;36
4929;49
4930;9
4931;61
4932;56
4933;86
4934;71
4935;62
4936;37
4937;31
4938;48
4939;8
4940;5
4941;39
4942;24
4943;7
4944;9
4945;5
4946;89
4947;62
4948;26
4949;62
4950;9
4951;13
4952;40
4953;59
4954;12
4955;11
4956;85
4957;61
4958;42
4959;84
4960;50
4961;32
4962;39
4963;13
4964;11
4965;73
4966;53
4967;38
4968;14
4969;14
4970;70
4971;56
4972;39
4973;9
4974;60
4975;55
4976;66
4977;99
4978;49
4979;30
4980;8
4981;52
4982;80
4983;24
4984;38
4985;5
4986;4
4987;2
4988;3
4989;35
4990;59
4991;53
4992;68
4993;57
4994;41
4995;69
4996;86
4997;57
4998;33
4999;13
5000;10
5001;11
5002;16
5003;22
5004;26
5005;55
5006;53
5007;25
5008;79
5009;62
5010;80
5011;69
5012;23
5013;72
5014;48
5015;51
5016;12
5017;8
5018;82
5019;54
5020;82
5021;48
5022;74
5023;47
5024;35
5025;12
5026;9
5027;54
5028;43
5029;64
5030;60
5031;72
5032;77
5033;56
5034;30
5035;66
5036;27
5037;45
5038;0
5039;1
5040;55
5041;35
5042;44
5043;14
5044;8
5045;63
5046;46
5047;54
5048;74
5049;20
5050;23
5051;57
5052;48
5053;12
5054;7
5055;72
5056;80
5057;22
5058;61
5059;37
5060;67
5061;20
5062;37
5063;35
5064;17
5065;11
5066;9
5067;27
5068;35
5069;15
5070;13
5071;73
5072;62
5073;42
5074;57
5075;73
5076;30
5077;6
5078;52
5079;73
5080;85
5081;20
5082;68
5083;60
5084;88
5085;76
5086;26
5087;59
5088;60
5089;52
5090;48
5091;31
5092;51
5093;26
5094;21
5095;19
5096;61
5097;88
5098;85
5099;67
5100;24
5101;46
5102;61
5103;13
5104;6
5105;28
5106;36
5107;14
5108;10
5109;58
5110;63
5111;57
5112;32
5113;61
5114;49
5115;80
5116;43
5117;63
5118;16
5119;15
5120;75
5121;46
5122;42
5123;32
5124;0
5125;21
5126;64
5127;87
5128;73
5129;62
5130;46
5131;80
5132;88
5133;37
5134;16
5135;13
5136;73
5137;46
5138;42
5139;18
5140;5
5141;67
5142;68
5143;62
5144;52
5145;72
5146;43
5147;31
5148;80
5149;73
5150;54
5151;23
5152;24
5153;72
5154;71
5155;63
5156;52
5157;10
5158;12
5159;84
5160;25
5161;72
5162;82
5163;83
5164;62
5165;64
5166;35
5167;85
5168;88
5169;62
5170;19
5171;71
5172;34
5173;47
5174;72
5175;29
5176;26
5177;5
5178;61
5179;63
5180;63
5181;46
5182;55
5183;67
5184;61
5185;50
5186;32
5187;14
5188;70
5189;69
5190;28
5191;40
5192;2
5193;4
5194;18
5195;57
5196;84
5197;42
5198;81
5199;76
5200;54
5201;82
5202;49
5203;85
5204;76
5205;53
5206;48
5207;19
5208;70
5209;48
5210;71
5211;39
5212;91
5213;23
5214;58
5215;30
5216;16
5217;7
5218;64
5219;63
5220;66
5221;45
5222;37
5223;0
5224;17
5225;22
5226;21
5227;53
5228;23
5229;74
5230;52
5231;35
5232;36
5233;5
5234;18
5235;48
5236;67
5237;58
5238;26
5239;29
5240;43
5241;39
5242;2
5243;76
5244;70
5245;56
5246;14
5247;10
5248;29
5249;44
5250;47
5251;25
5252;35
5253;6
5254;16
5255;19
5256;22
5257;15
5258;21
5259;61
5260;58
5261;11
5262;12
5263;83
5264;45
5265;68
5266;84
5267;62
5268;56
5269;16
5270;13
5271;49
5272;71
5273;70
5274;42
5275;51
5276;87
5277;53
5278;71
5279;57
5280;65
5281;73
5282;69
5283;32
5284;37
5285;7
5286;10
5287;57
5288;56
5289;42
5290;26
5291;75
5292;34
5293;59
5294;10
5295;6
5296;49
5297;45
5298;0
5299;37
5300;47
5301;34
5302;16
5303;15
5304;48
5305;46
5306;61
5307;76
5308;20
5309;56
5310;21
5311;0
5312;17
5313;72
5314;66
5315;57
5316;84
5317;51
5318;21
5319;26
5320;28
5321;48
5322;88
5323;22
5324;76
5325;19
5326;85
5327;20
5328;51
5329;23
5330;55
5331;49
5332;44
5333;27
5334;18
5335;11
5336;78
5337;60
5338;55
5339;60
5340;34
5341;22
5342;0
5343;3
5344;42
5345;44
5346;16
5347;10
5348;22
5349;85
5350;62
5351;22
5352;33
5353;86
5354;23
5355;60
5356;82
5357;60
5358;55
5359;44
5360;34
5361;44
5362;10
5363;66
5364;47
5365;39
5366;7
5367;17
5368;29
5369;26
5370;42
5371;2
5372;11
5373;55
5374;50
5375;73
5376;42
5377;35
5378;2
5379;0
5380;88
5381;66
5382;36
5383;76
5384;48
5385;63
5386;49
5387;51
5388;75
5389;51
5390;65
5391;40
5392;60
5393;10
5394;10
5395;33
5396;31
5397;80
5398;59
5399;42
5400;4
5401;2
5402;50
5403;38
5404;31
5405;13
5406;0
5407;31
5408;18
5409;9
5410;53
5411;81
5412;71
5413;39
5414;2
5415;11
5416;75
5417;53
5418;58
5419;21
5420;28
5421;4
5422;5
5423;52
5424;22
5425;40
5426;41
5427;18
5428;10
5429;28
5430;65
5431;84
5432;85
5433;80
5434;20
5435;87
5436;39
5437;60
5438;35
5439;42
5440;68
5441;64
5442;61
5443;51
5444;50
5445;74
5446;49
5447;2
5448;2
5449;37
5450;57
5451;61
5452;52
5453;29
5454;46
5455;3
5456;16
5457;52
5458;13
5459;78
5460;25
5461;32
5462;14
5463;4
5464;23
5465;15
5466;1
5467;10
5468;4
5469;5
5470;9
5471;64
5472;59
5473;24
5474;25
5475;42
5476;59
5477;18
5478;16
5479;40
5480;55
5481;20
5482;37
5483;90
5484;20
5485;71
5486;81
5487;53
5488;69
5489;21
5490;66
5491;55
5492;23
5493;34
5494;72
5495;77
5496;22
5497;66
5498;57
5499;48
5500;55
5501;63
5502;62
5503;56
5504;61
5505;73
5506;61
5507;47
5508;20
5509;64
5510;52
5511;63
5512;60
5513;54
5514;82
5515;50
5516;72
5517;69
5518;39
5519;66
5520;57
5521;84
5522;70
5523;32
5524;36
5525;4
5526;13
5527;70
5528;28
5529;91
5530;40
5531;38
5532;20
5533;68
5534;27
5535;81
5536;53
5537;48
5538;38
5539;53
5540;19
5541;48
5542;73
5543;65
5544;79
5545;55
5546;54
5547;79
5548;63
5549;69
5550;65
5551;19
5552;53
5553;52
5554;54
5555;15
5556;10
5557;60
5558;71
5559;52
5560;63
5561;51
5562;59
5563;25
5564;72
5565;30
5566;64
5567;23
5568;36
5569;64
5570;37
5571;49
5572;44
5573;53
5574;6
5575;16
5576;47
5577;47
5578;57
5579;88
5580;56
5581;51
5582;44
5583;21
5584;72
5585;68
5586;38
5587;63
5588;15
5589;14
5590;56
5591;38
5592;31
5593;47
5594;31
5595;8
5596;15
5597;20
5598;23
5599;46
5600;53
5601;46
5602;94
5603;56
5604;28
5605;55
5606;85
5607;34
5608;36
5609;47
5610;18
5611;11
5612;59
5613;30
5614;17
5615;11
5616;59
5617;60
5618;81
5619;71
5620;49
5621;55
5622;24
5623;30
5624;4
5625;5
5626;1
5627;57
5628;34
5629;62
5630;33
5631;36
5632;81
5633;26
5634;43
5635;37
5636;80
5637;81
5638;38
5639;80
5640;20
5641;62
5642;59
5643;69
5644;55
5645;75
5646;71
5647;35
5648;57
5649;13
5650;23
5651;74
5652;26
5653;19
5654;80
5655;36
5656;20
5657;38
5658;45
5659;0
5660;61
5661;71
5662;51
5663;42
5664;11
5665;14
