1;23
2;68
3;31
4;31
5;46
6;16
7;16
8;8
9;53
10;51
11;49
12;41
13;2
14;11
15;55
16;36
17;13
18;13
19;51
20;85
21;35
22;28
23;52
24;17
25;22
26;43
27;27
28;48
29;9
30;12
31;51
32;40
33;10
34;67
35;71
36;86
37;91
38;20
39;43
40;6
41;0
42;2
43;51
44;76
45;67
46;28
47;55
48;28
49;45
50;8
51;1
52;44
53;42
54;44
55;70
56;57
57;31
58;63
59;6
60;15
61;28
62;31
63;1
64;3
65;36
66;60
67;13
68;77
69;63
70;58
71;52
72;72
73;69
74;66
75;56
76;67
77;57
78;79
79;54
80;65
81;50
82;54
83;41
84;32
85;9
86;20
87;66
88;55
89;42
90;66
91;76
92;82
93;61
94;68
95;64
96;46
97;47
98;30
99;27
100;3
101;7
102;10
103;43
104;45
105;4
106;35
107;45
108;13
109;3
110;0
111;29
112;28
113;3
114;60
115;26
116;22
117;56
118;44
119;46
120;54
121;51
122;69
123;60
124;48
125;18
126;10
127;54
128;52
129;42
130;29
131;9
132;1
133;37
134;41
135;12
136;52
137;22
138;64
139;82
140;43
141;38
142;34
143;13
144;14
145;28
146;49
147;29
148;29
149;41
150;0
151;64
152;13
153;8
154;38
155;44
156;1
157;54
158;60
159;31
160;22
161;61
162;45
163;40
164;9
165;1
166;37
167;41
168;4
169;5
170;30
171;65
172;26
173;21
174;52
175;50
176;51
177;21
178;63
179;65
180;57
181;67
182;36
183;64
184;67
185;22
186;50
187;49
188;52
189;10
190;9
191;93
192;64
193;20
194;31
195;0
196;18
197;28
198;67
199;32
200;28
201;2
202;3
203;10
204;29
205;11
206;24
207;76
208;63
209;41
210;80
211;63
212;81
213;68
214;27
215;44
216;59
217;75
218;56
219;81
220;55
221;54
222;41
223;32
224;18
225;6
226;52
227;71
228;47
229;54
230;39
231;72
232;24
233;71
234;44
235;87
236;67
237;35
238;33
239;6
240;10
241;21
242;23
243;18
244;63
245;78
246;29
247;38
248;39
249;10
250;71
251;25
252;47
253;13
254;84
255;43
256;64
257;39
258;54
259;61
260;18
261;14
262;20
263;54
264;28
265;49
266;14
267;0
268;36
269;52
270;14
271;17
272;44
273;57
274;28
275;63
276;31
277;60
278;84
279;46
280;51
281;68
282;80
283;54
284;86
285;83
286;20
287;32
288;47
289;55
290;82
291;55
292;81
293;56
294;47
295;62
296;51
297;53
298;40
299;32
300;2
301;1
302;79
303;67
304;66
305;67
306;58
307;55
308;52
309;52
310;38
311;25
312;1
313;62
314;42
315;15
316;10
317;8
318;10
319;66
320;84
321;48
322;57
323;48
324;28
325;54
326;43
327;12
328;8
329;12
330;51
331;50
332;52
333;42
334;7
335;3
336;1
337;52
338;75
339;84
340;53
341;50
342;17
343;82
344;26
345;78
346;54
347;62
348;60
349;42
350;16
351;28
352;64
353;76
354;42
355;36
356;8
357;1
358;73
359;72
360;73
361;66
362;42
363;63
364;83
365;26
366;56
367;47
368;15
369;17
370;63
371;58
372;10
373;54
374;49
375;34
376;66
377;52
378;33
379;10
380;15
381;52
382;57
383;35
384;31
385;2
386;10
387;61
388;50
389;27
390;43
391;8
392;15
393;22
394;25
395;42
396;24
397;59
398;27
399;15
400;6
401;53
402;72
403;67
404;47
405;57
406;46
407;15
408;32
409;54
410;33
411;30
412;18
413;61
414;19
415;79
416;63
417;39
418;49
419;4
420;4
421;53
422;43
423;27
424;94
425;87
426;19
427;21
428;66
429;54
430;35
431;82
432;49
433;76
434;59
435;56
436;65
437;48
438;65
439;56
440;76
441;22
442;59
443;56
444;49
445;50
446;25
447;44
448;49
449;5
450;1
451;1
452;31
453;55
454;92
455;53
456;61
457;25
458;49
459;1
460;7
461;60
462;23
463;58
464;97
465;63
466;73
467;66
468;43
469;77
470;40
471;30
472;35
473;86
474;52
475;63
476;45
477;47
478;2
479;4
480;52
481;58
482;15
483;30
484;24
485;66
486;28
487;50
488;67
489;48
490;63
491;32
492;12
493;86
494;78
495;65
496;38
497;39
498;15
499;36
500;46
501;8
502;45
503;41
504;4
505;8
506;1
507;4
508;4
509;66
510;63
511;51
512;12
513;14
514;70
515;38
516;22
517;46
518;56
519;49
520;58
521;45
522;28
523;54
524;16
525;11
526;90
527;40
528;31
529;4
530;68
531;51
532;83
533;35
534;44
535;9
536;18
537;54
538;42
539;77
540;64
541;28
542;19
543;50
544;83
545;54
546;75
547;90
548;71
549;63
550;51
551;49
552;9
553;63
554;79
555;53
556;44
557;54
558;59
559;17
560;18
561;52
562;81
563;37
564;61
565;58
566;41
567;56
568;57
569;75
570;46
571;27
572;17
573;13
574;24
575;20
576;34
577;1
578;2
579;66
580;51
581;35
582;75
583;51
584;54
585;74
586;58
587;37
588;48
589;10
590;6
591;6
592;12
593;57
594;24
595;57
596;77
597;51
598;47
599;57
600;26
601;66
602;52
603;50
604;65
605;50
606;27
607;6
608;15
609;57
610;86
611;78
612;74
613;22
614;55
615;73
616;50
617;75
618;26
619;76
620;57
621;73
622;57
623;23
624;52
625;62
626;20
627;64
628;86
629;68
630;26
631;20
632;64
633;69
634;58
635;66
636;64
637;43
638;35
639;31
640;4
641;2
642;82
643;29
644;32
645;18
646;4
647;55
648;26
649;20
650;67
651;52
652;25
653;22
654;55
655;27
656;52
657;53
658;80
659;91
660;65
661;46
662;61
663;56
664;53
665;21
666;46
667;37
668;27
669;8
670;72
671;22
672;86
673;57
674;48
675;13
676;9
677;15
678;58
679;65
680;42
681;57
682;53
683;24
684;52
685;93
686;39
687;55
688;9
689;8
690;87
691;65
692;66
693;43
694;28
695;45
696;66
697;51
698;37
699;47
700;17
701;21
702;43
703;57
704;15
705;9
706;52
707;44
708;49
709;43
710;49
711;18
712;3
713;53
714;51
715;54
716;77
717;69
718;27
719;22
720;9
721;63
722;81
723;52
724;53
725;73
726;74
727;49
728;72
729;61
730;24
731;49
732;37
733;52
734;72
735;52
736;72
737;74
738;59
739;34
740;49
741;2
742;24
743;64
744;47
745;22
746;66
747;59
748;69
749;61
750;32
751;40
752;0
753;11
754;19
755;32
756;14
757;9
758;65
759;73
760;49
761;52
762;57
763;75
764;60
765;59
766;60
767;49
768;14
769;10
770;16
771;43
772;24
773;19
774;6
775;87
776;66
777;92
778;50
779;53
780;11
781;38
782;51
783;68
784;51
785;29
786;9
787;8
788;63
789;35
790;85
791;52
792;38
793;49
794;49
795;2
796;9
797;52
798;22
799;61
800;26
801;86
802;61
803;66
804;73
805;29
806;41
807;1
808;4
809;26
810;63
811;24
812;56
813;62
814;72
815;61
816;17
817;61
818;52
819;56
820;55
821;69
822;85
823;54
824;52
825;49
826;57
827;37
828;49
829;60
830;71
831;45
832;31
833;12
834;13
835;57
836;78
837;42
838;23
839;23
840;51
841;77
842;51
843;57
844;54
845;57
846;36
847;51
848;11
849;10
850;15
851;22
852;76
853;21
854;59
855;21
856;22
857;50
858;44
859;20
860;25
861;52
862;24
863;22
864;68
865;56
866;68
867;32
868;45
869;10
870;8
871;73
872;52
873;76
874;75
875;43
876;14
877;18
878;87
879;19
880;55
881;93
882;20
883;25
884;60
885;17
