1;76
2;69
3;57
4;22
5;38
6;66
7;24
8;20
9;62
10;62
11;53
12;62
13;59
14;11
15;17
16;29
17;26
18;15
19;18
20;64
21;82
22;62
23;49
24;14
25;7
26;18
27;48
28;71
29;30
30;64
31;56
32;48
33;52
34;59
35;73
36;49
37;53
38;47
39;14
40;11
41;8
42;69
43;66
44;53
45;75
46;61
47;56
48;47
49;64
50;66
51;66
52;61
53;56
54;54
55;22
56;19
57;34
58;86
59;82
60;73
61;19
62;45
63;45
64;41
65;8
66;14
67;60
68;73
69;40
70;39
71;2
72;42
73;19
74;61
75;51
76;46
77;45
78;22
79;3
80;7
81;66
82;47
83;42
84;36
85;39
86;36
87;48
88;14
89;4
90;64
91;75
92;42
93;70
94;66
95;26
96;49
97;38
98;16
99;19
100;10
101;5
102;28
103;57
104;60
105;67
106;62
107;52
108;62
109;27
110;36
111;70
112;22
113;63
114;28
115;33
116;4
117;5
118;1
119;58
120;49
121;70
122;26
123;34
124;45
125;14
126;17
127;23
128;72
129;82
130;24
131;53
132;47
133;30
134;59
135;20
136;27
137;13
138;42
139;35
140;0
141;2
142;35
143;45
144;14
145;0
146;6
147;48
148;33
149;60
150;10
151;74
152;86
153;60
154;28
155;61
156;15
157;29
158;25
159;3
160;11
161;15
162;31
163;41
164;81
165;73
166;60
167;45
168;33
169;34
170;20
171;54
172;79
173;83
174;64
175;19
176;39
177;62
178;15
179;17
180;7
181;61
182;57
183;62
184;14
185;52
186;55
187;75
188;20
189;67
190;59
191;61
192;56
193;81
194;42
195;50
196;66
197;61
198;50
199;14
200;12
201;6
202;57
203;67
204;48
205;90
206;83
207;26
208;20
209;21
210;70
211;73
212;59
213;49
214;69
215;27
216;22
217;5
218;1
219;20
220;20
221;21
222;31
223;49
224;47
225;63
226;24
227;24
228;76
229;43
230;85
231;66
232;58
233;42
234;67
235;68
236;57
237;58
238;84
239;90
240;47
241;51
242;75
243;46
244;36
245;73
246;57
247;47
248;83
249;65
250;59
251;19
252;34
253;28
254;52
255;26
256;13
257;18
258;18
259;23
260;72
261;51
262;19
263;65
264;48
265;45
266;8
267;46
268;46
269;6
270;10
271;64
272;38
273;50
274;11
275;17
276;48
277;46
278;4
279;5
280;49
281;31
282;10
283;4
284;79
285;27
286;21
287;14
288;7
289;36
290;22
291;70
292;19
293;63
294;61
295;45
296;33
297;18
298;31
299;37
300;64
301;65
302;31
303;37
304;62
305;17
306;15
307;64
308;55
309;7
310;19
311;70
312;39
313;29
314;63
315;65
316;76
317;79
318;85
319;56
320;77
321;84
322;19
323;22
324;69
325;71
326;26
327;37
328;47
329;29
330;13
331;9
332;15
333;74
334;85
335;58
336;40
337;63
338;56
339;53
340;6
341;17
342;24
343;21
344;43
345;34
346;13
347;17
348;67
349;65
350;68
351;33
352;49
353;16
354;16
355;73
356;29
357;66
358;46
359;24
360;39
361;70
362;59
363;48
364;74
365;56
366;81
367;34
368;45
369;14
370;52
371;62
372;28
373;62
374;54
375;71
376;65
377;53
378;66
379;60
380;41
381;7
382;15
383;50
384;47
385;53
386;88
387;82
388;48
389;35
390;31
391;14
392;7
393;48
394;7
395;46
396;34
397;14
398;15
399;62
400;44
401;15
402;39
403;78
404;79
405;43
406;23
407;3
408;44
409;65
410;52
411;81
412;71
413;63
414;25
415;84
416;60
417;76
418;88
419;43
420;33
421;9
422;52
423;50
424;17
425;6
426;50
427;81
428;27
429;41
430;12
431;17
432;0
433;55
434;69
435;62
436;62
437;22
438;49
439;68
440;41
441;33
442;4
443;5
444;18
445;59
446;17
447;14
448;74
449;75
450;35
451;29
452;75
453;85
454;20
455;22
456;0
457;1
458;73
459;71
460;62
461;64
462;35
463;27
464;50
465;41
466;12
467;18
468;61
469;63
470;48
471;75
472;25
473;41
474;78
475;61
476;40
477;31
478;37
479;9
480;0
481;55
482;67
483;78
484;61
485;64
486;47
487;9
488;15
489;15
490;19
491;36
492;48
493;14
494;13
495;18
496;33
497;20
498;9
499;5
500;57
501;26
502;9
503;13
504;15
505;11
506;47
507;77
508;55
509;59
510;61
511;84
512;31
513;61
514;25
515;66
516;20
517;87
518;24
519;52
520;47
521;7
522;16
523;32
524;46
525;0
526;5
527;60
528;55
529;48
530;19
531;2
532;87
533;46
534;59
535;69
536;58
537;57
538;31
539;15
540;14
541;33
542;63
543;82
544;48
545;58
546;85
547;75
548;34
549;31
550;17
551;6
552;52
553;61
554;57
555;32
556;60
557;74
558;56
559;20
560;16
561;6
562;71
563;78
564;43
565;46
566;5
567;11
568;5
569;7
570;23
571;30
572;92
573;53
574;39
575;20
576;19
577;50
578;60
579;45
580;28
581;31
582;45
583;17
584;13
585;49
586;62
587;7
588;18
589;14
590;61
591;62
592;38
593;36
594;5
595;14
596;19
597;37
598;1
599;68
600;27
601;74
602;52
603;66
604;70
605;60
606;43
607;65
608;21
609;54
610;27
611;46
612;48
613;6
614;6
615;73
616;26
617;38
618;38
619;1
620;5
621;31
622;29
623;34
624;2
625;9
626;31
627;42
628;37
629;28
630;88
631;45
632;54
633;49
634;19
635;0
636;86
637;51
638;51
639;28
640;21
641;4
642;0
643;43
644;14
645;15
646;88
647;77
648;49
649;60
650;17
651;9
652;18
653;51
654;69
655;55
656;77
657;55
658;61
659;35
660;71
661;63
662;59
663;79
664;59
665;66
666;66
667;51
668;53
669;54
670;58
671;15
672;11
673;73
674;86
675;59
676;67
677;73
678;55
679;21
680;31
681;55
682;18
683;13
684;6
685;73
686;70
687;65
688;80
689;22
690;29
691;44
692;19
693;43
694;65
695;79
696;34
697;68
698;63
699;91
700;36
701;66
702;19
703;59
704;71
705;46
706;35
707;35
708;8
709;16
710;6
711;35
712;47
713;17
714;18
715;30
716;70
717;90
718;73
719;87
720;19
721;86
722;23
723;19
724;21
725;70
726;73
727;58
728;36
729;78
730;53
731;69
732;67
733;84
734;53
735;57
736;53
737;50
738;50
739;12
740;18
741;65
742;63
743;73
744;42
745;81
746;31
747;80
748;76
749;30
750;81
751;77
752;74
753;73
754;59
755;47
756;10
757;9
758;11
759;6
760;72
761;46
762;18
763;86
764;51
765;85
766;57
767;65
768;69
769;72
770;70
771;45
772;27
773;19
774;0
775;64
776;26
777;23
778;74
779;50
780;39
781;17
782;12
783;17
784;55
785;62
786;19
787;46
788;28
789;23
790;81
791;86
792;48
793;30
794;26
795;14
796;44
797;34
798;5
799;18
800;19
801;22
802;51
803;77
804;61
805;49
806;45
807;13
808;18
809;30
810;60
811;65
812;72
813;65
814;73
815;73
816;61
817;71
818;77
819;93
820;42
821;72
822;20
823;61
824;62
825;45
826;49
827;16
828;4
829;31
830;71
831;54
832;53
833;55
834;26
835;88
836;68
837;85
838;22
839;46
840;62
841;73
842;59
843;52
844;19
845;42
846;2
847;11
848;29
849;30
850;9
851;13
852;62
853;58
854;70
855;58
856;51
857;51
858;58
859;82
860;23
861;44
862;34
863;9
864;17
865;31
866;37
867;5
868;0
869;5
870;0
871;0
872;24
873;23
874;0
875;0
876;84
877;70
878;49
879;46
880;42
881;53
882;6
883;18
884;27
885;61
886;75
887;31
888;7
889;14
890;43
891;28
892;17
893;5
894;23
895;66
896;26
897;56
898;47
899;19
900;71
901;26
902;78
903;49
904;38
905;12
906;6
907;16
908;22
909;20
910;64
911;40
912;3
913;30
914;32
915;18
916;3
917;4
918;87
919;42
920;26
921;39
922;8
923;17
924;9
925;69
926;22
927;22
928;30
929;74
930;22
931;25
932;19
933;58
934;84
935;57
936;23
937;88
938;79
939;58
940;77
941;48
942;32
943;51
944;26
945;6
946;34
947;76
948;59
949;63
950;47
951;30
952;4
953;2
954;49
955;6
956;11
957;66
958;20
959;59
960;55
961;34
962;25
963;18
964;4
965;62
966;31
967;19
968;20
969;46
970;26
971;65
972;59
973;72
974;44
975;7
976;85
977;50
978;10
979;43
980;3
981;51
982;80
983;46
984;49
985;60
986;71
987;59
988;73
989;69
990;64
991;44
992;47
993;38
994;18
995;15
996;31
997;48
998;29
999;16
1000;2
1001;71
1002;76
1003;73
1004;83
1005;82
1006;80
1007;57
1008;46
1009;75
1010;31
1011;45
1012;57
1013;58
1014;9
1015;16
1016;47
1017;53
1018;45
1019;79
1020;36
1021;6
1022;61
1023;70
1024;90
1025;52
1026;31
1027;26
1028;62
1029;42
1030;38
1031;33
1032;27
1033;2
1034;2
1035;65
1036;67
1037;66
1038;48
1039;45
1040;71
1041;29
1042;62
1043;42
1044;21
1045;73
1046;35
1047;23
1048;1
1049;15
1050;44
1051;19
1052;2
1053;43
1054;82
1055;75
1056;23
1057;68
1058;19
1059;63
1060;57
1061;59
1062;47
1063;63
1064;42
1065;56
1066;60
1067;47
1068;19
1069;43
1070;1
1071;5
1072;36
1073;73
1074;71
1075;60
1076;75
1077;21
1078;47
1079;62
1080;16
1081;6
1082;65
1083;26
1084;33
1085;13
1086;91
1087;76
1088;91
1089;83
1090;83
1091;95
1092;85
1093;81
1094;80
1095;75
1096;75
1097;79
1098;71
1099;83
