1;29
2;7
3;8
4;77
5;70
6;42
7;26
8;36
9;18
10;80
11;66
12;88
13;74
14;43
15;34
16;48
17;93
18;33
19;51
20;76
21;81
22;19
23;34
24;42
25;9
26;13
27;10
28;51
29;12
30;49
31;23
32;14
33;14
34;2
35;29
36;45
37;13
38;13
39;8
40;47
41;29
42;14
43;4
44;10
45;51
46;44
47;21
48;0
49;3
50;88
51;87
52;64
53;48
54;35
55;15
56;15
57;73
58;56
59;48
60;65
61;56
62;51
63;51
64;32
65;73
66;46
67;82
68;87
69;71
70;23
71;35
72;12
73;14
74;4
75;57
76;55
77;59
78;42
79;19
80;36
81;57
82;8
83;14
84;88
85;25
86;36
87;48
88;15
89;6
90;55
91;20
92;55
93;61
94;22
95;8
96;65
97;51
98;25
99;62
100;60
101;51
102;72
103;52
104;31
105;51
106;56
107;42
108;61
109;47
110;12
111;13
112;81
113;45
114;20
115;39
116;29
117;11
118;14
119;16
120;32
121;31
122;17
123;90
124;46
125;84
126;37
127;51
128;50
129;30
130;28
131;7
132;38
133;59
134;71
135;84
136;55
137;56
138;83
139;58
140;69
141;74
142;65
143;48
144;52
145;43
146;26
147;20
148;35
149;62
150;24
151;51
152;70
153;34
154;53
155;35
156;42
157;22
158;29
159;49
160;61
161;50
162;30
163;8
164;7
165;25
166;25
167;46
168;46
169;39
170;38
171;11
172;47
173;51
174;9
175;18
176;36
177;62
178;15
179;8
180;79
181;71
182;25
183;49
184;1
185;51
186;19
187;39
188;47
189;62
190;44
191;32
192;3
193;53
194;26
195;51
196;41
197;34
198;11
199;0
200;51
201;53
202;63
203;67
204;56
205;63
206;49
207;29
208;2
209;3
210;48
211;74
212;70
213;58
214;39
215;55
216;52
217;15
218;14
219;50
220;69
221;55
222;21
223;50
224;37
225;37
226;40
227;51
228;59
229;34
230;15
231;15
232;51
233;57
234;6
235;56
236;81
237;54
238;38
239;16
240;69
241;53
242;40
243;45
244;13
245;14
246;15
247;48
248;29
249;10
250;16
251;30
252;61
253;60
254;57
255;12
256;57
257;51
258;15
259;13
260;71
261;69
262;63
263;57
264;65
265;74
266;28
267;55
268;26
269;1
270;9
271;46
272;19
273;62
274;51
275;52
276;48
277;60
278;34
279;69
280;37
281;63
282;17
283;18
284;16
285;73
286;37
287;44
288;35
289;18
290;8
291;18
292;39
293;60
294;28
295;15
296;17
297;64
298;53
299;9
300;13
301;19
302;41
303;22
304;67
305;53
306;63
307;80
308;61
309;26
310;19
311;1
312;59
313;86
314;71
315;50
316;59
317;18
318;10
319;59
320;51
321;23
322;58
323;55
324;54
325;65
326;61
327;32
328;64
329;56
330;59
331;9
332;9
333;53
334;19
335;50
336;7
337;8
338;53
339;38
340;46
341;19
342;57
343;61
344;19
345;71
346;88
347;63
348;59
349;50
350;10
351;50
352;55
353;34
354;73
355;33
356;40
357;53
358;17
359;17
360;63
361;66
362;35
363;64
364;12
365;8
366;81
367;51
368;52
369;62
370;34
371;38
372;3
373;15
374;29
375;48
376;60
377;71
378;19
379;66
380;67
381;74
382;53
383;53
384;13
385;65
386;69
387;83
388;75
389;52
390;24
391;50
392;73
393;21
394;39
395;54
396;61
397;22
398;55
399;56
400;44
401;12
402;6
403;54
404;33
405;54
406;50
407;38
408;59
409;20
410;20
411;50
412;81
413;20
414;72
415;68
416;47
417;45
418;75
419;46
420;71
421;52
422;44
423;26
424;11
425;5
426;4
427;58
428;65
429;47
430;77
431;53
432;27
433;43
434;9
435;64
436;29
437;20
438;4
439;3
440;0
441;12
442;58
443;72
444;62
445;48
446;50
447;39
448;63
449;79
450;35
451;38
452;73
453;62
454;33
455;27
456;2
457;9
458;48
459;64
460;17
461;8
462;19
463;74
464;55
465;90
466;20
467;42
468;63
469;69
470;31
471;35
472;66
473;55
474;51
475;67
476;30
477;37
478;39
479;6
480;8
481;9
482;9
483;88
484;57
485;46
486;8
487;10
488;44
489;84
490;43
491;51
492;79
493;59
494;61
495;45
496;47
497;2
498;4
499;31
500;37
501;43
502;72
503;82
504;56
505;89
506;42
507;36
508;51
509;83
510;70
511;47
512;66
513;62
514;34
515;15
516;13
517;11
518;57
519;60
520;52
521;67
522;70
523;62
524;30
525;45
526;7
527;37
528;27
529;18
530;7
531;7
532;7
533;63
534;59
535;80
536;40
537;66
538;20
539;57
540;73
541;76
542;89
543;54
544;43
545;15
546;28
547;81
548;51
549;74
550;59
551;59
552;74
553;76
554;23
555;72
556;70
557;60
558;50
559;25
560;25
561;74
562;66
563;72
564;51
565;64
566;29
567;35
568;33
569;14
570;14
571;92
572;53
573;54
574;38
575;94
576;70
577;62
578;9
579;16
580;55
581;52
582;89
583;23
584;43
585;50
586;12
587;9
588;8
589;11
590;50
591;18
592;16
593;40
594;67
595;64
596;50
597;50
598;43
599;57
600;68
601;50
602;74
603;79
604;28
605;34
606;14
607;64
608;24
609;79
610;56
611;35
612;57
613;41
614;22
615;72
616;38
617;32
618;4
619;38
620;31
621;20
622;0
623;5
624;71
625;42
626;57
627;70
628;31
629;73
630;29
631;58
632;35
633;73
634;59
635;21
636;43
637;58
638;61
639;66
640;39
641;22
642;52
643;51
644;35
645;12
646;75
647;25
648;81
649;70
650;25
651;54
652;70
653;72
654;72
655;51
656;29
657;63
658;19
659;72
660;23
661;28
662;20
663;89
664;51
665;79
666;35
667;55
668;18
669;62
670;74
671;52
672;31
673;51
674;83
675;42
676;26
677;49
678;53
679;16
680;50
681;72
682;71
683;43
684;9
685;31
686;33
687;4
688;4
689;82
690;66
691;49
692;33
693;14
694;15
695;23
696;35
697;39
698;56
699;77
700;36
701;74
702;47
703;75
704;60
705;33
706;33
707;57
708;16
709;14
710;34
711;44
712;0
713;0
714;78
715;70
716;71
717;53
718;57
719;58
720;27
721;44
722;4
723;9
724;50
725;59
726;14
727;13
728;72
729;21
730;21
731;37
732;9
733;2
734;7
735;62
736;15
737;48
738;19
739;19
740;57
741;50
742;12
743;11
744;76
745;53
746;59
747;37
748;15
749;13
750;21
751;51
752;54
753;72
754;37
755;77
756;54
757;82
758;61
759;81
760;63
761;72
762;56
763;65
764;26
765;61
766;69
767;51
768;31
769;19
770;77
771;31
772;75
773;48
774;51
775;91
776;47
777;63
778;57
779;51
780;71
781;62
782;71
783;50
784;39
785;66
786;48
787;50
788;54
789;49
790;45
791;61
792;23
793;24
794;4
795;41
796;63
797;28
798;47
799;42
800;4
801;0
802;41
803;11
804;65
805;38
806;30
807;10
808;17
809;58
810;55
811;26
812;72
813;51
814;63
815;76
816;59
817;80
818;47
819;65
820;49
821;37
822;18
823;76
824;57
825;77
826;45
827;39
828;47
829;9
830;12
831;74
832;54
833;82
834;65
835;58
836;74
837;69
838;58
839;76
840;51
841;66
842;23
843;82
844;55
845;66
846;43
847;36
848;33
849;50
850;12
851;11
852;9
853;48
854;35
855;47
856;63
857;42
858;46
859;14
860;6
861;35
862;36
863;61
864;38
865;51
866;35
867;10
868;18
869;64
870;82
871;34
872;47
873;59
874;79
875;66
876;39
877;70
878;31
879;5
880;4
881;37
882;34
883;37
884;4
885;44
886;21
887;14
888;7
889;56
890;53
891;56
892;41
893;65
894;34
895;38
896;3
897;56
898;21
899;37
900;19
901;49
902;23
903;85
904;48
905;32
906;6
907;48
908;85
909;91
910;47
911;45
912;19
913;25
914;87
915;53
916;33
917;34
918;15
919;45
920;87
921;64
922;76
923;61
924;30
925;8
926;8
927;40
928;48
929;15
930;7
931;13
932;73
933;50
934;62
935;56
936;18
937;16
938;48
939;48
940;76
941;83
942;39
943;72
944;50
945;40
946;35
947;15
948;7
949;11
950;36
951;49
952;75
953;68
954;62
955;84
956;21
957;83
958;20
959;31
960;44
961;66
962;43
963;77
964;50
965;61
966;70
967;49
968;37
969;19
970;25
971;28
972;39
973;68
974;56
975;40
976;74
977;31
978;37
979;8
980;17
981;49
982;63
983;35
984;80
985;53
986;48
987;67
988;52
989;40
990;37
991;4
992;4
993;26
994;63
995;87
996;45
997;49
998;12
999;6
1000;55
1001;52
1002;73
1003;26
1004;62
1005;72
1006;26
1007;8
1008;15
1009;39
1010;32
1011;0
1012;12
1013;56
1014;84
1015;58
1016;58
1017;49
1018;9
1019;14
1020;60
1021;47
1022;45
1023;62
1024;6
1025;16
1026;31
1027;52
1028;38
1029;71
1030;24
1031;25
1032;51
1033;41
1034;68
1035;91
1036;31
1037;69
1038;80
1039;38
1040;43
1041;11
1042;12
1043;18
1044;11
1045;77
1046;73
1047;51
1048;49
1049;7
1050;65
1051;54
1052;62
1053;30
1054;65
1055;44
1056;39
1057;3
1058;2
1059;73
1060;69
1061;63
1062;57
1063;59
1064;71
1065;47
1066;73
1067;52
1068;51
1069;56
1070;55
1071;27
1072;24
1073;45
1074;33
1075;32
1076;17
1077;12
1078;36
1079;41
1080;13
1081;17
1082;13
1083;6
1084;64
1085;37
1086;68
1087;56
1088;77
1089;58
1090;53
1091;37
1092;92
1093;74
1094;45
1095;26
1096;17
1097;79
1098;75
1099;51
1100;63
1101;62
1102;65
1103;52
1104;59
1105;49
1106;45
1107;23
1108;5
1109;14
1110;61
1111;47
1112;52
1113;91
1114;72
1115;53
1116;39
1117;69
1118;56
1119;39
1120;77
1121;73
1122;72
1123;53
1124;46
1125;62
1126;12
1127;14
1128;9
1129;15
1130;70
1131;23
1132;57
1133;48
1134;62
1135;50
1136;20
1137;4
1138;55
1139;37
1140;64
1141;34
1142;25
1143;74
1144;78
1145;70
1146;22
1147;69
1148;23
1149;78
1150;22
1151;36
1152;4
1153;11
1154;64
1155;47
1156;38
1157;38
1158;18
1159;10
1160;70
1161;72
1162;62
1163;69
1164;40
1165;34
1166;31
1167;14
1168;14
1169;49
1170;62
1171;84
1172;33
1173;81
1174;37
1175;45
1176;3
1177;4
1178;7
1179;20
1180;51
1181;55
1182;73
1183;79
1184;89
1185;60
1186;72
1187;30
1188;45
1189;7
1190;14
1191;67
1192;27
1193;57
1194;58
1195;6
1196;6
1197;34
1198;26
1199;27
1200;56
1201;75
1202;62
1203;22
1204;64
1205;78
1206;57
1207;73
1208;29
1209;35
1210;8
1211;4
1212;43
1213;57
1214;59
1215;74
1216;43
1217;71
1218;48
1219;56
1220;54
1221;31
1222;91
1223;60
1224;59
1225;15
1226;11
1227;36
1228;45
1229;4
1230;18
1231;18
1232;4
1233;8
1234;57
1235;20
1236;54
1237;40
1238;79
1239;84
1240;45
1241;57
1242;18
1243;18
1244;65
1245;59
1246;52
1247;34
1248;12
1249;44
1250;81
1251;36
1252;88
1253;45
1254;69
1255;62
1256;54
1257;69
1258;41
1259;37
1260;26
1261;68
1262;63
1263;87
1264;70
1265;50
1266;80
1267;66
1268;54
1269;62
1270;75
1271;54
1272;72
1273;26
1274;26
1275;6
1276;14
1277;62
1278;39
1279;59
1280;9
1281;62
1282;37
1283;71
1284;68
1285;30
1286;61
1287;45
1288;28
1289;9
1290;7
1291;57
1292;75
1293;51
1294;81
1295;54
1296;50
1297;66
1298;43
1299;73
1300;78
1301;57
1302;72
1303;72
1304;47
1305;63
1306;69
1307;66
1308;47
1309;64
1310;32
1311;22
1312;51
1313;46
1314;7
1315;17
1316;13
1317;57
1318;72
1319;34
1320;58
1321;72
1322;37
1323;61
1324;30
1325;62
1326;53
1327;56
1328;19
1329;47
1330;45
1331;71
1332;68
1333;78
1334;67
1335;51
1336;49
1337;65
1338;55
1339;28
1340;27
1341;75
1342;65
1343;63
1344;38
1345;41
1346;9
1347;13
1348;46
1349;33
1350;7
1351;9
1352;14
1353;22
1354;50
1355;22
1356;65
1357;47
1358;52
1359;21
1360;46
1361;23
1362;23
1363;23
1364;59
1365;58
1366;47
1367;53
1368;17
1369;6
1370;71
1371;67
1372;50
1373;38
1374;93
1375;62
1376;20
1377;69
1378;37
1379;23
1380;59
1381;55
1382;6
1383;12
1384;53
1385;14
1386;55
1387;42
1388;29
1389;0
1390;4
1391;63
1392;57
1393;25
1394;45
1395;46
1396;6
1397;12
1398;73
1399;32
1400;55
1401;71
1402;50
1403;30
1404;54
1405;77
1406;84
1407;69
1408;76
1409;55
1410;34
1411;14
1412;29
1413;19
1414;4
1415;54
1416;78
1417;53
1418;10
1419;6
1420;76
1421;37
1422;50
1423;47
1424;10
1425;18
1426;37
1427;27
1428;9
1429;6
1430;56
1431;45
1432;45
1433;40
1434;17
1435;3
1436;31
1437;60
1438;64
1439;79
1440;68
1441;89
1442;50
1443;31
1444;14
1445;20
1446;38
1447;72
1448;82
1449;91
1450;88
1451;48
1452;48
1453;58
1454;55
1455;52
1456;22
1457;60
1458;58
1459;40
1460;37
1461;14
1462;0
1463;9
1464;85
1465;53
1466;19
1467;38
1468;58
1469;12
1470;37
1471;64
1472;57
1473;47
1474;44
1475;15
1476;9
1477;21
1478;55
1479;61
1480;51
1481;39
1482;43
1483;32
1484;10
1485;14
1486;61
1487;81
1488;81
1489;20
1490;64
1491;60
1492;56
1493;43
1494;40
1495;8
1496;8
1497;60
1498;56
1499;51
1500;74
1501;89
1502;20
1503;34
1504;7
1505;50
1506;30
1507;28
1508;13
1509;0
1510;72
1511;69
1512;38
1513;8
1514;10
1515;74
1516;65
1517;49
1518;61
1519;55
1520;34
1521;37
1522;8
1523;14
1524;42
1525;46
1526;58
1527;60
1528;45
1529;73
1530;30
1531;37
1532;6
1533;12
1534;76
1535;81
1536;53
1537;50
1538;25
1539;62
1540;74
1541;54
1542;19
1543;26
1544;2
1545;1
1546;17
1547;35
1548;64
1549;9
1550;15
1551;83
1552;41
1553;42
1554;21
1555;8
1556;5
1557;1
1558;84
1559;59
1560;84
1561;71
1562;91
1563;65
1564;66
1565;28
1566;56
1567;27
1568;73
1569;64
1570;39
1571;45
1572;36
1573;42
1574;5
1575;52
1576;28
1577;37
1578;28
1579;17
1580;55
1581;37
1582;49
1583;51
1584;80
1585;35
1586;52
1587;14
1588;70
1589;61
1590;77
1591;63
1592;67
1593;77
1594;73
1595;64
1596;39
1597;74
1598;63
1599;72
1600;23
1601;69
1602;30
1603;54
1604;14
1605;14
1606;38
1607;25
1608;78
1609;74
1610;46
1611;15
1612;57
1613;64
1614;21
1615;64
1616;46
1617;71
1618;72
1619;40
1620;21
1621;11
1622;2
1623;26
1624;38
1625;15
1626;16
1627;62
1628;21
1629;55
1630;61
1631;36
1632;12
1633;52
1634;84
1635;72
1636;69
1637;59
1638;69
1639;63
1640;65
1641;61
1642;60
1643;53
1644;26
1645;18
1646;10
1647;23
1648;34
1649;56
1650;11
1651;17
1652;16
1653;17
1654;50
1655;54
1656;15
1657;6
1658;18
1659;64
1660;75
1661;79
1662;62
1663;45
1664;65
1665;37
1666;11
1667;12
1668;59
1669;31
1670;5
1671;71
1672;79
1673;60
1674;81
1675;45
1676;75
1677;67
1678;43
1679;74
1680;78
1681;24
1682;82
1683;65
1684;27
1685;75
1686;79
1687;59
1688;62
1689;63
1690;54
1691;68
1692;58
1693;47
1694;60
1695;24
1696;48
1697;34
1698;44
1699;17
1700;15
1701;29
1702;71
1703;43
1704;43
1705;59
1706;26
1707;61
1708;75
1709;58
1710;31
1711;10
1712;10
1713;41
1714;35
1715;83
1716;41
1717;44
1718;9
1719;16
1720;32
1721;31
1722;15
1723;5
1724;10
1725;49
1726;19
1727;82
1728;40
1729;35
1730;27
1731;7
1732;17
1733;15
1734;42
1735;56
1736;48
1737;69
1738;67
1739;80
1740;36
1741;34
1742;1
1743;3
1744;52
1745;51
1746;58
1747;68
1748;69
1749;27
1750;63
1751;35
1752;57
1753;76
1754;58
1755;61
1756;12
1757;16
1758;52
1759;81
1760;52
1761;48
1762;56
1763;44
1764;53
1765;34
1766;37
1767;5
1768;17
1769;78
1770;54
1771;65
1772;27
1773;65
1774;23
1775;36
1776;0
1777;9
1778;14
1779;12
1780;8
1781;29
1782;65
1783;48
1784;29
1785;23
1786;13
1787;1
1788;43
1789;14
1790;61
1791;47
1792;11
1793;12
1794;26
1795;42
1796;38
1797;58
1798;14
1799;9
1800;86
1801;86
1802;75
1803;95
1804;75
1805;93
1806;86
1807;86
1808;88
1809;84
1810;91
1811;78
1812;88
1813;80
1814;77
1815;96
1816;88
1817;85
1818;80
1819;78
1820;83
1821;85
1822;96
1823;101
1824;89
