1;80
2;66
3;53
4;39
5;53
6;52
7;26
8;53
9;29
10;72
11;39
12;72
13;49
14;67
15;44
16;89
17;99
18;56
19;59
20;8
21;75
22;67
23;66
24;64
25;65
26;32
27;17
28;9
29;19
30;89
31;72
32;72
33;42
34;48
35;3
36;2
37;14
38;58
39;38
40;18
41;27
42;50
43;39
44;22
45;4
46;2
47;16
48;30
49;50
50;22
51;25
52;72
53;76
54;63
55;71
56;46
57;48
58;62
59;12
60;14
61;17
62;71
63;78
64;84
65;77
66;62
67;55
68;55
69;80
70;51
71;86
72;62
73;81
74;71
75;53
76;48
77;75
78;32
79;14
80;41
81;38
82;15
83;9
84;32
85;35
86;17
87;16
88;58
89;74
90;58
91;56
92;56
93;43
94;71
95;72
96;47
97;59
98;21
99;55
100;57
101;72
102;70
103;58
104;54
105;60
106;49
107;47
108;60
109;17
110;18
111;78
112;79
113;50
114;53
115;52
116;57
117;68
118;55
119;61
120;43
121;76
122;74
123;29
124;38
125;3
126;56
127;82
128;38
129;8
130;61
131;27
132;59
133;86
134;81
135;84
136;21
137;56
138;71
139;39
140;70
141;64
142;67
143;30
144;28
145;17
146;8
147;56
148;70
149;64
150;36
151;62
152;72
153;53
154;51
155;60
156;23
157;73
158;56
159;18
160;41
161;75
162;35
163;23
164;61
165;74
166;73
167;83
168;70
169;42
170;38
171;15
172;14
173;11
174;68
175;51
176;35
177;7
178;7
179;15
180;73
181;32
182;30
183;17
184;16
185;16
186;27
187;31
188;72
189;28
190;66
191;64
192;21
193;31
194;3
195;64
196;70
197;19
198;23
199;21
200;46
201;43
202;51
203;19
204;45
205;39
206;5
207;30
208;11
209;11
210;64
211;46
212;7
213;6
214;82
215;66
216;60
217;40
218;34
219;11
220;8
221;16
222;57
223;81
224;44
225;61
226;30
227;56
228;18
229;14
230;49
231;51
232;17
233;7
234;22
235;46
236;73
237;21
238;42
239;22
240;81
241;52
242;49
243;47
244;9
245;9
246;69
247;81
248;38
249;41
250;11
251;13
252;12
253;59
254;58
255;67
256;20
257;72
258;71
259;24
260;42
261;35
262;14
263;28
264;30
265;73
266;26
267;56
268;35
269;73
270;63
271;65
272;53
273;52
274;15
275;7
276;58
277;14
278;62
279;57
280;64
281;30
282;8
283;7
284;76
285;50
286;41
287;13
288;14
289;15
290;9
291;30
292;66
293;54
294;46
295;8
296;83
297;74
298;24
299;21
300;79
301;44
302;79
303;66
304;21
305;52
306;20
307;35
308;39
309;54
310;17
311;6
312;12
313;51
314;49
315;42
316;8
317;15
318;69
319;36
320;48
321;63
322;19
323;83
324;55
325;70
326;66
327;31
328;41
329;11
330;5
331;5
332;83
333;52
334;73
335;74
336;47
337;27
338;62
339;11
340;14
341;32
342;62
343;69
344;63
345;73
346;70
347;52
348;87
349;54
350;89
351;19
352;55
353;26
354;68
355;40
356;45
357;52
358;70
359;32
360;61
361;7
362;9
363;32
364;48
365;14
366;15
367;61
368;62
369;11
370;14
371;24
372;50
373;73
374;30
375;56
376;62
377;15
378;8
379;7
380;67
381;86
382;53
383;43
384;43
385;38
386;2
387;18
388;66
389;52
390;30
391;69
392;63
393;58
394;33
395;72
396;59
397;50
398;45
399;15
400;10
401;31
402;43
403;4
404;77
405;94
406;47
407;50
408;7
409;12
410;50
411;63
412;37
413;15
414;17
415;42
416;36
417;7
418;21
419;61
420;31
421;52
422;50
423;21
424;42
425;23
426;80
427;82
428;72
429;78
430;70
431;46
432;23
433;74
434;26
435;72
436;81
437;50
438;21
439;47
440;72
441;81
442;60
443;70
444;82
445;52
446;70
447;59
448;59
449;7
450;10
451;26
452;33
453;75
454;36
455;20
456;0
457;2
458;48
459;24
460;9
461;9
462;36
463;30
464;67
465;23
466;21
467;72
468;19
469;22
470;69
471;46
472;64
473;76
474;46
475;55
476;45
477;30
478;0
479;8
480;29
481;64
482;51
483;54
484;61
485;60
486;19
487;23
488;12
489;1
490;63
491;9
492;26
493;57
494;50
495;10
496;6
497;89
498;66
499;20
500;42
501;8
502;22
503;1
504;56
505;26
506;69
507;23
508;52
509;45
510;61
511;88
512;58
513;20
514;67
515;25
516;53
517;63
518;32
519;19
520;22
521;45
522;13
523;81
524;73
525;73
526;70
527;44
528;19
529;64
530;65
531;62
532;77
533;59
534;72
535;56
536;55
537;73
538;23
539;77
540;75
541;92
542;71
543;93
544;73
545;72
546;74
547;72
548;63
549;26
550;51
551;62
552;41
553;63
554;73
555;62
556;57
557;58
558;80
559;71
560;25
561;70
562;65
563;62
564;52
565;74
566;41
567;38
568;1
569;11
570;76
571;77
572;52
573;59
574;17
575;9
576;47
577;31
578;37
579;2
580;42
581;49
582;8
583;10
584;14
585;37
586;32
587;7
588;13
589;21
590;58
591;23
592;64
593;30
594;61
595;51
596;45
597;77
598;62
599;59
600;53
601;23
602;76
603;35
604;20
605;21
606;78
607;70
608;48
609;76
610;43
611;45
612;15
613;12
614;32
615;15
616;46
617;49
618;9
619;15
620;27
621;86
622;46
623;51
624;21
625;58
626;75
627;62
628;54
629;23
630;45
631;44
632;9
633;4
634;13
635;42
636;9
637;63
638;57
639;77
640;56
641;57
642;56
643;50
644;69
645;90
646;42
647;71
648;21
649;31
650;55
651;27
652;10
653;8
654;12
655;74
656;55
657;19
658;48
659;3
660;15
661;45
662;29
663;2
664;18
665;53
666;73
667;53
668;68
669;52
670;84
671;71
672;93
673;84
674;71
675;80
676;52
677;45
678;28
679;11
680;69
681;22
682;76
683;64
684;30
685;58
686;18
687;15
688;77
689;81
690;65
691;55
692;67
693;42
694;10
695;48
696;28
697;15
698;3
699;78
700;68
701;53
702;47
703;47
704;66
705;52
706;94
707;74
708;70
709;56
710;87
711;50
712;47
713;48
714;43
715;10
716;47
717;55
718;68
719;65
720;65
721;83
722;76
723;76
724;83
725;67
726;68
727;81
728;48
729;60
730;78
731;52
732;53
733;64
734;52
735;71
736;70
737;36
738;80
739;19
740;64
741;8
742;13
743;33
744;42
745;15
746;79
747;61
748;89
749;23
750;81
751;37
752;45
753;8
754;2
755;49
756;46
757;24
758;41
759;31
760;18
761;78
762;75
763;56
764;72
765;48
766;53
767;13
768;7
769;15
770;48
771;66
772;43
773;44
774;45
775;42
776;0
777;12
778;53
779;72
780;21
781;46
782;27
783;13
784;51
785;50
786;68
787;81
788;57
789;63
790;73
791;25
792;33
793;72
794;62
795;28
796;45
797;15
798;18
799;50
800;38
801;9
802;16
803;15
804;48
805;53
806;78
807;76
808;58
809;27
810;31
811;9
812;14
813;39
814;17
815;17
816;69
817;62
818;52
819;69
820;62
821;67
822;47
823;57
824;59
825;59
826;66
827;75
828;68
829;72
830;31
831;42
832;8
833;4
834;51
835;60
836;56
837;69
838;77
839;96
840;77
841;45
842;19
843;62
844;64
845;49
846;22
847;60
848;51
849;60
850;35
851;40
852;10
853;69
854;24
855;57
856;77
857;54
858;78
859;44
860;56
861;37
862;10
863;15
864;75
865;67
866;62
867;72
868;27
869;21
870;69
871;42
872;50
873;17
874;58
875;50
876;53
877;64
878;14
879;16
880;27
881;61
882;21
883;84
884;44
885;78
886;66
887;62
888;58
889;47
890;8
891;60
892;70
893;44
894;47
895;91
896;50
897;57
898;17
899;33
900;64
901;17
902;12
903;68
904;25
905;89
906;75
907;56
908;37
909;10
910;9
911;32
912;3
913;55
914;72
915;72
916;23
917;87
918;73
919;34
920;61
921;92
922;60
923;87
924;32
925;47
926;53
927;9
928;11
929;93
930;82
931;84
932;42
933;9
934;15
935;66
936;22
937;59
938;31
939;8
940;63
941;32
942;51
943;39
944;30
945;32
946;17
947;10
948;21
949;25
950;50
951;45
952;18
953;16
954;63
955;72
956;24
957;44
958;35
959;21
960;75
961;79
962;65
963;26
964;67
965;67
966;63
967;64
968;79
969;21
970;66
971;48
972;62
973;77
974;72
975;55
976;47
977;31
978;12
979;7
980;58
981;65
982;58
983;71
984;47
985;81
986;83
987;83
988;19
989;93
990;58
991;51
992;32
993;32
994;12
995;1
996;2
997;43
998;48
999;12
1000;79
1001;47
1002;64
1003;10
1004;14
1005;72
1006;32
1007;80
1008;75
1009;62
1010;7
1011;59
1012;38
1013;14
1014;17
1015;6
1016;78
1017;21
1018;28
1019;19
1020;40
1021;23
1022;17
1023;4
1024;42
1025;62
1026;21
1027;19
1028;43
1029;14
1030;3
1031;30
1032;32
1033;17
1034;2
1035;25
1036;67
1037;51
1038;22
1039;23
1040;62
1041;24
1042;76
1043;25
1044;63
1045;71
1046;84
1047;50
1048;63
1049;46
1050;48
1051;3
1052;12
1053;58
1054;46
1055;14
1056;9
1057;50
1058;60
1059;45
1060;24
1061;68
1062;65
1063;70
1064;72
1065;67
1066;57
1067;49
1068;44
1069;48
1070;4
1071;8
1072;17
1073;46
1074;53
1075;72
1076;72
1077;68
1078;56
1079;55
1080;27
1081;56
1082;57
1083;10
1084;30
1085;58
1086;15
1087;99
1088;86
1089;58
1090;45
1091;46
1092;17
1093;36
1094;64
1095;25
1096;58
1097;63
1098;49
1099;45
1100;10
1101;14
1102;73
1103;84
1104;56
1105;27
1106;32
1107;10
1108;38
1109;44
1110;18
1111;11
1112;72
1113;58
1114;68
1115;74
1116;76
1117;71
1118;49
1119;52
1120;42
1121;66
1122;23
1123;47
1124;89
1125;64
1126;65
1127;49
1128;10
1129;49
1130;70
1131;83
1132;35
1133;35
1134;77
1135;57
1136;47
1137;12
1138;69
1139;49
1140;57
1141;47
1142;34
1143;41
1144;15
1145;57
1146;68
1147;83
1148;89
1149;51
1150;48
1151;54
1152;73
1153;83
1154;90
1155;81
1156;82
1157;86
1158;88
1159;82
1160;82
1161;81
