1;39
2;32
3;53
4;54
5;33
6;54
7;16
8;10
9;18
10;34
11;52
12;79
13;23
14;23
15;41
16;51
17;45
18;28
19;44
20;54
21;35
22;62
23;69
24;46
25;45
26;70
27;24
28;53
29;50
30;8
31;23
32;54
33;42
34;45
35;14
36;16
37;78
38;57
39;73
40;58
41;26
42;62
43;15
44;12
45;13
46;32
47;25
48;1
49;14
50;41
51;72
52;68
53;64
54;33
55;11
56;13
57;84
58;60
59;31
60;36
61;16
62;8
63;6
64;69
65;49
66;40
67;4
68;7
69;87
70;85
71;54
72;54
73;52
74;60
75;56
76;10
77;20
78;20
79;46
80;43
81;93
82;74
83;28
84;24
85;0
86;1
87;8
88;27
89;24
90;68
91;46
92;38
93;66
94;50
95;58
96;16
97;58
98;22
99;24
100;56
101;47
102;11
103;8
104;70
105;63
106;74
107;56
108;82
109;79
110;75
111;63
112;44
113;22
114;58
115;64
116;25
117;89
118;56
119;29
120;46
121;13
122;9
123;54
124;63
125;50
126;86
127;71
128;39
129;33
130;69
131;56
132;49
133;67
134;31
135;47
136;10
137;17
138;10
139;33
140;82
141;46
142;43
143;17
144;55
145;87
146;64
147;88
148;34
149;78
150;46
151;77
152;28
153;78
154;52
155;73
156;67
157;61
158;23
159;54
160;42
161;80
162;59
163;62
164;26
165;6
166;7
167;6
168;29
169;60
170;23
171;55
172;64
173;46
174;51
175;51
176;56
177;67
178;42
179;22
180;59
181;52
182;59
183;53
184;32
185;29
186;25
187;23
188;48
189;52
190;25
191;97
192;77
193;85
194;47
195;77
196;54
197;38
198;36
199;1
200;16
201;67
202;52
203;49
204;80
205;56
206;48
207;81
208;64
209;82
210;34
211;6
212;8
213;67
214;34
215;21
216;22
217;12
218;0
219;25
220;71
221;92
222;19
223;51
224;54
225;53
226;79
227;61
228;57
229;57
230;73
231;26
232;52
233;45
234;41
235;14
236;7
237;83
238;65
239;41
240;62
241;22
242;84
243;49
244;74
245;67
246;45
247;28
248;50
249;11
250;6
251;35
252;45
253;9
254;16
255;18
256;56
257;47
258;16
259;6
260;47
261;50
262;88
263;70
264;95
265;85
266;66
267;23
268;30
269;25
270;5
271;86
272;69
273;58
274;71
275;56
276;23
277;53
278;38
279;34
280;12
281;11
282;5
283;32
284;57
285;81
286;94
287;43
288;70
289;19
290;45
291;55
292;9
293;16
294;73
295;56
296;54
297;20
298;81
299;57
300;24
301;48
302;27
303;16
304;31
305;55
306;43
307;12
308;18
309;53
310;43
311;24
312;19
313;93
314;22
315;69
316;44
317;21
318;33
319;71
320;32
321;20
322;5
323;0
324;54
325;47
326;66
327;56
328;77
329;49
330;66
331;30
332;50
333;19
334;58
335;43
336;29
337;62
338;32
339;57
340;68
341;70
342;59
343;51
344;48
345;34
346;65
347;62
348;29
349;41
350;48
351;20
352;25
353;71
354;75
355;81
356;22
357;51
358;35
359;6
360;6
361;49
362;18
363;6
364;56
365;47
366;12
367;6
368;26
369;44
370;74
371;64
372;56
373;66
374;47
375;44
376;28
377;27
378;13
379;5
380;83
381;46
382;21
383;26
384;22
385;25
386;52
387;64
388;46
389;63
390;7
391;16
392;57
393;31
394;50
395;19
396;53
397;39
398;62
399;12
400;54
401;72
402;19
403;26
404;49
405;7
406;14
407;16
408;53
409;92
410;71
411;70
412;22
413;64
414;81
415;54
416;81
417;55
418;56
419;51
420;38
421;32
422;11
423;17
424;85
425;81
426;28
427;27
428;3
429;4
430;2
431;66
432;59
433;19
434;56
435;86
436;68
437;49
438;77
439;88
440;56
441;31
442;77
443;74
444;62
445;63
446;64
447;85
448;67
449;24
450;46
451;1
452;18
453;7
454;13
455;48
456;78
457;73
458;69
459;23
460;25
461;82
462;29
463;50
464;27
465;7
466;17
467;59
468;23
469;65
470;64
471;84
472;44
473;39
474;17
475;57
476;51
477;56
478;89
479;25
480;90
481;52
482;58
483;33
484;31
485;60
486;11
487;14
488;16
489;46
490;37
491;47
492;53
493;17
494;10
495;65
496;24
497;25
498;1
499;64
500;44
501;14
502;56
503;17
504;64
505;34
506;54
507;48
508;33
509;10
510;14
511;46
512;56
513;78
514;25
515;45
516;29
517;3
518;16
519;32
520;50
521;14
522;17
523;50
524;23
525;66
526;47
527;13
528;12
529;46
530;56
531;8
532;13
533;55
534;40
535;62
536;54
537;11
538;12
539;69
540;54
541;48
542;72
543;41
544;51
545;89
546;22
547;69
548;22
549;80
550;69
551;34
552;12
553;50
554;49
555;35
556;5
557;0
558;24
559;57
560;53
561;72
562;61
563;63
564;23
565;70
566;53
567;66
568;47
569;30
570;16
571;2
572;14
573;38
574;72
575;72
576;58
577;26
578;43
579;78
580;24
581;22
582;62
583;57
584;52
585;53
586;55
587;25
588;40
589;41
590;5
591;1
592;56
593;48
594;17
595;25
596;22
597;23
598;30
599;73
600;25
601;45
602;22
603;41
604;22
605;31
606;87
607;64
608;63
609;46
610;63
611;67
612;21
613;20
614;24
615;78
616;20
617;70
618;32
619;30
620;66
621;64
622;81
623;69
624;55
625;21
626;29
627;35
628;87
629;21
630;35
631;22
632;21
633;60
634;23
635;65
636;76
637;67
638;48
639;69
640;71
641;50
642;47
643;47
644;2
645;4
646;35
647;65
648;66
649;54
650;79
651;29
652;44
653;44
654;16
655;2
656;28
657;54
658;61
659;70
660;27
661;46
662;1
663;16
664;51
665;85
666;71
667;67
668;21
669;48
670;67
671;64
672;60
673;15
674;45
675;54
676;24
677;28
678;79
679;29
680;52
681;6
682;7
683;26
684;3
685;1
686;32
687;29
688;4
689;1
690;45
691;54
692;15
693;58
694;53
695;60
696;34
697;10
698;18
699;17
700;17
701;44
702;71
703;52
704;56
705;72
706;86
707;79
708;70
709;65
710;61
711;32
712;25
713;67
714;22
715;42
716;27
717;46
718;42
719;59
720;51
721;61
722;24
723;85
724;68
725;27
726;54
727;48
728;36
729;17
730;8
731;12
732;33
733;45
734;28
735;23
736;22
737;81
738;27
739;38
740;45
741;12
742;18
743;21
744;61
745;91
746;26
747;41
748;4
749;2
750;5
751;4
752;71
753;20
754;75
755;39
756;32
757;17
758;12
759;65
760;54
761;27
762;11
763;45
764;40
765;5
766;57
767;64
768;21
769;45
770;41
771;25
772;88
773;23
774;40
775;0
776;0
777;45
778;57
779;51
780;57
781;71
782;53
783;30
784;39
785;10
786;9
787;54
788;87
789;26
790;28
791;51
792;81
793;61
794;58
795;9
796;12
797;65
798;20
799;20
800;4
801;70
802;53
803;32
804;49
805;4
806;18
807;2
808;21
809;20
810;12
811;5
812;50
813;85
814;64
815;25
816;47
817;49
818;62
819;18
820;46
821;82
822;56
823;46
824;27
825;51
826;54
827;16
828;15
829;31
830;61
831;74
832;84
833;56
834;62
835;55
836;28
837;48
838;67
839;85
840;87
841;56
842;82
843;64
844;51
845;87
846;52
847;84
848;89
849;57
850;59
851;31
852;51
853;80
854;67
855;61
856;73
857;65
858;69
859;68
860;65
861;86
862;67
863;50
864;70
865;75
866;19
867;54
868;54
869;57
870;45
871;19
872;13
873;3
874;58
875;58
876;20
877;36
878;55
879;25
880;66
881;42
882;30
883;69
884;69
885;87
886;46
887;29
888;43
889;35
890;69
891;63
892;79
893;44
894;38
895;92
896;94
897;64
898;63
899;10
900;54
901;46
902;63
903;81
904;48
905;58
906;71
907;99
908;53
909;85
910;63
911;46
912;80
913;67
914;64
915;43
916;48
917;18
918;3
919;13
920;93
921;22
922;33
923;22
924;50
925;81
926;71
927;70
928;81
929;45
930;71
931;28
932;46
933;63
934;7
935;37
936;18
937;16
938;89
939;58
940;50
941;78
942;70
943;32
944;23
945;24
946;45
947;29
948;82
949;43
950;64
951;64
952;21
953;67
954;66
955;36
956;56
957;54
958;7
959;11
960;73
961;53
962;78
963;70
964;21
965;51
966;46
967;72
968;80
969;83
970;75
971;75
972;60
973;50
974;15
975;18
976;12
977;85
978;63
979;48
980;52
981;48
982;76
983;49
984;53
985;11
986;32
987;54
988;51
989;50
990;58
991;62
992;68
993;59
994;19
995;42
996;54
997;50
998;14
999;13
1000;55
1001;41
1002;73
1003;47
1004;82
1005;37
1006;39
1007;28
1008;30
1009;26
1010;11
1011;9
1012;48
1013;67
1014;69
1015;23
1016;29
1017;15
1018;5
1019;5
1020;19
1021;56
1022;85
1023;54
1024;61
1025;54
1026;55
1027;47
1028;30
1029;27
1030;18
1031;12
1032;10
1033;43
1034;51
1035;75
1036;65
1037;67
1038;81
1039;40
1040;78
1041;26
1042;67
1043;53
1044;30
1045;34
1046;6
1047;20
1048;78
1049;51
1050;46
1051;47
1052;59
1053;69
1054;54
1055;25
1056;19
1057;27
1058;37
1059;14
1060;3
1061;12
1062;49
1063;56
1064;81
1065;88
1066;85
1067;88
1068;21
1069;23
1070;20
1071;72
1072;80
1073;79
1074;64
1075;40
1076;38
1077;8
1078;49
1079;15
1080;10
1081;45
1082;47
1083;4
1084;4
1085;70
1086;60
1087;82
1088;57
1089;51
1090;44
1091;30
1092;13
1093;14
1094;24
1095;83
1096;32
1097;59
1098;49
1099;56
1100;31
1101;39
1102;27
1103;66
1104;31
1105;78
1106;70
1107;60
1108;22
1109;62
1110;57
1111;19
1112;56
1113;91
1114;76
1115;38
1116;54
1117;74
1118;45
1119;66
1120;69
1121;77
1122;85
1123;20
1124;37
1125;61
1126;51
1127;59
1128;17
1129;15
1130;18
1131;52
1132;86
1133;48
1134;61
1135;30
1136;70
1137;59
1138;28
1139;84
1140;51
1141;46
1142;70
1143;36
1144;74
1145;90
1146;77
1147;22
1148;75
1149;81
1150;43
1151;64
1152;15
1153;11
1154;24
1155;37
1156;4
1157;14
1158;4
1159;5
1160;45
1161;10
1162;32
1163;35
1164;7
1165;14
1166;66
1167;52
1168;62
1169;75
1170;75
1171;51
1172;73
1173;74
1174;56
1175;29
1176;24
1177;40
1178;40
1179;2
1180;3
1181;59
1182;75
1183;25
1184;28
1185;55
1186;59
1187;45
1188;42
1189;16
1190;4
1191;0
1192;82
1193;69
1194;33
1195;39
1196;17
1197;2
1198;3
1199;56
1200;51
1201;50
1202;36
1203;39
1204;3
1205;64
1206;20
1207;81
1208;50
1209;37
1210;4
1211;47
1212;31
1213;25
1214;67
1215;28
1216;32
1217;66
1218;61
1219;58
1220;47
1221;41
1222;91
1223;81
1224;49
1225;86
1226;95
1227;32
1228;47
1229;17
1230;13
1231;3
1232;49
1233;20
1234;2
1235;28
1236;43
1237;17
1238;17
1239;44
1240;66
1241;55
1242;80
1243;36
1244;52
1245;70
1246;32
1247;59
1248;15
1249;18
1250;7
1251;19
1252;65
1253;67
1254;62
1255;23
1256;54
1257;52
1258;64
1259;50
1260;47
1261;22
1262;13
1263;66
1264;79
1265;59
1266;38
1267;10
1268;10
1269;69
1270;93
1271;72
1272;58
1273;61
1274;74
1275;30
1276;54
1277;12
1278;17
1279;59
1280;55
1281;68
1282;27
1283;7
1284;19
1285;44
1286;51
1287;39
1288;70
1289;45
1290;45
1291;46
1292;0
1293;11
1294;57
1295;30
1296;8
1297;8
1298;5
1299;0
1300;4
1301;23
1302;51
1303;24
1304;43
1305;38
1306;3
1307;67
1308;61
1309;47
1310;48
1311;6
1312;9
1313;55
1314;53
1315;66
1316;49
1317;14
1318;74
1319;88
1320;57
1321;61
1322;25
1323;66
1324;23
1325;56
1326;84
1327;51
1328;63
1329;58
1330;69
1331;47
1332;22
1333;25
1334;83
1335;33
1336;78
1337;85
1338;20
1339;22
1340;24
1341;50
1342;73
1343;70
1344;84
1345;52
1346;51
1347;63
1348;47
1349;55
1350;17
1351;17
1352;57
1353;13
1354;52
1355;67
1356;38
1357;22
1358;66
1359;25
1360;32
1361;21
1362;67
1363;29
1364;52
1365;58
1366;60
1367;54
1368;46
1369;47
1370;15
1371;69
1372;47
1373;22
1374;45
1375;1
1376;17
1377;3
1378;5
1379;19
1380;73
1381;56
1382;60
1383;20
1384;54
1385;80
1386;26
1387;54
1388;56
1389;29
1390;58
1391;60
1392;65
1393;25
1394;59
1395;62
1396;80
1397;27
1398;27
1399;58
1400;23
1401;33
1402;10
1403;7
1404;13
1405;61
1406;28
1407;15
1408;8
1409;77
1410;55
1411;61
1412;66
1413;72
1414;47
1415;45
1416;7
1417;10
1418;56
1419;75
1420;48
1421;72
1422;27
1423;84
1424;69
1425;49
1426;43
1427;62
1428;27
1429;6
1430;47
1431;44
1432;18
1433;9
1434;50
1435;24
1436;45
1437;3
1438;17
1439;5
1440;20
1441;51
1442;38
1443;44
1444;5
1445;2
1446;44
1447;59
1448;16
1449;10
1450;50
1451;52
1452;67
1453;63
1454;32
1455;26
1456;24
1457;49
1458;20
1459;71
1460;23
1461;69
1462;83
1463;69
1464;63
1465;46
1466;56
1467;12
1468;51
1469;63
1470;18
1471;12
1472;64
1473;44
1474;18
1475;14
1476;65
1477;37
1478;62
1479;61
1480;68
1481;77
1482;74
1483;76
1484;51
1485;60
1486;99
1487;22
1488;51
1489;67
1490;77
1491;56
1492;33
1493;39
1494;65
1495;22
1496;84
1497;54
1498;28
1499;51
1500;41
1501;73
1502;25
1503;20
1504;67
1505;19
1506;25
1507;19
1508;63
1509;48
1510;65
1511;63
1512;58
1513;32
1514;28
1515;48
1516;13
1517;8
1518;98
1519;29
1520;63
1521;66
1522;59
1523;52
1524;15
1525;66
1526;68
1527;55
1528;51
1529;14
1530;17
1531;6
1532;90
1533;82
1534;55
1535;48
1536;28
1537;4
1538;0
1539;69
1540;56
1541;48
1542;23
1543;80
1544;22
1545;63
1546;83
1547;19
1548;70
1549;42
1550;51
1551;7
1552;57
1553;19
1554;73
1555;26
1556;37
1557;53
1558;68
1559;64
1560;55
1561;13
1562;13
1563;52
1564;66
1565;65
1566;58
1567;88
1568;61
1569;45
1570;21
1571;7
1572;0
1573;80
1574;76
1575;73
1576;61
1577;22
1578;79
1579;22
1580;60
1581;24
1582;71
1583;79
1584;62
1585;37
1586;76
1587;19
1588;20
1589;74
1590;75
1591;30
1592;78
1593;49
1594;36
1595;9
1596;0
1597;87
1598;51
1599;56
1600;83
1601;60
1602;69
1603;30
1604;63
1605;18
1606;8
1607;19
1608;77
1609;57
1610;46
1611;56
1612;11
1613;8
1614;19
1615;30
1616;70
1617;64
1618;74
1619;53
1620;63
1621;38
1622;48
1623;15
1624;15
1625;74
1626;72
1627;96
1628;54
1629;62
1630;82
1631;48
1632;15
1633;68
1634;72
1635;24
1636;30
1637;22
1638;65
1639;61
1640;68
1641;84
1642;58
1643;46
1644;36
1645;16
1646;63
1647;70
1648;85
1649;83
1650;52
1651;72
1652;57
1653;53
1654;65
1655;63
1656;45
1657;44
1658;27
1659;0
1660;5
1661;87
1662;64
1663;42
1664;14
1665;11
1666;13
1667;84
1668;48
1669;55
1670;64
1671;44
1672;42
1673;8
1674;9
1675;74
1676;59
1677;51
1678;73
1679;60
1680;66
1681;65
1682;47
1683;62
1684;60
1685;78
1686;20
1687;64
1688;25
1689;78
1690;24
1691;83
1692;58
1693;89
1694;31
1695;23
1696;80
1697;33
1698;33
1699;3
1700;15
1701;40
1702;95
1703;76
1704;30
1705;75
1706;66
1707;67
1708;67
1709;54
1710;34
1711;39
1712;23
1713;24
1714;44
1715;21
1716;75
1717;53
1718;34
1719;43
1720;14
1721;51
1722;29
1723;30
1724;16
1725;19
1726;87
1727;50
1728;61
1729;6
1730;16
1731;15
1732;42
1733;47
1734;57
1735;58
1736;66
1737;72
1738;22
1739;63
1740;24
1741;36
1742;21
1743;1
1744;29
1745;19
1746;5
1747;4
1748;82
1749;66
1750;52
1751;84
1752;34
1753;20
1754;1
1755;18
1756;0
1757;22
1758;38
1759;49
1760;29
1761;27
1762;38
1763;18
1764;11
1765;11
1766;33
1767;63
1768;20
1769;52
1770;66
1771;41
1772;44
1773;30
1774;1
1775;0
1776;1
1777;65
1778;53
1779;61
1780;85
1781;70
1782;72
1783;53
1784;59
1785;12
1786;8
1787;64
1788;64
1789;35
1790;62
1791;42
1792;5
1793;63
1794;73
1795;85
1796;29
1797;86
1798;28
1799;45
1800;18
1801;8
1802;52
1803;49
1804;80
1805;49
1806;46
1807;18
1808;54
1809;71
1810;74
1811;49
1812;44
1813;57
1814;56
1815;15
1816;18
1817;17
1818;39
1819;52
1820;66
1821;19
1822;69
1823;56
1824;79
1825;33
1826;28
1827;1
1828;8
1829;69
1830;82
1831;69
1832;59
1833;54
1834;88
1835;87
1836;60
1837;48
1838;21
1839;47
1840;5
1841;1
1842;5
1843;19
1844;76
1845;50
1846;56
1847;87
1848;49
1849;72
1850;64
1851;80
1852;39
1853;30
1854;17
1855;16
1856;15
1857;18
1858;20
1859;75
1860;25
1861;63
1862;20
1863;68
1864;36
1865;8
1866;10
1867;20
1868;52
1869;46
1870;59
1871;73
1872;22
1873;83
1874;41
1875;49
1876;17
1877;13
1878;48
1879;66
1880;45
1881;84
1882;76
1883;28
1884;76
1885;49
1886;33
1887;42
1888;14
1889;2
1890;33
1891;33
1892;10
1893;12
1894;84
1895;55
1896;56
1897;20
1898;45
1899;28
1900;79
1901;56
1902;73
1903;72
1904;44
1905;36
1906;11
1907;6
1908;10
1909;52
1910;50
1911;58
1912;13
1913;53
1914;58
1915;63
1916;49
1917;6
1918;43
1919;35
1920;17
1921;16
1922;24
1923;84
1924;55
1925;25
1926;54
1927;80
1928;22
1929;25
1930;30
1931;53
1932;53
1933;41
1934;7
1935;17
1936;82
1937;74
1938;29
1939;85
1940;57
1941;53
1942;52
1943;48
1944;22
1945;76
1946;83
1947;54
1948;59
1949;79
1950;51
1951;42
1952;51
1953;82
1954;63
1955;69
1956;67
1957;50
1958;47
1959;16
1960;48
1961;51
1962;27
1963;51
1964;80
1965;62
1966;60
1967;61
1968;73
1969;47
1970;50
1971;8
1972;13
1973;32
1974;34
1975;16
1976;3
1977;15
1978;5
1979;34
1980;71
1981;84
1982;76
1983;64
1984;62
1985;32
1986;46
1987;18
1988;4
1989;85
1990;56
1991;66
1992;47
1993;64
1994;68
1995;59
1996;89
1997;42
1998;54
1999;7
2000;52
2001;24
2002;51
2003;22
2004;57
2005;25
2006;67
2007;45
2008;50
2009;8
2010;18
2011;18
2012;32
2013;5
2014;5
2015;16
2016;52
2017;55
2018;48
2019;24
2020;45
2021;38
2022;84
2023;83
2024;56
2025;75
2026;81
2027;57
2028;53
2029;25
2030;43
2031;21
2032;64
2033;27
2034;25
2035;79
2036;63
2037;50
2038;26
2039;13
2040;28
2041;72
2042;51
2043;95
2044;69
2045;33
2046;79
2047;73
2048;73
2049;84
2050;84
2051;45
2052;24
2053;57
2054;47
2055;31
2056;87
2057;31
2058;73
2059;23
2060;58
2061;64
2062;48
2063;44
2064;16
2065;13
2066;19
2067;53
2068;70
2069;46
2070;73
2071;56
2072;49
2073;34
2074;2
2075;60
2076;67
2077;67
2078;58
2079;83
2080;21
2081;53
2082;51
2083;44
2084;14
2085;7
2086;12
2087;76
2088;87
2089;62
2090;57
2091;20
2092;63
2093;56
2094;9
2095;64
2096;69
2097;66
2098;39
2099;33
2100;27
2101;17
2102;65
2103;75
2104;66
2105;72
2106;67
2107;43
2108;64
2109;50
2110;44
2111;59
2112;38
2113;38
2114;13
2115;3
2116;52
2117;76
2118;67
2119;69
2120;85
2121;69
2122;79
2123;87
2124;25
2125;69
2126;60
2127;52
2128;18
2129;7
2130;41
2131;26
2132;30
2133;4
2134;3
2135;0
2136;70
2137;52
2138;25
2139;80
2140;78
2141;72
2142;47
2143;24
2144;3
2145;16
2146;64
2147;31
2148;60
2149;59
2150;89
2151;51
2152;58
2153;73
2154;54
2155;56
2156;24
2157;58
2158;50
2159;92
2160;65
2161;62
2162;18
2163;10
2164;82
2165;72
2166;69
2167;20
2168;69
2169;37
2170;45
2171;36
2172;10
2173;7
2174;24
2175;19
2176;23
2177;48
2178;21
2179;32
2180;59
2181;52
2182;56
2183;44
2184;67
2185;31
2186;19
2187;20
2188;4
2189;2
2190;65
2191;54
2192;60
2193;54
2194;75
2195;78
2196;48
2197;30
2198;18
2199;10
2200;53
2201;17
2202;40
2203;59
2204;51
2205;66
2206;69
2207;52
2208;45
2209;40
2210;18
2211;15
2212;88
2213;29
2214;47
2215;11
2216;52
2217;46
2218;10
2219;14
2220;19
2221;31
2222;4
2223;2
2224;26
2225;70
2226;56
2227;78
2228;63
2229;74
2230;59
2231;58
2232;16
2233;32
2234;12
2235;10
2236;69
2237;66
2238;76
2239;25
2240;58
2241;22
2242;67
2243;75
2244;38
2245;53
2246;55
2247;29
2248;65
2249;77
2250;69
2251;46
2252;54
2253;16
2254;16
2255;53
2256;77
2257;48
2258;77
2259;65
2260;52
2261;88
2262;81
2263;52
2264;46
2265;76
2266;60
2267;81
2268;71
2269;66
2270;56
2271;42
2272;35
2273;8
2274;3
2275;55
2276;8
2277;15
2278;43
2279;28
2280;5
2281;1
2282;15
2283;50
2284;6
2285;71
2286;91
2287;72
2288;59
2289;65
2290;22
2291;41
2292;39
2293;18
2294;3
2295;32
2296;51
2297;25
2298;59
2299;60
2300;12
2301;18
2302;33
2303;46
2304;9
2305;19
2306;70
2307;53
2308;85
2309;75
2310;71
2311;52
2312;78
2313;39
2314;46
2315;6
2316;54
2317;72
2318;46
2319;54
2320;50
2321;80
2322;55
2323;69
2324;48
2325;64
2326;92
2327;59
2328;54
2329;19
2330;63
2331;20
2332;32
2333;66
2334;76
2335;46
2336;74
2337;30
2338;30
2339;1
2340;3
2341;5
2342;43
2343;20
2344;19
2345;88
2346;70
2347;78
2348;49
2349;82
2350;52
2351;69
2352;56
2353;22
2354;65
2355;47
2356;50
2357;27
2358;35
2359;13
2360;16
2361;49
2362;33
2363;7
2364;69
2365;75
2366;51
2367;87
2368;21
2369;38
2370;4
2371;3
2372;29
2373;72
2374;46
2375;46
2376;79
2377;37
2378;23
2379;79
2380;23
2381;34
2382;13
2383;53
2384;45
2385;8
2386;10
2387;10
2388;46
2389;75
2390;58
2391;59
2392;63
2393;59
2394;34
2395;9
2396;8
2397;7
2398;74
2399;31
2400;2
2401;2
2402;1
2403;45
2404;76
2405;30
2406;61
2407;69
2408;76
2409;84
2410;50
2411;74
2412;44
2413;67
2414;20
2415;69
2416;49
2417;60
2418;74
2419;20
2420;28
2421;29
2422;6
2423;20
2424;39
2425;5
2426;54
2427;32
2428;56
2429;31
2430;13
2431;24
2432;47
2433;49
2434;0
2435;3
2436;65
2437;80
2438;23
2439;11
2440;4
2441;65
2442;56
2443;84
2444;58
2445;83
2446;94
2447;69
2448;73
2449;85
2450;56
2451;27
2452;64
2453;65
2454;91
2455;41
2456;33
2457;1
2458;11
2459;68
2460;60
2461;37
2462;22
2463;29
2464;40
2465;12
2466;82
2467;69
2468;43
2469;45
2470;12
2471;92
2472;22
2473;24
2474;72
2475;78
2476;25
2477;35
2478;19
2479;19
2480;31
2481;74
2482;86
2483;51
2484;46
2485;42
2486;48
2487;68
2488;51
2489;83
2490;55
2491;30
2492;51
2493;50
2494;14
2495;11
2496;60
2497;28
2498;90
2499;57
2500;79
2501;68
2502;81
2503;59
2504;30
2505;25
2506;65
2507;22
2508;58
2509;69
2510;46
2511;48
2512;38
2513;63
2514;46
2515;32
2516;7
2517;49
2518;38
2519;44
2520;77
2521;42
2522;50
2523;66
2524;20
2525;23
2526;30
2527;14
2528;16
2529;3
2530;67
2531;73
2532;39
2533;64
2534;8
2535;49
2536;63
2537;50
2538;13
2539;18
2540;23
2541;85
2542;24
2543;23
2544;35
2545;21
2546;19
2547;62
2548;39
2549;34
2550;8
2551;11
2552;60
2553;61
2554;44
2555;81
2556;70
2557;75
2558;31
2559;92
2560;25
2561;23
2562;91
2563;69
2564;49
2565;0
2566;4
2567;32
2568;47
2569;15
2570;12
2571;8
2572;18
2573;79
2574;33
2575;86
2576;24
2577;62
2578;80
2579;67
2580;84
2581;45
2582;40
2583;0
2584;69
2585;20
2586;60
2587;49
2588;13
2589;14
2590;72
2591;51
2592;26
2593;85
2594;25
2595;63
2596;29
2597;62
2598;48
2599;36
2600;41
2601;66
2602;75
2603;20
2604;66
2605;64
2606;62
2607;50
2608;51
2609;18
2610;73
2611;72
2612;72
2613;44
2614;72
2615;58
2616;63
2617;85
2618;56
2619;52
2620;64
2621;12
2622;34
2623;31
2624;44
2625;8
2626;13
2627;15
2628;10
2629;70
2630;53
2631;27
2632;59
2633;29
2634;39
2635;1
2636;18
2637;13
2638;5
2639;21
2640;60
2641;34
2642;73
2643;24
2644;25
2645;57
2646;39
2647;70
2648;67
2649;41
2650;74
2651;59
2652;56
2653;48
2654;84
2655;39
2656;56
2657;12
2658;13
2659;59
2660;85
2661;61
2662;78
2663;22
2664;33
2665;8
2666;0
2667;67
2668;72
2669;42
2670;46
2671;2
2672;5
2673;5
2674;60
2675;37
2676;12
2677;12
2678;6
2679;54
2680;59
2681;42
2682;14
2683;13
2684;42
2685;42
2686;14
2687;28
2688;56
2689;31
2690;33
2691;13
2692;13
2693;12
2694;9
2695;37
2696;55
2697;55
2698;76
2699;77
2700;71
2701;26
2702;47
2703;30
2704;4
2705;34
2706;3
2707;0
2708;74
2709;74
2710;88
2711;90
2712;52
2713;67
2714;41
2715;45
2716;3
2717;1
2718;60
2719;27
2720;63
2721;12
2722;12
2723;63
2724;66
2725;47
2726;34
2727;47
2728;23
2729;35
2730;63
2731;18
2732;15
2733;15
2734;88
2735;47
2736;57
2737;46
2738;67
2739;91
2740;60
2741;72
2742;66
2743;58
2744;60
2745;56
2746;34
2747;72
2748;75
2749;53
2750;63
2751;13
2752;43
2753;61
2754;75
2755;25
2756;42
2757;33
2758;63
2759;18
2760;13
2761;41
2762;52
2763;47
2764;36
2765;49
2766;27
2767;47
2768;2
2769;5
2770;4
2771;42
2772;80
2773;81
2774;51
2775;28
2776;18
2777;51
2778;94
2779;55
2780;46
2781;20
2782;76
2783;32
2784;74
2785;31
2786;59
2787;22
2788;57
2789;68
2790;35
2791;29
2792;15
2793;0
2794;59
2795;83
2796;52
2797;33
2798;52
2799;17
2800;13
2801;44
2802;59
2803;60
2804;73
2805;25
2806;61
2807;30
2808;63
2809;15
2810;12
2811;47
2812;54
2813;74
2814;33
2815;37
2816;26
2817;4
2818;5
2819;82
2820;57
2821;78
2822;76
2823;56
2824;23
2825;88
2826;25
2827;65
2828;78
2829;69
2830;22
2831;27
2832;25
2833;2
2834;3
2835;62
2836;69
2837;69
2838;22
2839;38
2840;65
2841;41
2842;50
2843;81
2844;61
2845;90
2846;48
2847;71
2848;41
2849;92
2850;27
2851;45
2852;20
2853;1
2854;9
2855;1
2856;34
2857;3
2858;4
2859;49
2860;21
2861;3
2862;18
2863;60
2864;54
2865;53
2866;17
2867;29
2868;88
2869;31
2870;57
2871;62
2872;45
2873;16
2874;18
2875;85
2876;88
2877;44
2878;45
2879;3
2880;30
2881;71
2882;62
2883;75
2884;70
2885;67
2886;49
2887;83
2888;76
2889;51
2890;85
2891;21
2892;43
2893;41
2894;27
2895;48
2896;53
2897;69
2898;69
2899;34
2900;25
2901;48
2902;22
2903;40
2904;20
2905;70
2906;32
2907;51
2908;64
2909;41
2910;70
2911;57
2912;60
2913;84
2914;40
2915;56
2916;17
2917;51
2918;37
2919;78
2920;25
2921;84
2922;75
2923;69
2924;79
2925;64
2926;85
2927;25
2928;23
2929;67
2930;46
2931;47
2932;16
2933;35
2934;48
2935;6
2936;16
2937;73
2938;43
2939;72
2940;83
2941;49
2942;61
2943;60
2944;66
2945;47
2946;56
2947;11
2948;42
2949;21
2950;21
2951;20
2952;26
2953;51
2954;49
2955;48
2956;28
2957;38
2958;1
2959;5
2960;83
2961;56
2962;79
2963;32
2964;46
2965;16
2966;7
2967;32
2968;34
2969;18
2970;17
2971;8
2972;52
2973;62
2974;51
2975;48
2976;39
2977;42
2978;13
2979;15
2980;15
2981;32
2982;29
2983;14
2984;14
2985;74
2986;45
2987;26
2988;51
2989;29
2990;76
2991;68
2992;73
2993;62
2994;56
2995;56
2996;62
2997;74
2998;54
2999;83
3000;55
3001;43
3002;43
3003;57
3004;13
3005;15
3006;9
3007;40
3008;52
3009;14
3010;12
3011;55
3012;51
3013;6
3014;81
3015;67
3016;58
3017;77
3018;22
3019;24
3020;80
3021;29
3022;48
3023;43
3024;4
3025;0
3026;59
3027;75
3028;55
3029;69
3030;28
3031;54
3032;73
3033;49
3034;30
3035;26
3036;19
3037;81
3038;65
3039;52
3040;65
3041;54
3042;75
3043;19
3044;33
3045;4
3046;6
3047;81
3048;66
3049;40
3050;42
3051;48
3052;9
3053;12
3054;23
3055;42
3056;37
3057;80
3058;72
3059;67
3060;52
3061;69
3062;23
3063;26
3064;30
3065;47
3066;7
3067;18
3068;45
3069;33
3070;4
3071;3
3072;52
3073;81
3074;81
3075;77
3076;20
3077;67
3078;56
3079;82
3080;51
3081;32
3082;77
3083;23
3084;31
3085;13
3086;77
3087;49
3088;68
3089;87
3090;82
3091;30
3092;95
3093;91
3094;87
3095;30
3096;20
3097;5
3098;4
3099;52
3100;87
3101;69
3102;32
3103;74
3104;63
3105;63
3106;30
3107;14
3108;18
3109;83
3110;29
3111;28
3112;82
3113;51
3114;85
3115;87
3116;43
3117;56
3118;18
3119;15
3120;49
3121;14
3122;70
3123;23
3124;25
3125;43
3126;45
3127;2
3128;50
3129;49
3130;15
3131;14
3132;62
3133;67
3134;57
3135;55
3136;67
3137;47
3138;85
3139;78
3140;85
3141;27
3142;28
3143;65
3144;69
3145;46
3146;6
3147;10
3148;53
3149;50
3150;10
3151;69
3152;30
3153;52
3154;9
3155;11
3156;10
3157;55
3158;51
3159;21
3160;43
3161;33
3162;8
3163;8
3164;11
3165;15
3166;42
3167;28
3168;5
3169;3
3170;15
3171;33
3172;55
3173;61
3174;11
3175;15
3176;71
3177;56
3178;50
3179;19
3180;73
3181;60
3182;25
3183;54
3184;22
3185;44
3186;34
3187;67
3188;56
3189;78
3190;19
3191;20
3192;69
3193;64
3194;45
3195;35
3196;5
3197;65
3198;28
3199;48
3200;16
3201;8
3202;71
3203;22
3204;25
3205;16
3206;8
3207;49
3208;13
3209;74
3210;81
3211;56
3212;72
3213;75
3214;64
3215;81
3216;19
3217;77
3218;44
3219;36
3220;11
3221;17
3222;63
3223;21
3224;24
3225;23
3226;48
3227;25
3228;30
3229;24
3230;21
3231;24
3232;47
3233;61
3234;12
3235;49
3236;42
3237;17
3238;14
3239;14
3240;44
3241;24
3242;53
3243;80
3244;49
3245;55
3246;76
3247;43
3248;3
3249;54
3250;78
3251;85
3252;65
3253;42
3254;62
3255;24
3256;56
3257;64
3258;24
3259;37
3260;28
3261;3
3262;0
3263;19
3264;89
3265;33
3266;52
3267;59
3268;27
3269;41
3270;43
3271;1
3272;5
3273;69
3274;68
3275;70
3276;92
3277;47
3278;60
3279;84
3280;50
3281;10
3282;70
3283;68
3284;25
3285;19
3286;68
3287;29
3288;23
3289;12
3290;22
3291;78
3292;46
3293;48
3294;4
3295;44
3296;56
3297;81
3298;34
3299;30
3300;12
3301;16
3302;3
3303;22
3304;69
3305;56
3306;47
3307;59
3308;30
3309;70
3310;24
3311;46
3312;39
3313;0
3314;6
3315;3
3316;13
3317;31
3318;34
3319;3
3320;3
3321;60
3322;24
3323;44
3324;65
3325;66
3326;64
3327;77
3328;19
3329;68
3330;69
3331;58
3332;26
3333;10
3334;73
3335;62
3336;72
3337;49
3338;72
3339;67
3340;56
3341;64
3342;41
3343;19
3344;68
3345;73
3346;42
3347;45
3348;34
3349;12
3350;2
3351;79
3352;78
3353;53
3354;57
3355;63
3356;56
3357;26
3358;40
3359;8
3360;32
3361;61
3362;8
3363;11
3364;39
3365;17
3366;9
3367;55
3368;70
3369;61
3370;86
3371;52
3372;28
3373;24
3374;12
3375;2
3376;63
3377;19
3378;60
3379;21
3380;47
3381;41
3382;1
3383;1
3384;5
3385;41
3386;45
3387;1
3388;12
3389;15
3390;31
3391;57
3392;54
3393;88
3394;43
3395;70
3396;66
3397;33
3398;21
3399;10
3400;17
3401;46
3402;92
3403;49
3404;66
3405;58
3406;27
3407;77
3408;47
3409;19
3410;8
3411;1
3412;70
3413;43
3414;40
3415;67
3416;73
3417;73
3418;44
3419;67
3420;38
3421;10
3422;20
3423;74
3424;74
3425;65
3426;58
3427;53
3428;65
3429;38
3430;49
3431;5
3432;41
3433;55
3434;27
3435;61
3436;57
3437;71
3438;24
3439;80
3440;63
3441;48
3442;41
3443;26
3444;41
3445;52
3446;71
3447;91
3448;72
3449;85
3450;59
3451;46
3452;66
3453;76
3454;55
3455;40
3456;37
3457;0
3458;4
3459;8
3460;76
3461;30
3462;41
3463;65
3464;20
3465;6
3466;4
3467;5
3468;27
3469;45
3470;28
3471;18
3472;13
3473;28
3474;30
3475;4
3476;2
3477;87
3478;46
3479;76
3480;75
3481;36
3482;3
3483;4
3484;60
3485;52
3486;70
3487;46
3488;70
3489;29
3490;61
3491;80
3492;50
3493;46
3494;18
3495;16
3496;25
3497;72
3498;64
3499;58
3500;48
3501;49
3502;55
3503;66
3504;72
3505;56
3506;71
3507;81
3508;32
3509;43
3510;12
3511;17
3512;57
3513;26
3514;40
3515;58
3516;20
3517;28
3518;33
3519;0
3520;3
3521;46
3522;41
3523;6
3524;13
3525;0
3526;87
3527;65
3528;74
3529;70
3530;54
3531;19
3532;49
3533;69
3534;63
3535;28
3536;30
3537;18
3538;10
3539;52
3540;38
3541;42
3542;8
3543;6
3544;56
3545;62
3546;76
3547;65
3548;23
3549;21
3550;49
3551;69
3552;82
3553;62
3554;25
3555;37
3556;25
3557;21
3558;45
3559;24
3560;51
3561;43
3562;15
3563;68
3564;73
3565;51
3566;91
3567;63
3568;43
3569;14
3570;79
3571;72
3572;47
3573;59
3574;54
3575;44
3576;13
3577;14
3578;75
3579;61
3580;62
3581;63
3582;41
3583;43
3584;49
3585;4
3586;18
3587;15
3588;3
3589;73
3590;22
3591;20
3592;27
3593;3
3594;6
3595;40
3596;19
3597;5
3598;64
3599;65
3600;63
3601;85
3602;92
3603;19
3604;59
3605;53
3606;60
3607;10
3608;12
3609;67
3610;19
3611;48
3612;16
3613;26
3614;51
3615;40
3616;47
3617;47
3618;37
3619;25
3620;10
3621;2
3622;5
3623;5
3624;62
3625;46
3626;45
3627;14
3628;3
3629;19
3630;25
3631;58
3632;63
3633;66
3634;74
3635;47
3636;33
3637;0
3638;0
3639;15
3640;69
3641;30
3642;77
3643;19
3644;78
3645;84
3646;24
3647;32
3648;49
3649;34
3650;26
3651;18
3652;13
3653;27
3654;45
3655;16
3656;5
3657;30
3658;29
3659;66
3660;69
3661;46
3662;37
3663;13
3664;0
3665;25
3666;60
3667;46
3668;25
3669;74
3670;77
3671;31
3672;51
3673;66
3674;51
3675;55
3676;8
3677;11
3678;81
3679;81
3680;49
3681;33
3682;2
3683;5
3684;87
3685;66
3686;45
3687;55
3688;77
3689;69
3690;87
3691;39
3692;30
3693;7
3694;62
3695;39
3696;10
3697;16
3698;58
3699;42
3700;70
3701;20
3702;72
3703;64
3704;88
3705;73
3706;81
3707;46
3708;52
3709;21
3710;69
3711;45
3712;24
3713;68
3714;52
3715;76
3716;51
3717;69
3718;50
3719;52
3720;60
3721;72
3722;51
3723;54
3724;85
3725;29
3726;72
3727;74
3728;29
3729;81
3730;24
3731;65
3732;75
3733;56
3734;52
3735;60
3736;38
3737;52
3738;16
3739;6
3740;56
3741;60
3742;88
3743;48
3744;52
3745;55
3746;15
3747;16
3748;52
3749;51
3750;70
3751;72
3752;31
3753;49
3754;63
3755;55
3756;26
3757;6
3758;6
3759;54
3760;66
3761;74
3762;76
3763;82
3764;27
3765;51
3766;36
3767;58
3768;40
3769;37
3770;26
3771;13
3772;14
3773;79
3774;53
3775;64
3776;28
3777;36
3778;25
3779;19
3780;57
3781;55
3782;21
3783;32
3784;30
3785;15
3786;55
3787;65
3788;31
3789;42
3790;3
3791;3
3792;5
3793;83
3794;30
3795;36
3796;41
3797;9
3798;11
3799;47
3800;66
3801;26
3802;24
3803;31
3804;28
3805;0
3806;68
3807;76
3808;38
3809;50
3810;16
3811;9
3812;7
3813;51
3814;76
3815;52
3816;69
3817;67
3818;65
3819;32
3820;62
3821;7
3822;16
3823;32
3824;40
3825;2
3826;35
3827;75
3828;66
3829;58
3830;54
3831;77
3832;49
3833;70
3834;65
3835;29
3836;19
3837;68
3838;31
3839;19
3840;56
3841;33
3842;25
3843;15
3844;3
3845;0
3846;66
3847;88
3848;62
3849;70
3850;54
3851;42
3852;32
3853;14
3854;66
3855;53
3856;71
3857;64
3858;36
3859;41
3860;4
3861;8
3862;29
3863;46
3864;79
3865;59
3866;68
3867;23
3868;67
3869;83
3870;55
3871;48
3872;54
3873;28
3874;15
3875;14
3876;80
3877;30
3878;45
3879;43
3880;11
3881;18
3882;63
3883;18
3884;10
3885;19
3886;52
3887;54
3888;51
3889;67
3890;77
3891;64
3892;22
3893;47
3894;33
3895;11
3896;6
3897;33
3898;62
3899;54
3900;62
3901;52
3902;51
3903;51
3904;64
3905;14
3906;8
3907;16
3908;14
3909;62
3910;24
3911;32
3912;66
3913;46
3914;21
3915;62
3916;59
3917;53
3918;63
3919;67
3920;30
3921;81
3922;60
3923;94
3924;43
3925;32
3926;42
3927;15
3928;8
3929;48
3930;63
3931;26
3932;64
3933;57
3934;81
3935;59
3936;77
3937;82
3938;19
3939;72
3940;70
3941;65
3942;56
3943;62
3944;19
3945;62
3946;57
3947;27
3948;63
3949;52
3950;68
3951;69
3952;86
3953;33
3954;34
3955;12
3956;14
3957;76
3958;63
3959;27
3960;21
3961;58
3962;27
3963;23
3964;79
3965;62
3966;66
3967;83
3968;35
3969;43
3970;53
3971;52
3972;48
3973;49
3974;70
3975;25
3976;30
3977;1
3978;3
3979;72
3980;56
3981;52
3982;22
3983;82
3984;62
3985;32
3986;52
3987;53
3988;69
3989;66
3990;23
3991;84
3992;50
3993;65
3994;81
3995;50
3996;66
3997;22
3998;22
3999;25
4000;20
4001;60
4002;71
4003;85
4004;64
4005;49
4006;19
4007;66
4008;62
4009;20
4010;23
4011;51
4012;75
4013;32
4014;27
4015;3
4016;0
4017;83
4018;46
4019;17
4020;81
4021;79
4022;89
4023;42
4024;29
4025;0
4026;4
4027;0
4028;30
4029;63
4030;16
4031;15
4032;59
4033;53
4034;49
4035;20
4036;43
4037;59
4038;24
4039;56
4040;37
4041;6
4042;18
4043;59
4044;33
4045;73
4046;60
4047;61
4048;39
4049;50
4050;86
4051;41
4052;20
4053;24
4054;56
4055;57
4056;46
4057;52
4058;11
4059;7
4060;56
4061;19
4062;66
4063;65
4064;24
4065;47
4066;88
4067;61
4068;70
4069;21
4070;59
4071;52
4072;27
4073;46
4074;10
4075;7
4076;54
4077;68
4078;42
4079;58
4080;70
4081;31
4082;36
4083;18
4084;73
4085;44
4086;29
4087;82
4088;49
4089;54
4090;63
4091;28
4092;26
4093;85
4094;50
4095;69
4096;82
4097;23
4098;43
4099;2
4100;3
4101;5
4102;74
4103;66
4104;32
4105;45
4106;53
4107;20
4108;37
4109;47
4110;8
4111;11
4112;90
4113;48
4114;45
4115;24
4116;20
4117;7
4118;7
4119;77
4120;23
4121;68
4122;24
4123;21
4124;66
4125;47
4126;25
4127;0
4128;60
4129;44
4130;24
4131;11
4132;15
4133;30
4134;69
4135;59
4136;84
4137;83
4138;65
4139;83
4140;69
4141;54
4142;53
4143;76
4144;38
4145;53
4146;73
4147;71
4148;60
4149;66
4150;63
4151;65
4152;60
4153;52
4154;58
4155;7
4156;6
4157;38
4158;46
4159;60
4160;11
4161;16
4162;6
4163;14
4164;66
4165;72
4166;23
4167;52
4168;51
4169;76
4170;68
4171;60
4172;51
4173;21
4174;24
4175;21
4176;62
4177;51
4178;57
4179;48
4180;30
4181;8
4182;18
4183;82
4184;77
4185;56
4186;67
4187;63
4188;89
4189;49
4190;82
4191;50
4192;72
4193;75
4194;83
4195;75
4196;63
4197;29
4198;32
4199;1
4200;1
4201;47
4202;74
4203;79
4204;41
4205;64
4206;23
4207;54
4208;23
4209;21
4210;25
4211;74
4212;25
4213;5
4214;4
4215;31
4216;13
4217;12
4218;43
4219;20
4220;26
4221;57
4222;67
4223;31
4224;20
4225;5
4226;56
4227;23
4228;81
4229;46
4230;62
4231;59
4232;58
4233;60
4234;53
4235;71
4236;57
4237;76
4238;49
4239;65
4240;56
4241;31
4242;10
4243;16
4244;56
4245;39
4246;11
4247;15
4248;33
4249;58
4250;48
4251;59
4252;92
4253;76
4254;20
4255;68
4256;101
4257;20
4258;20
4259;54
4260;27
4261;61
4262;7
4263;14
4264;15
4265;30
4266;32
4267;0
4268;12
4269;0
4270;41
4271;61
4272;55
4273;57
4274;63
4275;44
4276;64
4277;61
4278;48
4279;43
4280;50
4281;66
4282;47
4283;49
4284;72
4285;56
4286;51
4287;44
4288;12
4289;14
4290;15
4291;40
4292;88
4293;24
4294;28
4295;27
4296;16
4297;18
4298;72
4299;58
4300;80
4301;56
4302;59
4303;23
4304;24
4305;31
4306;22
4307;80
4308;77
4309;74
4310;56
4311;30
4312;15
4313;42
4314;68
4315;22
4316;28
4317;70
4318;62
4319;47
4320;17
4321;20
4322;22
4323;2
4324;15
4325;33
4326;46
4327;10
4328;16
4329;63
4330;27
4331;64
4332;65
4333;31
4334;61
4335;62
4336;67
4337;72
4338;48
4339;40
4340;5
4341;59
4342;55
4343;44
4344;17
4345;32
4346;66
4347;78
4348;77
4349;57
4350;80
4351;30
4352;35
4353;14
4354;7
4355;13
4356;55
4357;24
4358;22
4359;55
4360;55
4361;53
4362;70
4363;81
4364;85
4365;45
4366;61
4367;40
4368;66
4369;72
4370;64
4371;67
4372;77
4373;32
4374;71
4375;69
4376;40
4377;33
4378;9
4379;10
4380;68
4381;19
4382;47
4383;5
4384;4
4385;22
4386;45
4387;46
4388;51
4389;19
4390;32
4391;38
4392;14
4393;11
4394;11
4395;50
4396;33
4397;12
4398;12
4399;52
4400;20
4401;32
4402;55
4403;24
4404;19
4405;67
4406;51
4407;32
4408;28
4409;83
4410;53
4411;68
4412;75
4413;83
4414;59
4415;25
4416;73
4417;30
4418;48
4419;19
4420;54
4421;79
4422;50
4423;56
4424;40
4425;61
4426;60
4427;8
4428;33
4429;35
4430;3
4431;3
4432;43
4433;64
4434;65
4435;29
4436;47
4437;31
4438;8
4439;18
4440;13
4441;31
4442;49
4443;18
4444;26
4445;31
4446;13
4447;8
4448;73
4449;69
4450;37
4451;29
4452;0
4453;2
4454;51
4455;63
4456;47
4457;23
4458;58
4459;58
4460;25
4461;72
4462;57
4463;40
4464;17
4465;14
4466;21
4467;43
4468;50
4469;15
4470;6
4471;23
4472;22
4473;23
4474;20
4475;60
4476;57
4477;65
4478;58
4479;69
4480;55
4481;42
4482;33
4483;14
4484;12
4485;12
4486;39
4487;65
4488;77
4489;76
4490;66
4491;39
4492;79
4493;82
4494;51
4495;69
4496;73
4497;78
4498;33
4499;25
4500;17
4501;22
4502;32
4503;24
4504;67
4505;80
4506;52
4507;55
4508;60
4509;45
4510;47
4511;15
4512;17
4513;51
4514;11
4515;43
4516;54
4517;61
4518;55
4519;47
4520;47
4521;74
4522;52
4523;19
4524;78
4525;95
4526;47
4527;87
4528;45
4529;56
4530;34
4531;16
4532;14
4533;56
4534;54
4535;35
4536;35
4537;37
4538;8
4539;40
4540;68
4541;40
4542;41
4543;15
4544;12
4545;14
4546;43
4547;55
4548;23
4549;33
4550;19
4551;61
4552;50
4553;38
4554;44
4555;59
4556;71
4557;64
4558;45
4559;53
4560;29
4561;53
4562;50
4563;9
4564;13
4565;62
4566;55
4567;7
4568;11
4569;57
4570;51
4571;66
4572;76
4573;80
4574;78
4575;70
4576;56
4577;69
4578;37
4579;27
4580;15
4581;16
4582;49
4583;35
4584;17
4585;10
4586;60
4587;26
4588;59
4589;18
4590;63
4591;63
4592;34
4593;47
4594;59
4595;14
4596;6
4597;61
4598;74
4599;56
4600;46
4601;69
4602;84
4603;53
4604;24
4605;72
4606;25
4607;24
4608;25
4609;46
4610;61
4611;18
4612;64
4613;69
4614;23
4615;48
4616;43
4617;17
4618;64
4619;74
4620;70
4621;54
4622;45
4623;63
4624;66
4625;50
4626;39
4627;46
4628;34
4629;10
4630;86
4631;65
4632;63
4633;61
4634;72
4635;30
4636;60
4637;15
4638;10
4639;50
4640;69
4641;45
4642;30
4643;15
4644;77
4645;61
4646;48
4647;46
4648;16
4649;2
4650;30
4651;1
4652;1
4653;57
4654;47
4655;11
4656;9
4657;42
4658;34
4659;17
4660;1
4661;49
4662;23
4663;33
4664;45
4665;30
4666;30
4667;9
4668;9
4669;47
4670;86
4671;73
4672;60
4673;51
4674;33
4675;57
4676;11
4677;12
4678;95
4679;64
4680;56
4681;77
4682;75
4683;83
4684;73
4685;77
4686;67
4687;59
4688;47
4689;30
4690;3
4691;93
4692;38
4693;22
4694;22
4695;23
4696;22
4697;41
4698;67
4699;72
4700;40
4701;43
4702;12
4703;1
4704;54
4705;51
4706;64
4707;18
4708;16
4709;42
4710;38
4711;1
4712;18
4713;30
4714;70
4715;39
4716;41
4717;10
4718;17
4719;87
4720;38
4721;59
4722;64
4723;80
4724;23
4725;83
4726;81
4727;48
4728;58
4729;19
4730;63
4731;87
4732;47
4733;29
4734;11
4735;37
4736;3
4737;1
4738;64
4739;77
4740;42
4741;36
4742;33
4743;11
4744;60
4745;83
4746;73
4747;78
4748;89
4749;49
4750;65
4751;60
4752;29
4753;61
4754;15
4755;9
4756;44
4757;56
4758;10
4759;14
4760;77
4761;47
4762;43
4763;22
4764;0
4765;5
4766;53
4767;32
4768;47
4769;5
4770;17
4771;20
4772;58
4773;31
4774;50
4775;67
4776;63
4777;38
4778;6
4779;28
4780;68
4781;63
4782;56
4783;49
4784;58
4785;74
4786;63
4787;34
4788;48
4789;4
4790;16
4791;79
4792;49
4793;26
4794;7
4795;5
4796;2
4797;2
4798;44
4799;48
4800;76
4801;77
4802;56
4803;39
4804;30
4805;42
4806;17
4807;1
4808;42
4809;46
4810;0
4811;2
4812;57
4813;94
4814;49
4815;67
4816;56
4817;39
4818;46
4819;36
4820;62
4821;62
4822;40
4823;24
4824;58
4825;38
4826;32
4827;14
4828;3
4829;52
4830;60
4831;90
4832;22
4833;39
4834;4
4835;2
4836;4
4837;67
4838;77
4839;52
4840;76
4841;40
4842;46
4843;18
4844;70
4845;83
4846;61
4847;48
4848;50
4849;76
4850;29
4851;47
4852;22
4853;68
4854;64
4855;79
4856;76
4857;85
4858;70
4859;66
4860;87
4861;39
4862;51
4863;28
4864;45
4865;5
4866;18
4867;69
4868;47
4869;49
4870;72
4871;31
4872;63
4873;15
4874;15
4875;53
4876;52
4877;16
4878;11
4879;78
4880;67
4881;65
4882;88
4883;31
4884;70
4885;20
4886;26
4887;1
4888;5
4889;81
4890;52
4891;59
4892;73
4893;59
4894;68
4895;30
4896;30
4897;74
4898;63
4899;43
4900;54
4901;53
4902;87
4903;70
4904;22
4905;85
4906;80
4907;45
4908;59
4909;45
4910;64
4911;12
4912;16
4913;28
4914;53
4915;85
4916;69
4917;30
4918;29
4919;17
4920;3
4921;14
4922;3
4923;76
4924;67
4925;57
4926;69
4927;82
4928;81
4929;63
4930;56
4931;10
4932;17
4933;47
4934;50
4935;31
4936;11
4937;15
4938;26
4939;8
4940;15
4941;77
4942;60
4943;55
4944;7
4945;10
4946;14
4947;76
4948;68
4949;55
4950;41
4951;56
4952;17
4953;14
4954;29
4955;46
4956;76
4957;34
4958;46
4959;45
4960;3
4961;10
4962;22
4963;72
4964;57
4965;87
4966;21
4967;84
4968;79
4969;63
4970;49
4971;23
4972;58
4973;34
4974;91
4975;43
4976;65
4977;28
4978;61
4979;84
4980;65
4981;58
4982;53
4983;69
4984;24
