1;59
2;70
3;64
4;71
5;64
6;41
7;18
8;44
9;31
10;18
11;41
12;39
13;6
14;11
15;18
16;75
17;76
18;68
19;55
20;72
21;69
22;25
23;56
24;51
25;48
26;41
27;53
28;60
29;52
30;28
31;9
32;11
33;24
34;20
35;83
36;47
37;38
38;6
39;15
40;45
41;31
42;30
43;6
44;13
45;6
46;67
47;78
48;48
49;6
50;17
51;53
52;63
53;34
54;26
55;45
56;36
57;4
58;17
59;47
60;24
61;39
62;4
63;28
64;63
65;44
66;36
67;12
68;4
69;53
70;31
71;15
72;64
73;64
74;41
75;24
76;17
77;0
78;34
79;31
80;18
81;3
82;52
83;39
84;13
85;12
86;60
87;37
88;19
89;76
90;71
91;70
92;68
93;60
94;60
95;60
96;33
97;58
98;64
99;66
100;42
101;63
102;11
103;24
104;33
105;5
106;5
107;74
108;26
109;81
110;46
111;30
112;8
113;9
114;15
115;91
116;51
117;59
118;13
119;6
120;39
121;36
122;12
123;17
124;77
125;73
126;63
127;50
128;36
129;45
130;42
131;15
132;15
133;33
134;41
135;3
136;8
137;8
138;57
139;64
140;26
141;61
142;58
143;65
144;44
145;48
146;18
147;62
148;49
149;52
150;36
151;42
152;28
153;3
154;9
155;17
156;35
157;30
158;37
159;9
160;2
161;51
162;49
163;28
164;47
165;61
166;78
167;45
168;42
169;40
170;50
171;10
172;10
173;70
174;19
175;56
176;23
177;25
178;24
179;69
180;52
181;30
182;52
183;48
184;37
185;8
186;12
187;42
188;35
189;10
190;13
191;16
192;69
193;42
194;38
195;14
196;8
197;17
198;12
199;52
200;51
201;40
202;62
203;52
204;51
205;33
206;32
207;22
208;44
209;22
210;72
211;36
212;36
213;7
214;6
215;32
216;43
217;5
218;80
219;36
220;23
221;60
222;85
223;37
224;90
225;41
226;5
227;5
228;58
229;50
230;18
231;12
232;36
233;5
234;13
235;21
236;26
237;4
238;42
239;69
240;32
241;52
242;51
243;22
244;24
245;56
246;66
247;53
248;51
249;6
250;34
251;31
252;13
253;8
254;81
255;20
256;61
257;25
258;33
259;45
260;36
261;13
262;15
263;66
264;32
265;35
266;36
267;3
268;63
269;85
270;48
271;58
272;64
273;83
274;54
275;56
276;30
277;31
278;26
279;3
280;15
281;32
282;62
283;36
284;63
285;18
286;9
287;34
288;35
289;6
290;10
291;9
292;58
293;22
294;57
295;34
296;71
297;62
298;11
299;16
300;38
301;43
302;1
303;2
304;20
305;58
306;63
307;53
308;39
309;16
310;12
311;73
312;52
313;31
314;37
315;43
316;0
317;55
318;40
319;18
320;7
321;64
322;75
323;25
324;70
325;78
326;53
327;59
328;75
329;47
330;52
331;57
332;13
333;13
334;32
335;51
336;32
337;81
338;62
339;46
340;34
341;8
342;8
343;35
344;37
345;13
346;0
347;3
348;37
349;29
350;36
351;6
352;13
353;36
354;47
355;8
356;11
357;22
358;20
359;20
360;62
361;59
362;30
363;42
364;47
365;5
366;5
367;89
368;56
369;73
370;67
371;54
372;43
373;10
374;9
375;14
376;56
377;62
378;7
379;13
380;28
381;59
382;80
383;26
384;40
385;61
386;34
387;42
388;1
389;0
390;37
391;49
392;0
393;0
394;58
395;48
396;18
397;6
398;48
399;55
400;86
401;20
402;63
403;69
404;73
405;72
406;75
407;63
408;28
409;46
410;16
411;3
412;32
413;29
414;1
415;12
416;63
417;52
418;8
419;41
420;27
421;2
422;60
423;52
424;60
425;57
426;35
427;27
428;8
429;17
430;76
431;24
432;37
433;42
434;42
435;47
436;51
437;17
438;14
439;67
440;23
441;38
442;22
443;60
444;33
445;72
446;64
447;42
448;29
449;69
450;34
451;34
452;17
453;6
454;47
455;33
456;6
457;10
458;38
459;49
460;13
461;4
462;16
463;70
464;73
465;70
466;61
467;34
468;94
469;45
470;47
471;40
472;47
473;51
474;76
475;21
476;2
477;17
478;28
479;29
480;13
481;1
482;3
483;8
484;73
485;82
486;31
487;42
488;0
489;5
490;83
491;63
492;39
493;40
494;46
495;4
496;3
497;50
498;51
499;33
500;42
501;4
502;34
503;21
504;59
505;55
506;45
507;7
508;6
509;38
510;48
511;23
512;12
513;0
514;52
515;26
516;8
517;11
518;7
519;63
520;41
521;19
522;32
523;4
524;49
525;49
526;2
527;17
528;32
529;38
530;38
531;58
532;61
533;13
534;18
535;48
536;38
537;14
538;18
539;70
540;52
541;57
542;47
543;36
544;13
545;15
546;20
547;30
548;2
549;17
550;15
551;53
552;77
553;34
554;28
555;4
556;4
557;69
558;52
559;64
560;6
561;69
562;38
563;35
564;33
565;73
566;61
567;71
568;55
569;41
570;40
571;1
572;6
573;71
574;82
575;51
576;34
577;30
578;47
579;3
580;4
581;57
582;25
583;54
584;61
585;64
586;42
587;33
588;12
589;12
590;36
591;58
592;18
593;18
594;7
595;22
596;57
597;31
598;74
599;75
600;59
601;43
602;19
603;9
604;4
605;19
606;53
607;10
608;10
609;74
610;36
611;34
612;8
613;2
614;3
615;66
616;53
617;76
618;40
619;28
620;1
621;9
622;29
623;48
624;6
625;17
626;13
627;53
628;48
629;15
630;15
631;85
632;53
633;62
634;56
635;51
636;82
637;34
638;56
639;53
640;66
641;65
642;29
643;29
644;20
645;63
646;49
647;9
648;11
649;59
650;40
651;23
652;2
653;17
654;5
655;34
656;60
657;11
658;8
659;42
660;45
661;5
662;16
663;80
664;68
665;34
666;11
667;61
668;31
669;70
670;59
671;43
672;58
673;38
674;22
675;45
676;1
677;4
678;55
679;7
680;29
681;69
682;55
683;55
684;62
685;71
686;65
687;19
688;57
689;56
690;81
691;64
692;52
693;34
694;57
695;15
696;14
697;47
698;86
699;75
700;64
701;65
702;67
703;73
704;42
705;52
706;35
707;33
708;8
709;6
710;21
711;55
712;24
713;81
714;19
715;41
716;28
717;37
718;55
719;50
720;33
721;47
722;5
723;41
724;19
725;38
726;1
727;5
728;9
729;59
730;61
731;77
732;20
733;48
734;60
735;25
736;36
737;25
738;1
739;17
740;7
741;67
742;72
743;27
744;32
745;13
746;12
747;72
748;81
749;50
750;48
751;50
752;51
753;39
754;30
755;24
756;0
757;13
758;38
759;36
760;4
761;47
762;64
763;10
764;62
765;52
766;12
767;41
768;52
769;30
770;60
771;14
772;17
773;27
774;40
775;7
776;17
777;22
778;56
779;51
780;56
781;33
782;69
783;53
784;41
785;46
786;8
787;7
788;42
789;42
790;51
791;9
792;9
793;53
794;51
795;41
796;48
797;6
798;52
799;36
800;11
801;8
802;24
803;63
804;51
805;48
806;48
807;16
808;11
809;25
810;24
811;45
812;72
813;38
814;15
815;81
816;64
817;33
818;28
819;6
820;50
821;43
822;74
823;29
824;42
825;7
826;1
827;67
828;57
829;35
830;14
831;7
832;35
833;43
834;44
835;7
836;9
837;20
838;37
839;25
840;9
841;2
842;30
843;52
844;83
845;36
846;43
847;4
848;23
849;79
850;36
851;14
852;66
853;27
854;63
855;56
856;48
857;45
858;17
859;2
860;20
861;81
862;36
863;51
864;52
865;20
866;57
867;72
868;71
869;19
870;68
871;55
872;63
873;29
874;47
875;9
876;8
877;80
878;65
879;68
880;58
881;36
882;30
883;5
884;1
885;9
886;62
887;90
888;60
889;26
890;3
891;3
892;57
893;36
894;61
895;20
896;19
897;27
898;22
899;78
900;19
901;34
902;3
903;3
904;63
905;55
906;39
907;18
908;18
909;37
910;54
911;17
912;15
913;64
914;65
915;41
916;21
917;2
918;7
919;18
920;43
921;34
922;35
923;16
924;7
925;31
926;65
927;49
928;32
929;3
930;3
931;36
932;16
933;0
934;50
935;43
936;60
937;53
938;75
939;65
940;27
941;36
942;18
943;0
944;53
945;71
946;36
947;38
948;22
949;29
950;5
951;3
952;49
953;28
954;43
955;18
956;12
957;35
958;54
959;59
960;11
961;41
962;27
963;0
964;11
965;28
966;32
967;35
968;2
969;1
970;36
971;40
972;7
973;12
974;36
975;58
976;61
977;6
978;12
979;13
980;67
981;52
982;30
983;33
984;61
985;66
986;49
987;94
988;61
989;28
990;14
991;46
992;75
993;75
994;57
995;47
996;46
997;66
998;43
999;48
1000;32
1001;42
1002;1
1003;2
1004;31
1005;39
1006;20
1007;75
1008;28
1009;34
1010;14
1011;13
1012;8
1013;13
1014;36
1015;39
1016;50
1017;21
1018;64
1019;61
1020;63
1021;48
1022;56
1023;39
1024;29
1025;2
1026;5
1027;4
1028;40
1029;35
1030;17
1031;3
1032;60
1033;54
1034;43
1035;28
1036;79
1037;25
1038;67
1039;29
1040;51
1041;8
1042;14
1043;61
1044;73
1045;48
1046;72
1047;26
1048;56
1049;38
1050;32
1051;11
1052;18
1053;7
1054;62
1055;20
1056;52
1057;47
1058;13
1059;43
1060;53
1061;10
1062;15
1063;73
1064;28
1065;52
1066;52
1067;82
1068;50
1069;28
1070;29
1071;12
1072;63
1073;69
1074;80
1075;87
1076;79
1077;31
1078;41
1079;7
1080;2
1081;41
1082;66
1083;66
1084;61
1085;56
1086;78
1087;64
1088;60
1089;27
1090;46
1091;27
1092;39
1093;56
1094;20
1095;22
1096;63
1097;77
1098;53
1099;54
1100;43
1101;78
1102;67
1103;82
1104;29
1105;79
1106;41
1107;67
1108;38
1109;61
1110;56
1111;54
1112;59
1113;75
1114;76
1115;60
1116;57
1117;54
1118;55
1119;61
1120;56
1121;24
1122;26
1123;41
1124;29
1125;16
1126;75
1127;66
1128;59
1129;66
1130;46
1131;16
1132;18
1133;79
1134;27
1135;29
1136;18
1137;8
1138;21
1139;37
1140;5
1141;5
1142;57
1143;37
1144;38
1145;36
1146;9
1147;5
1148;41
1149;52
1150;10
1151;10
1152;50
1153;53
1154;15
1155;7
1156;77
1157;25
1158;54
1159;80
1160;60
1161;48
1162;41
1163;3
1164;19
1165;59
1166;35
1167;29
1168;11
1169;11
1170;25
1171;36
1172;0
1173;0
1174;42
1175;41
1176;8
1177;7
1178;58
1179;29
1180;37
1181;8
1182;5
1183;1
1184;50
1185;57
1186;6
1187;11
1188;70
1189;20
1190;51
1191;33
1192;10
1193;12
1194;54
1195;51
1196;66
1197;57
1198;9
1199;17
1200;39
1201;12
1202;48
1203;70
1204;29
1205;45
1206;3
1207;18
1208;18
1209;64
1210;24
1211;85
1212;85
1213;78
1214;36
1215;68
1216;77
1217;39
1218;43
1219;42
1220;43
1221;2
1222;5
1223;25
1224;71
1225;65
1226;66
1227;66
1228;32
1229;49
1230;0
1231;2
1232;63
1233;55
1234;18
1235;66
1236;41
1237;44
1238;7
1239;12
1240;6
1241;34
1242;58
1243;46
1244;60
1245;42
1246;11
1247;17
1248;40
1249;88
1250;55
1251;62
1252;85
1253;31
1254;52
1255;14
1256;11
1257;59
1258;80
1259;50
1260;36
1261;35
1262;32
1263;12
1264;18
1265;30
1266;46
1267;35
1268;53
1269;43
1270;58
1271;63
1272;34
1273;36
1274;12
1275;8
1276;57
1277;60
1278;6
1279;37
1280;88
1281;60
1282;58
1283;47
1284;14
1285;11
1286;51
1287;57
1288;59
1289;24
1290;60
1291;59
1292;72
1293;40
1294;37
1295;3
1296;0
1297;4
1298;72
1299;36
1300;75
1301;52
1302;55
1303;15
1304;10
1305;40
1306;72
1307;48
1308;71
1309;49
1310;36
1311;20
1312;77
1313;78
1314;72
1315;33
1316;76
1317;89
1318;70
1319;72
1320;63
1321;58
1322;20
1323;47
1324;34
1325;26
1326;19
1327;31
1328;68
1329;68
1330;55
1331;45
1332;54
1333;15
1334;14
1335;26
1336;80
1337;53
1338;80
1339;58
1340;65
1341;30
1342;48
1343;30
1344;10
1345;18
1346;27
1347;41
1348;12
1349;6
1350;7
1351;72
1352;63
1353;50
1354;49
1355;6
1356;17
1357;43
1358;34
1359;56
1360;10
1361;9
1362;7
1363;44
1364;68
1365;51
1366;48
1367;56
1368;20
1369;74
1370;87
1371;51
1372;50
1373;50
1374;10
1375;68
1376;55
1377;42
1378;40
1379;43
1380;7
1381;15
1382;14
1383;51
1384;27
1385;7
1386;10
1387;40
1388;33
1389;38
1390;14
1391;8
1392;72
1393;76
1394;68
1395;69
1396;55
1397;40
1398;69
1399;61
1400;30
1401;31
1402;25
1403;46
1404;4
1405;8
1406;38
1407;47
1408;3
1409;10
1410;4
1411;23
1412;47
1413;13
1414;0
1415;78
1416;44
1417;74
1418;19
1419;52
1420;70
1421;21
1422;68
1423;78
1424;75
1425;54
1426;77
1427;75
1428;67
1429;52
1430;72
1431;22
1432;51
1433;81
1434;41
1435;29
1436;44
1437;52
1438;12
1439;18
1440;24
1441;81
1442;51
1443;36
1444;10
1445;15
1446;57
1447;11
1448;48
1449;18
1450;32
1451;21
1452;38
1453;48
1454;54
1455;25
1456;52
1457;52
1458;50
1459;43
1460;75
1461;37
1462;50
1463;7
1464;13
1465;10
1466;57
1467;56
1468;10
1469;14
1470;73
1471;82
1472;48
1473;53
1474;46
1475;67
1476;60
1477;41
1478;57
1479;42
1480;44
1481;0
1482;1
1483;35
1484;49
1485;0
1486;3
1487;5
1488;42
1489;64
1490;6
1491;15
1492;56
1493;32
1494;65
1495;37
1496;20
1497;57
1498;67
1499;68
1500;53
1501;55
1502;51
1503;29
1504;33
1505;5
1506;10
1507;43
1508;20
1509;41
1510;53
1511;54
1512;52
1513;72
1514;81
1515;40
1516;36
1517;4
1518;5
1519;15
1520;61
1521;91
1522;42
1523;49
1524;66
1525;35
1526;32
1527;8
1528;6
1529;1
1530;61
1531;54
1532;37
1533;41
1534;1
1535;3
1536;67
1537;57
1538;49
1539;27
1540;7
1541;57
1542;31
1543;12
1544;6
1545;12
1546;8
1547;47
1548;38
1549;37
1550;47
1551;6
1552;42
1553;19
1554;51
1555;87
1556;64
1557;61
1558;42
1559;40
1560;45
1561;2
1562;13
1563;1
1564;61
1565;28
1566;12
1567;26
1568;44
1569;8
1570;10
1571;0
1572;56
1573;53
1574;56
1575;86
1576;57
1577;61
1578;46
1579;36
1580;15
1581;11
1582;12
1583;35
1584;74
1585;55
1586;61
1587;36
1588;16
1589;47
1590;56
1591;34
1592;60
1593;7
1594;15
1595;53
1596;44
1597;29
1598;8
1599;16
1600;16
1601;72
1602;54
1603;29
1604;39
1605;2
1606;3
1607;9
1608;46
1609;1
1610;71
1611;62
1612;62
1613;35
1614;49
1615;10
1616;12
1617;34
1618;50
1619;9
1620;43
1621;45
1622;13
1623;3
1624;0
1625;4
1626;37
1627;23
1628;8
1629;5
1630;5
1631;70
1632;47
1633;67
1634;72
1635;47
1636;52
1637;58
1638;56
1639;58
1640;54
1641;42
1642;46
1643;64
1644;46
1645;8
1646;49
1647;36
1648;93
1649;81
1650;43
1651;64
1652;46
1653;51
1654;47
1655;39
1656;62
1657;68
1658;45
1659;45
1660;15
1661;8
1662;62
1663;90
1664;53
1665;79
1666;36
1667;81
1668;24
1669;41
1670;47
1671;22
1672;59
1673;51
1674;32
1675;27
1676;44
1677;39
1678;5
1679;50
1680;53
1681;71
1682;53
1683;72
1684;64
1685;31
1686;30
1687;14
1688;11
1689;35
1690;34
1691;15
1692;34
1693;9
1694;18
1695;64
1696;20
1697;61
1698;64
1699;26
1700;43
1701;42
1702;6
1703;29
1704;34
1705;11
1706;11
1707;48
1708;29
1709;51
1710;7
1711;10
1712;33
1713;52
1714;38
1715;36
1716;5
1717;65
1718;23
1719;28
1720;44
1721;43
1722;10
1723;4
1724;94
1725;51
1726;72
1727;65
1728;56
1729;70
1730;27
1731;62
1732;6
1733;15
1734;49
1735;34
1736;7
1737;43
1738;74
1739;46
1740;47
1741;2
1742;18
1743;5
1744;47
1745;51
1746;7
1747;9
1748;7
1749;74
1750;64
1751;55
1752;57
1753;79
1754;66
1755;25
1756;71
1757;30
1758;25
1759;52
1760;48
1761;36
1762;43
1763;9
1764;2
1765;17
1766;95
1767;48
1768;32
1769;15
1770;53
1771;25
1772;67
1773;35
1774;19
1775;26
1776;34
1777;38
1778;16
1779;5
1780;1
1781;28
1782;57
1783;57
1784;43
1785;42
1786;3
1787;67
1788;72
1789;67
1790;78
1791;41
1792;43
1793;46
1794;1
1795;5
1796;16
1797;38
1798;70
1799;81
1800;34
1801;36
1802;2
1803;7
1804;48
1805;58
1806;25
1807;83
1808;52
1809;53
1810;61
1811;32
1812;74
1813;71
1814;67
1815;50
1816;24
1817;21
1818;20
1819;48
1820;24
1821;72
1822;64
1823;63
1824;23
1825;47
1826;80
1827;20
1828;36
1829;74
1830;58
1831;53
1832;13
1833;14
1834;71
1835;61
1836;30
1837;81
1838;63
1839;14
1840;40
1841;62
1842;47
1843;30
1844;46
1845;32
1846;70
1847;41
1848;43
1849;32
1850;46
1851;37
1852;2
1853;17
1854;5
1855;53
1856;66
1857;46
1858;48
1859;39
1860;43
1861;8
1862;14
1863;16
1864;62
1865;88
1866;56
1867;68
1868;44
1869;69
1870;57
1871;54
1872;35
1873;37
1874;10
1875;3
1876;7
1877;90
1878;55
1879;43
1880;44
1881;15
1882;10
1883;33
1884;9
1885;8
1886;65
1887;58
1888;50
1889;61
1890;18
1891;16
1892;58
1893;69
1894;64
1895;48
1896;57
1897;68
1898;51
1899;34
1900;69
1901;75
1902;76
1903;72
1904;72
1905;77
1906;53
1907;74
1908;60
1909;53
1910;7
1911;9
1912;49
1913;58
1914;62
1915;67
1916;29
1917;91
1918;41
1919;41
1920;49
1921;9
1922;11
1923;36
1924;33
1925;13
1926;5
1927;9
1928;47
1929;60
1930;65
1931;56
1932;74
1933;58
1934;60
1935;57
1936;71
1937;39
1938;55
1939;38
1940;64
1941;6
1942;15
1943;41
1944;25
1945;61
1946;20
1947;62
1948;23
1949;33
1950;47
1951;35
1952;22
1953;17
1954;41
1955;25
1956;63
1957;36
1958;1
1959;1
1960;36
1961;23
1962;35
1963;44
1964;39
1965;5
1966;0
1967;10
1968;73
1969;32
1970;41
1971;61
1972;69
1973;70
1974;76
1975;55
1976;36
1977;64
1978;48
1979;21
1980;43
1981;41
1982;3
1983;0
1984;3
1985;53
1986;60
1987;65
1988;39
1989;38
1990;11
1991;12
1992;63
1993;64
1994;41
1995;37
1996;32
1997;16
1998;17
1999;24
2000;24
2001;20
2002;67
2003;86
2004;51
2005;63
2006;46
2007;24
2008;38
2009;36
2010;19
2011;35
2012;1
2013;5
2014;20
2015;58
2016;67
2017;75
2018;23
2019;46
2020;7
2021;12
2022;56
2023;59
2024;48
2025;32
2026;11
2027;64
2028;67
2029;67
2030;63
2031;93
2032;27
2033;56
2034;7
2035;43
2036;50
2037;18
2038;44
2039;58
2040;8
2041;34
2042;53
2043;12
2044;16
2045;32
2046;82
2047;54
2048;56
2049;43
2050;32
2051;15
2052;4
2053;18
2054;39
2055;45
2056;15
2057;10
2058;16
2059;37
2060;48
2061;5
2062;67
2063;71
2064;50
2065;15
2066;17
2067;38
2068;38
2069;16
2070;8
2071;65
2072;34
2073;36
2074;30
2075;57
2076;36
2077;38
2078;55
2079;13
2080;59
2081;53
2082;9
2083;6
2084;73
2085;56
2086;60
2087;18
2088;17
2089;67
2090;42
2091;49
2092;12
2093;18
2094;1
2095;54
2096;17
2097;42
2098;43
2099;12
2100;31
2101;45
2102;2
2103;44
2104;30
2105;15
2106;0
2107;9
2108;42
2109;48
2110;65
2111;44
2112;43
2113;34
2114;12
2115;21
2116;37
2117;3
2118;1
2119;60
2120;57
2121;39
2122;53
2123;36
2124;44
2125;14
2126;18
2127;41
2128;52
2129;45
2130;11
2131;14
2132;10
2133;9
2134;41
2135;42
2136;80
2137;44
2138;30
2139;12
2140;17
2141;15
2142;17
2143;43
2144;43
2145;10
2146;3
2147;1
2148;16
2149;16
2150;4
2151;53
2152;51
2153;51
2154;45
2155;36
2156;13
2157;14
2158;11
2159;13
2160;23
2161;91
2162;43
2163;57
2164;58
2165;48
2166;55
2167;29
2168;38
2169;32
2170;14
2171;9
2172;1
2173;55
2174;58
2175;46
2176;38
2177;12
2178;12
2179;80
2180;80
2181;82
2182;39
2183;57
2184;28
2185;50
2186;53
2187;68
2188;70
2189;55
2190;61
2191;68
2192;40
2193;87
2194;67
2195;70
2196;38
2197;19
2198;24
2199;20
2200;19
2201;74
2202;64
2203;24
2204;35
2205;24
2206;35
2207;6
2208;50
2209;41
2210;62
2211;44
2212;32
2213;7
2214;5
2215;3
2216;74
2217;36
2218;48
2219;38
2220;10
2221;15
2222;44
2223;7
2224;47
2225;71
2226;60
2227;54
2228;26
2229;20
2230;88
2231;54
2232;73
2233;41
2234;4
2235;3
2236;5
2237;65
2238;65
2239;35
2240;75
2241;49
2242;41
2243;14
2244;8
2245;40
2246;34
2247;3
2248;41
2249;55
2250;37
2251;31
2252;56
2253;53
2254;16
2255;7
2256;68
2257;29
2258;19
2259;54
2260;38
2261;51
2262;80
2263;76
2264;46
2265;12
2266;33
2267;50
2268;43
2269;36
2270;11
2271;17
2272;45
2273;19
2274;22
2275;63
2276;78
2277;51
2278;21
2279;35
2280;67
2281;56
2282;36
2283;17
2284;85
2285;20
2286;61
2287;79
2288;30
2289;46
2290;57
2291;50
2292;42
2293;20
2294;52
2295;75
2296;34
2297;2
2298;70
2299;25
2300;69
2301;21
2302;50
2303;28
2304;7
2305;39
2306;59
2307;9
2308;58
2309;38
2310;63
2311;43
2312;44
2313;16
2314;41
2315;79
2316;36
2317;42
2318;0
2319;2
2320;85
2321;59
2322;49
2323;57
2324;81
2325;83
2326;70
2327;33
2328;40
2329;3
2330;3
2331;3
2332;62
2333;29
2334;31
2335;4
2336;39
2337;46
2338;9
2339;18
2340;18
2341;12
2342;59
2343;66
2344;48
2345;54
2346;18
2347;43
2348;42
2349;2
2350;14
2351;48
2352;22
2353;3
2354;13
2355;6
2356;63
2357;75
2358;57
2359;73
2360;60
2361;60
2362;53
2363;50
2364;55
2365;17
2366;10
2367;9
2368;55
2369;62
2370;25
2371;81
2372;80
2373;29
2374;86
2375;55
2376;58
2377;42
2378;20
2379;52
2380;50
2381;49
2382;84
2383;49
2384;93
2385;47
2386;56
2387;8
2388;17
2389;28
2390;77
2391;58
2392;52
2393;62
2394;16
2395;47
2396;43
2397;43
2398;21
2399;56
2400;62
2401;48
2402;6
2403;7
2404;66
2405;28
2406;23
2407;5
2408;2
2409;68
2410;53
2411;67
2412;42
2413;28
2414;4
2415;10
2416;71
2417;83
2418;29
2419;83
2420;80
2421;62
2422;65
2423;57
2424;53
2425;75
2426;53
2427;60
2428;49
2429;23
2430;43
2431;48
2432;11
2433;11
2434;8
2435;40
2436;28
2437;5
2438;3
2439;33
2440;49
2441;47
2442;46
2443;82
2444;60
2445;46
2446;24
2447;21
2448;64
2449;51
2450;22
2451;42
2452;58
2453;57
2454;25
2455;60
2456;41
2457;76
2458;38
2459;42
2460;53
2461;51
2462;16
2463;11
2464;21
2465;36
2466;44
2467;49
2468;7
2469;9
2470;14
2471;30
2472;35
2473;41
2474;22
2475;28
2476;7
2477;8
2478;69
2479;81
2480;58
2481;36
2482;65
2483;44
2484;57
2485;68
2486;64
2487;40
2488;58
2489;10
2490;62
2491;58
2492;61
2493;95
2494;41
2495;36
2496;0
2497;3
2498;10
2499;85
2500;79
2501;54
2502;67
2503;42
2504;60
2505;74
2506;57
2507;38
2508;57
2509;56
2510;62
2511;54
2512;51
2513;59
2514;12
2515;17
2516;69
2517;32
2518;51
2519;38
2520;8
2521;13
2522;60
2523;41
2524;64
2525;59
2526;64
2527;19
2528;21
2529;56
2530;42
2531;41
2532;60
2533;14
2534;8
2535;68
2536;80
2537;79
2538;27
2539;19
2540;64
2541;38
2542;33
2543;4
2544;2
2545;32
2546;27
2547;16
2548;1
2549;45
2550;37
2551;12
2552;24
2553;54
2554;60
2555;39
2556;24
2557;53
2558;69
2559;59
2560;75
2561;20
2562;76
2563;73
2564;76
2565;62
2566;49
2567;60
2568;63
2569;40
2570;13
2571;13
2572;51
2573;49
2574;52
2575;51
2576;25
2577;54
2578;70
2579;86
2580;34
2581;32
2582;14
2583;6
2584;17
2585;62
2586;83
2587;34
2588;34
2589;2
2590;3
2591;57
2592;59
2593;68
2594;49
2595;25
2596;32
2597;35
2598;2
2599;2
2600;43
2601;48
2602;52
2603;64
2604;53
2605;43
2606;57
2607;62
2608;30
2609;31
2610;12
2611;32
2612;52
2613;70
2614;57
2615;13
2616;10
2617;49
2618;63
2619;61
2620;65
2621;53
2622;45
2623;8
2624;7
2625;69
2626;53
2627;26
2628;8
2629;72
2630;56
2631;72
2632;71
2633;51
2634;57
2635;56
2636;56
2637;66
2638;80
2639;47
2640;37
2641;10
2642;9
2643;52
2644;78
2645;41
2646;23
2647;14
2648;30
2649;48
2650;12
2651;17
2652;75
2653;19
2654;35
2655;48
2656;49
2657;12
2658;11
2659;65
2660;53
2661;59
2662;55
2663;45
2664;9
2665;62
2666;42
2667;30
2668;46
2669;12
2670;17
2671;56
2672;48
2673;18
2674;9
2675;11
2676;51
2677;50
2678;9
2679;8
2680;17
2681;71
2682;36
2683;38
2684;62
2685;18
2686;18
2687;9
2688;78
2689;20
2690;30
2691;0
2692;12
2693;58
2694;81
2695;77
2696;84
2697;97
2698;29
2699;50
2700;49
2701;10
2702;41
2703;81
2704;46
2705;39
2706;28
2707;66
2708;77
2709;43
2710;40
2711;61
2712;85
2713;53
2714;89
2715;59
2716;54
2717;27
2718;46
2719;70
2720;66
2721;74
2722;64
2723;62
2724;13
2725;14
2726;22
2727;19
2728;12
2729;2
2730;30
2731;28
2732;7
2733;15
2734;12
2735;67
2736;31
2737;52
2738;31
2739;48
2740;12
2741;18
2742;63
2743;32
2744;69
2745;28
2746;34
2747;59
2748;70
2749;39
2750;60
2751;70
2752;61
2753;29
2754;12
2755;15
2756;53
2757;43
2758;41
2759;42
2760;47
2761;25
2762;35
2763;23
2764;19
2765;65
2766;56
2767;19
2768;49
2769;2
2770;2
2771;1
2772;2
2773;76
2774;59
2775;61
2776;71
2777;57
2778;44
2779;52
2780;45
2781;30
2782;30
2783;11
2784;7
2785;44
2786;52
2787;36
2788;58
2789;31
2790;43
2791;0
2792;12
2793;86
2794;36
2795;53
2796;41
2797;60
2798;49
2799;7
2800;66
2801;70
2802;43
2803;34
2804;11
2805;3
2806;25
2807;73
2808;75
2809;61
2810;66
2811;58
2812;27
2813;85
2814;57
2815;43
2816;53
2817;75
2818;53
2819;63
2820;63
2821;59
2822;48
2823;31
2824;59
2825;12
2826;8
2827;20
2828;54
2829;36
2830;52
2831;47
2832;48
2833;8
2834;3
2835;24
2836;65
2837;61
2838;64
2839;61
2840;34
2841;40
2842;9
2843;18
2844;56
2845;38
2846;45
2847;39
2848;55
2849;8
2850;10
2851;53
2852;77
2853;59
2854;56
2855;47
2856;37
2857;43
2858;3
2859;56
2860;41
2861;80
2862;57
2863;37
2864;83
2865;71
2866;33
2867;37
2868;50
2869;40
2870;19
2871;32
2872;38
2873;5
2874;14
2875;81
2876;75
2877;43
2878;60
2879;9
2880;65
2881;46
2882;63
2883;60
2884;61
2885;47
2886;39
2887;61
2888;63
2889;36
2890;8
2891;56
2892;58
2893;38
2894;25
2895;22
2896;58
2897;71
2898;53
2899;64
2900;33
2901;72
2902;64
2903;68
2904;62
2905;11
2906;12
2907;50
2908;50
2909;45
2910;19
2911;61
2912;21
2913;58
2914;35
2915;42
2916;20
2917;36
2918;40
2919;5
2920;35
2921;23
2922;48
2923;55
2924;66
2925;68
2926;89
2927;76
2928;44
2929;50
2930;83
2931;73
2932;41
2933;26
2934;8
2935;18
2936;29
2937;57
2938;60
2939;48
2940;11
2941;13
2942;12
2943;45
2944;52
2945;73
2946;25
2947;56
2948;57
2949;36
2950;17
2951;6
2952;6
2953;47
2954;55
2955;9
2956;16
2957;10
2958;42
2959;28
2960;59
2961;21
2962;66
2963;42
2964;80
2965;32
2966;31
2967;9
2968;2
2969;40
2970;53
2971;39
2972;13
2973;7
2974;60
2975;61
2976;64
2977;39
2978;69
2979;66
2980;77
2981;53
2982;56
2983;17
2984;71
2985;58
2986;94
2987;49
2988;44
2989;74
2990;45
2991;46
2992;16
2993;3
2994;5
2995;80
2996;55
2997;61
2998;20
2999;55
3000;40
3001;10
3002;49
3003;64
3004;18
3005;7
3006;54
3007;55
3008;43
3009;78
3010;60
3011;34
3012;12
3013;9
3014;44
3015;58
3016;61
3017;73
3018;38
3019;42
3020;16
3021;14
3022;6
3023;67
3024;32
3025;71
3026;29
3027;73
3028;54
3029;19
3030;67
3031;32
3032;6
3033;31
3034;57
3035;21
3036;51
3037;20
3038;21
3039;61
3040;12
3041;63
3042;23
3043;85
3044;38
3045;57
3046;12
3047;16
3048;11
3049;13
3050;45
3051;40
3052;14
3053;35
3054;22
3055;2
3056;3
3057;31
3058;44
3059;17
3060;4
3061;11
3062;86
3063;42
3064;71
3065;21
3066;8
3067;2
3068;25
3069;57
3070;26
3071;39
3072;13
3073;12
3074;54
3075;25
3076;30
3077;4
3078;2
3079;63
3080;69
3081;32
3082;42
3083;36
3084;3
3085;0
3086;36
3087;73
3088;19
3089;24
3090;68
3091;19
3092;85
3093;70
3094;62
3095;73
3096;44
3097;56
3098;22
3099;66
3100;37
3101;63
3102;26
3103;80
3104;65
3105;60
3106;63
3107;69
3108;30
3109;25
3110;22
3111;46
3112;76
3113;55
3114;32
3115;44
3116;8
3117;53
3118;65
3119;63
3120;43
3121;58
3122;57
3123;64
3124;45
3125;55
3126;20
3127;21
3128;40
3129;45
3130;63
3131;15
3132;9
3133;39
3134;45
3135;33
3136;51
3137;11
3138;15
3139;81
3140;56
3141;20
3142;22
3143;53
3144;60
3145;60
3146;88
3147;22
3148;39
3149;24
3150;3
3151;5
3152;10
3153;41
3154;33
3155;79
3156;51
3157;64
3158;73
3159;68
3160;50
3161;49
3162;6
3163;7
3164;30
3165;45
3166;15
3167;10
3168;3
3169;13
3170;10
3171;4
3172;40
3173;21
3174;2
3175;5
3176;57
3177;59
3178;67
3179;61
3180;53
3181;54
3182;30
3183;23
3184;2
3185;4
3186;21
3187;24
3188;76
3189;29
3190;41
3191;72
3192;28
3193;22
3194;4
3195;2
3196;56
3197;40
3198;13
3199;10
3200;30
3201;51
3202;13
3203;60
3204;42
3205;68
3206;49
3207;28
3208;71
3209;33
3210;49
3211;7
3212;12
3213;73
3214;45
3215;27
3216;9
3217;18
3218;82
3219;89
3220;40
3221;51
3222;37
3223;65
3224;29
3225;64
3226;34
3227;41
3228;9
3229;3
3230;90
3231;74
3232;87
3233;60
3234;23
3235;65
3236;21
3237;47
3238;31
3239;14
3240;17
3241;18
3242;56
3243;64
3244;10
3245;62
3246;81
3247;60
3248;30
3249;51
3250;36
3251;28
3252;54
3253;36
3254;38
3255;45
3256;16
3257;7
3258;36
3259;18
3260;10
3261;19
3262;38
3263;0
3264;4
3265;52
3266;79
3267;71
3268;40
3269;62
3270;61
3271;44
3272;7
3273;55
3274;80
3275;56
3276;28
3277;43
3278;12
3279;49
3280;62
3281;67
3282;35
3283;28
3284;45
3285;40
3286;7
3287;15
3288;75
3289;68
3290;30
3291;41
3292;11
3293;0
3294;48
3295;46
3296;42
3297;71
3298;74
3299;32
3300;87
3301;81
3302;40
3303;49
3304;9
3305;47
3306;59
3307;21
3308;39
3309;2
3310;7
3311;43
3312;64
3313;37
3314;52
3315;10
3316;47
3317;59
3318;8
3319;54
3320;42
3321;45
3322;17
3323;17
3324;45
3325;43
3326;10
3327;11
3328;45
3329;33
3330;39
3331;73
3332;77
3333;59
3334;75
3335;62
3336;37
3337;59
3338;32
3339;72
3340;68
3341;42
3342;70
3343;51
3344;71
3345;73
3346;69
3347;70
3348;34
3349;46
3350;34
3351;28
3352;39
3353;7
3354;6
3355;60
3356;19
3357;30
3358;34
3359;7
3360;12
3361;18
3362;36
3363;34
3364;11
3365;9
3366;40
3367;36
3368;6
3369;6
3370;41
3371;49
3372;6
3373;18
3374;76
3375;65
3376;29
3377;76
3378;60
3379;46
3380;10
3381;39
3382;44
3383;41
3384;6
3385;10
3386;50
3387;63
3388;59
3389;69
3390;38
3391;51
3392;23
3393;77
3394;51
3395;63
3396;22
3397;75
3398;20
3399;67
3400;38
3401;49
3402;58
3403;55
3404;41
3405;30
3406;5
3407;46
3408;43
3409;34
3410;0
3411;6
3412;38
3413;42
3414;29
3415;1
3416;16
3417;66
3418;21
3419;41
3420;32
3421;1
3422;17
3423;5
3424;41
3425;7
3426;32
3427;40
3428;17
3429;13
3430;35
3431;45
3432;9
3433;12
3434;21
3435;19
3436;22
3437;90
3438;21
3439;74
3440;76
3441;71
3442;51
3443;80
3444;22
3445;29
3446;83
3447;66
3448;41
3449;30
3450;11
3451;6
3452;86
3453;47
3454;61
3455;42
3456;24
3457;51
3458;57
3459;32
3460;55
3461;8
3462;12
3463;15
3464;59
3465;75
3466;32
3467;19
3468;23
3469;46
3470;63
3471;44
3472;41
3473;59
3474;62
3475;64
3476;14
3477;12
3478;17
3479;51
3480;53
3481;10
3482;8
3483;57
3484;74
3485;65
3486;73
3487;41
3488;39
3489;38
3490;37
3491;14
3492;11
3493;51
3494;74
3495;27
3496;20
3497;2
3498;52
3499;30
3500;40
3501;63
3502;18
3503;28
3504;36
3505;75
3506;47
3507;75
3508;25
3509;31
3510;22
3511;20
3512;75
3513;43
3514;43
3515;6
3516;10
3517;26
3518;56
3519;69
3520;55
3521;38
3522;23
3523;24
3524;24
3525;19
3526;71
3527;57
3528;69
3529;66
3530;85
3531;74
3532;60
3533;71
3534;68
3535;52
3536;59
3537;39
3538;14
3539;14
3540;50
3541;50
3542;49
3543;44
3544;17
3545;18
3546;29
3547;74
3548;53
3549;90
3550;71
3551;39
3552;53
3553;59
3554;37
3555;47
3556;41
3557;3
3558;32
3559;22
3560;10
3561;17
3562;5
3563;51
3564;80
3565;63
3566;85
3567;46
3568;43
3569;40
3570;2
3571;0
3572;53
3573;54
3574;52
3575;55
3576;59
3577;28
3578;7
3579;7
3580;16
3581;61
3582;12
3583;63
3584;11
3585;32
3586;17
3587;17
3588;48
3589;43
3590;15
3591;6
3592;45
3593;35
3594;18
3595;58
3596;36
3597;22
3598;46
3599;63
3600;87
3601;38
3602;35
3603;34
3604;40
3605;7
3606;9
3607;38
3608;38
3609;59
3610;29
3611;22
3612;2
3613;50
3614;34
3615;47
3616;65
3617;57
3618;21
3619;56
3620;47
3621;16
3622;16
3623;78
3624;39
3625;59
3626;55
3627;48
3628;65
3629;28
3630;60
3631;46
3632;44
3633;5
3634;4
3635;40
3636;64
3637;17
3638;18
3639;14
3640;35
3641;62
3642;33
3643;34
3644;8
3645;16
3646;63
3647;38
3648;9
3649;11
3650;45
3651;35
3652;2
3653;1
3654;4
3655;56
3656;53
3657;38
3658;70
3659;19
3660;37
3661;40
3662;2
3663;6
3664;4
3665;68
3666;53
3667;56
3668;80
3669;63
3670;47
3671;73
3672;33
3673;81
3674;46
3675;58
3676;81
3677;38
3678;24
3679;37
3680;21
3681;56
3682;46
3683;42
3684;48
3685;7
3686;52
3687;41
3688;12
3689;17
3690;42
3691;31
3692;0
3693;53
3694;55
3695;35
3696;53
3697;65
3698;45
3699;72
3700;69
3701;65
3702;62
3703;56
3704;49
3705;79
3706;70
3707;55
3708;26
3709;67
3710;44
3711;44
3712;39
3713;16
3714;12
3715;61
3716;6
3717;31
3718;72
3719;60
3720;53
3721;80
3722;50
3723;30
3724;12
3725;10
3726;77
3727;58
3728;47
3729;10
3730;41
3731;85
3732;73
3733;22
3734;57
3735;19
3736;60
3737;88
3738;67
3739;29
3740;29
3741;5
3742;14
3743;0
3744;24
3745;53
3746;51
3747;66
3748;61
3749;41
3750;42
3751;40
3752;8
3753;7
3754;9
3755;59
3756;25
3757;34
3758;43
3759;6
3760;15
3761;6
3762;74
3763;29
3764;63
3765;81
3766;39
3767;35
3768;11
3769;8
3770;8
3771;64
3772;53
3773;6
3774;6
3775;72
3776;27
3777;39
3778;3
3779;2
3780;36
3781;54
3782;67
3783;44
3784;38
3785;42
3786;35
3787;12
3788;9
3789;28
3790;28
3791;66
3792;49
3793;66
3794;71
3795;22
3796;73
3797;51
3798;70
3799;57
3800;77
3801;47
3802;72
3803;21
3804;44
3805;31
3806;28
3807;14
3808;45
3809;37
3810;0
3811;3
3812;4
3813;52
3814;63
3815;79
3816;53
3817;34
3818;61
3819;23
3820;23
3821;23
3822;70
3823;22
3824;44
3825;33
3826;37
3827;9
3828;0
3829;33
3830;48
3831;5
3832;12
3833;81
3834;64
3835;51
3836;29
3837;9
3838;36
3839;21
3840;42
3841;15
3842;55
3843;59
3844;11
3845;16
3846;71
3847;60
3848;48
3849;46
3850;18
3851;16
3852;59
3853;70
3854;55
3855;59
3856;24
3857;37
3858;59
3859;16
3860;14
3861;36
3862;33
3863;70
3864;38
3865;67
3866;19
3867;32
3868;0
3869;3
3870;61
3871;63
3872;71
3873;52
3874;52
3875;68
3876;36
3877;34
3878;17
3879;18
3880;16
3881;69
3882;65
3883;52
3884;54
3885;69
3886;39
3887;28
3888;5
3889;22
3890;54
3891;50
3892;19
3893;32
3894;47
3895;37
3896;25
3897;68
3898;59
3899;89
3900;65
3901;25
3902;85
3903;45
3904;42
3905;3
3906;2
3907;47
3908;40
3909;4
3910;56
3911;85
3912;51
3913;19
3914;41
3915;48
3916;7
3917;15
3918;40
3919;51
3920;13
3921;28
3922;88
3923;68
3924;76
3925;32
3926;45
3927;70
3928;22
3929;19
3930;55
3931;23
3932;51
3933;89
3934;50
3935;27
3936;59
3937;58
3938;67
3939;70
3940;30
3941;79
3942;57
3943;65
3944;30
3945;30
3946;32
3947;44
3948;17
3949;15
3950;6
3951;21
3952;29
3953;37
3954;49
3955;12
3956;8
3957;28
3958;85
3959;66
3960;43
3961;42
3962;11
3963;6
3964;20
3965;27
3966;56
3967;70
3968;65
3969;64
3970;60
3971;39
3972;6
3973;10
3974;34
3975;60
3976;9
3977;14
3978;38
3979;64
3980;14
3981;7
3982;46
3983;57
3984;10
3985;57
3986;8
3987;11
3988;47
3989;91
3990;64
3991;52
3992;60
3993;60
3994;18
3995;10
3996;10
3997;25
3998;3
3999;5
4000;68
4001;26
4002;46
4003;47
4004;55
4005;22
4006;32
4007;38
4008;12
4009;52
4010;42
4011;69
4012;54
4013;77
4014;76
4015;24
4016;22
4017;23
4018;1
4019;12
4020;73
4021;68
4022;51
4023;29
4024;57
4025;62
4026;59
4027;61
4028;62
4029;24
4030;73
4031;59
4032;34
4033;17
4034;29
4035;77
4036;74
4037;46
4038;46
4039;69
4040;71
4041;43
4042;50
4043;11
4044;66
4045;61
4046;54
4047;10
4048;10
4049;31
4050;49
4051;12
4052;8
4053;39
4054;59
4055;36
4056;14
4057;12
4058;17
4059;39
4060;23
4061;40
4062;42
4063;7
4064;8
4065;15
4066;63
4067;63
4068;6
4069;12
4070;24
4071;80
4072;66
4073;52
4074;64
4075;11
4076;14
4077;12
4078;67
4079;55
4080;67
4081;37
4082;9
4083;9
4084;43
4085;51
4086;55
4087;43
4088;43
4089;7
4090;5
4091;61
4092;55
4093;21
4094;24
4095;64
4096;49
4097;48
4098;73
4099;77
4100;33
4101;33
4102;7
4103;8
4104;78
4105;86
4106;37
4107;28
4108;8
4109;54
4110;50
4111;45
4112;62
4113;66
4114;52
4115;38
4116;24
4117;56
4118;58
4119;26
4120;61
4121;34
4122;42
4123;0
4124;4
4125;46
4126;34
4127;1
4128;2
4129;4
4130;67
4131;95
4132;41
4133;43
4134;15
4135;47
4136;67
4137;67
4138;62
4139;33
4140;27
4141;8
4142;9
4143;49
4144;46
4145;54
4146;7
4147;11
4148;32
4149;31
4150;14
4151;17
4152;40
4153;59
4154;12
4155;13
4156;17
4157;39
4158;34
4159;9
4160;10
4161;10
4162;72
4163;57
4164;19
4165;24
4166;78
4167;60
4168;73
4169;22
4170;62
4171;54
4172;44
4173;46
4174;15
4175;8
4176;48
4177;62
4178;70
4179;60
4180;49
4181;47
4182;14
4183;18
4184;38
4185;32
4186;7
4187;17
4188;64
4189;57
4190;58
4191;47
4192;19
4193;43
4194;29
4195;19
4196;55
4197;50
4198;85
4199;66
4200;70
4201;65
4202;73
4203;76
4204;86
4205;74
4206;57
4207;36
4208;71
4209;75
4210;86
4211;75
4212;58
4213;25
4214;80
4215;20
4216;56
4217;43
4218;92
4219;23
4220;74
4221;36
4222;32
4223;10
4224;11
4225;45
4226;54
4227;14
4228;10
4229;61
4230;51
4231;57
4232;37
4233;63
4234;72
4235;24
4236;22
4237;23
4238;40
4239;24
4240;77
4241;52
4242;51
4243;45
4244;36
4245;3
4246;3
4247;0
4248;61
4249;21
4250;62
4251;51
4252;15
4253;17
4254;12
4255;64
4256;71
4257;46
4258;45
4259;51
4260;52
4261;9
4262;14
4263;48
4264;25
4265;40
4266;58
4267;13
4268;6
4269;46
4270;45
4271;7
4272;39
4273;42
4274;9
4275;0
4276;53
4277;63
4278;62
4279;48
4280;21
4281;30
4282;1
4283;44
4284;32
4285;18
4286;10
4287;51
4288;69
4289;46
4290;6
4291;35
4292;30
4293;8
4294;16
4295;57
4296;56
4297;72
4298;32
4299;16
4300;55
4301;50
4302;12
4303;13
4304;60
4305;72
4306;60
4307;78
4308;84
4309;51
4310;51
4311;7
4312;6
4313;49
4314;49
4315;68
4316;48
4317;29
4318;13
4319;18
4320;66
4321;76
4322;63
4323;72
4324;56
4325;83
4326;51
4327;58
4328;34
4329;42
4330;72
4331;76
4332;20
4333;24
4334;65
4335;42
4336;39
4337;40
4338;48
4339;10
4340;58
4341;51
4342;33
4343;58
4344;55
4345;35
4346;21
4347;77
4348;35
4349;58
4350;14
4351;12
4352;15
4353;62
4354;72
4355;33
4356;86
4357;19
4358;59
4359;49
4360;11
4361;6
4362;19
4363;31
4364;2
4365;44
4366;40
4367;16
4368;44
4369;33
4370;17
4371;6
4372;37
4373;50
4374;49
4375;9
4376;17
4377;36
4378;16
4379;34
4380;58
4381;16
4382;8
4383;56
4384;42
4385;6
4386;11
4387;30
4388;29
4389;53
4390;18
4391;19
4392;32
4393;17
4394;7
4395;65
4396;34
4397;23
4398;34
4399;9
4400;68
4401;40
4402;77
4403;56
4404;37
4405;76
4406;69
4407;82
4408;42
4409;25
4410;16
4411;8
4412;50
4413;41
4414;14
4415;9
4416;22
4417;37
4418;5
4419;4
4420;72
4421;61
4422;26
4423;53
4424;34
4425;22
4426;90
4427;56
4428;43
4429;32
4430;12
4431;5
4432;51
4433;31
4434;6
4435;0
4436;76
4437;53
4438;36
4439;46
4440;24
4441;5
4442;49
4443;19
4444;20
4445;66
4446;24
4447;24
4448;25
4449;45
4450;35
4451;29
4452;60
4453;49
4454;33
4455;40
4456;2
4457;1
4458;43
4459;42
4460;2
4461;12
4462;44
4463;49
4464;51
4465;59
4466;63
4467;56
4468;37
4469;18
4470;36
4471;36
4472;40
4473;2
4474;0
4475;70
4476;32
4477;10
4478;10
4479;52
4480;67
4481;60
4482;69
4483;47
4484;63
4485;21
4486;47
4487;3
4488;0
4489;85
4490;24
4491;57
4492;22
4493;53
4494;60
4495;52
4496;56
4497;44
4498;26
4499;12
4500;9
4501;0
4502;37
4503;56
4504;10
4505;16
4506;29
4507;4
4508;76
4509;20
4510;10
4511;67
4512;26
4513;47
4514;36
4515;8
4516;6
4517;28
4518;54
4519;54
4520;8
4521;18
4522;49
4523;82
4524;55
4525;50
4526;77
4527;29
4528;66
4529;80
4530;51
4531;10
4532;28
4533;43
4534;2
4535;46
4536;69
4537;78
4538;19
4539;70
4540;60
4541;64
4542;22
4543;20
4544;55
4545;78
4546;79
4547;58
4548;39
4549;37
4550;2
4551;3
4552;34
4553;51
4554;85
4555;54
4556;59
4557;53
4558;67
4559;50
4560;57
4561;17
4562;16
4563;42
4564;16
4565;50
4566;56
4567;6
4568;10
4569;38
4570;34
4571;6
4572;13
4573;76
4574;26
4575;50
4576;49
4577;85
4578;19
4579;29
4580;21
4581;30
4582;46
4583;5
4584;66
4585;51
4586;79
4587;19
4588;19
4589;30
4590;4
4591;82
4592;81
4593;63
4594;69
4595;58
4596;81
4597;58
4598;51
4599;83
4600;33
4601;43
4602;31
4603;41
4604;48
4605;3
4606;17
4607;55
4608;40
4609;26
4610;41
4611;4
4612;1
4613;5
4614;64
4615;69
4616;47
4617;62
4618;10
4619;8
4620;57
4621;22
4622;62
4623;43
4624;67
4625;39
4626;72
4627;70
4628;62
4629;31
4630;75
4631;61
4632;60
4633;43
4634;38
4635;47
4636;37
4637;8
4638;6
4639;31
4640;57
4641;35
4642;48
4643;3
4644;87
4645;29
4646;78
4647;28
4648;50
4649;60
4650;48
4651;59
4652;23
4653;41
4654;30
4655;15
4656;2
4657;32
4658;35
4659;4
4660;0
4661;12
4662;0
4663;68
4664;85
4665;64
4666;70
4667;40
4668;9
4669;41
4670;41
4671;14
4672;70
4673;85
4674;39
4675;67
4676;77
4677;53
4678;48
4679;15
4680;9
4681;68
4682;92
4683;62
4684;85
4685;51
4686;61
4687;8
4688;15
4689;21
4690;46
4691;51
4692;24
4693;35
4694;23
4695;60
4696;48
4697;72
4698;47
4699;46
4700;91
4701;43
4702;13
4703;41
4704;51
4705;71
4706;50
4707;27
4708;16
4709;12
4710;58
4711;67
4712;75
4713;31
4714;66
4715;69
4716;51
4717;21
4718;25
4719;65
4720;82
4721;25
4722;62
4723;24
4724;47
4725;48
4726;72
4727;45
4728;21
4729;22
4730;82
4731;49
4732;81
4733;83
4734;63
4735;29
4736;55
4737;9
4738;7
4739;47
4740;42
4741;37
4742;35
4743;4
4744;11
4745;14
4746;4
4747;54
4748;10
4749;72
4750;61
4751;72
4752;42
4753;57
4754;77
4755;51
4756;23
4757;60
4758;24
4759;60
4760;60
4761;43
4762;38
4763;1
4764;0
4765;50
4766;25
4767;49
4768;45
4769;16
4770;18
4771;53
4772;60
4773;91
4774;51
4775;48
4776;57
4777;34
4778;17
4779;64
4780;65
4781;70
4782;72
4783;95
4784;62
4785;63
4786;33
4787;70
4788;50
4789;32
4790;17
4791;9
4792;74
4793;76
4794;58
4795;38
4796;32
4797;7
4798;15
4799;52
4800;71
4801;46
4802;59
4803;36
4804;8
4805;16
4806;17
4807;30
4808;24
4809;28
4810;77
4811;71
4812;34
4813;34
4814;63
4815;46
4816;58
4817;55
4818;65
4819;52
4820;65
4821;78
4822;66
4823;34
4824;30
4825;29
4826;11
4827;6
4828;48
4829;64
4830;13
4831;6
4832;69
4833;40
4834;32
4835;36
4836;44
4837;31
4838;14
4839;18
4840;64
4841;71
4842;71
4843;26
4844;36
4845;53
4846;61
4847;19
4848;32
4849;19
4850;59
4851;67
4852;73
4853;62
4854;45
4855;71
4856;51
4857;44
4858;63
4859;56
4860;88
4861;50
4862;53
4863;94
4864;42
4865;71
4866;42
4867;63
4868;63
4869;38
4870;32
4871;23
4872;44
4873;52
4874;51
4875;60
4876;65
4877;54
4878;28
4879;12
4880;6
4881;60
4882;56
4883;64
4884;37
4885;33
4886;5
4887;1
4888;2
4889;55
4890;66
4891;31
4892;41
4893;1
4894;4
4895;23
4896;65
4897;86
4898;85
4899;28
4900;54
4901;53
4902;60
4903;22
4904;51
4905;26
4906;47
4907;33
4908;6
4909;68
4910;56
4911;50
4912;41
4913;15
4914;14
4915;6
4916;34
4917;23
4918;55
4919;35
4920;29
4921;26
4922;18
4923;83
4924;67
4925;63
4926;61
4927;77
4928;78
4929;50
4930;43
4931;34
4932;34
4933;43
4934;32
4935;18
4936;9
4937;50
4938;63
4939;75
4940;25
4941;73
4942;20
4943;66
4944;56
4945;34
4946;56
4947;72
4948;93
4949;79
4950;66
4951;22
4952;20
4953;38
4954;36
4955;37
4956;23
4957;33
4958;55
4959;11
4960;7
4961;73
4962;30
4963;16
4964;83
4965;54
4966;62
4967;29
4968;67
4969;44
4970;46
4971;38
4972;29
4973;57
4974;20
4975;37
4976;81
4977;55
4978;38
4979;7
4980;7
4981;36
4982;35
4983;18
4984;29
4985;11
4986;40
4987;30
4988;34
4989;61
4990;29
4991;17
4992;54
4993;67
4994;30
4995;19
4996;18
4997;8
4998;2
4999;63
5000;40
5001;10
5002;16
5003;47
5004;46
5005;70
5006;68
5007;50
5008;19
5009;19
5010;5
5011;66
5012;67
5013;67
5014;66
5015;65
5016;21
5017;56
5018;20
5019;67
5020;55
5021;47
5022;6
5023;17
5024;45
5025;37
5026;34
5027;8
5028;5
5029;55
5030;42
5031;26
5032;12
5033;6
5034;18
5035;59
5036;75
5037;69
5038;34
5039;39
5040;46
5041;32
5042;17
5043;18
5044;39
5045;50
5046;8
5047;60
5048;55
5049;47
5050;63
5051;41
5052;12
5053;15
5054;36
5055;64
5056;6
5057;8
5058;12
5059;22
5060;62
5061;71
5062;26
5063;20
5064;56
5065;45
5066;15
5067;7
5068;82
5069;31
5070;64
5071;42
5072;6
5073;10
5074;51
5075;66
5076;51
5077;49
5078;12
5079;7
5080;35
5081;43
5082;12
5083;5
5084;5
5085;45
5086;39
5087;17
5088;6
5089;40
5090;77
5091;71
5092;61
5093;22
5094;44
5095;4
5096;2
5097;40
5098;43
5099;16
5100;6
5101;55
5102;74
5103;72
5104;33
5105;41
5106;12
5107;11
5108;35
5109;22
5110;38
5111;4
5112;17
5113;72
5114;58
5115;86
5116;70
5117;50
5118;27
5119;17
5120;18
5121;31
5122;37
5123;5
5124;8
5125;50
5126;55
5127;65
5128;29
5129;49
5130;65
5131;57
5132;40
5133;21
5134;25
5135;57
5136;66
5137;35
5138;29
5139;4
5140;5
5141;51
5142;48
5143;8
5144;17
5145;18
5146;34
5147;31
5148;10
5149;68
5150;53
5151;39
5152;49
5153;2
5154;3
5155;21
5156;40
5157;81
5158;34
5159;69
5160;42
5161;52
5162;37
5163;1
5164;68
5165;46
5166;47
5167;16
5168;8
5169;31
5170;47
5171;9
5172;10
5173;18
5174;21
5175;27
5176;48
5177;50
5178;97
5179;51
5180;47
5181;39
5182;1
5183;39
5184;71
5185;43
5186;19
5187;23
5188;57
5189;19
5190;33
5191;39
5192;15
5193;16
5194;41
5195;37
5196;8
5197;4
5198;79
5199;59
5200;19
5201;23
5202;65
5203;56
5204;21
5205;83
5206;19
5207;65
5208;66
5209;76
5210;68
5211;73
5212;53
5213;32
5214;11
5215;37
5216;73
5217;66
5218;41
5219;28
5220;14
5221;2
5222;71
5223;77
5224;60
5225;45
5226;80
5227;81
5228;23
5229;88
5230;32
5231;56
5232;49
5233;44
5234;14
5235;42
5236;46
5237;6
5238;82
5239;40
5240;31
5241;15
5242;3
5243;27
5244;31
5245;6
5246;8
5247;63
5248;19
5249;55
5250;78
5251;69
5252;57
5253;50
5254;36
5255;64
5256;7
5257;7
5258;58
5259;60
5260;14
5261;17
5262;61
5263;66
5264;63
5265;73
5266;43
5267;47
5268;62
5269;32
5270;53
5271;10
5272;8
5273;55
5274;70
5275;74
5276;25
5277;75
5278;20
5279;57
5280;36
5281;81
5282;71
5283;43
5284;36
5285;33
5286;8
5287;7
5288;57
5289;26
5290;37
5291;28
5292;64
5293;9
5294;6
5295;35
5296;53
5297;36
5298;53
5299;47
5300;17
5301;39
5302;52
5303;11
5304;8
5305;69
5306;19
5307;19
5308;89
5309;93
5310;44
5311;32
5312;51
5313;78
5314;39
5315;26
5316;72
5317;28
5318;52
5319;11
5320;17
5321;55
5322;22
5323;65
5324;24
5325;49
5326;36
5327;89
5328;47
5329;10
5330;8
5331;87
5332;56
5333;55
5334;21
5335;47
5336;49
5337;15
5338;17
5339;76
5340;77
5341;54
5342;51
5343;19
5344;49
5345;63
5346;56
5347;81
5348;52
5349;54
5350;84
5351;67
5352;29
5353;65
5354;43
5355;59
5356;27
5357;81
5358;59
5359;60
5360;42
5361;12
5362;13
5363;20
5364;79
5365;75
5366;70
5367;37
5368;39
5369;7
5370;46
5371;32
5372;43
5373;33
5374;41
5375;46
5376;14
5377;65
5378;52
5379;62
5380;7
5381;36
5382;51
5383;80
5384;30
5385;51
5386;8
5387;15
5388;37
5389;56
5390;16
5391;7
5392;10
5393;71
5394;57
5395;27
5396;14
5397;8
5398;48
5399;35
5400;9
5401;11
5402;11
5403;57
5404;58
5405;41
5406;28
5407;3
5408;29
5409;28
5410;13
5411;2
5412;48
5413;79
5414;74
5415;71
5416;49
5417;60
5418;20
5419;42
5420;60
5421;10
5422;56
5423;14
5424;70
5425;67
5426;62
5427;76
5428;49
5429;27
5430;3
5431;1
5432;56
5433;40
5434;41
5435;57
5436;23
5437;45
5438;56
5439;47
5440;58
5441;52
5442;18
5443;9
5444;17
5445;28
5446;24
5447;11
5448;1
5449;37
5450;63
5451;17
5452;15
5453;15
5454;9
5455;55
5456;32
5457;65
5458;22
5459;38
5460;44
5461;9
5462;16
5463;2
5464;41
5465;58
5466;50
5467;48
5468;13
5469;14
5470;59
5471;41
5472;6
5473;12
5474;18
5475;52
5476;75
5477;45
5478;56
5479;12
5480;12
5481;54
5482;76
5483;56
5484;53
5485;8
5486;34
5487;25
5488;24
5489;28
5490;20
5491;30
5492;47
5493;75
5494;65
5495;21
5496;30
5497;27
5498;0
5499;47
5500;66
5501;70
5502;37
5503;74
5504;66
5505;51
5506;30
5507;67
5508;73
5509;40
5510;58
5511;77
5512;33
5513;62
5514;42
5515;6
5516;6
5517;44
5518;40
5519;0
5520;9
5521;21
5522;53
5523;64
5524;33
5525;40
5526;39
5527;10
5528;3
5529;25
5530;68
5531;66
5532;42
5533;11
5534;19
5535;54
5536;20
5537;69
5538;24
5539;38
5540;23
5541;19
5542;56
5543;56
5544;68
5545;77
5546;57
5547;53
5548;43
5549;46
5550;8
5551;15
5552;49
5553;58
5554;46
5555;56
5556;42
5557;20
5558;66
5559;57
5560;53
5561;58
5562;69
5563;30
5564;16
5565;13
5566;63
5567;62
5568;35
5569;56
5570;29
5571;34
5572;7
5573;77
5574;20
5575;69
5576;37
5577;46
5578;17
5579;13
5580;66
5581;49
5582;64
5583;74
5584;63
5585;59
5586;35
5587;19
5588;62
5589;47
5590;58
5591;48
5592;79
5593;50
5594;33
5595;38
5596;7
5597;12
5598;73
5599;74
5600;79
5601;51
5602;82
5603;70
5604;39
5605;56
5606;58
5607;63
5608;19
5609;65
5610;52
5611;80
5612;69
5613;21
5614;67
5615;58
5616;20
5617;43
5618;28
5619;0
5620;2
5621;20
5622;71
5623;24
5624;52
5625;90
5626;64
5627;47
5628;50
5629;45
5630;42
5631;1
5632;0
5633;24
5634;41
5635;3
5636;6
5637;85
5638;73
5639;56
5640;65
5641;28
5642;70
5643;43
5644;40
5645;29
5646;66
5647;54
5648;55
5649;66
5650;30
5651;60
5652;10
5653;9
5654;40
5655;52
5656;28
5657;49
5658;0
5659;3
5660;42
5661;56
5662;32
5663;7
5664;18
5665;15
5666;50
5667;53
5668;55
5669;62
5670;62
5671;58
5672;83
5673;29
5674;59
5675;11
5676;10
5677;18
5678;41
5679;63
5680;7
5681;12
5682;64
5683;41
5684;36
5685;7
5686;11
5687;51
5688;54
5689;59
5690;64
5691;54
5692;69
5693;61
5694;36
5695;14
5696;61
5697;44
5698;41
5699;76
5700;75
5701;70
5702;63
5703;33
5704;58
5705;57
5706;55
5707;43
5708;11
5709;18
5710;22
5711;80
5712;27
5713;78
5714;53
5715;70
5716;53
5717;58
5718;12
5719;12
5720;9
5721;54
5722;50
5723;23
5724;70
5725;78
5726;56
5727;48
5728;47
5729;59
5730;77
5731;70
5732;54
5733;37
5734;52
5735;76
5736;32
5737;55
5738;9
5739;6
5740;49
5741;71
5742;35
5743;46
5744;9
5745;10
5746;30
5747;1
5748;9
5749;53
5750;80
5751;52
5752;42
5753;58
5754;34
5755;37
5756;64
5757;56
5758;32
5759;17
5760;12
5761;37
5762;47
5763;0
5764;0
5765;12
5766;8
5767;0
5768;12
5769;26
5770;29
5771;17
5772;5
5773;70
5774;40
5775;38
5776;55
5777;82
5778;29
5779;38
5780;2
5781;73
5782;42
5783;38
5784;67
5785;35
5786;40
5787;13
5788;6
5789;10
5790;57
5791;79
5792;31
5793;43
5794;13
5795;13
5796;49
5797;53
5798;48
5799;46
5800;32
5801;6
5802;16
5803;46
5804;62
5805;19
5806;44
5807;74
5808;64
5809;59
5810;46
5811;45
5812;31
5813;0
5814;3
5815;78
5816;75
5817;31
5818;22
5819;32
5820;61
5821;25
5822;56
5823;23
5824;62
5825;71
5826;70
5827;45
5828;75
5829;72
5830;70
5831;36
5832;35
5833;9
5834;45
5835;17
5836;17
5837;48
5838;45
5839;4
5840;10
5841;51
5842;71
5843;24
5844;26
5845;52
5846;64
5847;65
5848;23
5849;81
5850;76
5851;22
5852;28
5853;41
5854;36
5855;14
5856;13
5857;56
5858;59
5859;59
5860;43
5861;56
5862;12
5863;6
5864;43
5865;56
5866;45
5867;19
5868;86
5869;47
5870;31
5871;10
5872;0
5873;77
5874;53
5875;51
5876;55
5877;64
5878;51
5879;32
5880;30
5881;67
5882;55
5883;32
5884;46
5885;32
5886;18
5887;17
5888;18
5889;39
5890;51
5891;51
5892;35
5893;29
5894;3
5895;14
5896;25
5897;59
5898;47
5899;61
5900;79
5901;48
5902;56
5903;10
5904;36
5905;33
5906;60
5907;13
5908;6
5909;7
5910;83
5911;24
5912;62
5913;73
5914;79
5915;51
5916;19
5917;41
5918;62
5919;42
5920;45
5921;8
5922;8
5923;44
5924;55
5925;90
5926;57
5927;36
5928;13
5929;12
5930;43
5931;61
5932;7
5933;13
5934;9
5935;39
5936;10
5937;11
5938;60
5939;22
5940;40
5941;11
5942;61
5943;14
5944;57
5945;91
5946;36
5947;66
5948;47
5949;35
5950;14
5951;13
5952;82
5953;60
5954;64
5955;65
5956;57
5957;87
5958;52
5959;21
5960;42
5961;55
5962;15
5963;9
5964;34
5965;28
5966;78
5967;54
5968;25
5969;49
5970;72
5971;36
5972;4
5973;39
5974;32
5975;41
5976;40
5977;12
5978;16
5979;25
5980;33
5981;36
5982;0
5983;3
5984;85
5985;49
5986;49
5987;46
5988;39
5989;63
5990;10
5991;14
5992;37
5993;62
5994;39
5995;45
5996;13
5997;5
5998;2
5999;26
6000;36
6001;0
6002;2
6003;32
6004;25
6005;59
6006;51
6007;30
6008;20
6009;13
6010;5
6011;4
6012;4
6013;50
6014;56
6015;15
6016;54
6017;65
6018;59
6019;33
6020;15
6021;6
6022;67
6023;45
6024;61
6025;74
6026;56
6027;53
6028;56
6029;99
6030;32
6031;23
6032;50
6033;63
6034;52
6035;59
6036;64
6037;51
6038;33
6039;63
6040;46
6041;21
6042;3
6043;11
6044;1
6045;51
6046;46
6047;58
6048;19
6049;71
6050;75
6051;25
6052;39
6053;49
6054;39
6055;7
6056;10
6057;38
6058;80
6059;51
6060;22
6061;60
6062;52
6063;51
6064;8
6065;15
6066;72
6067;64
6068;87
6069;23
6070;81
6071;51
6072;36
6073;63
6074;6
6075;15
6076;59
6077;21
6078;28
6079;52
6080;38
6081;31
6082;5
6083;15
6084;57
6085;25
6086;51
6087;50
6088;36
6089;73
6090;63
6091;64
6092;21
6093;50
6094;63
6095;28
6096;69
6097;50
6098;45
6099;47
6100;9
6101;14
6102;36
6103;63
6104;90
6105;23
6106;42
6107;44
6108;22
6109;66
6110;85
6111;68
6112;42
6113;16
6114;52
6115;13
6116;9
6117;72
6118;40
6119;40
6120;38
6121;17
6122;0
6123;3
6124;58
6125;24
6126;36
6127;31
6128;16
6129;3
6130;4
6131;60
6132;74
6133;25
6134;27
6135;65
6136;52
6137;48
6138;46
6139;26
6140;1
6141;1
6142;75
6143;40
6144;11
6145;9
6146;77
6147;35
6148;62
6149;15
6150;6
6151;56
6152;59
6153;28
6154;70
6155;88
6156;53
6157;25
6158;46
6159;44
6160;69
6161;34
6162;74
6163;56
6164;36
6165;39
6166;1
6167;9
6168;68
6169;52
6170;49
6171;62
6172;53
6173;57
6174;36
6175;43
6176;12
6177;50
6178;31
6179;19
6180;79
6181;24
6182;47
6183;43
6184;52
6185;17
6186;13
6187;25
6188;65
6189;63
6190;42
6191;29
6192;10
6193;62
6194;47
6195;10
6196;57
6197;25
6198;31
6199;56
6200;32
6201;17
6202;16
6203;9
6204;40
6205;72
6206;46
6207;72
6208;39
6209;41
6210;9
6211;6
6212;62
6213;30
6214;8
6215;16
6216;50
6217;30
6218;13
6219;11
6220;70
6221;29
6222;52
6223;9
6224;10
6225;62
6226;51
6227;12
6228;9
6229;49
6230;57
6231;60
6232;70
6233;33
6234;47
6235;8
6236;7
6237;65
6238;82
6239;65
6240;61
6241;30
6242;38
6243;31
6244;2
6245;4
6246;25
6247;75
6248;39
6249;72
6250;65
6251;60
6252;24
6253;60
6254;57
6255;59
6256;26
6257;72
6258;56
6259;37
6260;53
6261;47
6262;62
6263;6
6264;62
6265;45
6266;80
6267;82
6268;55
6269;73
6270;49
6271;39
6272;20
6273;80
6274;48
6275;25
6276;31
6277;42
6278;16
6279;17
6280;9
6281;58
6282;55
6283;58
6284;76
6285;52
6286;60
6287;77
6288;61
6289;39
6290;36
6291;5
6292;5
6293;58
6294;86
6295;63
6296;58
6297;11
6298;8
6299;14
6300;21
6301;34
6302;3
6303;38
6304;49
6305;9
6306;2
6307;48
6308;23
6309;1
6310;2
6311;3
6312;3
6313;39
6314;81
6315;24
6316;24
6317;53
6318;14
6319;7
6320;59
6321;20
6322;61
6323;71
6324;80
6325;68
6326;19
6327;41
6328;58
6329;59
6330;63
6331;39
6332;41
6333;3
6334;6
6335;84
6336;51
6337;80
6338;51
6339;34
6340;10
6341;26
6342;59
6343;37
6344;35
6345;3
6346;17
6347;29
6348;33
6349;16
6350;11
6351;37
6352;49
6353;55
6354;49
6355;12
6356;37
6357;24
6358;51
6359;52
6360;52
6361;84
6362;36
6363;55
6364;63
6365;48
6366;3
6367;0
6368;31
6369;21
6370;94
6371;50
6372;76
6373;42
6374;29
6375;7
6376;8
6377;18
6378;74
6379;71
6380;56
6381;42
6382;41
6383;50
6384;19
6385;29
6386;61
6387;71
6388;76
6389;53
6390;45
6391;41
6392;2
6393;5
6394;50
6395;41
6396;64
6397;18
6398;11
6399;48
6400;49
6401;48
6402;46
6403;8
6404;11
6405;11
6406;9
6407;49
6408;51
6409;59
6410;50
6411;27
6412;37
6413;10
6414;5
6415;47
6416;54
6417;16
6418;75
6419;87
6420;66
6421;22
6422;35
6423;50
6424;29
6425;35
6426;25
6427;28
6428;42
6429;3
6430;2
6431;73
6432;19
6433;46
6434;47
6435;86
6436;50
6437;67
6438;87
6439;53
6440;62
6441;72
6442;27
6443;42
6444;11
6445;9
6446;53
6447;61
6448;47
6449;71
6450;40
6451;27
6452;3
6453;0
6454;39
6455;40
6456;3
6457;15
6458;51
6459;15
6460;6
6461;39
6462;39
6463;9
6464;16
6465;77
6466;56
6467;23
6468;42
6469;4
6470;8
6471;81
6472;58
6473;65
6474;78
6475;26
6476;40
6477;55
6478;42
6479;23
6480;2
6481;79
6482;47
6483;24
6484;78
6485;23
6486;62
6487;50
6488;13
6489;14
6490;27
6491;22
6492;36
6493;0
6494;1
6495;55
6496;38
6497;8
6498;12
6499;53
6500;71
6501;72
6502;26
6503;72
6504;52
6505;62
6506;69
6507;23
6508;25
6509;25
6510;33
6511;20
6512;64
6513;17
6514;16
6515;78
6516;20
6517;73
6518;26
6519;24
6520;65
6521;94
6522;63
6523;73
6524;71
6525;63
6526;48
6527;34
6528;7
6529;63
6530;50
6531;49
6532;81
6533;33
6534;87
6535;23
6536;53
6537;33
6538;57
6539;58
6540;40
6541;57
6542;13
6543;44
6544;39
6545;13
6546;22
6547;36
6548;64
6549;12
6550;7
6551;37
6552;37
6553;12
6554;13
6555;64
6556;61
6557;51
6558;66
6559;51
6560;54
6561;51
6562;53
6563;48
6564;71
6565;44
6566;48
6567;17
6568;70
6569;71
6570;30
6571;20
6572;7
6573;4
6574;4
6575;43
6576;53
6577;74
6578;64
6579;32
6580;13
6581;13
6582;7
6583;51
6584;70
6585;81
6586;61
6587;39
6588;39
6589;3
6590;5
6591;9
6592;32
6593;41
6594;18
6595;5
6596;59
6597;19
6598;43
6599;43
6600;3
6601;71
6602;41
6603;33
6604;22
6605;76
6606;32
6607;81
6608;44
6609;35
6610;1
6611;2
6612;36
6613;52
6614;9
6615;57
6616;7
6617;10
6618;58
6619;45
6620;28
6621;12
6622;5
6623;31
6624;41
6625;45
6626;3
6627;11
6628;3
6629;18
6630;56
6631;55
6632;40
6633;62
6634;72
6635;31
6636;66
6637;75
6638;71
6639;44
6640;66
6641;74
6642;54
6643;49
6644;89
6645;19
6646;41
6647;33
6648;13
6649;7
6650;29
6651;36
6652;15
6653;6
6654;11
6655;27
6656;80
6657;23
6658;33
6659;80
6660;23
6661;77
6662;41
6663;48
6664;14
6665;17
6666;73
6667;88
6668;38
6669;20
6670;76
6671;39
6672;27
6673;20
6674;33
6675;20
6676;75
6677;45
6678;45
6679;3
6680;51
6681;67
6682;56
6683;41
6684;6
6685;8
6686;6
6687;83
6688;72
6689;62
6690;45
6691;11
6692;11
6693;52
6694;71
6695;64
6696;51
6697;61
6698;48
6699;71
6700;60
6701;75
6702;40
6703;66
6704;73
6705;61
6706;91
6707;23
6708;21
6709;50
6710;84
6711;63
6712;38
6713;56
6714;74
6715;60
6716;65
6717;30
6718;24
6719;13
6720;3
6721;50
6722;36
6723;17
6724;18
6725;15
6726;64
6727;24
6728;69
6729;46
6730;57
6731;88
6732;80
6733;43
6734;89
6735;72
6736;61
6737;68
6738;74
6739;28
6740;10
6741;16
6742;35
6743;64
6744;55
6745;6
6746;43
6747;54
6748;33
6749;53
6750;24
6751;61
6752;59
6753;45
6754;7
6755;17
6756;88
6757;63
6758;62
6759;56
6760;22
6761;81
6762;21
6763;22
6764;56
6765;60
6766;64
6767;66
6768;27
6769;21
6770;39
6771;42
6772;5
6773;5
6774;49
6775;39
6776;48
6777;63
6778;76
6779;56
6780;68
6781;57
6782;61
6783;54
6784;55
6785;31
6786;14
6787;10
6788;47
6789;79
6790;41
6791;36
6792;61
6793;57
6794;53
6795;41
6796;11
6797;6
6798;70
6799;69
6800;20
6801;19
6802;14
6803;14
6804;12
6805;69
6806;70
6807;27
6808;42
6809;38
6810;10
6811;16
6812;42
6813;60
6814;9
6815;16
6816;59
6817;10
6818;50
6819;27
6820;52
6821;73
6822;74
6823;43
6824;23
6825;73
6826;38
6827;27
6828;53
6829;13
6830;9
6831;19
6832;53
6833;67
6834;61
6835;39
6836;58
6837;7
6838;14
6839;24
6840;20
6841;72
6842;38
6843;4
6844;57
6845;23
6846;24
6847;47
6848;61
6849;32
6850;34
6851;47
6852;33
6853;20
6854;3
6855;61
6856;46
6857;70
6858;45
6859;32
6860;4
6861;8
6862;12
6863;75
6864;26
6865;65
6866;68
6867;57
6868;76
6869;72
6870;73
6871;73
6872;52
6873;30
6874;26
6875;24
6876;21
6877;74
6878;67
6879;34
6880;2
6881;59
6882;32
6883;38
6884;74
6885;36
6886;33
6887;18
6888;41
6889;55
6890;7
6891;17
6892;56
6893;46
6894;34
6895;1
6896;36
6897;40
6898;1
6899;14
6900;0
6901;37
6902;72
6903;22
6904;47
6905;24
6906;28
6907;25
6908;76
6909;23
6910;45
6911;70
6912;30
6913;57
6914;55
6915;34
6916;29
6917;18
6918;1
6919;24
6920;31
6921;10
6922;6
6923;28
6924;55
6925;17
6926;9
6927;76
6928;54
6929;63
6930;43
6931;36
6932;46
6933;64
6934;43
6935;29
6936;1
6937;5
6938;61
6939;31
6940;49
6941;2
6942;0
6943;28
6944;23
6945;53
6946;36
6947;93
6948;59
6949;19
6950;81
6951;24
6952;24
6953;61
6954;23
6955;34
6956;3
6957;3
6958;64
6959;53
6960;19
6961;84
6962;55
6963;79
6964;62
6965;63
6966;52
6967;30
6968;69
6969;80
6970;57
6971;73
6972;57
6973;26
6974;13
6975;14
6976;14
6977;75
6978;33
6979;26
6980;28
6981;16
6982;14
6983;25
6984;42
6985;36
6986;63
6987;59
6988;46
6989;16
6990;11
6991;14
6992;71
6993;23
6994;59
6995;41
6996;44
6997;3
6998;1
6999;64
7000;39
7001;12
7002;12
7003;53
7004;81
7005;50
7006;61
7007;45
7008;50
7009;92
7010;66
7011;60
7012;65
7013;60
7014;64
7015;67
7016;55
7017;57
7018;7
7019;9
7020;61
7021;42
7022;52
7023;17
7024;17
7025;55
7026;62
7027;7
7028;6
7029;86
7030;60
7031;41
7032;50
7033;47
7034;58
7035;59
7036;79
7037;67
7038;27
7039;56
7040;44
7041;46
7042;10
7043;7
7044;62
7045;94
7046;92
7047;53
7048;69
7049;52
7050;20
7051;53
7052;22
7053;37
7054;6
7055;3
7056;68
7057;43
7058;52
7059;77
7060;83
7061;43
7062;9
7063;17
7064;62
7065;23
7066;28
7067;35
7068;41
7069;12
7070;2
7071;5
7072;82
7073;66
7074;37
7075;40
7076;8
7077;6
7078;29
7079;20
7080;79
7081;72
7082;75
7083;53
7084;60
7085;18
7086;82
7087;57
7088;72
7089;50
7090;33
7091;76
7092;47
7093;47
7094;10
7095;2
7096;2
7097;74
7098;59
7099;37
7100;13
7101;7
7102;53
7103;60
7104;6
7105;37
7106;58
7107;27
7108;55
7109;50
7110;12
7111;8
7112;86
7113;61
7114;49
7115;8
7116;13
7117;16
7118;40
7119;27
7120;14
7121;9
7122;46
7123;54
7124;12
7125;18
7126;14
7127;46
7128;72
7129;50
7130;12
7131;70
7132;49
7133;9
7134;24
7135;29
7136;1
7137;2
7138;14
7139;58
7140;66
7141;63
7142;20
7143;29
7144;51
7145;59
7146;58
7147;23
7148;51
7149;72
7150;58
7151;59
7152;11
7153;15
7154;54
7155;69
7156;51
7157;31
7158;39
7159;74
7160;47
7161;74
7162;65
7163;70
7164;29
7165;45
7166;32
7167;7
7168;7
7169;54
7170;63
7171;67
7172;71
7173;79
7174;53
7175;58
7176;46
7177;18
7178;38
7179;12
7180;59
7181;29
7182;61
7183;43
7184;38
7185;14
7186;14
7187;3
7188;53
7189;84
7190;54
7191;25
7192;55
7193;37
7194;3
7195;1
7196;50
7197;32
7198;8
7199;14
7200;51
7201;52
7202;92
7203;63
7204;20
7205;54
7206;47
7207;48
7208;13
7209;16
7210;42
7211;46
7212;34
7213;14
7214;11
7215;17
7216;61
7217;56
7218;27
7219;87
7220;44
7221;52
7222;65
7223;56
7224;70
7225;60
7226;49
7227;38
7228;32
7229;17
7230;2
7231;68
7232;25
7233;59
7234;6
7235;8
7236;53
7237;58
7238;50
7239;60
7240;6
7241;11
7242;38
7243;45
7244;11
7245;11
7246;12
7247;35
7248;40
7249;33
7250;0
7251;77
7252;30
7253;59
7254;47
7255;16
7256;13
7257;45
7258;46
7259;65
7260;47
7261;36
7262;12
7263;19
7264;28
7265;0
7266;8
7267;13
7268;74
7269;69
7270;56
7271;46
7272;38
7273;27
7274;18
7275;3
7276;0
7277;25
7278;35
7279;1
7280;1
7281;59
7282;35
7283;43
7284;6
7285;11
7286;9
7287;16
7288;28
7289;60
7290;57
7291;40
7292;31
7293;10
7294;1
7295;7
7296;17
7297;4
7298;47
7299;57
7300;36
7301;43
7302;18
7303;16
7304;10
7305;55
7306;55
7307;74
7308;46
7309;48
7310;9
7311;6
7312;11
7313;25
7314;60
7315;77
7316;36
7317;33
7318;8
7319;2
7320;56
7321;71
7322;55
7323;47
7324;73
7325;59
7326;81
7327;70
7328;77
7329;63
7330;52
7331;67
7332;73
7333;46
7334;88
7335;19
7336;47
7337;26
7338;65
7339;44
7340;33
7341;3
7342;5
7343;2
7344;42
7345;63
7346;16
7347;16
7348;10
7349;66
7350;47
7351;24
7352;34
7353;2
7354;4
7355;72
7356;22
7357;49
7358;49
7359;13
7360;52
7361;65
7362;66
7363;70
7364;56
7365;68
7366;74
7367;25
7368;71
7369;64
7370;52
7371;51
7372;10
7373;48
7374;43
7375;12
7376;83
7377;57
7378;48
7379;32
7380;12
7381;32
7382;40
7383;22
7384;2
7385;35
7386;13
7387;15
7388;67
7389;72
7390;58
7391;83
7392;53
7393;53
7394;39
7395;39
7396;1
7397;88
7398;60
7399;14
7400;13
7401;68
7402;46
7403;63
7404;55
7405;62
7406;7
7407;13
7408;31
7409;38
7410;12
7411;18
7412;31
7413;34
7414;29
7415;66
7416;55
7417;70
7418;53
7419;30
7420;53
7421;24
7422;22
7423;49
7424;19
7425;78
7426;56
7427;64
7428;55
7429;60
7430;91
7431;58
7432;87
7433;56
7434;49
7435;37
7436;7
7437;16
7438;48
7439;23
7440;74
7441;39
7442;16
7443;7
7444;49
7445;63
7446;23
7447;61
7448;23
7449;47
7450;59
7451;49
7452;40
7453;7
7454;10
7455;55
7456;28
7457;60
7458;40
7459;15
7460;16
7461;10
7462;52
7463;39
7464;35
7465;4
7466;1
7467;2
7468;54
7469;48
7470;14
7471;17
7472;58
7473;59
7474;71
7475;73
7476;49
7477;44
7478;59
7479;7
7480;13
7481;7
7482;27
7483;32
7484;25
7485;65
7486;30
7487;22
7488;68
7489;24
7490;85
7491;56
7492;42
7493;54
7494;58
7495;63
7496;69
7497;56
7498;40
7499;56
7500;72
7501;65
7502;69
7503;43
7504;23
7505;13
7506;53
7507;72
7508;38
7509;30
7510;15
7511;4
7512;49
7513;66
7514;53
7515;34
7516;45
7517;70
7518;41
7519;42
7520;45
7521;17
7522;11
7523;55
7524;36
7525;55
7526;62
7527;59
7528;63
7529;26
7530;40
7531;11
7532;35
7533;55
7534;41
7535;60
7536;71
7537;27
7538;71
7539;68
7540;77
7541;28
7542;57
7543;15
7544;16
7545;32
7546;53
7547;46
7548;36
7549;19
7550;56
7551;20
7552;52
7553;19
7554;34
7555;28
7556;10
7557;16
7558;36
7559;15
7560;20
7561;31
7562;30
7563;34
7564;24
7565;13
7566;17
7567;47
7568;60
7569;22
7570;25
7571;17
7572;3
7573;13
7574;33
7575;49
7576;46
7577;7
7578;77
7579;56
7580;81
7581;48
7582;53
7583;13
7584;6
7585;48
7586;9
7587;10
7588;28
7589;34
7590;6
7591;32
7592;46
7593;36
7594;13
7595;54
7596;54
7597;6
7598;9
7599;9
7600;87
7601;46
7602;63
7603;76
7604;63
7605;46
7606;19
7607;57
7608;53
7609;58
7610;68
7611;47
7612;34
7613;34
7614;9
7615;46
7616;58
7617;62
7618;36
7619;9
7620;13
7621;31
7622;35
7623;9
7624;18
7625;28
7626;66
7627;51
7628;22
7629;20
7630;63
7631;36
7632;80
7633;72
7634;71
7635;59
7636;56
7637;56
7638;66
7639;23
7640;66
7641;59
7642;19
7643;55
7644;87
7645;51
7646;56
7647;47
7648;35
7649;52
7650;55
7651;60
7652;38
7653;30
7654;3
7655;64
7656;38
7657;17
7658;30
7659;59
7660;24
7661;74
7662;79
7663;42
7664;23
7665;72
7666;44
7667;44
7668;7
7669;13
7670;10
7671;26
7672;61
7673;51
7674;34
7675;38
7676;12
7677;7
7678;43
7679;20
7680;11
7681;2
7682;30
7683;41
7684;4
7685;59
7686;42
7687;42
7688;24
7689;15
7690;18
7691;87
7692;21
7693;37
7694;44
7695;7
7696;15
7697;69
7698;29
7699;60
7700;79
7701;39
7702;61
7703;57
7704;37
7705;63
7706;40
7707;47
7708;75
7709;56
7710;38
7711;48
7712;7
7713;67
7714;50
7715;64
7716;67
7717;53
7718;67
7719;70
7720;35
7721;26
7722;12
7723;0
7724;73
7725;68
7726;49
7727;57
7728;9
7729;10
7730;30
7731;43
7732;87
7733;50
7734;28
7735;19
7736;56
7737;79
7738;38
7739;54
7740;33
7741;62
7742;54
7743;6
7744;12
7745;72
7746;46
7747;39
7748;7
7749;16
7750;49
7751;58
7752;12
7753;17
7754;38
7755;24
7756;54
7757;52
7758;73
7759;49
7760;47
7761;9
7762;9
7763;52
7764;79
7765;56
7766;70
7767;38
7768;36
7769;41
7770;8
7771;7
7772;40
7773;48
7774;7
7775;9
7776;87
7777;51
7778;36
7779;41
7780;6
7781;13
7782;16
7783;35
7784;39
7785;2
7786;10
7787;42
7788;46
7789;25
7790;46
7791;7
7792;12
7793;66
7794;63
7795;66
7796;75
7797;60
7798;52
7799;33
7800;6
7801;16
7802;61
7803;41
7804;55
7805;30
7806;6
7807;15
7808;31
7809;73
7810;74
7811;53
7812;19
7813;47
7814;26
7815;14
7816;14
7817;47
7818;24
7819;66
7820;79
7821;71
7822;60
7823;69
7824;63
7825;43
7826;45
7827;9
7828;19
7829;28
7830;4
7831;1
7832;52
7833;47
7834;12
7835;17
7836;68
7837;36
7838;43
7839;12
7840;56
7841;76
7842;63
7843;60
7844;50
7845;38
7846;8
7847;65
7848;73
7849;47
7850;66
7851;63
7852;48
7853;39
7854;11
7855;18
7856;60
7857;47
7858;29
7859;70
7860;78
7861;45
7862;54
7863;55
7864;43
7865;15
7866;25
7867;4
7868;1
7869;5
7870;26
7871;44
7872;11
7873;18
7874;19
7875;43
7876;57
7877;18
7878;6
7879;31
7880;68
7881;53
7882;19
7883;48
7884;53
7885;56
7886;86
7887;57
7888;50
7889;62
7890;12
7891;60
7892;40
7893;11
7894;8
7895;13
7896;59
7897;53
7898;35
7899;17
7900;10
7901;49
7902;44
7903;16
7904;47
7905;28
7906;9
7907;10
7908;50
7909;28
7910;62
7911;57
7912;17
7913;10
7914;62
7915;37
7916;24
7917;41
7918;7
7919;55
7920;58
7921;7
7922;13
7923;13
7924;26
7925;28
7926;4
7927;12
7928;48
7929;59
7930;19
7931;36
7932;28
7933;2
7934;5
7935;41
7936;50
7937;55
7938;50
7939;18
7940;9
7941;18
7942;15
7943;79
7944;58
7945;51
7946;13
7947;8
7948;15
7949;52
7950;42
7951;17
7952;18
7953;12
7954;11
7955;28
7956;40
7957;61
7958;79
7959;77
7960;56
7961;61
7962;55
7963;67
7964;66
7965;78
7966;29
7967;38
7968;3
7969;4
7970;34
7971;25
7972;5
7973;20
7974;64
7975;51
7976;43
7977;13
7978;8
7979;73
7980;76
7981;56
7982;51
7983;47
7984;49
7985;18
7986;36
7987;57
7988;47
7989;33
7990;20
7991;49
7992;42
7993;9
7994;10
7995;24
7996;0
7997;54
7998;43
7999;45
8000;41
8001;9
8002;2
8003;33
8004;23
8005;3
8006;3
8007;42
8008;47
8009;0
8010;9
8011;53
8012;30
8013;37
8014;4
8015;1
8016;28
8017;27
8018;6
8019;15
8020;38
8021;38
8022;45
8023;7
8024;17
8025;76
8026;52
8027;30
8028;20
8029;63
8030;60
8031;70
8032;20
8033;42
8034;75
8035;48
8036;22
8037;21
8038;81
8039;45
8040;34
8041;34
8042;9
8043;40
8044;26
8045;5
8046;0
8047;1
8048;60
8049;61
8050;42
8051;16
8052;7
8053;43
8054;29
8055;4
8056;4
8057;32
8058;48
8059;11
8060;18
8061;67
8062;48
8063;76
8064;20
8065;60
8066;23
8067;25
8068;2
8069;8
8070;4
8071;59
8072;62
8073;64
8074;40
8075;44
8076;9
8077;2
8078;56
8079;25
8080;56
8081;62
8082;37
8083;54
8084;49
8085;66
8086;59
8087;54
8088;83
8089;63
8090;53
8091;54
8092;54
8093;51
8094;61
8095;28
8096;49
8097;36
8098;77
8099;50
8100;34
8101;37
8102;6
8103;7
8104;66
8105;72
8106;23
8107;27
8108;86
8109;20
8110;60
8111;53
8112;72
8113;28
8114;53
8115;17
8116;15
8117;7
8118;89
8119;100
8120;97
8121;66
8122;62
8123;20
8124;26
8125;45
8126;5
8127;2
8128;47
8129;77
8130;32
8131;30
8132;16
8133;12
8134;22
8135;69
8136;42
8137;74
8138;67
8139;54
8140;67
8141;57
8142;30
8143;14
8144;8
8145;14
8146;66
8147;20
8148;37
8149;8
8150;34
8151;36
8152;19
8153;43
8154;10
8155;2
8156;29
8157;38
8158;4
8159;6
8160;4
8161;1
8162;3
8163;51
8164;77
8165;35
8166;34
8167;16
8168;11
8169;75
8170;41
8171;67
8172;68
8173;38
8174;39
8175;6
8176;10
8177;31
8178;19
8179;22
8180;5
8181;0
8182;0
8183;76
8184;57
8185;70
8186;43
8187;35
8188;61
8189;20
8190;46
8191;26
8192;13
8193;16
8194;50
8195;10
8196;6
8197;59
8198;37
8199;87
8200;71
8201;24
8202;45
8203;8
8204;0
8205;5
8206;83
8207;32
8208;57
8209;8
8210;10
8211;42
8212;33
8213;1
8214;18
8215;54
8216;44
8217;90
8218;20
8219;41
8220;63
8221;54
8222;64
8223;24
8224;43
8225;0
8226;0
8227;82
8228;72
8229;72
8230;44
8231;22
8232;72
8233;41
8234;41
8235;0
8236;9
8237;3
8238;64
8239;51
8240;39
8241;79
8242;34
8243;20
8244;3
8245;4
8246;4
8247;32
8248;48
8249;11
8250;10
8251;13
8252;56
8253;43
8254;39
8255;11
8256;33
8257;22
8258;14
8259;3
8260;2
8261;5
8262;69
8263;29
8264;56
8265;82
8266;28
8267;50
8268;65
8269;52
8270;61
8271;33
8272;49
8273;16
8274;2
8275;2
8276;74
8277;61
8278;29
8279;50
8280;80
8281;49
8282;71
8283;41
8284;20
8285;14
8286;5
8287;56
8288;83
8289;64
8290;32
8291;29
8292;39
8293;13
8294;18
8295;48
8296;68
8297;52
8298;50
8299;44
8300;39
8301;45
8302;88
8303;67
8304;34
8305;30
8306;12
8307;16
8308;81
8309;64
8310;59
8311;46
8312;43
8313;41
8314;7
8315;14
8316;37
8317;38
8318;44
8319;44
8320;6
8321;12
8322;68
8323;47
8324;45
8325;10
8326;2
8327;13
8328;45
8329;31
8330;17
8331;14
8332;4
8333;44
8334;66
8335;75
8336;41
8337;35
8338;4
8339;3
8340;18
8341;60
8342;44
8343;12
8344;12
8345;54
8346;56
8347;81
8348;34
8349;39
8350;45
8351;30
8352;5
8353;3
8354;51
8355;54
8356;62
8357;70
8358;73
8359;20
8360;34
8361;83
8362;67
8363;74
8364;42
8365;24
8366;75
8367;80
8368;43
8369;48
8370;8
8371;5
8372;0
8373;88
8374;53
8375;55
8376;58
8377;55
8378;58
8379;28
8380;38
8381;14
8382;17
8383;20
8384;37
8385;61
8386;44
8387;3
8388;2
8389;20
8390;42
8391;49
8392;46
8393;82
8394;53
8395;77
8396;40
8397;63
8398;33
8399;41
8400;7
8401;14
8402;7
8403;60
8404;53
8405;44
8406;77
8407;55
8408;56
8409;66
8410;23
8411;1
8412;41
8413;37
8414;43
8415;34
8416;7
8417;13
8418;32
8419;30
8420;17
8421;8
8422;8
8423;14
8424;67
8425;58
8426;75
8427;51
8428;27
8429;57
8430;53
8431;81
8432;66
8433;41
8434;34
8435;33
8436;10
8437;4
8438;48
8439;73
8440;45
8441;39
8442;12
8443;12
8444;15
8445;59
8446;50
8447;51
8448;55
8449;64
8450;62
8451;68
8452;44
8453;37
8454;12
8455;6
8456;48
8457;67
8458;76
8459;64
8460;53
8461;9
8462;16
8463;60
8464;31
8465;9
8466;6
8467;69
8468;62
8469;73
8470;68
8471;39
8472;73
8473;25
8474;24
8475;57
8476;33
8477;43
8478;8
8479;4
8480;53
8481;34
8482;46
8483;21
8484;10
8485;22
8486;20
8487;72
8488;54
8489;72
8490;58
8491;49
8492;17
8493;37
8494;43
8495;0
8496;11
8497;6
8498;70
8499;20
8500;82
8501;19
8502;41
8503;30
8504;22
8505;1
8506;2
8507;42
8508;38
8509;11
8510;13
8511;27
8512;35
8513;2
8514;1
8515;52
8516;23
8517;22
8518;78
8519;54
8520;82
8521;71
8522;19
8523;25
8524;25
8525;46
8526;60
8527;57
8528;72
8529;56
8530;49
8531;48
8532;64
8533;18
8534;9
8535;46
8536;73
8537;54
8538;78
8539;47
8540;39
8541;28
8542;6
8543;36
8544;27
8545;37
8546;4
8547;8
8548;63
8549;48
8550;50
8551;30
8552;57
8553;87
8554;29
8555;32
8556;15
8557;73
8558;52
8559;28
8560;21
8561;41
8562;33
8563;2
8564;3
8565;5
8566;35
8567;69
8568;51
8569;27
8570;87
8571;55
8572;29
8573;65
8574;54
8575;26
8576;11
8577;6
8578;56
8579;50
8580;17
8581;18
8582;70
8583;39
8584;64
8585;39
8586;16
8587;17
8588;12
8589;38
8590;60
8591;11
8592;18
8593;42
8594;36
8595;13
8596;8
8597;15
8598;36
8599;26
8600;6
8601;18
8602;35
8603;29
8604;5
8605;5
8606;27
8607;46
8608;20
8609;6
8610;2
8611;32
8612;28
8613;15
8614;14
8615;31
8616;26
8617;63
8618;9
8619;20
8620;57
8621;70
8622;75
8623;72
8624;51
8625;53
8626;42
8627;20
8628;76
8629;55
8630;50
8631;80
8632;74
8633;42
8634;31
8635;1
8636;0
8637;63
8638;45
8639;53
8640;7
8641;11
8642;41
8643;44
8644;6
8645;8
8646;14
8647;54
8648;57
8649;13
8650;15
8651;41
8652;44
8653;70
8654;57
8655;41
8656;59
8657;77
8658;83
8659;50
8660;19
8661;73
8662;57
8663;43
8664;20
8665;67
8666;35
8667;23
8668;45
8669;42
8670;38
8671;74
8672;53
8673;73
8674;66
8675;37
8676;39
8677;9
8678;4
8679;77
8680;79
8681;37
8682;30
8683;44
8684;8
8685;6
8686;9
8687;7
8688;34
8689;4
8690;11
8691;38
8692;48
8693;61
8694;35
8695;38
8696;4
8697;11
8698;4
8699;43
8700;30
8701;31
8702;9
8703;13
8704;8
8705;56
8706;81
8707;49
8708;55
8709;12
8710;12
8711;29
8712;36
8713;46
8714;19
8715;34
8716;45
8717;1
8718;16
8719;33
8720;31
8721;25
8722;77
8723;24
8724;25
8725;58
8726;29
8727;72
8728;77
8729;70
8730;29
8731;59
8732;18
8733;12
8734;17
8735;71
8736;26
8737;40
8738;9
8739;64
8740;56
8741;38
8742;76
8743;66
8744;29
8745;26
8746;48
8747;68
8748;59
8749;62
8750;53
8751;73
8752;39
8753;39
8754;3
8755;51
8756;52
8757;53
8758;65
8759;55
8760;93
8761;63
8762;57
8763;21
8764;81
8765;60
8766;52
8767;20
8768;28
8769;18
8770;3
8771;34
8772;21
8773;51
8774;87
8775;39
8776;42
8777;13
8778;8
8779;30
8780;52
8781;9
8782;11
8783;16
8784;48
8785;35
8786;13
8787;18
8788;69
8789;70
8790;46
8791;69
8792;48
8793;27
8794;4
8795;2
8796;30
8797;47
8798;18
8799;14
8800;33
8801;33
8802;0
8803;0
8804;2
8805;25
8806;43
8807;17
8808;8
8809;45
8810;38
8811;41
8812;33
8813;32
8814;18
8815;14
8816;56
8817;62
8818;61
8819;48
8820;78
8821;53
8822;64
8823;52
8824;59
8825;46
8826;42
8827;7
8828;5
8829;5
8830;64
8831;63
8832;51
8833;77
8834;51
8835;66
8836;36
8837;28
8838;7
8839;0
8840;70
8841;65
8842;48
8843;55
8844;67
8845;33
8846;35
8847;47
8848;17
8849;16
8850;12
8851;16
8852;42
8853;50
8854;32
8855;16
8856;73
8857;70
8858;40
8859;65
8860;44
8861;36
8862;5
8863;41
8864;59
8865;43
8866;62
8867;46
8868;81
8869;63
8870;72
8871;53
8872;7
8873;63
8874;67
8875;62
8876;46
8877;68
8878;55
8879;21
8880;35
8881;5
8882;0
8883;39
8884;34
8885;53
8886;55
8887;64
8888;53
8889;29
8890;14
8891;51
8892;39
8893;41
8894;7
8895;18
8896;74
8897;52
8898;73
8899;73
8900;41
8901;13
8902;6
8903;65
8904;38
8905;45
8906;6
8907;9
8908;18
8909;53
8910;45
8911;11
8912;7
8913;63
8914;42
8915;56
8916;83
8917;34
8918;8
8919;50
8920;52
8921;80
8922;72
8923;53
8924;54
8925;56
8926;78
8927;33
8928;11
8929;58
8930;70
8931;43
8932;31
8933;2
8934;1
8935;63
8936;47
8937;22
8938;82
8939;36
8940;49
8941;17
8942;13
8943;6
8944;51
8945;42
8946;19
8947;2
8948;8
8949;4
8950;83
8951;52
8952;36
8953;46
8954;0
8955;5
8956;41
8957;37
8958;7
8959;81
8960;34
8961;27
8962;13
8963;18
8964;16
8965;29
8966;45
8967;4
8968;23
8969;5
8970;5
8971;41
8972;40
8973;7
8974;48
8975;77
8976;69
8977;64
8978;67
8979;50
8980;57
8981;9
8982;14
8983;87
8984;23
8985;51
8986;74
8987;57
8988;30
8989;22
8990;43
8991;38
8992;43
8993;0
8994;5
8995;24
8996;57
8997;37
8998;62
8999;11
9000;43
9001;30
9002;0
9003;13
9004;0
9005;60
9006;48
9007;60
9008;26
9009;60
9010;36
9011;60
9012;34
9013;75
9014;53
9015;47
9016;6
9017;42
9018;61
9019;13
9020;54
9021;54
9022;92
9023;52
9024;27
9025;17
9026;18
9027;31
9028;43
9029;30
9030;16
9031;18
9032;13
9033;56
9034;36
9035;46
9036;13
9037;15
9038;30
9039;58
9040;49
9041;41
9042;37
9043;5
9044;2
9045;74
9046;48
9047;34
9048;16
9049;14
9050;66
9051;60
9052;45
9053;23
9054;80
9055;37
9056;6
9057;18
9058;74
9059;82
9060;57
9061;30
9062;60
9063;49
9064;60
9065;40
9066;41
9067;2
9068;18
9069;39
9070;9
9071;7
9072;53
9073;59
9074;21
9075;52
9076;20
9077;27
9078;60
9079;30
9080;31
9081;6
9082;11
9083;40
9084;38
9085;18
9086;10
9087;32
9088;61
9089;49
9090;36
9091;2
9092;8
9093;58
9094;50
9095;56
9096;32
9097;67
9098;20
9099;28
9100;72
9101;36
9102;24
9103;55
9104;33
9105;39
9106;21
9107;27
9108;39
9109;59
9110;53
9111;37
9112;31
9113;57
9114;56
9115;49
9116;39
9117;62
9118;53
9119;68
9120;60
9121;63
9122;43
9123;8
9124;11
9125;53
9126;60
9127;47
9128;25
9129;46
9130;57
9131;32
9132;35
9133;76
9134;30
9135;50
9136;7
9137;18
9138;6
9139;30
9140;30
9141;13
9142;3
9143;24
9144;51
9145;35
9146;60
9147;11
9148;10
9149;6
9150;38
9151;2
9152;3
9153;5
9154;72
9155;54
9156;73
9157;74
9158;57
9159;57
9160;39
9161;9
9162;17
9163;43
9164;77
9165;80
9166;40
9167;26
9168;39
9169;0
9170;38
9171;31
9172;4
9173;3
9174;57
9175;67
9176;57
9177;17
9178;18
9179;49
9180;67
9181;27
9182;14
9183;35
9184;24
9185;30
9186;37
9187;10
9188;54
9189;56
9190;15
9191;72
9192;58
9193;23
9194;72
9195;19
9196;26
9197;14
9198;69
9199;56
9200;91
9201;30
9202;73
9203;83
9204;50
9205;55
9206;79
9207;48
9208;54
9209;52
9210;53
9211;52
9212;63
9213;88
9214;56
9215;31
9216;32
9217;59
9218;61
9219;17
9220;6
9221;38
9222;32
9223;5
9224;11
9225;63
9226;36
9227;72
9228;40
9229;14
9230;15
9231;34
9232;69
9233;21
9234;71
9235;61
9236;50
9237;68
9238;75
9239;55
9240;33
9241;76
9242;20
9243;41
9244;44
9245;38
9246;51
9247;28
9248;18
9249;12
9250;11
9251;46
9252;44
9253;40
9254;25
9255;45
9256;21
9257;41
9258;41
9259;6
9260;72
9261;55
9262;86
9263;67
9264;22
9265;43
9266;18
9267;22
9268;62
9269;38
9270;45
9271;7
9272;40
9273;60
9274;54
9275;67
9276;36
9277;78
9278;54
9279;40
9280;70
9281;45
9282;34
9283;43
9284;0
9285;6
9286;6
9287;56
9288;52
9289;83
9290;19
9291;32
9292;61
9293;14
9294;16
9295;53
9296;73
9297;21
9298;25
9299;25
9300;50
9301;45
9302;56
9303;9
9304;8
9305;35
9306;75
9307;68
9308;26
9309;33
9310;29
9311;9
9312;4
9313;38
9314;30
9315;18
9316;12
9317;7
9318;91
9319;48
9320;29
9321;36
9322;18
9323;18
9324;83
9325;24
9326;61
9327;49
9328;18
9329;6
9330;13
9331;10
9332;55
9333;27
9334;18
9335;14
9336;11
9337;54
9338;51
9339;66
9340;29
9341;58
9342;63
9343;51
9344;56
9345;23
9346;66
9347;22
9348;58
9349;48
9350;76
9351;59
9352;25
9353;36
9354;2
9355;51
9356;38
9357;27
9358;12
9359;15
9360;68
9361;40
9362;49
9363;22
9364;46
9365;49
9366;10
9367;6
9368;55
9369;53
9370;58
9371;23
9372;53
9373;87
9374;75
9375;39
9376;54
9377;39
9378;48
9379;14
9380;36
9381;19
9382;2
9383;3
9384;57
9385;65
9386;57
9387;64
9388;66
9389;68
9390;71
9391;57
9392;41
9393;29
9394;2
9395;5
9396;20
9397;43
9398;12
9399;12
9400;50
9401;9
9402;6
9403;33
9404;58
9405;73
9406;27
9407;36
9408;58
9409;58
9410;49
9411;53
9412;57
9413;85
9414;37
9415;30
9416;9
9417;4
9418;2
9419;50
9420;59
9421;12
9422;14
9423;86
9424;62
9425;87
9426;56
9427;65
9428;56
9429;56
9430;31
9431;63
9432;42
9433;36
9434;11
9435;1
9436;61
9437;60
9438;47
9439;50
9440;66
9441;66
9442;65
9443;49
9444;70
9445;48
9446;69
9447;49
9448;62
9449;18
9450;16
9451;75
9452;51
9453;46
9454;70
9455;22
9456;33
9457;2
9458;1
9459;40
9460;69
9461;52
9462;64
9463;38
9464;41
9465;13
9466;10
9467;68
9468;24
9469;36
9470;41
9471;37
9472;2
9473;9
9474;65
9475;29
9476;51
9477;54
9478;52
9479;41
9480;39
9481;9
9482;17
9483;21
9484;68
9485;51
9486;54
9487;42
9488;21
9489;32
9490;43
9491;4
9492;7
9493;4
9494;75
9495;40
9496;53
9497;46
9498;7
9499;6
9500;7
9501;60
9502;64
9503;58
9504;23
9505;29
9506;22
9507;4
9508;2
9509;7
9510;30
9511;38
9512;1
9513;1
9514;60
9515;60
9516;67
9517;64
9518;23
9519;20
9520;43
9521;61
9522;7
9523;61
9524;19
9525;42
9526;51
9527;54
9528;20
9529;77
9530;21
9531;43
9532;37
9533;45
9534;49
9535;87
9536;34
9537;35
9538;57
9539;49
9540;53
9541;37
9542;18
9543;46
9544;20
9545;44
9546;33
9547;13
9548;2
9549;5
9550;41
9551;61
9552;14
9553;11
9554;13
9555;62
9556;41
9557;10
9558;6
9559;47
9560;29
9561;44
9562;28
9563;10
9564;4
9565;52
9566;75
9567;48
9568;62
9569;13
9570;11
9571;14
9572;10
9573;74
9574;31
9575;68
9576;21
9577;37
9578;24
9579;22
9580;60
9581;42
9582;61
9583;67
9584;48
9585;25
9586;59
9587;30
9588;53
9589;9
9590;11
9591;62
9592;28
9593;45
9594;37
9595;6
9596;41
9597;42
9598;7
9599;12
9600;61
9601;80
9602;57
9603;46
9604;22
9605;4
9606;2
9607;38
9608;48
9609;62
9610;30
9611;40
9612;17
9613;6
9614;54
9615;63
9616;64
9617;66
9618;39
9619;26
9620;36
9621;40
9622;32
9623;30
9624;67
9625;52
9626;54
9627;49
9628;8
9629;8
9630;68
9631;43
9632;42
9633;12
9634;0
9635;73
9636;71
9637;59
9638;51
9639;18
9640;9
9641;18
9642;36
9643;35
9644;2
9645;3
9646;62
9647;45
9648;72
9649;48
9650;38
9651;60
9652;43
9653;54
9654;6
9655;63
9656;72
9657;34
9658;66
9659;89
9660;77
9661;85
9662;37
9663;72
9664;20
9665;25
9666;25
9667;66
9668;63
9669;45
9670;51
9671;38
9672;56
9673;15
9674;56
9675;47
9676;9
9677;71
9678;59
9679;50
9680;36
9681;42
9682;1
9683;3
9684;3
9685;54
9686;41
9687;12
9688;10
9689;24
9690;53
9691;75
9692;70
9693;36
9694;80
9695;85
9696;46
9697;66
9698;21
9699;37
9700;87
9701;20
9702;62
9703;19
9704;54
9705;52
9706;10
9707;81
9708;46
9709;61
9710;23
9711;47
9712;90
9713;21
9714;26
9715;28
9716;60
9717;20
9718;59
9719;85
9720;63
9721;23
9722;36
9723;50
9724;51
9725;79
9726;73
9727;32
9728;37
9729;0
9730;11
9731;33
9732;50
9733;12
9734;11
9735;37
9736;26
9737;23
9738;65
9739;24
9740;30
9741;43
9742;2
9743;20
9744;81
9745;52
9746;52
9747;65
9748;43
9749;29
9750;15
9751;13
9752;65
9753;69
9754;24
9755;23
9756;42
9757;29
9758;17
9759;18
9760;22
9761;64
9762;23
9763;56
9764;13
9765;39
9766;36
9767;13
9768;1
9769;44
9770;43
9771;2
9772;0
9773;44
9774;41
9775;11
9776;18
9777;8
9778;63
9779;71
9780;61
9781;64
9782;14
9783;14
9784;18
9785;42
9786;39
9787;7
9788;64
9789;60
9790;64
9791;19
9792;61
9793;55
9794;28
9795;30
9796;45
9797;6
9798;3
9799;43
9800;28
9801;12
9802;0
9803;37
9804;53
9805;66
9806;32
9807;62
9808;73
9809;60
9810;37
9811;16
9812;86
9813;41
9814;43
9815;19
9816;47
9817;71
9818;55
9819;31
9820;15
9821;9
9822;31
9823;43
9824;7
9825;3
9826;32
9827;38
9828;13
9829;15
9830;76
9831;36
9832;59
9833;8
9834;14
9835;24
9836;20
9837;35
9838;32
9839;13
9840;3
9841;20
9842;70
9843;21
9844;69
9845;71
9846;43
9847;25
9848;20
9849;21
9850;30
9851;32
9852;45
9853;43
9854;2
9855;2
9856;45
9857;9
9858;14
9859;24
9860;50
9861;71
9862;51
9863;36
9864;21
9865;42
9866;20
9867;57
9868;35
9869;56
9870;67
9871;95
9872;28
9873;72
9874;53
9875;70
9876;29
9877;52
9878;43
9879;72
9880;58
9881;68
9882;72
9883;68
9884;49
9885;32
9886;8
9887;7
9888;57
9889;66
9890;22
9891;71
9892;67
9893;62
9894;40
9895;61
9896;31
9897;30
9898;43
9899;12
9900;9
9901;33
9902;35
9903;36
9904;1
9905;1
9906;3
9907;45
9908;75
9909;30
9910;49
9911;40
9912;45
9913;18
9914;18
9915;13
9916;58
9917;53
9918;35
9919;49
9920;18
9921;62
9922;61
9923;19
9924;74
9925;60
9926;61
9927;41
9928;9
9929;18
9930;62
9931;22
9932;70
9933;65
9934;26
9935;62
9936;25
9937;49
9938;35
9939;24
9940;25
9941;70
9942;42
9943;30
9944;4
9945;5
9946;36
9947;87
9948;41
9949;62
9950;58
9951;27
9952;13
9953;25
9954;75
9955;71
9956;54
9957;30
9958;54
9959;7
9960;9
9961;34
9962;31
9963;18
9964;42
9965;41
9966;50
9967;67
9968;72
9969;39
9970;61
9971;73
9972;51
9973;48
9974;47
9975;9
9976;16
9977;4
9978;44
9979;26
9980;51
9981;56
9982;69
9983;64
9984;47
9985;62
9986;49
9987;41
9988;47
9989;33
9990;39
9991;5
9992;13
9993;12
9994;5
9995;44
9996;52
9997;41
9998;38
9999;18
10000;8
10001;65
10002;65
10003;59
10004;24
10005;56
10006;43
10007;55
10008;9
10009;9
10010;29
10011;21
10012;6
10013;13
10014;57
10015;55
10016;30
10017;11
10018;7
10019;75
10020;46
10021;94
10022;66
10023;22
10024;19
10025;74
10026;53
10027;76
10028;46
10029;70
10030;26
10031;46
10032;32
10033;75
10034;69
10035;40
10036;47
10037;42
10038;16
10039;18
10040;27
10041;60
10042;60
10043;19
10044;20
10045;34
10046;40
10047;60
10048;52
10049;54
10050;62
10051;37
10052;51
10053;31
10054;10
10055;10
10056;65
10057;32
10058;74
10059;36
10060;83
10061;68
10062;65
