1;73
2;70
3;37
4;79
5;85
6;70
7;48
8;38
9;38
10;6
11;70
12;49
13;92
14;29
15;20
16;12
17;0
18;67
19;36
20;40
21;49
22;14
23;14
24;15
25;59
26;82
27;50
28;46
29;41
30;15
31;14
32;16
33;40
34;75
35;60
36;89
37;26
38;25
39;56
40;52
41;34
42;17
43;17
44;79
45;24
46;80
47;65
48;50
49;40
50;38
51;7
52;6
53;16
54;79
55;73
56;76
57;49
58;38
59;12
60;17
61;60
62;49
63;25
64;21
65;65
66;58
67;40
68;75
69;49
70;50
71;52
72;52
73;16
74;89
75;79
76;81
77;67
78;56
79;47
80;70
81;63
82;20
83;24
84;58
85;54
86;43
87;46
88;57
89;8
90;18
91;80
92;47
93;95
94;40
95;54
96;13
97;7
98;52
99;22
100;40
101;25
102;82
103;22
104;22
105;1
106;16
107;62
108;48
109;16
110;6
111;6
112;70
113;45
114;27
115;51
116;63
117;9
118;14
119;30
120;35
121;18
122;2
123;52
124;41
125;12
126;16
127;43
128;70
129;22
130;38
131;3
132;1
133;4
134;40
135;34
136;4
137;2
138;6
139;68
140;91
141;50
142;20
143;41
144;10
145;14
146;5
147;30
148;51
149;17
150;22
151;78
152;63
153;45
154;35
155;15
156;8
157;55
158;55
159;83
160;19
161;54
162;89
163;78
164;72
165;79
166;20
167;80
168;66
169;45
170;38
171;2
172;1
173;51
174;72
175;29
176;33
177;1
178;2
179;47
180;70
181;37
182;49
183;13
184;1
185;63
186;54
187;67
188;63
189;57
190;24
191;27
192;15
193;1
194;53
195;51
196;7
197;12
198;62
199;53
200;40
201;36
202;2
203;13
204;25
205;32
206;40
207;42
208;3
209;14
210;10
211;12
212;1
213;69
214;82
215;64
216;23
217;36
218;27
219;17
220;15
221;61
222;22
223;49
224;60
225;10
226;7
227;18
228;51
229;80
230;40
231;44
232;35
233;1
234;13
235;53
236;49
237;35
238;64
239;20
240;27
241;77
242;72
243;62
244;60
245;34
246;33
247;27
248;18
249;23
250;72
251;36
252;65
253;23
254;55
255;58
256;6
257;8
258;17
259;51
260;46
261;33
262;29
263;6
264;18
265;74
266;38
267;55
268;56
269;9
270;12
271;46
272;47
273;60
274;66
275;24
276;21
277;49
278;60
279;39
280;87
281;30
282;45
283;48
284;0
285;57
286;24
287;57
288;20
289;56
290;22
291;34
292;55
293;40
294;83
295;50
296;29
297;16
298;11
299;52
300;34
301;59
302;18
303;11
304;80
305;73
306;30
307;27
308;63
309;20
310;32
311;60
312;65
313;38
314;72
315;82
316;46
317;59
318;74
319;65
320;22
321;22
322;37
323;62
324;48
325;15
326;16
327;37
328;26
329;34
330;56
331;13
332;12
333;75
334;22
335;46
336;28
337;64
338;34
339;76
340;33
341;40
342;17
343;58
344;58
345;49
346;14
347;81
348;43
349;38
350;19
351;42
352;48
353;74
354;55
355;51
356;75
357;61
358;53
359;52
360;42
361;52
362;67
363;61
364;36
365;24
366;54
367;34
368;6
369;13
370;17
371;83
372;52
373;32
374;28
375;32
376;15
377;16
378;44
379;64
380;41
381;18
382;14
383;19
384;41
385;20
386;43
387;43
388;39
389;56
390;47
391;64
392;76
393;20
394;26
395;22
396;56
397;22
398;46
399;25
400;22
401;15
402;4
403;44
404;70
405;63
406;50
407;49
408;68
409;85
410;33
411;23
412;32
413;52
414;43
415;16
416;15
417;20
418;68
419;91
420;54
421;59
422;57
423;20
424;32
425;37
426;10
427;74
428;69
429;47
430;50
431;7
432;7
433;83
434;38
435;39
436;12
437;15
438;42
439;45
440;0
441;3
442;70
443;94
444;64
445;76
446;56
447;45
448;41
449;17
450;13
451;55
452;44
453;31
454;16
455;2
456;60
457;11
458;51
459;94
460;30
461;40
462;63
463;42
464;42
465;22
466;26
467;5
468;1
469;78
470;76
471;20
472;39
473;26
474;74
475;29
476;34
477;11
478;65
479;70
480;46
481;93
482;35
483;60
484;18
485;6
486;35
487;85
488;56
489;49
490;63
491;40
492;57
493;23
494;20
495;22
496;42
497;30
498;84
499;44
500;32
501;18
502;13
503;75
504;73
505;73
506;39
507;34
508;38
509;18
510;12
511;17
512;41
513;41
514;49
515;5
516;9
517;18
518;45
519;67
520;38
521;72
522;66
523;69
524;44
525;58
526;15
527;11
528;21
529;20
530;52
531;88
532;74
533;43
534;31
535;8
536;17
537;14
538;52
539;32
540;30
541;6
542;10
543;7
544;23
545;44
546;17
547;9
548;39
549;21
550;6
551;11
552;63
553;51
554;30
555;18
556;68
557;49
558;60
559;57
560;52
561;40
562;22
563;15
564;7
565;24
566;58
567;45
568;53
569;7
570;18
571;56
572;88
573;87
574;51
575;27
576;15
577;48
578;37
579;3
580;16
581;36
582;28
583;11
584;12
585;92
586;83
587;47
588;68
589;95
590;37
591;24
592;20
593;67
594;60
595;53
596;46
597;63
598;17
599;13
600;7
601;37
602;38
603;0
604;0
605;11
606;49
607;29
608;77
609;39
610;11
611;9
612;70
613;26
614;54
615;51
616;46
617;41
618;17
619;84
620;65
621;38
622;10
623;15
624;21
625;60
626;72
627;44
628;20
629;62
630;40
631;85
632;44
633;64
634;17
635;12
636;8
637;63
638;66
639;54
640;60
641;41
642;40
643;0
644;70
645;82
646;78
647;66
648;57
649;80
650;22
651;59
652;43
653;61
654;18
655;9
656;8
657;62
658;61
659;67
660;28
661;32
662;4
663;15
664;35
665;28
666;27
667;0
668;16
669;60
670;51
671;49
672;74
673;56
674;37
675;47
676;3
677;1
678;19
679;25
680;19
681;39
682;54
683;25
684;22
685;38
686;20
687;20
688;59
689;71
690;52
691;58
692;41
693;59
694;52
695;78
696;66
697;63
698;46
699;14
700;64
701;17
702;42
703;39
704;9
705;2
706;47
707;88
708;38
709;37
710;93
711;78
712;28
713;63
714;59
715;71
716;47
717;34
718;21
719;52
720;27
721;42
722;17
723;2
724;7
725;58
726;69
727;19
728;50
729;55
730;47
731;60
732;19
733;20
734;21
735;29
736;0
737;12
738;72
739;82
740;29
741;37
742;3
743;2
744;24
745;36
746;2
747;46
748;48
749;81
750;65
751;48
752;52
753;19
754;39
755;29
756;11
757;4
758;26
759;55
760;49
761;64
762;47
763;16
764;17
765;84
766;74
767;85
768;67
769;73
770;41
771;72
772;77
773;54
774;61
775;61
776;91
777;42
778;44
779;39
780;16
781;9
782;52
783;91
784;32
785;16
786;12
787;31
788;32
789;12
790;0
791;29
792;22
793;1
794;5
795;35
796;48
797;12
798;17
799;34
800;36
801;6
802;17
803;70
804;43
805;43
806;15
807;11
808;39
809;42
810;7
811;9
812;30
813;32
814;0
815;3
816;51
817;54
818;67
819;49
820;78
821;24
822;86
823;51
824;59
825;19
826;36
827;34
828;40
829;13
830;20
831;66
832;21
833;35
834;9
835;5
836;91
837;34
838;82
839;22
840;21
841;79
842;68
843;85
844;56
845;64
846;76
847;73
848;80
849;65
850;36
851;51
852;73
853;71
854;44
855;20
856;3
857;22
858;49
859;48
860;30
861;15
862;7
863;64
864;38
865;30
866;1
867;1
868;26
869;29
870;18
871;16
872;82
873;20
874;68
875;47
876;79
877;43
878;59
879;73
880;91
881;63
882;45
883;39
884;6
885;11
886;41
887;56
888;39
889;13
890;38
891;17
892;61
893;67
894;37
895;29
896;15
897;29
898;36
899;4
900;2
901;49
902;68
903;49
904;85
905;76
906;41
907;49
908;53
909;76
910;60
911;95
912;69
913;76
914;46
915;84
916;42
917;32
918;42
919;30
920;5
921;2
922;63
923;24
924;77
925;44
926;51
927;31
928;15
929;15
930;61
931;37
932;34
933;8
934;5
935;49
936;32
937;14
938;68
939;57
940;39
941;47
942;32
943;46
944;53
945;6
946;11
947;85
948;62
949;19
950;36
951;27
952;13
953;0
954;2
955;26
956;39
957;15
958;11
959;17
960;61
961;43
962;14
963;16
964;65
965;29
966;19
967;2
968;84
969;38
970;28
971;40
972;47
973;14
974;7
975;54
976;57
977;11
978;46
979;43
980;22
981;5
982;16
983;45
984;38
985;8
986;18
987;38
988;33
989;99
990;40
991;50
992;52
993;9
994;16
995;21
996;57
997;62
998;49
999;49
1000;96
1001;49
1002;73
1003;40
1004;51
1005;51
1006;51
1007;20
1008;35
1009;9
1010;75
1011;62
1012;78
1013;26
1014;38
1015;67
1016;39
1017;57
1018;24
1019;46
1020;1
1021;3
1022;77
1023;57
1024;34
1025;49
1026;49
1027;72
1028;74
1029;49
1030;31
1031;60
1032;57
1033;59
1034;50
1035;60
1036;68
1037;65
1038;28
1039;56
1040;43
1041;58
1042;45
1043;49
1044;72
1045;70
1046;46
1047;54
1048;53
1049;62
1050;63
1051;46
1052;35
1053;9
1054;4
1055;24
1056;33
1057;0
1058;33
1059;41
1060;3
1061;1
1062;3
1063;72
1064;67
1065;76
1066;44
1067;54
1068;43
1069;7
1070;8
1071;41
1072;69
1073;93
1074;30
1075;50
1076;64
1077;56
1078;58
1079;59
1080;90
1081;74
1082;56
1083;78
1084;67
1085;71
1086;56
1087;60
1088;58
1089;55
1090;11
1091;13
1092;57
1093;35
1094;18
1095;8
1096;52
1097;46
1098;67
1099;68
1100;38
1101;36
1102;43
1103;16
1104;16
1105;67
1106;77
1107;36
1108;49
1109;1
1110;86
1111;32
1112;17
1113;34
1114;51
1115;15
1116;6
1117;32
1118;66
1119;50
1120;71
1121;65
1122;48
1123;54
1124;38
1125;35
1126;16
1127;47
1128;92
1129;33
1130;6
1131;29
1132;40
1133;5
1134;2
1135;85
1136;74
1137;70
1138;49
1139;26
1140;18
1141;7
1142;58
1143;50
1144;41
1145;32
1146;65
1147;48
1148;62
1149;20
1150;52
1151;19
1152;40
1153;38
1154;52
1155;69
1156;32
1157;19
1158;19
1159;60
1160;42
1161;60
1162;18
1163;17
1164;34
1165;91
1166;79
1167;48
1168;38
1169;13
1170;2
1171;55
1172;69
1173;37
1174;64
1175;64
1176;6
1177;16
1178;65
1179;41
1180;24
1181;48
1182;1
1183;1
1184;1
1185;1
1186;0
1187;17
1188;41
1189;57
1190;48
1191;12
1192;6
1193;14
1194;39
1195;48
1196;9
1197;17
1198;75
1199;48
1200;16
1201;12
1202;83
1203;47
1204;34
1205;6
1206;4
1207;71
1208;56
1209;55
1210;86
1211;35
1212;19
1213;21
1214;21
1215;60
1216;35
1217;56
1218;82
1219;81
1220;39
1221;41
1222;6
1223;6
1224;39
1225;31
1226;18
1227;18
1228;14
1229;74
1230;26
1231;62
1232;36
1233;33
1234;30
1235;49
1236;35
1237;9
1238;58
1239;61
1240;28
1241;15
1242;8
1243;65
1244;81
1245;20
1246;46
1247;1
1248;43
1249;55
1250;18
1251;12
1252;79
1253;24
1254;57
1255;51
1256;48
1257;58
1258;80
1259;58
1260;54
1261;47
1262;82
1263;39
1264;58
1265;14
1266;7
1267;28
1268;23
1269;6
1270;1
1271;1
1272;49
1273;6
1274;17
1275;50
1276;72
1277;71
1278;26
1279;46
1280;69
1281;28
1282;31
1283;18
1284;68
1285;32
1286;87
1287;63
1288;97
1289;78
1290;74
1291;40
1292;68
1293;58
1294;22
1295;47
1296;40
1297;8
1298;8
1299;21
1300;78
1301;46
1302;49
1303;63
1304;7
1305;7
1306;49
1307;65
1308;51
1309;23
1310;34
1311;46
1312;3
1313;5
1314;67
1315;75
1316;33
1317;75
1318;53
1319;41
1320;7
1321;10
1322;66
1323;54
1324;65
1325;21
1326;21
1327;45
1328;22
1329;20
1330;20
1331;37
1332;34
1333;18
1334;5
1335;27
1336;27
1337;15
1338;2
1339;59
1340;33
1341;31
1342;1
1343;0
1344;69
1345;55
1346;84
1347;47
1348;57
1349;34
1350;74
1351;46
1352;50
1353;66
1354;57
1355;67
1356;57
1357;28
1358;17
1359;16
1360;7
1361;37
1362;43
1363;8
1364;3
1365;48
1366;40
1367;5
1368;9
1369;72
1370;62
1371;45
1372;54
1373;80
1374;52
1375;60
1376;55
1377;56
1378;6
1379;9
1380;59
1381;75
1382;22
1383;52
1384;34
1385;44
1386;39
1387;2
1388;2
1389;54
1390;56
1391;82
1392;24
1393;41
1394;74
1395;78
1396;22
1397;77
1398;64
1399;41
1400;41
1401;51
1402;78
1403;58
1404;52
1405;7
1406;32
1407;57
1408;58
1409;52
1410;68
1411;55
1412;61
1413;49
1414;16
1415;84
1416;76
1417;53
1418;10
1419;12
1420;32
1421;58
1422;8
1423;16
1424;12
1425;6
1426;83
1427;55
1428;68
1429;48
1430;55
1431;49
1432;6
1433;10
1434;6
1435;20
1436;42
1437;94
1438;78
1439;59
1440;35
1441;15
1442;14
1443;62
1444;58
1445;52
1446;79
1447;28
1448;49
1449;17
1450;18
1451;29
1452;27
1453;18
1454;2
1455;13
1456;6
1457;33
1458;49
1459;11
1460;21
1461;41
1462;42
1463;44
1464;3
1465;5
1466;87
1467;40
1468;50
1469;39
1470;14
1471;78
1472;46
1473;57
1474;79
1475;39
1476;47
1477;53
1478;39
1479;52
1480;49
1481;13
1482;7
1483;48
1484;35
1485;16
1486;6
1487;59
1488;77
1489;40
1490;40
1491;6
1492;4
1493;28
1494;0
1495;54
1496;31
1497;61
1498;57
1499;46
1500;49
1501;35
1502;86
1503;57
1504;34
1505;53
1506;34
1507;13
1508;7
1509;63
1510;37
1511;60
1512;20
1513;51
1514;95
1515;56
1516;24
1517;61
1518;28
1519;19
1520;9
1521;2
1522;74
1523;54
1524;52
1525;48
1526;11
1527;12
1528;9
1529;18
1530;79
1531;20
1532;64
1533;42
1534;24
1535;67
1536;72
1537;77
1538;61
1539;56
1540;9
1541;7
1542;44
1543;72
1544;63
1545;55
1546;11
1547;78
1548;50
1549;64
1550;13
1551;12
1552;8
1553;15
1554;32
1555;26
1556;49
1557;35
1558;18
1559;0
1560;3
1561;63
1562;59
1563;44
1564;54
1565;17
1566;14
1567;9
1568;43
1569;21
1570;17
1571;0
1572;54
1573;68
1574;68
1575;56
1576;58
1577;21
1578;52
1579;44
1580;11
1581;13
1582;66
1583;63
1584;91
1585;44
1586;24
1587;20
1588;71
1589;24
1590;38
1591;11
1592;4
1593;43
1594;60
1595;6
1596;18
1597;37
1598;52
1599;33
1600;73
1601;52
1602;37
1603;36
1604;2
1605;0
1606;50
1607;50
1608;94
1609;57
1610;60
1611;56
1612;38
1613;15
1614;12
1615;38
1616;52
1617;60
1618;62
1619;28
1620;67
1621;59
1622;25
1623;25
1624;42
1625;28
1626;27
1627;34
1628;32
1629;3
1630;6
1631;24
1632;91
1633;28
1634;35
1635;45
1636;3
1637;16
1638;1
1639;11
1640;85
1641;72
1642;50
1643;75
1644;75
1645;36
1646;38
1647;63
1648;13
1649;13
1650;72
1651;82
1652;58
1653;24
1654;48
1655;6
1656;2
1657;79
1658;70
1659;48
1660;39
1661;16
1662;87
1663;28
1664;66
1665;71
1666;86
1667;62
1668;74
1669;56
1670;53
1671;44
1672;50
1673;12
1674;13
1675;10
1676;54
1677;58
1678;21
1679;54
1680;38
1681;44
1682;5
1683;3
1684;64
1685;37
1686;49
1687;16
1688;61
1689;54
1690;63
1691;63
1692;83
1693;27
1694;22
1695;54
1696;58
1697;34
1698;71
1699;31
1700;27
1701;2
1702;9
1703;27
1704;68
1705;81
1706;78
1707;33
1708;49
1709;81
1710;44
1711;41
1712;3
1713;2
1714;60
1715;96
1716;23
1717;24
1718;13
1719;6
1720;24
1721;89
1722;54
1723;15
1724;27
1725;36
1726;48
1727;15
1728;7
1729;7
1730;59
1731;66
1732;60
1733;51
1734;61
1735;41
1736;67
1737;68
1738;29
1739;43
1740;4
1741;2
1742;87
1743;74
1744;38
1745;46
1746;17
1747;9
1748;38
1749;59
1750;9
1751;10
1752;13
1753;11
1754;51
1755;36
1756;65
1757;52
1758;45
1759;63
1760;78
1761;80
1762;32
1763;43
1764;14
1765;3
1766;64
1767;44
1768;59
1769;26
1770;46
1771;13
1772;66
1773;59
1774;38
1775;54
1776;70
1777;36
1778;32
1779;18
1780;2
1781;85
1782;48
1783;43
1784;51
1785;45
1786;49
1787;13
1788;14
1789;38
1790;36
1791;48
1792;7
1793;17
1794;59
1795;64
1796;58
1797;6
1798;10
1799;41
1800;28
1801;1
1802;16
1803;93
1804;37
1805;35
1806;61
1807;73
1808;38
1809;33
1810;9
1811;10
1812;33
1813;42
1814;17
1815;6
1816;27
1817;15
1818;99
1819;19
1820;31
1821;49
1822;4
1823;10
1824;0
1825;5
1826;30
1827;48
1828;12
1829;17
1830;71
1831;71
1832;39
1833;25
1834;3
1835;5
1836;44
1837;25
1838;72
1839;25
1840;22
1841;46
1842;33
1843;46
1844;71
1845;75
1846;73
1847;38
1848;33
1849;18
1850;11
1851;7
1852;11
1853;49
1854;67
1855;78
1856;67
1857;59
1858;65
1859;35
1860;48
1861;13
1862;2
1863;38
1864;27
1865;5
1866;3
1867;5
1868;46
1869;63
1870;81
1871;58
1872;57
1873;34
1874;71
1875;33
1876;34
1877;6
1878;48
1879;62
1880;14
1881;16
1882;80
1883;71
1884;55
1885;48
1886;56
1887;51
1888;32
1889;9
1890;14
1891;12
1892;72
1893;51
1894;87
1895;72
1896;37
1897;51
1898;70
1899;66
1900;38
1901;39
1902;14
1903;17
1904;67
1905;65
1906;54
1907;68
1908;59
1909;50
1910;76
1911;22
1912;75
1913;43
1914;58
1915;86
1916;48
1917;59
1918;80
1919;40
1920;27
1921;5
1922;6
1923;45
1924;70
1925;50
1926;75
1927;55
1928;57
1929;53
1930;39
1931;31
1932;54
1933;78
1934;37
1935;92
1936;60
1937;59
1938;76
1939;75
1940;79
1941;34
1942;44
1943;18
1944;31
1945;56
1946;25
1947;21
1948;60
1949;38
1950;91
1951;48
1952;21
1953;1
1954;1
1955;54
1956;39
1957;52
1958;41
1959;8
1960;27
1961;20
1962;80
1963;46
1964;43
1965;9
1966;16
1967;80
1968;68
1969;53
1970;29
1971;33
1972;6
1973;17
1974;35
1975;32
1976;8
1977;4
1978;5
1979;44
1980;46
1981;4
1982;74
1983;49
1984;47
1985;29
1986;57
1987;40
1988;47
1989;36
1990;59
1991;14
1992;7
1993;34
1994;38
1995;7
1996;18
1997;64
1998;19
1999;20
2000;29
2001;38
2002;55
2003;67
2004;56
2005;24
2006;61
2007;38
2008;62
2009;47
2010;57
2011;33
2012;73
2013;25
2014;66
2015;52
2016;51
2017;9
2018;13
2019;50
2020;28
2021;37
2022;7
2023;3
2024;53
2025;53
2026;24
2027;62
2028;49
2029;7
2030;43
2031;10
2032;6
2033;57
2034;9
2035;8
2036;43
2037;8
2038;38
2039;38
2040;15
2041;40
2042;84
2043;72
2044;68
2045;36
2046;22
2047;39
2048;41
2049;8
2050;18
2051;59
2052;69
2053;61
2054;77
2055;32
2056;31
2057;8
2058;11
2059;69
2060;45
2061;33
2062;10
2063;2
2064;65
2065;69
2066;64
2067;56
2068;72
2069;71
2070;24
2071;74
2072;86
2073;62
2074;52
2075;36
2076;17
2077;7
2078;65
2079;56
2080;80
2081;64
2082;41
2083;68
2084;80
2085;47
2086;46
2087;74
2088;45
2089;36
2090;6
2091;5
2092;27
2093;84
2094;70
2095;68
2096;42
2097;48
2098;50
2099;58
2100;7
2101;9
2102;10
2103;12
2104;27
2105;78
2106;33
2107;25
2108;41
2109;38
2110;11
2111;17
2112;79
2113;83
2114;54
2115;25
2116;20
2117;71
2118;22
2119;20
2120;61
2121;52
2122;65
2123;29
2124;35
2125;3
2126;3
2127;32
2128;46
2129;17
2130;7
2131;68
2132;66
2133;56
2134;78
2135;35
2136;39
2137;1
2138;5
2139;28
2140;51
2141;44
2142;44
2143;16
2144;18
2145;26
2146;78
2147;49
2148;50
2149;32
2150;6
2151;7
2152;91
2153;33
2154;26
2155;2
2156;23
2157;53
2158;30
2159;24
2160;63
2161;72
2162;23
2163;58
2164;50
2165;49
2166;47
2167;57
2168;48
2169;51
2170;60
2171;37
2172;65
2173;19
2174;45
2175;48
2176;1
2177;10
2178;2
2179;74
2180;29
2181;48
2182;47
2183;1
2184;7
2185;25
2186;59
2187;41
2188;30
2189;58
2190;43
2191;34
2192;4
2193;15
2194;1
2195;61
2196;71
2197;56
2198;67
2199;20
2200;64
2201;66
2202;85
2203;43
2204;38
2205;9
2206;10
2207;66
2208;54
2209;32
2210;49
2211;63
2212;69
2213;59
2214;54
2215;63
2216;20
2217;67
2218;25
2219;22
2220;25
2221;75
2222;20
2223;67
2224;50
2225;33
2226;32
2227;13
2228;1
2229;65
2230;59
2231;31
2232;89
2233;56
2234;82
2235;32
2236;37
2237;45
2238;43
2239;18
2240;72
2241;54
2242;48
2243;68
2244;78
2245;23
2246;56
2247;43
2248;64
2249;12
2250;9
2251;16
2252;66
2253;28
2254;28
2255;9
2256;16
2257;45
2258;63
2259;19
2260;72
2261;57
2262;80
2263;49
2264;72
2265;69
2266;46
2267;51
2268;29
2269;72
2270;84
2271;23
2272;20
2273;47
2274;49
2275;79
2276;31
2277;87
2278;59
2279;49
2280;12
2281;8
2282;10
2283;73
2284;62
2285;54
2286;24
2287;68
2288;53
2289;64
2290;38
2291;57
2292;38
2293;13
2294;49
2295;53
2296;67
2297;75
2298;69
2299;19
2300;29
2301;85
2302;46
2303;61
2304;61
2305;38
2306;63
2307;67
2308;66
2309;52
2310;65
2311;55
2312;41
2313;42
2314;8
2315;13
2316;15
2317;45
2318;48
2319;26
2320;24
2321;27
2322;67
2323;36
2324;72
2325;71
2326;40
2327;31
2328;2
2329;47
2330;67
2331;35
2332;45
2333;62
2334;14
2335;9
2336;63
2337;71
2338;54
2339;74
2340;62
2341;21
2342;57
2343;58
2344;61
2345;41
2346;46
2347;13
2348;10
2349;69
2350;53
2351;78
2352;35
2353;39
2354;2
2355;7
2356;40
2357;58
2358;24
2359;24
2360;94
2361;58
2362;91
2363;59
2364;43
2365;28
2366;18
2367;18
2368;8
2369;75
2370;71
2371;34
2372;39
2373;13
2374;38
2375;76
2376;21
2377;72
2378;53
2379;49
2380;70
2381;71
2382;57
2383;34
2384;72
2385;87
2386;30
2387;32
2388;12
2389;43
2390;24
2391;83
2392;19
2393;99
2394;65
2395;52
2396;71
2397;43
2398;43
2399;17
2400;9
2401;65
2402;62
2403;33
2404;52
2405;24
2406;33
2407;40
2408;28
2409;9
2410;1
2411;38
2412;28
2413;2
2414;3
2415;6
2416;39
2417;10
2418;14
2419;91
2420;28
2421;63
2422;30
2423;8
2424;13
2425;34
2426;36
2427;3
2428;16
2429;13
2430;59
2431;41
2432;18
2433;7
2434;40
2435;29
2436;11
2437;1
2438;57
2439;85
2440;73
2441;22
2442;95
2443;31
2444;7
2445;44
2446;27
2447;64
2448;19
2449;91
2450;44
2451;41
2452;59
2453;34
2454;24
2455;21
2456;42
2457;0
2458;11
2459;20
2460;41
2461;0
2462;2
2463;57
2464;38
2465;63
2466;59
2467;31
2468;14
2469;66
2470;55
2471;70
2472;19
2473;60
2474;88
2475;54
2476;71
2477;71
2478;33
2479;23
2480;1
2481;5
2482;36
2483;59
2484;67
2485;68
2486;38
2487;48
2488;57
2489;18
2490;7
2491;10
2492;52
2493;93
2494;92
2495;23
2496;19
2497;25
2498;41
2499;18
2500;4
2501;65
2502;65
2503;82
2504;62
2505;60
2506;52
2507;26
2508;60
2509;53
2510;64
2511;40
2512;46
2513;14
2514;13
2515;56
2516;21
2517;34
2518;41
2519;56
2520;14
2521;12
2522;38
2523;33
2524;5
2525;0
2526;71
2527;33
2528;48
2529;2
2530;13
2531;78
2532;45
2533;45
2534;5
2535;3
2536;74
2537;83
2538;54
2539;43
2540;57
2541;44
2542;17
2543;13
2544;46
2545;52
2546;13
2547;9
2548;7
2549;16
2550;25
2551;84
2552;68
2553;43
2554;32
2555;66
2556;53
2557;32
2558;79
2559;81
2560;61
2561;46
2562;46
2563;40
2564;11
2565;7
2566;30
2567;76
2568;58
2569;22
2570;30
2571;0
2572;9
2573;16
2574;70
2575;51
2576;58
2577;44
2578;15
2579;20
2580;36
2581;46
2582;67
2583;58
2584;78
2585;72
2586;60
2587;67
2588;74
2589;36
2590;22
2591;72
2592;20
2593;50
2594;83
2595;87
2596;38
2597;49
2598;12
2599;39
2600;64
2601;71
2602;31
2603;38
2604;13
2605;6
2606;36
2607;44
2608;0
2609;17
2610;49
2611;38
2612;37
2613;58
2614;75
2615;21
2616;48
2617;49
2618;59
2619;63
2620;39
2621;18
2622;27
2623;69
2624;52
2625;52
2626;10
2627;9
2628;35
2629;79
2630;71
2631;65
2632;56
2633;47
2634;16
2635;11
2636;29
2637;49
2638;6
2639;52
2640;20
2641;68
2642;45
2643;23
2644;46
2645;63
2646;63
2647;52
2648;53
2649;7
2650;18
2651;56
2652;42
2653;10
2654;85
2655;30
2656;60
2657;11
2658;16
2659;75
2660;60
2661;28
2662;7
2663;6
2664;12
2665;72
2666;65
2667;40
2668;59
2669;23
2670;65
2671;69
2672;67
2673;75
2674;34
2675;52
2676;48
2677;74
2678;37
2679;56
2680;14
2681;54
2682;41
2683;44
2684;10
2685;75
2686;49
2687;91
2688;80
2689;38
2690;52
2691;47
2692;22
2693;46
2694;32
2695;13
2696;15
2697;36
2698;45
2699;11
2700;15
2701;18
2702;58
2703;59
2704;10
2705;6
2706;32
2707;43
2708;88
2709;78
2710;49
2711;19
2712;19
2713;16
2714;6
2715;55
2716;58
2717;10
2718;13
2719;12
2720;86
2721;64
2722;83
2723;78
2724;47
2725;49
2726;40
2727;10
2728;14
2729;23
2730;29
2731;50
2732;30
2733;7
2734;13
2735;16
2736;81
2737;20
2738;25
2739;38
2740;23
2741;15
2742;17
2743;51
2744;61
2745;40
2746;34
2747;6
2748;2
2749;5
2750;40
2751;6
2752;6
2753;84
2754;47
2755;57
2756;47
2757;11
2758;10
2759;36
2760;24
2761;7
2762;7
2763;36
2764;61
2765;9
2766;17
2767;59
2768;79
2769;22
2770;45
2771;3
2772;18
2773;26
2774;40
2775;0
2776;10
2777;86
2778;35
2779;64
2780;53
2781;14
2782;12
2783;13
2784;12
2785;41
2786;48
2787;14
2788;44
2789;40
2790;43
2791;40
2792;13
2793;91
2794;31
2795;86
2796;56
2797;44
2798;90
2799;73
2800;39
2801;44
2802;5
2803;3
2804;78
2805;81
2806;58
2807;97
2808;46
2809;20
2810;35
2811;40
2812;1
2813;15
2814;7
2815;7
2816;35
2817;49
2818;6
2819;7
2820;24
2821;60
2822;57
2823;54
2824;56
2825;82
2826;43
2827;20
2828;42
2829;45
2830;35
2831;1
2832;41
2833;45
2834;6
2835;4
2836;0
2837;16
2838;56
2839;16
2840;44
2841;43
2842;3
2843;4
2844;22
2845;39
2846;2
2847;9
2848;79
2849;49
2850;87
2851;71
2852;56
2853;68
2854;32
2855;56
2856;78
2857;24
2858;49
2859;64
2860;24
2861;50
2862;57
2863;7
2864;58
2865;29
2866;14
2867;15
2868;67
2869;67
2870;38
2871;32
2872;49
2873;18
2874;15
2875;29
2876;35
2877;3
2878;2
2879;2
2880;52
2881;46
2882;71
2883;68
2884;88
2885;82
2886;35
2887;32
2888;4
2889;2
2890;57
2891;67
2892;45
2893;49
2894;56
2895;71
2896;56
2897;68
2898;52
2899;28
2900;27
2901;37
2902;56
2903;84
2904;25
2905;55
2906;29
2907;75
2908;30
2909;50
2910;34
2911;36
2912;7
2913;16
2914;71
2915;59
2916;73
2917;67
2918;20
2919;26
2920;40
2921;16
2922;14
2923;66
2924;62
2925;62
2926;71
2927;52
2928;19
2929;47
2930;78
2931;54
2932;53
2933;56
2934;24
2935;24
2936;61
2937;51
2938;60
2939;65
2940;81
2941;48
2942;79
2943;92
2944;32
2945;20
2946;29
2947;33
2948;38
2949;45
2950;36
2951;18
2952;45
2953;31
2954;43
2955;3
2956;17
2957;35
2958;37
2959;13
2960;36
2961;42
2962;10
2963;17
2964;22
2965;37
2966;78
2967;43
2968;56
2969;16
2970;14
2971;37
2972;35
2973;15
2974;11
2975;44
2976;28
2977;0
2978;2
2979;2
2980;66
2981;73
2982;26
2983;31
2984;74
2985;47
2986;27
2987;43
2988;15
2989;8
2990;67
2991;50
2992;20
2993;38
2994;5
2995;3
2996;7
2997;53
2998;56
2999;12
3000;9
3001;50
3002;54
3003;52
3004;36
3005;25
3006;3
3007;3
3008;83
3009;82
3010;29
3011;60
3012;59
3013;77
3014;40
3015;40
3016;67
3017;50
3018;75
3019;67
3020;43
3021;32
3022;50
3023;9
3024;12
3025;20
3026;35
3027;3
3028;0
3029;72
3030;58
3031;31
3032;15
3033;8
3034;49
3035;7
3036;71
3037;43
3038;41
3039;33
3040;8
3041;16
3042;37
3043;72
3044;54
3045;13
3046;27
3047;34
3048;32
3049;33
3050;15
3051;16
3052;48
3053;61
3054;42
3055;46
3056;36
3057;64
3058;11
3059;6
3060;87
3061;80
3062;84
3063;53
3064;39
3065;68
3066;69
3067;47
3068;42
3069;5
3070;77
3071;66
3072;64
3073;67
3074;31
3075;7
3076;59
3077;63
3078;50
3079;27
3080;32
3081;11
3082;15
3083;7
3084;44
3085;29
3086;15
3087;2
3088;13
3089;3
3090;36
3091;68
3092;46
3093;82
3094;49
3095;48
3096;39
3097;8
3098;14
3099;58
3100;72
3101;73
3102;60
3103;62
3104;7
3105;11
3106;31
3107;63
3108;32
3109;10
3110;17
3111;42
3112;46
3113;13
3114;72
3115;59
3116;29
3117;23
3118;37
3119;0
3120;67
3121;62
3122;68
3123;73
3124;20
3125;22
3126;5
3127;36
3128;58
3129;17
3130;13
3131;61
3132;21
3133;64
3134;86
3135;36
3136;48
3137;18
3138;4
3139;35
3140;30
3141;70
3142;57
3143;75
3144;65
3145;19
3146;64
3147;46
3148;46
3149;12
3150;16
3151;47
3152;68
3153;82
3154;80
3155;64
3156;41
3157;11
3158;11
3159;53
3160;62
3161;29
3162;27
3163;1
3164;41
3165;80
3166;53
3167;33
3168;44
3169;18
3170;17
3171;59
3172;39
3173;10
3174;10
3175;78
3176;42
3177;44
3178;12
3179;14
3180;62
3181;62
3182;43
3183;88
3184;46
3185;44
3186;32
3187;3
3188;5
3189;2
3190;95
3191;57
3192;42
3193;22
3194;70
3195;40
3196;53
3197;39
3198;36
3199;1
3200;6
3201;5
3202;2
3203;58
3204;88
3205;52
3206;32
3207;62
3208;66
3209;51
3210;32
3211;22
3212;3
3213;3
3214;74
3215;66
3216;88
3217;74
3218;86
3219;56
3220;54
3221;17
3222;9
3223;77
3224;35
3225;75
3226;77
3227;61
3228;57
3229;19
3230;46
3231;20
3232;88
3233;73
3234;42
3235;34
3236;5
3237;16
3238;6
3239;37
3240;78
3241;66
3242;35
3243;41
3244;0
3245;14
3246;17
3247;36
3248;39
3249;5
3250;17
3251;17
3252;70
3253;36
3254;11
3255;68
3256;56
3257;37
3258;48
3259;47
3260;58
3261;67
3262;76
3263;70
3264;54
3265;48
3266;14
3267;39
3268;28
3269;2
3270;0
3271;35
3272;27
3273;8
3274;2
3275;55
3276;54
3277;38
3278;10
3279;51
3280;51
3281;88
3282;68
3283;61
3284;19
3285;64
3286;59
3287;34
3288;27
3289;2
3290;5
3291;73
3292;57
3293;61
3294;10
3295;15
3296;37
3297;26
3298;8
3299;71
3300;49
3301;58
3302;47
3303;32
3304;54
3305;48
3306;38
3307;39
3308;16
3309;8
3310;73
3311;92
3312;87
3313;58
3314;66
3315;52
3316;58
3317;73
3318;62
3319;22
3320;49
3321;3
3322;2
3323;26
3324;10
3325;54
3326;65
3327;37
3328;33
3329;13
3330;49
3331;78
3332;59
3333;30
3334;41
3335;63
3336;33
3337;34
3338;9
3339;92
3340;55
3341;35
3342;40
3343;49
3344;6
3345;3
3346;32
3347;20
3348;27
3349;61
3350;39
3351;41
3352;35
3353;40
3354;0
3355;9
3356;32
3357;48
3358;7
3359;17
3360;34
3361;61
3362;9
3363;16
3364;91
3365;48
3366;53
3367;25
3368;21
3369;73
3370;49
3371;50
3372;52
3373;13
3374;11
3375;18
3376;34
3377;46
3378;22
3379;65
3380;50
3381;82
3382;26
3383;36
3384;14
3385;64
3386;37
3387;14
3388;14
3389;16
3390;74
3391;69
3392;62
3393;49
3394;46
3395;17
3396;31
3397;83
3398;61
3399;23
3400;66
3401;69
3402;64
3403;42
3404;35
3405;7
3406;5
3407;44
3408;63
3409;13
3410;13
3411;56
3412;65
3413;27
3414;42
3415;17
3416;13
3417;69
3418;42
3419;39
3420;18
3421;6
3422;13
3423;91
3424;34
3425;39
3426;39
3427;61
3428;56
3429;45
3430;56
3431;51
3432;56
3433;78
3434;21
3435;28
3436;45
3437;8
3438;3
3439;4
3440;60
3441;38
3442;33
3443;13
3444;54
3445;47
3446;43
3447;15
3448;9
3449;4
3450;72
3451;55
3452;45
3453;41
3454;10
3455;15
3456;61
3457;60
3458;51
3459;32
3460;20
3461;68
3462;52
3463;69
3464;67
3465;43
3466;41
3467;47
3468;7
3469;74
3470;59
3471;57
3472;22
3473;38
3474;28
3475;10
3476;2
3477;60
3478;56
3479;19
3480;9
3481;29
3482;36
3483;76
3484;60
3485;49
3486;76
3487;68
3488;30
3489;49
3490;57
3491;38
3492;20
3493;1
3494;27
3495;22
3496;0
3497;7
3498;34
3499;33
3500;11
3501;0
3502;43
3503;37
3504;43
3505;25
3506;30
3507;51
3508;63
3509;81
3510;56
3511;13
3512;43
3513;68
3514;77
3515;69
3516;85
3517;41
3518;48
3519;8
3520;66
3521;40
3522;67
3523;71
3524;69
3525;36
3526;46
3527;17
3528;14
3529;13
3530;82
3531;76
3532;44
3533;48
3534;14
3535;10
3536;18
3537;46
3538;52
3539;48
3540;63
3541;18
3542;15
3543;60
3544;72
3545;69
3546;30
3547;42
3548;2
3549;2
3550;3
3551;50
3552;29
3553;45
3554;10
3555;57
3556;50
3557;55
3558;80
3559;22
3560;44
3561;24
3562;85
3563;50
3564;69
3565;49
3566;34
3567;15
3568;13
3569;52
3570;43
3571;67
3572;25
3573;56
3574;58
3575;37
3576;15
3577;12
3578;52
3579;47
3580;76
3581;33
3582;58
3583;8
3584;60
3585;19
3586;42
3587;60
3588;69
3589;91
3590;30
3591;73
3592;24
3593;68
3594;53
3595;58
3596;55
3597;89
3598;68
3599;70
3600;65
3601;58
3602;53
3603;62
3604;41
3605;38
3606;12
3607;4
3608;46
3609;46
3610;12
3611;12
3612;69
3613;93
3614;37
3615;49
3616;13
3617;62
3618;54
3619;62
3620;48
3621;58
3622;11
3623;6
3624;43
3625;39
3626;40
3627;14
3628;4
3629;43
3630;44
3631;12
3632;9
3633;37
3634;52
3635;68
3636;83
3637;31
3638;57
3639;11
3640;6
3641;59
3642;37
3643;16
3644;74
3645;65
3646;86
3647;23
3648;24
3649;59
3650;39
3651;25
3652;16
3653;82
3654;56
3655;54
3656;34
3657;9
3658;73
3659;66
3660;39
3661;34
3662;16
3663;81
3664;29
3665;29
3666;55
3667;29
3668;53
3669;32
3670;76
3671;47
3672;50
3673;8
3674;6
3675;68
3676;85
3677;91
3678;21
3679;28
3680;32
3681;0
3682;0
3683;59
3684;65
3685;48
3686;38
3687;17
3688;43
3689;46
3690;14
3691;31
3692;50
3693;68
3694;57
3695;73
3696;82
3697;49
3698;38
3699;58
3700;56
3701;48
3702;41
3703;13
3704;7
3705;15
3706;32
3707;41
3708;9
3709;62
3710;77
3711;78
3712;54
3713;52
3714;60
3715;55
3716;73
3717;61
3718;36
3719;31
3720;1
3721;1
3722;14
3723;36
3724;41
3725;5
3726;0
3727;53
3728;20
3729;21
3730;45
3731;0
3732;74
3733;29
3734;46
3735;54
3736;26
3737;43
3738;0
3739;7
3740;72
3741;39
3742;64
3743;62
3744;74
3745;19
3746;24
3747;89
3748;60
3749;51
3750;56
3751;72
3752;47
3753;42
3754;67
3755;75
3756;31
3757;8
3758;48
3759;61
3760;10
3761;48
3762;24
3763;19
3764;37
3765;22
3766;66
3767;20
3768;52
3769;55
3770;55
3771;74
3772;64
3773;36
3774;56
3775;9
3776;17
3777;14
3778;56
3779;45
3780;14
3781;7
3782;14
3783;46
3784;34
3785;6
3786;6
3787;60
3788;58
3789;27
3790;45
3791;5
3792;18
3793;52
3794;62
3795;68
3796;70
3797;46
3798;54
3799;50
3800;62
3801;13
3802;46
3803;37
3804;52
3805;11
3806;21
3807;78
3808;64
3809;47
3810;50
3811;36
3812;51
3813;64
3814;33
3815;37
3816;1
3817;13
3818;50
3819;64
3820;77
3821;49
3822;22
3823;2
3824;10
3825;40
3826;47
3827;34
3828;78
3829;74
3830;78
3831;24
3832;48
3833;6
3834;7
3835;41
3836;37
3837;4
3838;57
3839;39
3840;17
3841;69
3842;93
3843;53
3844;58
3845;38
3846;32
3847;0
3848;3
3849;97
3850;36
3851;35
3852;13
3853;16
3854;43
3855;22
3856;0
3857;1
3858;17
3859;37
3860;31
3861;9
3862;33
3863;58
3864;37
3865;27
3866;13
3867;13
3868;64
3869;41
3870;9
3871;14
3872;17
3873;50
3874;43
3875;40
3876;56
3877;16
3878;13
3879;47
3880;78
3881;46
3882;82
3883;36
3884;7
3885;16
3886;60
3887;28
3888;15
3889;37
3890;19
3891;34
3892;55
3893;81
3894;68
3895;81
3896;82
3897;63
3898;30
3899;50
3900;50
3901;44
3902;12
3903;11
3904;50
3905;49
3906;47
3907;50
3908;8
3909;16
3910;54
3911;92
3912;50
3913;86
3914;88
3915;62
3916;52
3917;57
3918;59
3919;74
3920;44
3921;62
3922;47
3923;21
3924;14
3925;30
3926;54
3927;34
3928;16
3929;14
3930;43
3931;34
3932;2
3933;4
3934;12
3935;5
3936;17
3937;60
3938;37
3939;14
3940;74
3941;40
3942;5
3943;27
3944;43
3945;3
3946;7
3947;2
3948;57
3949;93
3950;41
3951;36
3952;40
3953;3
3954;16
3955;2
3956;39
3957;54
3958;22
3959;19
3960;71
3961;63
3962;64
3963;52
3964;63
3965;24
3966;64
3967;47
3968;28
3969;16
3970;7
3971;61
3972;24
3973;71
3974;56
3975;71
3976;23
3977;39
3978;18
3979;3
3980;73
3981;43
3982;32
3983;11
3984;17
3985;31
3986;34
3987;13
3988;10
3989;11
3990;56
3991;75
3992;37
3993;46
3994;42
3995;7
3996;86
3997;72
3998;25
3999;23
4000;68
4001;71
4002;59
4003;47
4004;75
4005;85
4006;77
4007;35
4008;16
4009;66
4010;58
4011;56
4012;45
4013;88
4014;71
4015;72
4016;49
4017;24
4018;14
4019;8
4020;54
4021;19
4022;66
4023;89
4024;68
4025;19
4026;84
4027;89
4028;20
4029;84
4030;20
4031;67
4032;45
4033;54
4034;41
4035;57
4036;38
4037;31
4038;3
4039;13
4040;69
4041;37
4042;49
4043;54
4044;28
4045;35
4046;86
4047;41
4048;44
4049;5
4050;12
4051;1
4052;82
4053;50
4054;91
4055;38
4056;83
4057;69
4058;49
4059;25
4060;75
4061;62
4062;30
4063;27
4064;5
4065;54
4066;53
4067;64
4068;40
4069;46
4070;13
4071;6
4072;6
4073;59
4074;55
4075;42
4076;45
4077;6
4078;17
4079;1
4080;16
4081;2
4082;57
4083;38
4084;15
4085;18
4086;18
4087;75
4088;22
4089;51
4090;76
4091;80
4092;26
4093;49
4094;13
4095;87
4096;39
4097;57
4098;40
4099;64
4100;67
4101;52
4102;70
4103;57
4104;80
4105;54
4106;51
4107;58
4108;22
4109;61
4110;32
4111;58
4112;19
4113;48
4114;18
4115;1
4116;71
4117;21
4118;63
4119;49
4120;46
4121;80
4122;64
4123;49
4124;56
4125;25
4126;21
4127;26
4128;72
4129;34
4130;61
4131;93
4132;61
4133;40
4134;63
4135;32
4136;13
4137;6
4138;54
4139;55
4140;80
4141;30
4142;61
4143;71
4144;65
4145;48
4146;48
4147;20
4148;38
4149;64
4150;46
4151;19
4152;37
4153;35
4154;40
4155;12
4156;3
4157;75
4158;22
4159;68
4160;85
4161;24
4162;37
4163;67
4164;24
4165;76
4166;37
4167;75
4168;34
4169;28
4170;1
4171;16
4172;57
4173;22
4174;63
4175;71
4176;55
4177;78
4178;47
4179;57
4180;54
4181;20
4182;86
4183;73
4184;50
4185;58
4186;20
4187;36
4188;37
4189;35
4190;5
4191;55
4192;83
4193;49
4194;57
4195;18
4196;65
4197;49
4198;54
4199;48
4200;11
4201;7
4202;10
4203;85
4204;52
4205;73
4206;53
4207;34
4208;9
4209;27
4210;38
4211;0
4212;9
4213;36
4214;79
4215;78
4216;71
4217;54
4218;51
4219;21
4220;29
4221;73
4222;49
4223;74
4224;47
4225;36
4226;38
4227;31
4228;6
4229;73
4230;67
4231;56
4232;71
4233;63
4234;67
4235;36
4236;38
4237;6
4238;10
4239;48
4240;52
4241;7
4242;37
4243;28
4244;32
4245;21
4246;52
4247;29
4248;19
4249;2
4250;10
4251;1
4252;42
4253;37
4254;14
4255;1
4256;5
4257;18
4258;55
4259;42
4260;43
4261;1
4262;4
4263;57
4264;31
4265;18
4266;17
4267;74
4268;58
4269;52
4270;43
4271;56
4272;17
4273;18
4274;13
4275;44
4276;50
4277;7
4278;18
4279;57
4280;48
4281;9
4282;14
4283;66
4284;51
4285;76
4286;38
4287;54
4288;12
4289;47
4290;68
4291;64
4292;40
4293;34
4294;15
4295;14
4296;40
4297;69
4298;77
4299;76
4300;72
4301;75
4302;56
4303;31
4304;75
4305;55
4306;57
4307;57
4308;82
4309;57
4310;85
4311;23
4312;44
4313;81
4314;38
4315;17
4316;4
4317;71
4318;61
4319;45
4320;7
4321;10
4322;90
4323;78
4324;77
4325;74
4326;25
4327;59
4328;38
4329;20
4330;35
4331;23
4332;36
4333;57
4334;72
4335;61
4336;52
4337;75
4338;88
4339;25
4340;54
4341;39
4342;78
4343;66
4344;71
4345;54
4346;54
4347;28
4348;20
4349;60
4350;29
4351;22
4352;31
4353;49
4354;44
4355;0
4356;35
4357;62
4358;18
4359;15
4360;77
4361;47
4362;48
4363;48
4364;38
4365;14
4366;45
4367;33
4368;2
4369;0
4370;3
4371;0
4372;56
4373;70
4374;57
4375;62
4376;52
4377;16
4378;68
4379;83
4380;62
4381;51
4382;64
4383;60
4384;64
4385;55
4386;8
4387;63
4388;61
4389;56
4390;88
4391;19
4392;20
4393;19
4394;47
4395;71
4396;66
4397;30
4398;34
4399;1
4400;2
4401;62
4402;45
4403;26
4404;38
4405;47
4406;33
4407;6
4408;12
4409;11
4410;71
4411;58
4412;49
4413;11
4414;9
4415;46
4416;57
4417;62
4418;74
4419;49
4420;7
4421;27
4422;53
4423;16
4424;43
4425;39
4426;3
4427;3
4428;51
4429;60
4430;45
4431;51
4432;6
4433;6
4434;17
4435;13
4436;64
4437;96
4438;63
4439;48
4440;24
4441;52
4442;47
4443;51
4444;6
4445;62
4446;34
4447;30
4448;18
4449;18
4450;37
4451;31
4452;13
4453;7
4454;27
4455;42
4456;11
4457;4
4458;22
4459;75
4460;51
4461;56
4462;59
4463;23
4464;50
4465;37
4466;12
4467;9
4468;49
4469;35
4470;77
4471;47
4472;61
4473;61
4474;56
4475;89
4476;33
4477;48
4478;18
4479;11
4480;16
4481;49
4482;32
4483;15
4484;17
4485;48
4486;22
4487;5
4488;13
4489;47
4490;58
4491;41
4492;26
4493;71
4494;78
4495;73
4496;62
4497;49
4498;60
4499;8
4500;18
4501;52
4502;75
4503;64
4504;65
4505;48
4506;31
4507;6
4508;9
4509;71
4510;69
4511;65
4512;27
4513;67
4514;43
4515;35
4516;12
4517;2
4518;42
4519;7
4520;18
4521;77
4522;48
4523;26
4524;53
4525;43
4526;67
4527;64
4528;32
4529;14
4530;6
4531;14
4532;34
4533;14
4534;6
4535;72
4536;90
4537;78
4538;21
4539;91
4540;20
4541;65
4542;37
4543;52
4544;67
4545;82
4546;41
4547;84
4548;29
4549;6
4550;60
4551;58
4552;95
4553;65
4554;29
4555;62
4556;57
4557;29
4558;43
4559;0
4560;16
4561;51
4562;70
4563;58
4564;24
4565;38
4566;57
4567;40
4568;15
4569;11
4570;58
4571;79
4572;33
4573;57
4574;32
4575;40
4576;7
4577;14
4578;72
4579;42
4580;23
4581;0
4582;5
4583;50
4584;22
4585;22
4586;50
4587;69
4588;44
4589;29
4590;16
4591;11
4592;13
4593;13
4594;21
4595;59
4596;37
4597;65
4598;20
4599;51
4600;31
4601;17
4602;6
4603;70
4604;82
4605;61
4606;40
4607;8
4608;12
4609;18
4610;30
4611;43
4612;45
4613;18
4614;15
4615;44
4616;71
4617;78
4618;61
4619;28
4620;56
4621;64
4622;16
4623;41
4624;24
4625;0
4626;0
4627;57
4628;74
4629;57
4630;51
4631;39
4632;34
4633;24
4634;70
4635;48
4636;32
4637;78
4638;20
4639;66
4640;24
4641;22
4642;71
4643;19
4644;46
4645;32
4646;32
4647;2
4648;7
4649;45
4650;68
4651;78
4652;34
4653;54
4654;20
4655;22
4656;20
4657;55
4658;38
4659;49
4660;17
4661;3
4662;0
4663;90
4664;21
4665;24
4666;22
4667;61
4668;24
4669;27
4670;41
4671;33
4672;16
4673;8
4674;26
4675;46
4676;91
4677;40
4678;75
4679;72
4680;34
4681;72
4682;27
4683;39
4684;12
4685;10
4686;11
4687;47
4688;47
4689;62
4690;40
4691;26
4692;34
4693;30
4694;50
4695;15
4696;17
4697;47
4698;32
4699;48
4700;5
4701;1
4702;2
4703;61
4704;51
4705;13
4706;21
4707;66
4708;63
4709;85
4710;59
4711;74
4712;20
4713;55
4714;35
4715;10
4716;38
4717;38
4718;32
4719;51
4720;58
4721;17
4722;32
4723;56
4724;13
4725;7
4726;60
4727;16
4728;46
4729;36
4730;10
4731;10
4732;41
4733;45
4734;8
4735;0
4736;5
4737;4
4738;68
4739;85
4740;66
4741;51
4742;40
4743;61
4744;16
4745;7
4746;56
4747;87
4748;72
4749;49
4750;50
4751;76
4752;64
4753;32
4754;55
4755;6
4756;13
4757;16
4758;56
4759;71
4760;78
4761;54
4762;63
4763;69
4764;77
4765;70
4766;47
4767;45
4768;8
4769;11
4770;6
4771;31
4772;45
4773;42
4774;63
4775;51
4776;76
4777;58
4778;51
4779;60
4780;77
4781;39
4782;42
4783;86
4784;83
4785;19
4786;36
4787;31
4788;27
4789;0
4790;12
4791;8
4792;54
4793;47
4794;68
4795;62
4796;48
4797;57
4798;87
4799;26
4800;23
4801;58
4802;57
4803;39
4804;61
4805;67
4806;65
4807;21
4808;52
4809;29
4810;42
4811;6
4812;24
4813;26
4814;5
4815;16
4816;46
4817;49
4818;5
4819;7
4820;50
4821;78
4822;52
4823;59
4824;28
4825;45
4826;58
4827;81
4828;55
4829;54
4830;20
4831;28
4832;7
4833;1
4834;51
4835;58
4836;52
4837;19
4838;24
4839;63
4840;47
4841;10
4842;11
4843;65
4844;68
4845;68
4846;42
4847;38
4848;0
4849;63
4850;50
4851;52
4852;59
4853;57
4854;52
4855;83
4856;51
4857;61
4858;68
4859;19
4860;88
4861;73
4862;20
4863;42
4864;12
4865;73
4866;80
4867;56
4868;34
4869;41
4870;14
4871;14
4872;57
4873;6
4874;6
4875;69
4876;40
4877;3
4878;78
4879;69
4880;85
4881;52
4882;44
4883;20
4884;5
4885;16
4886;52
4887;52
4888;27
4889;38
4890;12
4891;17
4892;27
4893;30
4894;53
4895;14
4896;56
4897;38
4898;13
4899;17
4900;68
4901;65
4902;77
4903;30
4904;1
4905;77
4906;64
4907;90
4908;48
4909;81
4910;60
4911;80
4912;58
4913;43
4914;12
4915;10
4916;46
4917;52
4918;38
4919;71
4920;56
4921;40
4922;37
4923;3
4924;35
4925;40
4926;3
4927;1
4928;0
4929;32
4930;32
4931;3
4932;1
4933;85
4934;76
4935;50
4936;6
4937;13
4938;49
4939;63
4940;34
4941;56
4942;11
4943;18
4944;18
4945;41
4946;60
4947;63
4948;65
4949;56
4950;80
4951;52
4952;89
4953;71
4954;28
4955;57
4956;69
4957;65
4958;43
4959;32
4960;65
4961;64
4962;43
4963;42
4964;13
4965;6
4966;28
4967;44
4968;2
4969;11
4970;19
4971;34
4972;2
4973;0
4974;43
4975;67
4976;62
4977;79
4978;61
4979;56
4980;16
4981;8
4982;81
4983;47
4984;53
4985;46
4986;79
4987;24
4988;38
4989;71
4990;32
4991;52
4992;66
4993;23
4994;61
4995;71
4996;77
4997;57
4998;65
4999;76
5000;72
5001;39
5002;43
5003;65
5004;72
5005;73
5006;87
5007;92
5008;88
5009;53
5010;19
5011;35
5012;45
5013;61
5014;22
5015;62
5016;48
5017;75
5018;20
5019;37
5020;61
5021;75
5022;60
5023;27
5024;82
5025;51
5026;47
5027;14
5028;14
5029;6
5030;18
5031;42
5032;46
5033;17
5034;57
5035;34
5036;10
5037;12
5038;47
5039;63
5040;7
5041;16
5042;16
5043;76
5044;19
5045;74
5046;46
5047;79
5048;46
5049;39
