1;55
2;47
3;72
4;60
5;61
6;69
7;75
8;35
9;46
10;64
11;70
12;68
13;62
14;51
15;39
16;51
17;20
18;70
19;70
20;63
21;22
22;67
23;62
24;74
25;94
26;29
27;35
28;8
29;5
30;55
31;38
32;52
33;14
34;12
35;39
36;54
37;62
38;37
39;80
40;62
41;86
42;41
43;35
44;12
45;12
46;90
47;38
48;61
49;39
50;7
51;60
52;79
53;61
54;52
55;51
56;33
57;50
58;10
59;17
60;68
61;51
62;37
63;22
64;38
65;3
66;4
67;60
68;58
69;47
70;41
71;15
72;16
73;10
74;55
75;33
76;17
77;17
78;16
79;12
80;59
81;60
82;55
83;41
84;59
85;58
86;69
87;84
88;72
89;65
90;75
91;64
92;61
93;44
94;40
95;8
96;44
97;49
98;4
99;5
100;51
101;49
102;37
103;46
104;6
105;13
106;64
107;75
108;54
109;65
110;70
111;53
112;67
113;68
114;39
115;44
116;3
117;3
118;65
119;82
120;55
121;36
122;10
123;7
124;89
125;50
126;78
127;28
128;37
129;71
130;49
131;22
132;21
133;25
134;24
135;65
136;56
137;69
138;89
139;32
140;15
141;82
142;23
143;79
144;42
145;35
146;18
147;6
148;63
149;53
150;82
151;70
152;25
153;49
154;76
155;22
156;19
157;37
158;27
159;5
160;63
161;32
162;14
163;44
164;92
165;73
166;40
167;50
168;6
169;6
170;14
171;54
172;63
173;35
174;24
175;55
176;72
177;45
178;35
179;8
180;16
181;17
182;24
183;61
184;49
185;79
186;52
187;47
188;75
189;88
190;64
191;51
192;59
193;18
194;12
195;16
196;53
197;67
198;46
199;41
200;10
201;5
202;34
203;59
204;54
205;68
206;82
207;30
208;51
209;55
210;47
211;14
212;10
213;67
214;64
215;58
216;42
217;28
218;54
219;25
220;41
221;47
222;15
223;13
224;9
225;65
226;31
227;61
228;11
229;13
230;11
231;30
232;29
233;43
234;18
235;43
236;75
237;43
238;46
239;60
240;56
241;70
242;32
243;19
244;39
245;69
246;27
247;25
248;66
249;62
250;58
251;58
252;45
253;26
254;15
255;16
256;37
257;26
258;15
259;16
260;65
261;43
262;83
263;27
264;35
265;2
266;4
267;65
268;76
269;58
270;52
271;44
272;36
273;4
274;0
275;49
276;73
277;69
278;62
279;55
280;36
281;16
282;44
283;25
284;29
285;44
286;24
287;56
288;24
289;38
290;67
291;22
292;44
293;44
294;8
295;12
296;0
297;53
298;42
299;44
300;10
301;86
302;61
303;43
304;32
305;15
306;61
307;48
308;43
309;48
310;15
311;13
312;20
313;37
314;44
315;24
316;27
317;60
318;44
319;10
320;14
321;7
322;17
323;24
324;20
325;3
326;5
327;53
328;62
329;49
330;18
331;71
332;58
333;61
334;32
335;37
336;4
337;0
338;61
339;63
340;43
341;33
342;13
343;9
344;35
345;44
346;6
347;43
348;64
349;10
350;74
351;50
352;43
353;45
354;1
355;1
356;75
357;21
358;90
359;77
360;65
361;45
362;49
363;27
364;54
365;53
366;20
367;50
368;64
369;68
370;66
371;43
372;40
373;12
374;16
375;36
376;58
377;50
378;13
379;12
380;55
381;64
382;34
383;37
384;52
385;12
386;15
387;35
388;40
389;14
390;7
391;64
392;38
393;29
394;17
395;34
396;27
397;15
398;61
399;74
400;42
401;26
402;46
403;7
404;6
405;17
406;52
407;81
408;50
409;51
410;88
411;34
412;58
413;84
414;65
415;79
416;31
417;36
418;8
419;17
420;53
421;76
422;45
423;45
424;44
425;5
426;2
427;7
428;28
429;40
430;72
431;63
432;42
433;10
434;38
435;39
436;38
437;11
438;15
439;66
440;21
441;85
442;40
443;35
444;19
445;8
446;22
447;54
448;66
449;75
450;55
451;54
452;60
453;57
454;42
455;42
456;7
457;7
458;57
459;37
460;39
461;3
462;65
463;76
464;19
465;64
466;50
467;42
468;7
469;72
470;82
471;54
472;51
473;34
474;47
475;36
476;31
477;15
478;1
479;10
480;0
481;5
482;29
483;54
484;36
485;43
486;11
487;4
488;54
489;53
490;19
491;55
492;64
493;34
494;57
495;53
496;29
497;60
498;46
499;8
500;56
501;53
502;63
503;88
504;46
505;62
506;66
507;21
508;66
509;57
510;46
511;47
512;43
513;19
514;2
515;3
516;75
517;49
518;23
519;67
520;60
521;42
522;57
523;31
524;64
525;62
526;35
527;38
528;8
529;15
530;53
531;48
532;14
533;12
534;6
535;19
536;73
537;53
538;64
539;37
540;34
541;7
542;10
543;79
544;61
545;34
546;12
547;7
548;6
549;80
550;56
551;79
552;59
553;49
554;55
555;46
556;53
557;74
558;55
559;57
560;43
561;64
562;13
563;8
564;52
565;60
566;65
567;82
568;78
569;61
570;28
571;9
572;7
573;60
574;70
575;76
576;79
577;52
578;62
579;30
580;34
581;53
582;17
583;13
584;39
585;34
586;2
587;12
588;49
589;76
590;37
591;32
592;50
593;44
594;80
595;42
596;38
597;53
598;11
599;10
600;18
601;53
602;59
603;51
604;70
605;38
606;31
607;35
608;5
609;2
610;46
611;35
612;9
613;17
614;7
615;52
616;92
617;49
618;81
619;83
620;33
621;48
622;17
623;19
624;49
625;2
626;11
627;49
628;44
629;14
630;14
631;37
632;32
633;14
634;15
635;3
636;80
637;55
638;46
639;38
640;12
641;7
642;72
643;22
644;43
645;24
646;20
647;24
648;35
649;46
650;40
651;14
652;10
653;24
654;63
655;51
656;39
657;50
658;10
659;47
660;47
661;20
662;25
663;23
664;19
665;73
666;49
667;32
668;43
669;25
670;64
671;61
672;39
673;43
674;24
675;4
676;3
677;48
678;71
679;58
680;78
681;32
682;50
683;8
684;16
685;18
686;45
687;42
688;8
689;18
690;56
691;67
692;73
693;36
694;74
695;52
696;36
697;34
698;40
699;17
700;4
701;31
702;36
703;9
704;6
705;55
706;57
707;48
708;31
709;51
710;78
711;66
712;27
713;46
714;31
715;10
716;9
717;54
718;23
719;41
720;42
721;11
722;23
723;69
724;22
725;55
726;41
727;53
728;44
729;63
730;46
731;25
732;34
733;39
734;66
735;59
736;47
737;44
738;4
739;10
740;34
741;62
742;9
743;6
744;11
745;35
746;38
747;35
748;30
749;10
750;40
751;38
752;39
753;45
754;23
755;49
756;43
757;12
758;17
759;66
760;41
761;53
762;12
763;8
764;10
765;78
766;62
767;42
768;58
769;38
770;16
771;18
772;27
773;54
774;49
775;30
776;48
777;66
778;51
779;44
780;7
781;17
782;39
783;25
784;2
785;3
786;4
787;63
788;42
789;41
790;44
791;6
792;9
793;6
794;27
795;45
796;12
797;18
798;23
799;43
800;52
801;63
802;38
803;9
804;10
805;77
806;50
807;60
808;95
809;33
810;28
811;6
812;3
813;54
814;82
815;20
816;74
817;73
818;52
819;69
820;40
821;13
822;43
823;57
824;40
825;44
826;38
827;11
828;15
829;48
830;64
831;90
832;56
833;37
834;24
835;39
836;1
837;5
838;46
839;41
840;40
841;10
842;61
843;69
844;55
845;50
846;53
847;78
848;60
849;61
850;45
851;20
852;33
853;10
854;3
855;30
856;24
857;35
858;19
859;41
860;77
861;20
862;77
863;46
864;89
865;58
866;51
867;76
868;30
869;63
870;62
871;61
872;36
873;63
874;56
875;72
876;35
877;50
878;51
879;52
880;47
881;60
882;57
883;59
884;68
885;19
886;44
887;63
888;44
889;54
890;25
891;44
892;22
893;50
894;27
895;36
896;62
897;71
898;86
899;79
900;59
901;95
902;62
903;19
904;60
905;19
906;62
907;39
908;54
909;44
910;39
911;17
912;15
913;33
914;44
915;31
916;7
917;17
918;55
919;56
920;57
921;21
922;45
923;54
924;45
925;7
926;6
927;65
928;42
929;61
930;39
931;18
932;15
933;19
934;59
935;21
936;82
937;49
938;48
939;21
940;26
941;73
942;52
943;71
944;51
945;64
946;50
947;26
948;33
949;62
950;39
951;7
952;9
953;84
954;46
955;19
956;37
957;34
958;61
959;17
960;14
961;50
962;42
963;8
964;15
965;14
966;34
967;28
968;18
969;54
970;40
971;15
972;7
973;42
974;63
975;65
976;72
977;63
978;54
979;36
980;75
981;32
982;55
983;22
984;51
985;64
986;50
987;64
988;52
989;51
990;6
991;11
992;57
993;29
994;67
995;52
996;43
997;39
998;30
999;57
1000;91
1001;51
1002;31
1003;34
1004;4
1005;0
1006;31
1007;28
1008;9
1009;14
1010;56
1011;88
1012;72
1013;63
1014;35
1015;34
1016;67
1017;70
1018;54
1019;88
1020;78
1021;72
1022;67
1023;58
1024;48
1025;58
1026;8
1027;8
1028;46
1029;54
1030;11
1031;6
1032;39
1033;35
1034;51
1035;56
1036;30
1037;59
1038;86
1039;58
1040;54
1041;19
1042;55
1043;47
1044;53
1045;28
1046;40
1047;69
1048;71
1049;58
1050;53
1051;64
1052;78
1053;49
1054;53
1055;7
1056;6
1057;53
1058;32
1059;10
1060;13
1061;8
1062;73
1063;65
1064;93
1065;39
1066;27
1067;71
1068;32
1069;27
1070;65
1071;24
1072;39
1073;7
1074;9
1075;4
1076;66
1077;29
1078;21
1079;21
1080;90
1081;88
1082;25
1083;94
1084;40
1085;47
1086;12
1087;13
1088;43
1089;58
1090;55
1091;35
1092;47
1093;9
1094;17
1095;54
1096;49
1097;10
1098;18
1099;33
1100;39
1101;56
1102;87
1103;59
1104;62
1105;50
1106;50
1107;19
1108;45
1109;64
1110;30
1111;49
1112;38
1113;7
1114;6
1115;69
1116;46
1117;38
1118;7
1119;14
1120;50
1121;17
1122;40
1123;88
1124;66
1125;53
1126;63
1127;17
1128;17
1129;57
1130;52
1131;15
1132;12
1133;10
1134;47
1135;6
1136;54
1137;85
1138;52
1139;33
1140;17
1141;63
1142;38
1143;7
1144;16
1145;49
1146;52
1147;76
1148;70
1149;57
1150;96
1151;51
1152;55
1153;36
1154;11
1155;10
1156;6
1157;73
1158;88
1159;33
1160;45
1161;13
1162;14
1163;52
1164;45
1165;17
1166;11
1167;46
1168;28
1169;33
1170;5
1171;10
1172;7
1173;3
1174;30
1175;21
1176;23
1177;44
1178;55
1179;33
1180;39
1181;7
1182;11
1183;64
1184;46
1185;66
1186;38
1187;57
1188;47
1189;37
1190;46
1191;0
1192;52
1193;66
1194;72
1195;68
1196;69
1197;52
1198;74
1199;67
1200;44
1201;35
1202;14
1203;5
1204;76
1205;53
1206;37
1207;83
1208;20
1209;33
1210;21
1211;53
1212;70
1213;66
1214;19
1215;72
1216;63
1217;56
1218;64
1219;67
1220;51
1221;66
1222;37
1223;40
1224;14
1225;78
1226;53
1227;40
1228;86
1229;53
1230;46
1231;6
1232;15
1233;18
1234;38
1235;15
1236;51
1237;27
1238;73
1239;66
1240;53
1241;49
1242;39
1243;9
1244;6
1245;67
1246;69
1247;43
1248;3
1249;48
1250;17
1251;28
1252;33
1253;6
1254;3
1255;50
1256;7
1257;12
1258;30
1259;64
1260;14
1261;7
1262;57
1263;67
1264;64
1265;70
1266;41
1267;30
1268;14
1269;9
1270;69
1271;58
1272;65
1273;21
1274;11
1275;45
1276;61
1277;77
1278;41
1279;8
1280;8
1281;25
1282;66
1283;61
1284;32
1285;52
1286;71
1287;43
1288;38
1289;3
1290;0
1291;2
1292;43
1293;56
1294;38
1295;29
1296;13
1297;15
1298;53
1299;56
1300;87
1301;53
1302;36
1303;79
1304;79
1305;50
1306;64
1307;52
1308;52
1309;55
1310;40
1311;26
1312;66
1313;41
1314;45
1315;0
1316;0
1317;12
1318;41
1319;12
1320;17
1321;52
1322;26
1323;6
1324;11
1325;32
1326;54
1327;47
1328;72
1329;39
1330;53
1331;8
1332;7
1333;46
1334;27
1335;0
1336;4
1337;5
1338;62
1339;49
1340;37
1341;3
1342;1
1343;61
1344;82
1345;24
1346;57
1347;63
1348;46
1349;41
1350;3
1351;44
1352;31
1353;7
1354;18
1355;73
1356;38
1357;41
1358;4
1359;0
1360;4
1361;66
1362;75
1363;33
1364;25
1365;5
1366;4
1367;42
1368;27
1369;3
1370;4
1371;49
1372;68
1373;72
1374;41
1375;44
1376;6
1377;12
1378;18
1379;54
1380;64
1381;19
1382;29
1383;47
1384;27
1385;71
1386;58
1387;25
1388;36
1389;2
1390;9
1391;9
1392;48
1393;39
1394;18
1395;3
1396;2
1397;71
1398;51
1399;51
1400;46
1401;62
1402;67
1403;54
1404;47
1405;38
1406;8
1407;15
1408;10
1409;67
1410;50
1411;67
1412;49
1413;48
1414;22
1415;64
1416;61
1417;58
1418;32
1419;11
1420;11
1421;8
1422;48
1423;30
1424;14
1425;14
1426;77
1427;31
1428;51
1429;29
1430;82
1431;58
1432;87
1433;60
1434;22
1435;74
1436;55
1437;71
1438;30
1439;77
1440;66
1441;46
1442;69
1443;45
1444;49
1445;49
1446;62
1447;60
1448;62
1449;62
1450;15
1451;34
1452;37
1453;11
1454;6
1455;11
1456;33
1457;78
1458;64
1459;51
1460;47
1461;28
1462;1
1463;73
1464;43
1465;85
1466;63
1467;71
1468;49
1469;70
1470;26
1471;52
1472;78
1473;69
1474;39
1475;46
1476;37
1477;92
1478;56
1479;51
1480;80
1481;88
1482;67
1483;54
1484;36
1485;36
1486;5
1487;4
1488;23
1489;20
1490;11
1491;2
1492;1
1493;40
1494;54
1495;40
1496;30
1497;15
1498;8
1499;42
1500;33
1501;1
1502;16
1503;39
1504;29
1505;3
1506;36
1507;21
1508;0
1509;5
1510;9
1511;36
1512;76
1513;74
1514;86
1515;74
1516;52
1517;52
1518;68
1519;76
1520;20
1521;84
1522;38
1523;71
1524;65
1525;19
1526;60
1527;63
1528;39
1529;66
1530;24
1531;77
1532;60
1533;72
1534;32
1535;39
1536;9
1537;58
1538;53
1539;54
1540;70
1541;69
1542;78
1543;84
1544;39
1545;38
1546;3
1547;3
1548;2
1549;48
1550;31
1551;15
1552;13
1553;6
1554;32
1555;61
1556;86
1557;30
1558;57
1559;14
1560;68
1561;77
1562;46
1563;35
1564;56
1565;60
1566;51
1567;8
1568;54
1569;27
1570;32
1571;64
1572;63
1573;37
1574;47
1575;22
1576;34
1577;29
1578;15
1579;10
1580;35
1581;38
1582;62
1583;8
1584;6
1585;33
1586;35
1587;9
1588;2
1589;29
1590;60
1591;45
1592;31
1593;0
1594;62
1595;54
1596;27
1597;43
1598;3
1599;3
1600;5
1601;1
1602;4
1603;31
1604;30
1605;27
1606;9
1607;6
1608;3
1609;78
1610;58
1611;28
1612;30
1613;35
1614;32
1615;72
1616;57
1617;37
1618;48
1619;6
1620;11
1621;39
1622;46
1623;56
1624;19
1625;47
1626;2
1627;27
1628;34
1629;12
1630;11
1631;43
1632;44
1633;12
1634;2
1635;14
1636;48
1637;2
1638;13
1639;69
1640;49
1641;24
1642;46
1643;67
1644;31
1645;36
1646;6
1647;16
1648;43
1649;38
1650;4
1651;1
1652;10
1653;4
1654;69
1655;52
1656;27
1657;34
1658;8
1659;13
1660;52
1661;32
1662;38
1663;2
1664;1
1665;53
1666;79
1667;48
1668;33
1669;14
1670;12
1671;52
1672;64
1673;45
1674;25
1675;38
1676;39
1677;70
1678;70
1679;54
1680;65
1681;48
1682;34
1683;30
1684;2
1685;1
1686;32
1687;51
1688;28
1689;35
1690;47
1691;71
1692;66
1693;56
1694;39
1695;13
1696;10
1697;52
1698;81
1699;39
1700;31
1701;11
1702;10
1703;51
1704;56
1705;58
1706;39
1707;24
1708;66
1709;19
1710;40
1711;49
1712;70
1713;85
1714;55
1715;62
1716;72
1717;38
1718;35
1719;38
1720;13
1721;5
1722;69
1723;63
1724;38
1725;9
1726;9
1727;49
1728;88
1729;55
1730;43
1731;69
1732;60
1733;59
1734;71
1735;55
1736;71
1737;78
1738;64
1739;33
1740;64
1741;18
1742;40
1743;35
1744;36
1745;52
1746;45
1747;42
1748;5
1749;0
1750;49
1751;83
1752;63
1753;74
1754;41
1755;55
1756;13
1757;6
1758;76
1759;70
1760;48
1761;35
1762;18
1763;12
1764;57
1765;33
1766;45
1767;37
1768;16
1769;4
1770;68
1771;71
1772;47
1773;66
1774;23
1775;19
1776;74
1777;47
1778;61
1779;30
1780;13
1781;8
1782;6
1783;13
1784;31
1785;29
1786;47
1787;74
1788;67
1789;72
1790;49
1791;53
1792;56
1793;11
1794;17
1795;74
1796;47
1797;21
1798;53
1799;51
1800;17
1801;14
1802;51
1803;52
1804;38
1805;36
1806;7
1807;8
1808;41
1809;35
1810;5
1811;3
1812;4
1813;26
1814;44
1815;10
1816;7
1817;76
1818;55
1819;45
1820;44
1821;5
1822;2
1823;38
1824;41
1825;8
1826;6
1827;52
1828;91
1829;60
1830;55
1831;58
1832;43
1833;68
1834;48
1835;32
1836;11
1837;17
1838;14
1839;8
1840;59
1841;61
1842;54
1843;63
1844;6
1845;15
1846;32
1847;37
1848;32
1849;15
1850;14
1851;95
1852;61
1853;61
1854;57
1855;14
1856;10
1857;10
1858;54
1859;60
1860;51
1861;40
1862;34
1863;14
1864;9
1865;67
1866;46
1867;20
1868;56
1869;57
1870;42
1871;48
1872;15
1873;1
1874;57
1875;72
1876;84
1877;74
1878;73
1879;64
1880;79
1881;72
1882;38
1883;19
1884;42
1885;77
1886;52
1887;29
1888;28
1889;95
1890;74
1891;30
1892;65
1893;53
1894;29
1895;34
1896;3
1897;3
1898;89
1899;77
1900;41
1901;44
1902;10
1903;15
1904;57
1905;56
1906;46
1907;73
1908;45
1909;65
1910;21
1911;48
1912;54
1913;50
1914;57
1915;22
1916;73
1917;59
1918;44
1919;33
1920;5
1921;3
1922;3
1923;36
1924;37
1925;32
1926;60
1927;56
1928;26
1929;68
1930;38
1931;54
1932;49
1933;42
1934;2
1935;7
1936;54
1937;53
1938;57
1939;89
1940;58
1941;41
1942;39
1943;23
1944;37
1945;81
1946;70
1947;19
1948;59
1949;44
1950;61
1951;16
1952;13
1953;24
1954;57
1955;38
1956;44
1957;6
1958;13
1959;29
1960;37
1961;44
1962;15
1963;4
1964;32
1965;53
1966;50
1967;61
1968;35
1969;53
1970;56
1971;6
1972;9
1973;35
1974;33
1975;1
1976;15
1977;98
1978;75
1979;57
1980;53
1981;29
1982;39
1983;3
1984;31
1985;39
1986;7
1987;17
1988;47
1989;42
1990;82
1991;36
1992;39
1993;51
1994;54
1995;14
1996;12
1997;40
1998;33
1999;0
2000;41
2001;19
2002;60
2003;25
2004;54
2005;46
2006;50
2007;11
2008;30
2009;12
2010;37
2011;50
2012;66
2013;56
2014;86
2015;42
2016;40
2017;12
2018;3
2019;67
2020;67
2021;63
2022;40
2023;68
2024;72
2025;38
2026;5
2027;16
2028;38
2029;21
2030;49
2031;59
2032;51
2033;52
2034;92
2035;50
2036;51
2037;87
2038;33
2039;13
2040;5
2041;59
2042;50
2043;71
2044;62
2045;70
2046;36
2047;53
2048;52
2049;49
2050;28
2051;62
2052;46
2053;27
2054;18
2055;46
2056;40
2057;10
2058;13
2059;34
2060;32
2061;33
2062;5
2063;2
2064;57
2065;78
2066;58
2067;88
2068;51
2069;54
2070;8
2071;10
2072;66
2073;68
2074;55
2075;53
2076;21
2077;2
2078;3
2079;72
2080;71
2081;88
2082;29
2083;31
2084;21
2085;70
2086;37
2087;35
2088;76
2089;37
2090;40
2091;3
2092;48
2093;58
2094;9
2095;20
2096;72
2097;50
2098;61
2099;25
2100;56
2101;46
2102;12
2103;13
2104;17
2105;69
2106;52
2107;59
2108;63
2109;50
2110;63
2111;43
2112;43
2113;6
2114;18
2115;59
2116;38
2117;77
2118;65
2119;60
2120;22
2121;71
2122;93
2123;29
2124;37
2125;55
2126;18
2127;65
2128;73
2129;62
2130;46
2131;25
2132;16
2133;1
2134;52
2135;64
2136;13
2137;10
2138;71
2139;74
2140;51
2141;55
2142;19
2143;72
2144;19
2145;70
2146;44
2147;72
2148;61
2149;66
2150;51
2151;25
2152;65
2153;54
2154;6
2155;54
2156;57
2157;63
2158;26
2159;43
2160;10
2161;10
2162;35
2163;38
2164;8
2165;6
2166;74
2167;70
2168;65
2169;51
2170;52
2171;28
2172;6
2173;47
2174;46
2175;32
2176;63
2177;59
2178;49
2179;6
2180;16
2181;31
2182;37
2183;16
2184;13
2185;86
2186;85
2187;56
2188;44
2189;30
2190;5
2191;1
2192;31
2193;67
2194;58
2195;52
2196;86
2197;54
2198;47
2199;39
2200;32
2201;54
2202;66
2203;68
2204;51
2205;65
2206;48
2207;54
2208;50
2209;39
2210;46
2211;1
2212;11
2213;8
2214;58
2215;73
2216;34
2217;64
2218;78
2219;65
2220;35
2221;55
2222;62
2223;60
2224;55
2225;22
2226;23
2227;12
2228;0
2229;15
2230;90
2231;56
2232;52
2233;38
2234;15
2235;7
2236;39
2237;35
2238;2
2239;9
2240;42
2241;39
2242;9
2243;5
2244;41
2245;45
2246;12
2247;9
2248;18
2249;77
2250;54
2251;61
2252;45
2253;32
2254;5
2255;50
2256;47
2257;11
2258;17
2259;20
2260;69
2261;28
2262;7
2263;55
2264;46
2265;6
2266;17
2267;48
2268;61
2269;19
2270;61
2271;47
2272;71
2273;72
2274;78
2275;53
2276;42
2277;42
2278;36
2279;26
2280;11
2281;13
2282;41
2283;54
2284;54
2285;54
2286;36
2287;63
2288;12
2289;7
2290;78
2291;87
2292;55
2293;52
2294;30
2295;45
2296;36
2297;5
2298;56
2299;55
2300;73
2301;23
2302;27
2303;58
2304;37
2305;71
2306;42
2307;46
2308;1
2309;2
2310;15
2311;3
2312;42
2313;4
2314;64
2315;82
2316;43
2317;55
2318;69
2319;75
2320;73
2321;35
2322;45
2323;8
2324;11
2325;77
2326;48
2327;53
2328;74
2329;84
2330;24
2331;56
2332;39
2333;36
2334;1
2335;4
2336;38
2337;51
2338;23
2339;44
2340;72
2341;42
2342;66
2343;59
2344;35
2345;40
2346;40
2347;13
2348;4
2349;3
2350;43
2351;27
2352;5
2353;4
2354;38
2355;30
2356;48
2357;39
2358;74
2359;79
2360;96
2361;86
2362;46
2363;59
2364;50
2365;8
2366;10
2367;6
2368;13
2369;59
2370;32
2371;45
2372;45
2373;17
2374;14
2375;10
2376;15
2377;77
2378;31
2379;80
2380;49
2381;64
2382;9
2383;12
2384;10
2385;20
2386;71
2387;25
2388;34
2389;69
2390;22
2391;49
2392;71
2393;38
2394;43
2395;48
2396;40
2397;10
2398;13
2399;72
2400;49
2401;32
2402;43
2403;14
2404;8
2405;18
2406;50
2407;47
2408;18
2409;6
2410;50
2411;67
2412;20
2413;62
2414;67
2415;38
2416;54
2417;6
2418;8
2419;31
2420;58
2421;43
2422;13
2423;11
2424;22
2425;27
2426;4
2427;2
2428;37
2429;53
2430;18
2431;14
2432;62
2433;22
2434;63
2435;57
2436;67
2437;68
2438;55
2439;46
2440;79
2441;91
2442;34
2443;58
2444;9
2445;10
2446;56
2447;53
2448;16
2449;13
2450;58
2451;54
2452;40
2453;49
2454;83
2455;43
2456;7
2457;42
2458;73
2459;66
2460;63
2461;66
2462;70
2463;61
2464;64
2465;28
2466;51
2467;15
2468;14
2469;6
2470;90
2471;23
2472;45
2473;62
2474;20
2475;54
2476;59
2477;15
2478;18
2479;44
2480;64
2481;61
2482;37
2483;14
2484;7
2485;55
2486;51
2487;15
2488;9
2489;64
2490;60
2491;83
2492;36
2493;63
2494;60
2495;72
2496;37
2497;32
2498;66
2499;42
2500;44
2501;4
2502;4
2503;36
2504;43
2505;4
2506;1
2507;76
2508;20
2509;35
2510;28
2511;15
2512;12
2513;37
2514;37
2515;0
2516;2
2517;9
2518;62
2519;57
2520;7
2521;14
2522;16
2523;36
2524;73
2525;26
2526;21
2527;0
2528;8
2529;1
2530;35
2531;39
2532;13
2533;7
2534;65
2535;80
2536;67
2537;58
2538;86
2539;41
2540;88
2541;33
2542;79
2543;38
2544;32
2545;28
2546;12
2547;60
2548;64
2549;30
2550;46
2551;65
2552;58
2553;74
2554;52
2555;61
2556;88
2557;66
2558;59
2559;49
2560;55
2561;10
2562;10
2563;21
2564;65
2565;59
2566;45
2567;93
2568;65
2569;22
2570;24
2571;31
2572;0
2573;2
2574;44
2575;39
2576;9
2577;79
2578;45
2579;44
2580;50
2581;16
2582;55
2583;57
2584;47
2585;59
2586;73
2587;49
2588;42
2589;9
2590;49
2591;54
2592;18
2593;15
2594;55
2595;41
2596;24
2597;65
2598;76
2599;46
2600;60
2601;29
2602;52
2603;78
2604;51
2605;62
2606;47
2607;44
2608;28
2609;4
2610;51
2611;53
2612;43
2613;9
2614;10
2615;71
2616;22
2617;55
2618;19
2619;82
2620;21
2621;49
2622;46
2623;41
2624;24
2625;6
2626;6
2627;48
2628;30
2629;11
2630;9
2631;19
2632;26
2633;62
2634;59
2635;62
2636;46
2637;54
2638;54
2639;52
2640;56
2641;45
2642;5
2643;29
2644;85
2645;58
2646;43
2647;23
2648;36
2649;37
2650;5
2651;9
2652;66
2653;54
2654;76
2655;50
2656;40
2657;44
2658;6
2659;12
2660;73
2661;78
2662;71
2663;79
2664;85
2665;20
2666;47
2667;25
2668;58
2669;43
2670;50
2671;52
2672;52
2673;68
2674;87
2675;57
2676;31
2677;35
2678;14
2679;0
2680;66
2681;24
2682;44
2683;54
2684;61
2685;51
2686;72
2687;77
2688;52
2689;56
2690;46
2691;66
2692;48
2693;72
2694;92
2695;39
2696;40
2697;49
2698;48
2699;3
2700;6
2701;36
2702;4
2703;54
2704;65
2705;25
2706;87
2707;65
2708;48
2709;12
2710;30
2711;40
2712;5
2713;3
2714;69
2715;36
2716;44
2717;21
2718;63
2719;40
2720;30
2721;3
2722;8
2723;55
2724;49
2725;48
2726;72
2727;30
2728;30
2729;13
2730;8
2731;73
2732;49
2733;51
2734;64
2735;14
2736;16
2737;25
2738;12
2739;8
2740;59
2741;32
2742;51
2743;8
2744;14
2745;59
2746;37
2747;8
2748;17
2749;21
2750;52
2751;43
2752;22
2753;47
2754;44
2755;39
2756;6
2757;48
2758;38
2759;14
2760;40
2761;44
2762;16
2763;8
2764;18
2765;31
2766;63
2767;15
2768;12
2769;57
2770;57
2771;18
2772;18
2773;53
2774;60
2775;13
2776;44
2777;59
2778;14
2779;8
2780;7
2781;30
2782;51
2783;14
2784;18
2785;45
2786;21
2787;34
2788;54
2789;6
2790;11
2791;56
2792;65
2793;62
2794;30
2795;25
2796;44
2797;4
2798;5
2799;52
2800;79
2801;91
2802;55
2803;71
2804;59
2805;80
2806;51
2807;86
2808;64
2809;58
2810;55
2811;54
2812;58
2813;60
2814;52
2815;8
2816;51
2817;55
2818;21
2819;25
2820;58
2821;34
2822;11
2823;9
2824;48
2825;43
2826;7
2827;7
2828;73
2829;61
2830;15
2831;33
2832;28
2833;5
2834;16
2835;66
2836;44
2837;73
2838;65
2839;31
2840;3
2841;5
2842;48
2843;67
2844;62
2845;40
2846;14
2847;16
2848;79
2849;22
2850;38
2851;41
2852;46
2853;68
2854;51
2855;35
2856;57
2857;12
2858;9
2859;15
2860;65
2861;58
2862;82
2863;71
2864;29
2865;29
2866;17
2867;4
2868;70
2869;49
2870;38
2871;39
2872;38
2873;43
2874;44
2875;44
2876;78
2877;23
2878;68
2879;42
2880;80
2881;69
2882;67
2883;47
2884;58
2885;15
2886;45
2887;28
2888;8
2889;43
2890;37
2891;11
2892;11
2893;11
2894;34
2895;57
2896;12
2897;8
2898;35
2899;8
2900;9
2901;35
2902;22
2903;47
2904;37
2905;75
2906;58
2907;41
2908;11
2909;14
2910;38
2911;62
2912;34
2913;11
2914;6
2915;42
2916;43
2917;10
2918;10
2919;67
2920;57
2921;36
2922;20
2923;5
2924;2
2925;69
2926;88
2927;54
2928;44
2929;41
2930;34
2931;1
2932;4
2933;40
2934;57
2935;50
2936;35
2937;26
2938;15
2939;0
2940;91
2941;62
2942;31
2943;5
2944;69
2945;21
2946;60
2947;42
2948;11
2949;36
2950;27
2951;13
2952;10
2953;50
2954;64
2955;49
2956;39
2957;42
2958;16
2959;7
2960;51
2961;60
2962;41
2963;65
2964;43
2965;38
2966;1
2967;17
2968;3
2969;63
2970;36
2971;81
2972;60
2973;69
2974;19
2975;42
2976;48
2977;15
2978;2
2979;50
2980;61
2981;17
2982;14
2983;14
2984;51
2985;51
2986;14
2987;74
2988;71
2989;53
2990;61
2991;66
2992;41
2993;68
2994;65
2995;34
2996;25
2997;48
2998;19
2999;49
3000;3
3001;58
3002;37
3003;7
3004;18
3005;16
3006;54
3007;64
3008;43
3009;48
3010;15
3011;17
3012;38
3013;43
3014;4
3015;39
3016;49
3017;54
3018;59
3019;30
3020;41
3021;22
3022;15
3023;10
3024;49
3025;28
3026;5
3027;0
3028;52
3029;83
3030;60
3031;49
3032;78
3033;54
3034;68
3035;69
3036;59
3037;64
3038;12
3039;10
3040;73
3041;65
3042;52
3043;42
3044;28
3045;15
3046;79
3047;53
3048;53
3049;65
3050;61
3051;66
3052;32
3053;90
3054;87
3055;54
3056;19
3057;67
3058;33
3059;39
3060;10
3061;12
3062;11
3063;51
3064;25
3065;52
3066;69
3067;42
3068;39
3069;14
3070;18
3071;14
3072;48
3073;49
3074;50
3075;8
3076;16
3077;51
3078;67
3079;83
3080;73
3081;73
3082;29
3083;37
3084;49
3085;16
3086;3
3087;74
3088;42
3089;59
3090;17
3091;10
3092;78
3093;58
3094;38
3095;20
3096;1
3097;5
3098;1
3099;36
3100;19
3101;48
3102;43
3103;44
3104;6
3105;7
3106;88
3107;51
3108;76
3109;43
3110;60
3111;33
3112;7
3113;8
3114;32
3115;33
3116;8
3117;19
3118;37
3119;1
3120;14
3121;3
3122;74
3123;32
3124;44
3125;1
3126;5
3127;10
3128;5
3129;1
3130;35
3131;44
3132;17
3133;11
3134;51
3135;68
3136;25
3137;73
3138;27
3139;28
3140;16
3141;0
3142;3
3143;3
3144;76
3145;35
3146;9
3147;39
3148;52
3149;40
3150;14
3151;6
3152;63
3153;58
3154;35
3155;12
3156;17
3157;73
3158;59
3159;89
3160;68
3161;63
3162;32
3163;44
3164;14
3165;8
3166;36
3167;63
3168;52
3169;23
3170;34
3171;36
3172;23
3173;40
3174;15
3175;0
3176;42
3177;83
3178;20
3179;72
3180;48
3181;56
3182;6
3183;17
3184;7
3185;29
3186;36
3187;22
3188;2
3189;0
3190;2
3191;36
3192;33
3193;4
3194;46
3195;65
3196;21
3197;21
3198;36
3199;57
3200;53
3201;42
3202;11
3203;16
3204;11
3205;14
3206;81
3207;78
3208;21
3209;21
3210;25
3211;33
3212;5
3213;1
3214;55
3215;64
3216;30
3217;6
3218;6
3219;15
3220;69
3221;48
3222;29
3223;27
3224;8
3225;57
3226;46
3227;9
3228;36
3229;30
3230;7
3231;8
3232;14
3233;74
3234;51
3235;51
3236;52
3237;8
3238;7
3239;29
3240;20
3241;1
3242;3
3243;19
3244;62
3245;36
3246;59
3247;39
3248;14
3249;12
3250;80
3251;37
3252;49
3253;1
3254;2
3255;36
3256;38
3257;5
3258;1
3259;47
3260;81
3261;82
3262;67
3263;87
3264;25
3265;70
3266;56
3267;88
3268;59
3269;72
3270;51
3271;57
3272;50
3273;27
3274;19
3275;19
3276;35
3277;37
3278;55
3279;14
3280;18
3281;50
3282;60
3283;9
3284;12
3285;45
3286;19
3287;53
3288;48
3289;8
3290;18
3291;57
3292;72
3293;26
3294;45
3295;69
3296;73
3297;65
3298;70
3299;71
3300;44
3301;19
3302;3
3303;53
3304;20
3305;38
3306;24
3307;0
3308;31
3309;40
3310;2
3311;3
3312;66
3313;68
3314;49
3315;56
3316;64
3317;47
3318;6
3319;16
3320;6
3321;26
3322;50
3323;32
3324;48
3325;5
3326;43
3327;43
3328;6
3329;12
3330;33
3331;39
3332;46
3333;1
3334;4
3335;58
3336;62
3337;33
3338;44
3339;17
3340;10
3341;82
3342;62
3343;67
3344;61
3345;72
3346;53
3347;46
3348;73
3349;45
3350;64
3351;40
3352;52
3353;51
3354;72
3355;70
3356;86
3357;66
3358;57
3359;50
3360;9
3361;16
3362;44
3363;58
3364;10
3365;48
3366;38
3367;10
3368;1
3369;68
3370;48
3371;45
3372;31
3373;23
3374;81
3375;32
3376;24
3377;53
3378;71
3379;54
3380;31
3381;39
3382;10
3383;14
3384;80
3385;64
3386;36
3387;25
3388;86
3389;30
3390;79
3391;55
3392;70
3393;41
3394;70
3395;61
3396;24
3397;73
3398;29
3399;45
3400;34
3401;3
3402;6
3403;11
3404;38
3405;32
3406;2
3407;2
3408;41
3409;55
3410;8
3411;11
3412;42
3413;31
3414;4
3415;1
3416;20
3417;37
3418;3
3419;35
3420;37
3421;11
3422;11
3423;6
3424;41
3425;33
3426;4
3427;0
3428;83
3429;50
3430;81
3431;50
3432;48
3433;57
3434;48
3435;26
3436;36
3437;66
3438;75
3439;50
3440;28
3441;28
3442;13
3443;6
3444;34
3445;23
3446;41
3447;43
3448;76
3449;50
3450;60
3451;21
3452;29
3453;39
3454;19
3455;73
3456;66
3457;54
3458;27
3459;36
3460;14
3461;16
3462;16
3463;8
3464;38
3465;46
3466;7
3467;54
3468;82
3469;19
3470;25
3471;23
3472;29
3473;4
3474;25
3475;45
3476;42
3477;3
3478;0
3479;9
3480;51
3481;6
3482;61
3483;27
3484;38
3485;6
3486;30
3487;51
3488;57
3489;25
3490;27
3491;0
3492;1
3493;12
3494;56
3495;45
3496;20
3497;3
3498;4
3499;38
3500;41
3501;47
3502;9
3503;2
3504;1
3505;35
3506;42
3507;5
3508;67
3509;26
3510;38
3511;60
3512;61
3513;44
3514;18
3515;7
3516;48
3517;57
3518;16
3519;13
3520;7
3521;41
3522;22
3523;25
3524;35
3525;72
3526;58
3527;80
3528;61
3529;58
3530;13
3531;7
3532;22
3533;76
3534;56
3535;60
3536;47
3537;7
3538;17
3539;54
3540;67
3541;57
3542;24
3543;44
3544;10
3545;4
3546;66
3547;89
3548;66
3549;63
3550;42
3551;64
3552;62
3553;89
3554;54
3555;29
3556;33
3557;8
3558;65
3559;84
3560;72
3561;51
3562;59
3563;57
3564;47
3565;16
3566;6
3567;15
3568;23
3569;72
3570;35
3571;41
3572;60
3573;18
3574;11
3575;19
3576;38
3577;2
3578;11
3579;42
3580;24
3581;4
3582;12
3583;47
3584;33
3585;47
3586;46
3587;58
3588;7
3589;26
3590;27
3591;3
3592;0
3593;63
3594;42
3595;15
3596;10
3597;24
3598;56
3599;38
3600;38
3601;5
3602;5
3603;58
3604;43
3605;66
3606;66
3607;65
3608;76
3609;56
3610;49
3611;86
3612;53
3613;78
3614;57
3615;58
3616;40
3617;26
3618;47
3619;29
3620;6
3621;1
3622;47
3623;38
3624;10
3625;17
3626;6
3627;34
3628;36
3629;17
3630;14
3631;55
3632;54
3633;78
3634;52
3635;80
3636;43
3637;47
3638;1
3639;5
3640;57
3641;62
3642;57
3643;61
3644;26
3645;40
3646;57
3647;72
3648;26
3649;30
3650;57
3651;60
3652;65
3653;43
3654;20
3655;3
3656;74
3657;72
3658;65
3659;52
3660;71
3661;90
3662;58
3663;52
3664;58
3665;38
3666;43
3667;16
3668;13
3669;38
3670;67
3671;27
3672;47
3673;15
3674;18
3675;70
3676;49
3677;53
3678;17
3679;7
3680;14
3681;55
3682;21
3683;20
3684;19
3685;25
3686;1
3687;3
3688;91
3689;25
3690;44
3691;3
3692;7
3693;75
3694;55
3695;39
3696;64
3697;60
3698;48
3699;47
3700;72
3701;74
3702;37
3703;62
3704;9
3705;8
3706;18
3707;54
3708;87
3709;69
3710;53
3711;84
3712;24
3713;54
3714;78
3715;72
3716;51
3717;81
3718;44
3719;47
3720;55
3721;56
3722;75
3723;55
3724;63
3725;43
3726;11
3727;7
3728;7
3729;8
3730;58
3731;25
3732;45
3733;24
3734;35
3735;73
3736;19
3737;33
3738;70
3739;68
3740;34
3741;81
3742;48
3743;18
3744;66
3745;70
3746;44
3747;62
3748;18
3749;18
3750;39
3751;51
3752;14
3753;15
3754;56
3755;73
3756;74
3757;48
3758;60
3759;55
3760;62
3761;80
3762;23
3763;34
3764;62
3765;81
3766;43
3767;45
3768;3
3769;57
3770;75
3771;47
3772;38
3773;44
3774;41
3775;15
3776;15
3777;6
3778;59
3779;51
3780;7
3781;18
3782;58
3783;84
3784;46
3785;73
3786;35
3787;77
3788;20
3789;48
3790;2
3791;18
3792;12
3793;1
3794;74
3795;54
3796;62
3797;33
3798;49
3799;57
3800;61
3801;11
3802;18
3803;13
3804;62
3805;35
3806;7
3807;10
3808;52
3809;56
3810;88
3811;57
3812;75
3813;52
3814;59
3815;71
3816;49
3817;46
3818;30
3819;27
3820;6
3821;8
3822;53
3823;57
3824;31
3825;35
3826;2
3827;4
3828;65
3829;59
3830;71
3831;72
3832;19
3833;53
3834;49
3835;42
3836;6
3837;10
3838;12
3839;47
3840;68
3841;44
3842;41
3843;70
3844;19
3845;24
3846;58
3847;42
3848;36
3849;11
3850;13
3851;48
3852;35
3853;36
3854;8
3855;56
3856;42
3857;53
3858;50
3859;35
3860;30
3861;38
3862;10
3863;5
3864;74
3865;48
3866;52
3867;58
3868;31
3869;74
3870;74
3871;39
3872;55
3873;71
3874;46
3875;61
3876;41
3877;36
3878;6
3879;6
3880;58
3881;68
3882;40
3883;51
3884;9
3885;9
3886;29
3887;41
3888;73
3889;36
3890;82
3891;53
3892;71
3893;52
3894;60
3895;50
3896;50
3897;54
3898;63
3899;90
3900;23
3901;70
3902;89
3903;49
3904;79
3905;54
3906;60
3907;73
3908;58
3909;66
3910;68
3911;71
3912;50
3913;39
3914;11
3915;18
3916;84
3917;72
3918;37
3919;30
3920;58
3921;7
3922;54
3923;48
3924;15
3925;17
3926;45
3927;28
3928;2
3929;8
3930;10
3931;3
3932;58
3933;64
3934;7
3935;11
3936;90
3937;68
3938;39
3939;41
3940;13
3941;62
3942;20
3943;49
3944;56
3945;11
3946;10
3947;10
3948;38
3949;23
3950;43
3951;33
3952;13
3953;1
3954;17
3955;64
3956;57
3957;55
3958;38
3959;73
3960;51
3961;42
3962;39
3963;14
3964;12
3965;45
3966;59
3967;33
3968;62
3969;20
3970;48
3971;40
3972;10
3973;8
3974;54
3975;38
3976;11
3977;7
3978;38
3979;29
3980;4
3981;5
3982;5
3983;18
3984;64
3985;54
3986;55
3987;44
3988;17
3989;13
3990;37
3991;19
3992;71
3993;44
3994;42
3995;3
3996;13
3997;30
3998;35
3999;3
4000;10
4001;87
4002;47
4003;84
4004;55
4005;69
4006;21
4007;45
4008;45
4009;17
4010;17
4011;64
4012;59
4013;50
4014;35
4015;9
4016;16
4017;56
4018;33
4019;38
4020;62
4021;21
4022;59
4023;39
4024;8
4025;6
4026;14
4027;58
4028;45
4029;9
4030;22
4031;52
4032;66
4033;19
4034;35
4035;51
4036;35
4037;32
4038;77
4039;93
4040;61
4041;31
4042;35
4043;0
4044;10
4045;52
4046;52
4047;88
4048;86
4049;55
4050;71
4051;44
4052;44
4053;48
4054;13
4055;9
4056;44
4057;47
4058;63
4059;10
4060;10
4061;52
4062;57
4063;51
4064;51
4065;7
4066;17
4067;6
4068;40
4069;26
4070;3
4071;15
4072;27
4073;31
4074;2
4075;3
4076;46
4077;66
4078;19
4079;25
4080;22
4081;65
4082;57
4083;28
4084;70
4085;21
4086;48
4087;6
4088;0
4089;11
4090;67
4091;70
4092;57
4093;42
4094;40
4095;62
4096;36
4097;77
4098;70
4099;88
4100;52
4101;73
4102;41
4103;69
4104;79
4105;60
4106;55
4107;89
4108;37
4109;12
4110;72
4111;65
4112;69
4113;91
4114;26
4115;41
4116;34
4117;27
4118;1
4119;6
4120;23
4121;42
4122;9
4123;7
4124;36
4125;31
4126;15
4127;17
4128;82
4129;45
4130;47
4131;65
4132;50
4133;58
4134;20
4135;52
4136;62
4137;76
4138;30
4139;33
4140;3
4141;57
4142;29
4143;6
4144;18
4145;55
4146;36
4147;34
4148;13
4149;10
4150;8
4151;68
4152;32
4153;82
4154;33
4155;45
4156;39
4157;0
4158;4
4159;49
4160;33
4161;33
4162;34
4163;7
4164;2
4165;0
4166;66
4167;58
4168;38
4169;10
4170;14
4171;11
4172;72
4173;46
4174;38
4175;43
4176;3
4177;4
4178;81
4179;72
4180;37
4181;25
4182;38
4183;33
4184;89
4185;63
4186;57
4187;37
4188;46
4189;55
4190;54
4191;40
4192;11
4193;10
4194;54
4195;59
4196;39
4197;39
4198;4
4199;4
4200;52
4201;48
4202;50
4203;6
4204;13
4205;38
4206;27
4207;29
4208;6
4209;3
4210;39
4211;46
4212;50
4213;66
4214;49
4215;39
4216;53
4217;11
4218;11
4219;30
4220;30
4221;3
4222;11
4223;66
4224;61
4225;43
4226;6
4227;73
4228;66
4229;54
4230;64
4231;86
4232;28
4233;82
4234;54
4235;19
4236;36
4237;6
4238;6
4239;2
4240;52
4241;64
4242;46
4243;36
4244;12
4245;10
4246;41
4247;44
4248;2
4249;59
4250;57
4251;66
4252;29
4253;39
4254;43
4255;16
4256;48
4257;55
4258;38
4259;20
4260;3
4261;1
4262;3
4263;69
4264;76
4265;53
4266;99
4267;44
4268;40
4269;9
4270;10
4271;11
4272;73
4273;67
4274;59
4275;40
4276;93
4277;71
4278;59
4279;64
4280;64
4281;73
4282;39
4283;63
4284;47
4285;43
4286;30
4287;14
4288;11
4289;63
4290;50
4291;90
4292;49
4293;42
4294;35
4295;14
4296;12
4297;29
4298;39
4299;9
4300;6
4301;69
4302;64
4303;54
4304;72
4305;30
4306;38
4307;76
4308;24
4309;33
4310;34
4311;19
4312;26
4313;68
4314;43
4315;74
4316;35
4317;35
4318;15
4319;31
4320;45
4321;8
4322;18
4323;28
4324;28
4325;6
4326;14
4327;53
4328;30
4329;17
4330;10
4331;50
4332;52
4333;46
4334;45
4335;3
4336;1
4337;4
4338;23
4339;72
4340;66
4341;75
4342;32
4343;43
4344;13
4345;55
4346;34
4347;27
4348;85
4349;51
4350;28
4351;37
4352;63
4353;57
4354;34
4355;70
4356;39
4357;51
4358;52
4359;77
4360;62
4361;19
4362;21
4363;48
4364;35
4365;79
4366;68
4367;64
4368;39
4369;44
4370;14
4371;16
4372;9
4373;49
4374;8
4375;49
4376;64
4377;63
4378;55
4379;63
4380;82
4381;42
4382;48
4383;53
4384;50
4385;57
4386;65
4387;59
4388;33
4389;38
4390;1
4391;5
4392;46
4393;44
4394;44
4395;12
4396;8
4397;63
4398;56
4399;38
4400;46
4401;64
4402;79
4403;72
4404;62
4405;46
4406;70
4407;47
4408;28
4409;2
4410;3
4411;10
4412;84
4413;28
4414;40
4415;16
4416;18
4417;18
4418;17
4419;47
4420;42
4421;3
4422;51
4423;77
4424;61
4425;49
4426;46
4427;83
4428;85
4429;78
4430;32
4431;48
4432;2
4433;51
4434;34
4435;51
4436;56
4437;65
4438;71
4439;41
4440;42
4441;3
4442;4
4443;2
4444;74
4445;59
4446;64
4447;74
4448;74
4449;29
4450;41
4451;49
4452;33
4453;44
4454;50
4455;22
4456;42
4457;49
4458;36
4459;52
4460;56
4461;56
4462;54
4463;63
4464;47
4465;33
4466;14
4467;17
4468;52
4469;82
4470;46
4471;34
4472;3
4473;3
4474;1
4475;37
4476;34
4477;12
4478;0
4479;1
4480;44
4481;63
4482;8
4483;14
4484;86
4485;22
4486;54
4487;86
4488;62
4489;34
4490;32
4491;15
4492;53
4493;57
4494;35
4495;10
4496;16
4497;14
4498;48
4499;41
4500;5
4501;4
4502;14
4503;48
4504;43
4505;12
4506;2
4507;25
4508;40
4509;1
4510;32
4511;30
4512;18
4513;16
4514;52
4515;54
4516;34
4517;56
4518;13
4519;8
4520;37
4521;30
4522;6
4523;11
4524;36
4525;63
4526;67
4527;66
4528;78
4529;25
4530;62
4531;48
4532;38
4533;43
4534;7
4535;47
4536;49
4537;47
4538;49
4539;90
4540;75
4541;55
4542;71
4543;31
4544;47
4545;16
4546;3
4547;34
4548;16
4549;7
4550;96
4551;60
4552;33
4553;43
4554;7
4555;11
4556;56
4557;55
4558;72
4559;31
4560;31
4561;4
4562;1
4563;59
4564;16
4565;61
4566;61
4567;85
4568;56
4569;60
4570;84
4571;55
4572;54
4573;69
4574;20
4575;68
4576;61
4577;52
4578;65
4579;50
4580;48
4581;51
4582;25
4583;69
4584;24
4585;35
4586;39
4587;33
4588;1
4589;3
4590;29
4591;45
4592;15
4593;6
4594;26
4595;46
4596;72
4597;88
4598;65
4599;62
4600;30
4601;41
4602;5
4603;2
4604;38
4605;74
4606;60
4607;38
4608;84
4609;66
4610;47
4611;66
4612;62
4613;66
4614;49
4615;54
4616;55
4617;49
4618;24
4619;52
4620;7
4621;17
4622;61
4623;26
4624;13
4625;6
4626;67
4627;54
4628;77
4629;64
4630;78
4631;69
4632;34
4633;31
4634;11
4635;10
4636;42
4637;34
4638;8
4639;17
4640;17
4641;71
4642;58
4643;60
4644;61
4645;57
4646;55
4647;44
4648;58
4649;76
4650;76
4651;65
4652;41
4653;66
4654;41
4655;36
4656;53
4657;18
4658;11
4659;72
4660;36
4661;41
4662;49
4663;54
4664;80
4665;40
4666;68
4667;66
4668;29
4669;29
4670;3
4671;2
4672;44
4673;31
4674;14
4675;18
4676;53
4677;83
4678;46
4679;36
4680;37
4681;3
4682;0
4683;43
4684;19
4685;3
4686;1
4687;5
4688;19
4689;49
4690;84
4691;41
4692;50
4693;66
4694;25
4695;19
4696;25
4697;57
4698;60
4699;57
4700;19
4701;24
4702;83
4703;66
4704;69
4705;63
4706;36
4707;26
4708;9
4709;9
4710;62
4711;31
4712;32
4713;14
4714;9
4715;38
4716;30
4717;48
4718;45
4719;24
4720;0
4721;1
4722;30
4723;52
4724;95
4725;19
4726;24
4727;21
4728;22
4729;35
4730;57
4731;8
4732;8
4733;55
4734;65
4735;40
4736;30
4737;11
4738;12
4739;6
4740;74
4741;23
4742;58
4743;50
4744;10
4745;10
4746;62
4747;43
4748;75
4749;72
4750;69
4751;32
4752;33
4753;16
4754;6
4755;8
4756;17
4757;67
4758;44
4759;52
4760;81
4761;52
4762;74
4763;67
4764;79
4765;60
4766;74
4767;35
4768;27
4769;16
4770;17
4771;65
4772;62
4773;46
4774;57
4775;9
4776;10
4777;64
4778;50
4779;50
4780;58
4781;23
4782;80
4783;61
4784;66
4785;19
4786;42
4787;38
4788;0
4789;7
4790;65
4791;65
4792;55
4793;77
4794;67
4795;75
4796;50
4797;50
4798;14
4799;8
4800;85
4801;66
4802;59
4803;57
4804;54
4805;43
4806;59
4807;49
4808;36
4809;39
4810;3
4811;5
4812;61
4813;47
4814;79
4815;77
4816;64
4817;51
4818;56
4819;66
4820;82
4821;55
4822;57
4823;83
4824;42
4825;43
4826;14
4827;12
4828;58
4829;63
4830;43
4831;61
4832;35
4833;42
4834;7
4835;17
4836;70
4837;72
4838;46
4839;63
4840;54
4841;60
4842;59
4843;40
4844;18
4845;12
4846;74
4847;21
4848;85
4849;59
4850;65
4851;56
4852;91
4853;84
4854;37
4855;45
4856;7
4857;14
4858;39
4859;53
4860;6
4861;11
4862;80
4863;53
4864;71
4865;30
4866;37
4867;62
4868;15
4869;16
4870;39
4871;37
4872;16
4873;35
4874;44
4875;7
4876;38
4877;52
4878;61
4879;73
4880;59
4881;57
4882;20
4883;55
4884;21
4885;66
4886;56
4887;73
4888;21
4889;48
4890;58
4891;60
4892;14
4893;18
4894;35
4895;39
4896;76
4897;26
4898;27
4899;16
4900;9
4901;10
4902;45
4903;49
4904;11
4905;15
4906;83
4907;35
4908;38
4909;64
4910;83
4911;66
4912;42
4913;57
4914;6
4915;6
4916;66
4917;29
4918;20
4919;38
4920;27
4921;22
4922;47
4923;46
4924;47
4925;37
4926;7
4927;8
4928;85
4929;62
4930;64
4931;55
4932;27
4933;22
4934;22
4935;81
4936;54
4937;61
4938;66
4939;91
4940;67
4941;21
4942;19
4943;40
4944;74
4945;26
4946;35
4947;0
4948;34
4949;40
4950;4
4951;5
4952;52
4953;10
4954;50
4955;73
4956;23
4957;59
4958;67
4959;52
4960;52
4961;31
4962;32
4963;0
4964;76
4965;19
4966;40
4967;34
4968;18
4969;13
4970;8
4971;43
4972;41
4973;2
4974;7
4975;43
4976;35
4977;11
4978;15
4979;94
4980;61
4981;50
4982;18
4983;80
4984;57
4985;71
4986;40
4987;52
4988;17
4989;8
4990;7
4991;43
4992;41
4993;13
4994;21
4995;73
4996;19
4997;86
4998;21
4999;52
5000;84
5001;61
5002;36
5003;45
5004;9
5005;16
5006;65
5007;69
5008;44
5009;50
5010;65
5011;31
5012;29
5013;5
5014;3
5015;32
5016;50
5017;64
5018;68
5019;64
5020;73
5021;62
5022;74
5023;36
5024;18
5025;10
5026;21
5027;19
5028;57
5029;64
5030;57
5031;52
5032;38
5033;70
5034;72
5035;36
5036;24
5037;5
5038;29
5039;51
5040;6
5041;13
5042;43
5043;57
5044;62
5045;37
5046;64
5047;99
5048;39
5049;31
5050;5
5051;5
5052;44
5053;48
5054;18
5055;10
5056;16
5057;88
5058;23
5059;62
5060;31
5061;56
5062;43
5063;34
5064;33
5065;0
5066;7
5067;40
5068;43
5069;17
5070;1
5071;58
5072;47
5073;60
5074;40
5075;48
5076;8
5077;83
5078;84
5079;38
5080;44
5081;12
5082;4
5083;57
5084;74
5085;62
5086;63
5087;71
5088;34
5089;59
5090;29
5091;83
5092;37
5093;87
5094;68
5095;31
5096;65
5097;20
5098;39
5099;41
5100;9
5101;0
5102;93
5103;71
5104;55
5105;51
5106;44
5107;7
5108;18
5109;68
5110;69
5111;95
5112;69
5113;63
5114;78
5115;71
5116;35
5117;34
5118;68
5119;20
5120;60
5121;75
5122;32
5123;30
5124;32
5125;5
5126;4
5127;5
5128;23
5129;20
5130;58
5131;57
5132;55
5133;48
5134;10
5135;10
5136;15
5137;49
5138;54
5139;56
5140;49
5141;44
5142;55
5143;70
5144;45
5145;9
5146;39
5147;51
5148;48
5149;17
5150;47
5151;3
5152;40
5153;41
5154;10
5155;71
5156;19
5157;22
5158;37
5159;28
5160;12
5161;40
5162;58
5163;30
5164;60
5165;65
5166;58
5167;65
5168;41
5169;49
5170;61
5171;59
5172;36
5173;48
5174;12
5175;1
5176;4
5177;38
5178;30
5179;43
5180;0
5181;1
5182;5
5183;68
5184;29
5185;54
5186;7
5187;9
5188;75
5189;88
5190;49
5191;21
5192;55
5193;38
5194;13
5195;15
5196;81
5197;68
5198;48
5199;15
5200;10
5201;33
5202;27
5203;3
5204;4
5205;19
5206;33
5207;63
5208;51
5209;24
5210;49
5211;8
5212;3
5213;32
5214;11
5215;44
5216;50
5217;35
5218;16
5219;8
5220;73
5221;44
5222;68
5223;52
5224;61
5225;71
5226;61
5227;32
5228;69
5229;21
5230;21
5231;17
5232;16
5233;48
5234;51
5235;21
5236;57
5237;47
5238;43
5239;3
5240;1
5241;32
5242;25
5243;1
5244;0
5245;76
5246;55
5247;27
5248;49
5249;9
5250;15
5251;64
5252;76
5253;49
5254;38
5255;49
5256;18
5257;18
5258;27
5259;37
5260;5
5261;2
5262;41
5263;43
5264;12
5265;17
5266;37
5267;46
5268;14
5269;16
5270;78
5271;37
5272;36
5273;42
5274;15
5275;6
5276;48
5277;20
5278;12
5279;48
5280;68
5281;67
5282;80
5283;23
5284;20
5285;24
5286;71
5287;33
5288;57
5289;52
5290;61
5291;64
5292;17
5293;18
5294;58
5295;9
5296;7
5297;42
5298;60
5299;18
5300;17
5301;52
5302;71
5303;36
5304;32
5305;43
5306;18
5307;16
5308;66
5309;32
5310;32
5311;18
5312;10
5313;46
5314;22
5315;39
5316;8
5317;4
5318;36
5319;52
5320;16
5321;11
5322;26
5323;45
5324;3
5325;2
5326;46
5327;59
5328;53
5329;20
5330;48
5331;72
5332;24
5333;59
5334;33
5335;57
5336;52
5337;30
5338;41
5339;61
5340;8
5341;10
5342;20
5343;32
5344;83
5345;21
5346;36
5347;37
5348;17
5349;1
5350;35
5351;43
5352;3
5353;3
5354;0
5355;65
5356;67
5357;39
5358;49
5359;50
5360;11
5361;11
5362;28
5363;26
5364;19
5365;65
5366;43
5367;39
5368;14
5369;7
5370;67
5371;51
5372;39
5373;71
5374;64
5375;59
5376;64
5377;52
5378;72
5379;57
5380;63
5381;31
5382;15
5383;18
5384;37
5385;45
5386;34
5387;9
5388;37
5389;88
5390;33
5391;66
5392;66
5393;57
5394;36
5395;66
5396;27
5397;62
5398;35
5399;64
5400;59
5401;31
5402;40
5403;6
5404;81
5405;47
5406;52
5407;66
5408;59
5409;30
5410;45
5411;2
5412;1
5413;40
5414;41
5415;43
5416;13
5417;16
5418;30
5419;67
5420;66
5421;21
5422;45
5423;55
5424;57
5425;56
5426;72
5427;73
5428;52
5429;36
5430;50
5431;41
5432;44
5433;22
5434;61
5435;76
5436;53
5437;55
5438;11
5439;18
5440;38
5441;53
5442;35
5443;32
5444;16
5445;7
5446;52
5447;42
5448;45
5449;3
5450;2
5451;14
5452;48
5453;11
5454;41
5455;40
5456;13
5457;12
5458;14
5459;2
5460;77
5461;48
5462;21
5463;58
5464;67
5465;56
5466;20
5467;24
5468;43
5469;19
5470;33
5471;59
5472;60
5473;86
5474;58
5475;53
5476;95
5477;44
5478;63
5479;12
5480;14
5481;34
5482;35
5483;3
5484;4
5485;37
5486;40
5487;16
5488;83
5489;57
5490;30
5491;57
5492;78
5493;54
5494;61
5495;53
5496;6
5497;87
5498;52
5499;35
5500;13
5501;17
5502;62
5503;50
5504;10
5505;7
5506;37
5507;31
5508;17
5509;40
5510;33
5511;37
5512;40
5513;58
5514;39
5515;36
5516;37
5517;7
5518;9
5519;49
5520;51
5521;63
5522;75
5523;53
5524;62
5525;44
5526;43
5527;64
5528;52
5529;44
5530;52
5531;10
5532;30
5533;47
5534;7
5535;5
5536;15
5537;45
5538;52
5539;46
5540;11
5541;14
5542;63
5543;52
5544;31
5545;40
5546;21
5547;36
5548;4
5549;5
5550;50
5551;63
5552;46
5553;38
5554;39
5555;14
5556;54
5557;55
5558;50
5559;60
5560;73
5561;57
5562;46
5563;52
5564;45
5565;46
5566;6
5567;14
5568;69
5569;61
5570;48
5571;72
5572;20
5573;43
5574;67
5575;30
5576;54
5577;43
5578;43
5579;14
5580;17
5581;57
5582;39
5583;68
5584;38
5585;21
5586;3
5587;32
5588;88
5589;45
5590;38
5591;8
5592;10
5593;53
5594;66
5595;44
5596;21
5597;0
5598;0
5599;2
5600;71
5601;56
5602;45
5603;27
5604;30
5605;3
5606;3
5607;78
5608;54
5609;36
5610;42
5611;17
5612;4
5613;5
5614;65
5615;19
5616;58
5617;44
5618;26
5619;12
5620;3
5621;45
5622;33
5623;26
5624;40
5625;0
5626;15
5627;73
5628;64
5629;44
5630;49
5631;12
5632;13
5633;51
5634;72
5635;48
5636;46
5637;6
5638;15
5639;47
5640;71
5641;52
5642;59
5643;71
5644;57
5645;49
5646;72
5647;56
5648;31
5649;72
5650;75
5651;41
5652;10
5653;70
5654;64
5655;37
5656;43
5657;36
5658;3
5659;4
5660;3
5661;58
5662;65
5663;68
5664;46
5665;74
5666;77
5667;70
5668;61
5669;34
5670;27
5671;0
5672;5
5673;74
5674;64
5675;40
5676;40
5677;4
5678;2
5679;4
5680;44
5681;28
5682;6
5683;13
5684;13
5685;19
5686;21
5687;24
5688;70
5689;56
5690;40
5691;42
5692;12
5693;5
5694;34
5695;41
5696;60
5697;49
5698;14
5699;19
5700;19
5701;21
5702;49
5703;35
5704;59
5705;46
5706;58
5707;20
5708;30
5709;18
5710;10
5711;87
5712;34
5713;46
5714;34
5715;49
5716;4
5717;2
5718;11
5719;37
5720;48
5721;3
5722;4
5723;43
5724;39
5725;3
5726;1
5727;0
5728;54
5729;73
5730;66
5731;21
5732;45
5733;43
5734;54
5735;18
5736;13
5737;40
5738;4
5739;29
5740;37
5741;10
5742;43
5743;57
5744;70
5745;39
5746;20
5747;10
5748;14
5749;12
5750;41
5751;70
5752;68
5753;39
5754;48
5755;71
5756;26
5757;38
5758;11
5759;13
5760;15
5761;64
5762;72
5763;64
5764;64
5765;82
5766;50
5767;57
5768;16
5769;65
5770;68
5771;65
5772;70
5773;44
5774;55
5775;35
5776;37
5777;9
5778;8
5779;68
5780;37
5781;37
5782;6
5783;14
5784;61
5785;40
5786;59
5787;87
5788;77
5789;59
5790;21
5791;51
5792;62
5793;75
5794;64
5795;65
5796;21
5797;24
5798;57
5799;31
5800;46
5801;10
5802;1
5803;57
5804;53
5805;13
5806;18
5807;7
5808;20
5809;21
5810;59
5811;84
5812;24
5813;59
5814;37
5815;36
5816;53
5817;47
5818;55
5819;12
5820;6
5821;27
5822;21
5823;41
5824;14
5825;5
5826;82
5827;78
5828;62
5829;22
5830;52
5831;21
5832;48
5833;54
5834;83
5835;29
5836;27
5837;2
5838;5
5839;2
5840;50
5841;54
5842;9
5843;10
5844;42
5845;28
5846;10
5847;16
5848;6
5849;34
5850;40
5851;3
5852;15
5853;35
5854;64
5855;77
5856;71
5857;54
5858;39
5859;63
5860;39
5861;43
5862;18
5863;10
5864;6
5865;88
5866;61
5867;66
5868;54
5869;26
5870;48
5871;13
5872;17
5873;6
5874;22
5875;27
5876;21
5877;54
5878;30
5879;44
5880;40
5881;16
5882;11
5883;70
5884;52
5885;21
5886;74
5887;59
5888;80
5889;50
5890;53
5891;56
5892;42
5893;63
5894;39
5895;46
5896;33
5897;8
5898;15
5899;58
5900;61
5901;59
5902;63
5903;54
5904;51
5905;61
5906;40
5907;32
5908;41
5909;49
5910;74
5911;79
5912;54
5913;18
5914;91
5915;59
5916;44
5917;63
5918;81
5919;73
5920;55
5921;76
5922;52
5923;63
5924;15
5925;60
5926;74
5927;83
5928;35
5929;47
5930;20
5931;21
5932;46
5933;64
5934;61
5935;19
5936;58
5937;63
5938;28
5939;44
5940;11
5941;34
5942;24
5943;15
5944;68
5945;66
5946;35
5947;19
5948;4
5949;4
5950;60
5951;84
5952;46
5953;47
5954;10
5955;15
5956;10
5957;13
5958;45
5959;42
5960;24
5961;2
5962;13
5963;5
5964;33
5965;38
5966;7
5967;0
5968;31
5969;62
5970;49
5971;33
5972;17
5973;13
5974;69
5975;49
5976;46
5977;60
5978;50
5979;33
5980;66
5981;95
5982;32
5983;62
5984;7
5985;12
5986;67
5987;52
5988;53
5989;44
5990;47
5991;16
5992;14
5993;21
5994;58
5995;53
5996;87
5997;37
5998;50
5999;13
6000;16
6001;46
6002;58
6003;83
6004;96
6005;66
6006;62
6007;42
6008;14
6009;6
6010;11
6011;7
6012;53
6013;20
6014;36
6015;49
6016;32
6017;64
6018;21
6019;22
6020;74
6021;59
6022;55
6023;41
6024;43
6025;54
6026;75
6027;88
6028;60
6029;38
6030;24
6031;19
6032;21
6033;67
6034;51
6035;33
6036;19
6037;6
6038;13
6039;27
6040;64
6041;64
6042;54
6043;28
6044;58
6045;50
6046;69
6047;48
6048;38
6049;8
6050;13
6051;39
6052;45
6053;33
6054;58
6055;74
6056;53
6057;83
6058;58
6059;73
6060;30
6061;71
6062;63
6063;46
6064;38
6065;37
6066;21
6067;19
6068;78
6069;65
6070;74
6071;38
6072;24
6073;18
6074;2
6075;3
6076;85
6077;26
6078;39
6079;49
6080;17
6081;6
6082;16
6083;62
6084;24
6085;48
6086;33
6087;37
6088;42
6089;4
6090;5
6091;0
6092;52
6093;66
6094;73
6095;26
6096;75
6097;58
6098;11
6099;71
6100;54
6101;55
6102;78
6103;36
6104;29
6105;4
6106;4
6107;71
6108;57
6109;54
6110;41
6111;50
6112;14
6113;10
6114;7
6115;36
6116;40
6117;15
6118;9
6119;38
6120;68
6121;57
6122;71
6123;23
6124;71
6125;55
6126;55
6127;10
6128;22
6129;38
6130;16
6131;69
6132;42
6133;51
6134;64
6135;35
6136;8
6137;6
6138;11
6139;61
6140;34
6141;73
6142;58
6143;54
6144;47
6145;19
6146;66
6147;78
6148;50
6149;64
6150;40
6151;14
6152;35
6153;65
6154;73
6155;40
6156;48
6157;12
6158;11
6159;41
6160;21
6161;20
6162;69
6163;35
6164;46
6165;12
6166;39
6167;57
6168;68
6169;42
6170;64
6171;36
6172;61
6173;66
6174;43
6175;45
6176;41
6177;11
6178;18
6179;10
6180;72
6181;27
6182;46
6183;11
6184;15
6185;20
6186;60
6187;27
6188;32
6189;5
6190;16
6191;32
6192;66
6193;50
6194;48
6195;45
6196;35
6197;55
6198;21
6199;25
6200;84
6201;37
6202;83
6203;47
6204;31
6205;54
6206;9
6207;70
6208;71
6209;71
6210;40
6211;77
6212;29
6213;46
6214;19
6215;25
6216;67
6217;84
6218;43
6219;10
6220;20
6221;23
6222;22
6223;40
6224;53
6225;72
6226;60
6227;78
6228;59
6229;56
6230;83
6231;25
6232;58
6233;52
6234;50
6235;82
6236;78
6237;19
6238;34
6239;35
6240;44
6241;17
6242;14
6243;79
6244;44
6245;2
6246;74
6247;68
6248;40
6249;34
6250;22
6251;21
6252;5
6253;55
6254;81
6255;73
6256;45
6257;41
6258;42
6259;68
6260;21
6261;61
6262;69
6263;26
6264;6
6265;16
6266;20
6267;48
6268;7
6269;0
6270;48
6271;34
6272;51
6273;50
6274;48
6275;50
6276;62
6277;8
6278;36
6279;36
6280;36
6281;3
6282;39
6283;30
6284;17
6285;8
6286;66
6287;54
6288;41
6289;57
6290;38
6291;41
6292;5
6293;5
6294;88
6295;35
6296;61
6297;50
6298;40
6299;33
6300;8
6301;1
6302;54
6303;54
6304;32
6305;39
6306;17
6307;6
6308;21
6309;70
6310;56
6311;66
6312;46
6313;32
6314;72
6315;66
6316;45
6317;48
6318;10
6319;15
6320;66
6321;47
6322;21
6323;21
6324;8
6325;11
6326;26
6327;31
6328;0
6329;34
6330;31
6331;5
6332;4
6333;38
6334;38
6335;0
6336;45
6337;64
6338;49
6339;53
6340;19
6341;31
6342;24
6343;45
6344;49
6345;27
6346;82
6347;58
6348;52
6349;44
6350;29
6351;3
6352;9
6353;35
6354;22
6355;6
6356;3
6357;48
6358;34
6359;10
6360;25
6361;65
6362;82
6363;53
6364;45
6365;31
6366;14
6367;39
6368;38
6369;5
6370;0
6371;71
6372;58
6373;58
6374;23
6375;53
6376;66
6377;30
6378;57
6379;17
6380;17
6381;16
6382;68
6383;60
6384;54
6385;58
6386;33
6387;7
6388;17
6389;65
6390;67
6391;62
6392;56
6393;39
6394;29
6395;3
6396;51
6397;66
6398;82
6399;60
6400;73
6401;25
6402;78
6403;25
6404;32
6405;33
6406;11
6407;3
6408;49
6409;36
6410;74
6411;56
6412;75
6413;48
6414;89
6415;89
6416;54
6417;52
6418;51
6419;50
6420;44
6421;14
6422;10
6423;53
6424;63
6425;62
6426;50
6427;11
6428;6
6429;9
6430;35
6431;36
6432;23
6433;4
6434;17
6435;2
6436;3
6437;42
6438;72
6439;32
6440;52
6441;49
6442;65
