1;84
2;67
3;49
4;47
5;51
6;6
7;16
8;14
9;6
10;45
11;39
12;68
13;19
14;56
15;47
16;14
17;13
18;15
19;39
20;32
21;4
22;80
23;50
24;40
25;62
26;69
27;75
28;81
29;23
30;78
31;68
32;57
33;56
34;39
35;69
36;68
37;20
38;73
39;20
40;4
41;41
42;27
43;71
44;41
45;57
46;9
47;16
48;19
49;40
50;45
51;12
52;5
53;45
54;36
55;1
56;1
57;85
58;60
59;79
60;68
61;39
62;37
63;33
64;6
65;10
66;41
67;49
68;71
69;65
70;71
71;63
72;45
73;7
74;18
75;33
76;43
77;4
78;4
79;50
80;91
81;85
82;60
83;58
84;30
85;69
86;48
87;20
88;39
89;14
90;5
91;61
92;87
93;22
94;22
95;38
96;46
97;11
98;8
99;58
100;42
101;15
102;51
103;69
104;71
105;29
106;80
107;34
108;46
109;48
110;54
111;7
112;9
113;10
114;16
115;53
116;19
117;61
118;26
119;33
120;2
121;5
122;67
123;70
124;71
125;84
126;66
127;40
128;43
129;14
130;3
131;69
132;85
133;76
134;72
135;72
136;55
137;34
138;40
139;30
140;6
141;13
142;18
143;61
144;52
145;53
146;55
147;80
148;48
149;57
150;69
151;75
152;62
153;69
154;39
155;28
156;49
157;15
158;1
159;17
160;36
161;76
162;54
163;64
164;11
165;6
166;43
167;10
168;3
169;0
170;4
171;22
172;72
173;68
174;21
175;52
176;29
177;62
178;8
179;44
180;60
181;6
182;18
183;62
184;23
185;55
186;45
187;29
188;13
189;4
190;50
191;59
192;16
193;11
194;11
195;88
196;44
197;65
198;86
199;31
200;52
201;57
202;60
203;54
204;57
205;47
206;56
207;37
208;11
209;14
210;64
211;53
212;73
213;26
214;44
215;33
216;65
217;57
218;20
219;75
220;73
221;72
222;37
223;20
224;21
225;23
226;54
227;51
228;41
229;48
230;6
231;71
232;54
233;56
234;9
235;6
236;15
237;38
238;34
239;1
240;38
241;12
242;61
243;65
244;61
245;31
246;9
247;16
248;6
249;57
250;40
251;9
252;15
253;17
254;34
255;43
256;12
257;78
258;52
259;63
260;36
261;28
262;9
263;42
264;52
265;16
266;15
267;11
268;66
269;71
270;66
271;68
272;39
273;79
274;70
275;83
276;69
277;22
278;57
279;80
280;55
281;48
282;39
283;16
284;13
285;44
286;33
287;21
288;62
289;25
290;25
291;24
292;39
293;61
294;23
295;69
296;51
297;70
298;59
299;61
300;15
301;6
302;13
303;52
304;63
305;55
306;57
307;30
308;26
309;68
310;23
311;34
312;1
313;5
314;59
315;18
316;13
317;73
318;92
319;79
320;57
321;54
322;45
323;54
324;35
325;43
326;11
327;16
328;6
329;79
330;68
331;44
332;81
333;57
334;74
335;19
336;75
337;45
338;29
339;7
340;15
341;18
342;50
343;46
344;22
345;43
346;4
347;0
348;50
349;52
350;70
351;44
352;30
353;7
354;36
355;63
356;22
357;49
358;44
359;43
360;69
361;65
362;79
363;52
364;22
365;4
366;39
367;61
368;11
369;18
370;70
371;35
372;6
373;33
374;30
375;14
376;0
377;52
378;19
379;24
380;19
381;79
382;69
383;55
384;85
385;47
386;49
387;3
388;1
389;44
390;20
391;5
392;2
393;37
394;32
395;81
396;73
397;45
398;35
399;27
400;37
401;15
402;6
403;53
404;51
405;80
406;81
407;34
408;27
409;37
410;59
411;7
412;54
413;69
414;23
415;78
416;26
417;19
418;67
419;85
420;70
421;21
422;21
423;38
424;64
425;20
426;55
427;74
428;66
429;70
430;73
431;69
432;55
433;70
434;52
435;76
436;34
437;45
438;68
439;71
440;62
441;62
442;31
443;30
444;8
445;15
446;59
447;77
448;26
449;46
450;20
451;72
452;47
453;26
454;12
455;18
456;33
457;64
458;30
459;58
460;22
461;22
462;51
463;39
464;39
465;3
466;54
467;72
468;26
469;53
470;21
471;52
472;52
473;20
474;92
475;69
476;60
477;75
478;52
479;51
480;66
481;20
482;41
483;90
484;35
485;52
486;41
487;44
488;72
489;51
490;72
491;29
492;62
493;40
494;20
495;22
496;44
497;76
498;58
499;22
500;49
501;0
502;1
503;52
504;24
505;63
506;60
507;59
508;55
509;10
510;10
511;10
512;31
513;45
514;0
515;16
516;47
517;45
518;8
519;11
520;33
521;19
522;4
523;18
524;33
525;30
526;9
527;8
528;8
529;73
530;48
531;53
532;72
533;84
534;86
535;90
536;34
537;51
538;71
539;49
540;50
541;30
542;17
543;54
544;38
545;55
546;59
547;70
548;40
549;65
550;73
551;28
552;40
553;47
554;9
555;1
556;74
557;62
558;46
559;54
560;15
561;65
562;67
563;30
564;64
565;13
566;31
567;11
568;33
569;66
570;38
571;41
572;42
573;14
574;18
575;76
576;66
577;44
578;62
579;29
580;16
581;58
582;31
583;10
584;16
585;46
586;36
587;34
588;10
589;5
590;32
591;46
592;26
593;1
594;45
595;26
596;6
597;9
598;18
599;59
600;17
601;7
602;57
603;13
604;46
605;22
606;39
607;3
608;62
609;77
610;53
611;47
612;13
613;9
614;24
615;83
616;23
617;56
618;79
619;33
620;70
621;47
622;39
623;41
624;36
625;29
626;10
627;95
628;53
629;60
630;62
631;55
632;74
633;42
634;40
635;61
636;73
637;62
638;48
639;70
640;51
641;45
642;42
643;17
644;16
645;61
646;59
647;13
648;13
649;12
650;71
651;28
652;65
653;43
654;9
655;54
656;52
657;63
658;53
659;6
660;63
661;60
662;53
663;49
664;35
665;29
666;17
667;16
668;9
669;53
670;75
671;79
672;29
673;31
674;69
675;24
676;58
677;66
678;47
679;52
680;26
681;21
682;81
683;21
684;41
685;34
686;18
687;15
688;85
689;47
690;85
691;44
692;44
693;9
694;75
695;55
696;61
697;53
698;74
699;34
700;8
701;17
702;45
703;46
704;57
705;25
706;22
707;4
708;18
709;56
710;55
711;71
712;58
713;26
714;64
715;94
716;60
717;40
718;6
719;7
720;31
721;60
722;49
723;54
724;52
725;69
726;41
727;36
728;15
729;11
730;3
731;46
732;35
733;0
734;11
735;65
736;44
737;32
738;12
739;6
740;69
741;39
742;62
743;11
744;43
745;44
746;37
747;18
748;32
749;60
750;67
751;58
752;38
753;31
754;16
755;9
756;17
757;72
758;45
759;44
760;54
761;18
762;15
763;30
764;74
765;20
766;46
767;72
768;47
769;46
770;18
771;13
772;36
773;10
774;12
775;47
776;33
777;2
778;75
779;38
780;26
781;49
782;13
783;8
784;48
785;50
786;75
787;30
788;72
789;78
790;61
791;74
792;40
793;53
794;23
795;45
796;77
797;63
798;53
799;61
800;68
801;64
802;14
803;46
804;30
805;4
806;2
807;51
808;41
809;32
810;2
811;16
812;5
813;67
814;83
815;35
816;64
817;66
818;79
819;44
820;51
821;56
822;22
823;47
824;59
825;74
826;23
827;42
828;60
829;54
830;43
831;58
832;50
833;48
834;39
835;15
836;0
837;40
838;39
839;18
840;10
841;61
842;61
843;46
844;69
845;20
846;36
847;14
848;16
849;4
850;79
851;68
852;29
853;24
854;52
855;18
856;13
857;42
858;15
859;11
860;33
861;41
862;17
863;6
864;14
865;47
866;9
867;15
868;27
869;61
870;32
871;17
872;18
873;38
874;48
875;2
876;36
877;45
878;7
879;5
880;4
881;70
882;24
883;56
884;53
885;51
886;63
887;47
888;15
889;55
890;82
891;34
892;51
893;10
894;13
895;38
896;74
897;59
898;70
899;39
900;39
901;44
902;14
903;16
904;34
905;39
906;53
907;78
908;50
909;72
910;48
911;36
912;62
913;7
914;8
915;57
916;71
917;70
918;43
919;43
920;17
921;4
922;48
923;69
924;19
925;53
926;76
927;56
928;33
929;69
930;87
931;32
932;41
933;6
934;8
935;8
936;1
937;6
938;76
939;22
940;68
941;28
942;45
943;4
944;1
945;37
946;26
947;8
948;13
949;72
950;35
951;31
952;20
953;70
954;86
955;20
956;63
957;84
958;46
959;10
960;1
961;36
962;41
963;5
964;1
965;2
966;43
967;36
968;10
969;10
970;35
971;28
972;18
973;70
974;20
975;30
976;49
977;3
978;6
979;52
980;60
981;28
982;33
983;8
984;0
985;42
986;41
987;16
988;15
989;44
990;72
991;50
992;39
993;27
994;4
995;5
996;57
997;53
998;63
999;74
1000;65
1001;69
1002;44
1003;24
1004;15
1005;1
1006;54
1007;50
1008;33
1009;22
1010;22
1011;42
1012;32
1013;48
1014;33
1015;14
1016;16
1017;54
1018;44
1019;14
1020;62
1021;41
1022;66
1023;45
1024;49
1025;43
1026;13
1027;4
1028;0
1029;0
1030;86
1031;65
1032;55
1033;33
1034;31
1035;31
1036;11
1037;18
1038;56
1039;24
1040;60
1041;91
1042;23
1043;63
1044;41
1045;16
1046;34
1047;42
1048;10
1049;31
1050;41
1051;3
1052;10
1053;4
1054;42
1055;36
1056;0
1057;2
1058;10
1059;51
1060;40
1061;64
1062;59
1063;71
1064;76
1065;27
1066;14
1067;16
1068;47
1069;44
1070;6
1071;47
1072;76
1073;70
1074;66
1075;43
1076;10
1077;10
1078;25
1079;79
1080;58
1081;44
1082;45
1083;4
1084;3
1085;3
1086;78
1087;24
1088;62
1089;40
1090;66
1091;63
1092;41
1093;49
1094;3
1095;90
1096;57
1097;62
1098;23
1099;19
1100;50
1101;51
1102;27
1103;73
1104;51
1105;46
1106;55
1107;61
1108;40
1109;22
1110;1
1111;28
1112;67
1113;69
1114;74
1115;20
1116;56
1117;49
1118;19
1119;67
1120;70
1121;28
1122;85
1123;41
1124;47
1125;4
1126;46
1127;59
1128;52
1129;61
1130;52
1131;10
1132;40
1133;33
1134;6
1135;15
1136;16
1137;54
1138;47
1139;31
1140;21
1141;3
1142;14
1143;59
1144;39
1145;13
1146;8
1147;58
1148;48
1149;38
1150;37
1151;2
1152;15
1153;13
1154;76
1155;48
1156;55
1157;65
1158;64
1159;79
1160;49
1161;29
1162;27
1163;9
1164;92
1165;61
1166;42
1167;58
1168;17
1169;8
1170;38
1171;76
1172;47
1173;70
1174;71
1175;57
1176;22
1177;73
1178;92
1179;49
1180;53
1181;72
1182;64
1183;34
1184;64
1185;6
1186;49
1187;55
1188;33
1189;17
1190;14
1191;38
1192;27
1193;63
1194;38
1195;10
1196;13
1197;28
1198;71
1199;61
1200;42
1201;8
1202;6
1203;75
1204;74
1205;40
1206;46
1207;7
1208;9
1209;58
1210;75
1211;53
1212;39
1213;33
1214;21
1215;10
1216;4
1217;21
1218;24
1219;47
1220;72
1221;44
1222;79
1223;59
1224;50
1225;35
1226;62
1227;14
1228;84
1229;76
1230;60
1231;43
1232;64
1233;56
1234;46
1235;25
1236;20
1237;33
1238;76
1239;55
1240;62
1241;49
1242;37
1243;9
1244;14
1245;6
1246;51
1247;38
1248;10
1249;13
1250;44
1251;16
1252;45
1253;51
1254;20
1255;59
1256;44
1257;11
1258;11
1259;27
1260;35
1261;30
1262;60
1263;9
1264;17
1265;6
1266;51
1267;50
1268;38
1269;8
1270;70
1271;22
1272;52
1273;66
1274;70
1275;31
1276;54
1277;18
1278;9
1279;75
1280;34
1281;38
1282;29
1283;45
1284;66
1285;65
1286;75
1287;36
1288;63
1289;45
1290;33
1291;23
1292;47
1293;39
1294;12
1295;11
1296;65
1297;51
1298;71
1299;23
1300;67
1301;74
1302;20
1303;21
1304;28
1305;26
1306;1
1307;0
1308;57
1309;45
1310;72
1311;69
1312;69
1313;49
1314;29
1315;60
1316;33
1317;71
1318;20
1319;67
1320;84
1321;81
1322;37
1323;8
1324;14
1325;33
1326;20
1327;71
1328;61
1329;70
1330;38
1331;17
1332;1
1333;53
1334;43
1335;32
1336;2
1337;0
1338;82
1339;70
1340;31
1341;59
1342;65
1343;53
1344;73
1345;67
1346;70
1347;76
1348;64
1349;76
1350;39
1351;64
1352;60
1353;58
1354;62
1355;28
1356;46
1357;6
1358;12
1359;10
1360;73
1361;82
1362;54
1363;39
1364;74
1365;72
1366;48
1367;45
1368;41
1369;23
1370;19
1371;4
1372;4
1373;19
1374;46
1375;2
1376;3
1377;5
1378;9
1379;87
1380;54
1381;37
1382;81
1383;71
1384;49
1385;57
1386;63
1387;46
1388;6
1389;7
1390;54
1391;58
1392;13
1393;13
1394;74
1395;55
1396;58
1397;75
1398;47
1399;51
1400;82
1401;37
1402;41
1403;9
1404;14
1405;35
1406;76
1407;53
1408;69
1409;61
1410;37
1411;63
1412;61
1413;33
1414;45
1415;11
1416;2
1417;2
1418;32
1419;61
1420;17
1421;24
1422;26
1423;4
1424;0
1425;45
1426;26
1427;11
1428;11
1429;20
1430;52
1431;23
1432;72
1433;90
1434;76
1435;43
1436;38
1437;6
1438;23
1439;64
1440;31
1441;23
1442;39
1443;4
1444;4
1445;71
1446;54
1447;62
1448;6
1449;6
1450;16
1451;40
1452;18
1453;23
1454;57
1455;20
1456;62
1457;36
1458;58
1459;51
1460;32
1461;52
1462;22
1463;51
1464;32
1465;34
1466;43
1467;53
1468;50
1469;48
1470;74
1471;65
1472;68
1473;79
1474;73
1475;69
1476;58
1477;57
1478;80
1479;48
1480;57
1481;17
1482;10
1483;73
1484;75
1485;90
1486;19
1487;78
1488;85
1489;23
1490;21
1491;34
1492;25
1493;37
1494;19
1495;56
1496;24
1497;43
1498;17
1499;13
1500;16
1501;73
1502;78
1503;68
1504;58
1505;46
1506;61
1507;38
1508;41
1509;3
1510;15
1511;63
1512;10
1513;76
1514;69
1515;48
1516;56
1517;35
1518;16
1519;53
1520;45
1521;29
1522;93
1523;52
1524;55
1525;49
1526;65
1527;37
1528;49
1529;15
1530;5
1531;25
1532;20
1533;70
1534;21
1535;22
1536;45
1537;58
1538;87
1539;41
1540;30
1541;9
1542;60
1543;55
1544;49
1545;21
1546;33
1547;1
1548;0
1549;10
1550;46
1551;48
1552;43
1553;13
1554;57
1555;67
1556;66
1557;55
1558;40
1559;40
1560;36
1561;39
1562;51
1563;18
1564;17
1565;45
1566;22
1567;60
1568;44
1569;78
1570;56
1571;70
1572;73
1573;52
1574;40
1575;31
1576;55
1577;18
1578;16
1579;81
1580;80
1581;43
1582;3
1583;0
1584;52
1585;53
1586;54
1587;32
1588;68
1589;44
1590;72
1591;58
1592;60
1593;58
1594;26
1595;35
1596;1
1597;17
1598;52
1599;51
1600;46
1601;71
1602;45
1603;16
1604;14
1605;45
1606;43
1607;17
1608;11
1609;65
1610;33
1611;61
1612;65
1613;61
1614;37
1615;28
1616;69
1617;66
1618;67
1619;47
1620;15
1621;8
1622;36
1623;34
1624;4
1625;3
1626;25
1627;60
1628;6
1629;62
1630;51
1631;22
1632;41
1633;12
1634;11
1635;34
1636;18
1637;58
1638;48
1639;6
1640;72
1641;37
1642;70
1643;52
1644;55
1645;72
1646;40
1647;35
1648;9
1649;16
1650;67
1651;55
1652;42
1653;27
1654;7
1655;12
1656;10
1657;74
1658;65
1659;79
1660;30
1661;60
1662;23
1663;44
1664;22
1665;12
1666;8
1667;58
1668;60
1669;67
1670;56
1671;40
1672;79
1673;66
1674;38
1675;36
1676;10
1677;0
1678;33
1679;33
1680;14
1681;8
1682;43
1683;32
1684;18
1685;0
1686;3
1687;47
1688;63
1689;14
1690;14
1691;6
1692;45
1693;46
1694;16
1695;9
1696;59
1697;49
1698;51
1699;26
1700;71
1701;65
1702;37
1703;53
1704;69
1705;46
1706;69
1707;53
1708;62
1709;52
1710;17
1711;17
1712;83
1713;52
1714;69
1715;53
1716;79
1717;90
1718;31
1719;29
1720;45
1721;8
1722;18
1723;44
1724;49
1725;8
1726;17
1727;15
1728;70
1729;72
1730;35
1731;33
1732;37
1733;11
1734;11
1735;66
1736;55
1737;44
1738;46
1739;16
1740;7
1741;63
1742;25
1743;51
1744;50
1745;12
1746;17
1747;63
1748;23
1749;19
1750;24
1751;21
1752;68
1753;19
1754;77
1755;74
1756;52
1757;49
1758;6
1759;46
1760;53
1761;6
1762;8
1763;90
1764;70
1765;64
1766;21
1767;80
1768;47
1769;77
1770;50
1771;58
1772;83
1773;30
1774;58
1775;56
1776;60
1777;65
1778;21
1779;78
1780;50
1781;36
1782;21
1783;65
1784;74
1785;53
1786;42
1787;17
1788;6
1789;44
1790;30
1791;0
1792;73
1793;58
1794;48
1795;27
1796;9
1797;10
1798;18
1799;24
1800;66
1801;59
1802;55
1803;21
1804;64
1805;91
1806;28
1807;47
1808;1
1809;35
1810;63
1811;57
1812;44
1813;34
1814;15
1815;3
1816;29
1817;52
1818;59
1819;10
1820;6
1821;80
1822;72
1823;57
1824;45
1825;34
1826;95
1827;37
1828;30
1829;5
1830;9
1831;44
1832;65
1833;40
1834;56
1835;41
1836;54
1837;72
1838;31
1839;53
1840;7
1841;74
1842;69
1843;62
1844;63
1845;22
1846;29
1847;1
1848;76
1849;70
1850;74
1851;65
1852;66
1853;43
1854;57
1855;34
1856;18
1857;11
1858;27
1859;43
1860;11
1861;35
1862;38
1863;11
1864;1
1865;24
1866;79
1867;49
1868;30
1869;10
1870;9
1871;36
1872;54
1873;15
1874;67
1875;25
1876;44
1877;72
1878;22
1879;19
1880;29
1881;27
1882;52
1883;74
1884;55
1885;68
1886;65
1887;55
1888;41
1889;41
1890;39
1891;5
1892;6
1893;31
1894;44
1895;1
1896;3
1897;33
1898;47
1899;57
1900;60
1901;48
1902;42
1903;13
1904;10
1905;11
1906;56
1907;48
1908;7
1909;34
1910;22
1911;30
1912;58
1913;46
1914;21
1915;11
1916;2
1917;8
1918;45
1919;42
1920;39
1921;14
1922;8
1923;29
1924;58
1925;18
1926;16
1927;43
1928;63
1929;67
1930;63
1931;20
1932;56
1933;21
1934;31
1935;41
1936;18
1937;12
1938;52
1939;44
1940;9
1941;7
1942;7
1943;45
1944;30
1945;1
1946;1
1947;34
1948;43
1949;6
1950;15
1951;41
1952;18
1953;21
1954;58
1955;63
1956;70
1957;23
1958;71
1959;53
1960;22
1961;49
1962;58
1963;26
1964;41
1965;47
1966;49
1967;54
1968;61
1969;43
1970;41
1971;92
1972;84
1973;33
1974;41
1975;4
1976;13
1977;30
1978;33
1979;8
1980;9
1981;18
1982;55
1983;54
1984;73
1985;51
1986;58
1987;41
1988;46
1989;22
1990;60
1991;38
1992;18
1993;13
1994;50
1995;27
1996;71
1997;62
1998;23
1999;41
2000;36
2001;64
2002;22
2003;42
2004;39
2005;7
2006;66
2007;60
2008;25
2009;20
2010;53
2011;64
2012;51
2013;72
2014;44
2015;52
2016;72
2017;24
2018;48
2019;44
2020;55
2021;6
2022;17
2023;64
2024;69
2025;31
2026;48
2027;30
2028;41
2029;22
2030;57
2031;77
2032;42
2033;60
2034;68
2035;54
2036;68
2037;97
2038;28
2039;67
2040;80
2041;89
2042;55
2043;69
2044;59
2045;74
2046;50
2047;44
2048;43
2049;63
2050;59
2051;8
2052;9
2053;57
2054;22
2055;19
2056;25
2057;26
2058;46
2059;62
2060;54
2061;63
2062;30
2063;61
2064;72
2065;50
2066;30
2067;14
2068;32
2069;41
2070;42
2071;18
2072;18
2073;10
2074;46
2075;63
2076;26
2077;26
2078;11
2079;4
2080;46
2081;28
2082;9
2083;0
2084;33
2085;22
2086;67
2087;23
2088;77
2089;21
2090;25
2091;67
2092;22
2093;37
2094;40
2095;42
2096;11
2097;46
2098;56
2099;55
2100;20
2101;58
2102;45
2103;13
2104;28
2105;22
2106;21
2107;55
2108;73
2109;38
2110;51
2111;66
2112;32
2113;20
2114;57
2115;50
2116;46
2117;21
2118;41
2119;50
2120;34
2121;33
2122;49
2123;26
2124;76
2125;70
2126;56
2127;54
2128;21
2129;66
2130;87
2131;46
2132;44
2133;29
2134;57
2135;29
2136;14
2137;18
2138;16
2139;74
2140;37
2141;40
2142;9
2143;37
2144;31
2145;1
2146;0
2147;58
2148;53
2149;48
2150;15
2151;87
2152;67
2153;53
2154;40
2155;10
2156;16
2157;23
2158;56
2159;29
2160;11
2161;13
2162;74
2163;85
2164;34
2165;72
2166;68
2167;66
2168;31
2169;35
2170;57
2171;42
2172;6
2173;13
2174;19
2175;23
2176;3
2177;5
2178;0
2179;75
2180;48
2181;21
2182;21
2183;19
2184;24
2185;31
2186;16
2187;0
2188;76
2189;55
2190;21
2191;38
2192;25
2193;40
2194;32
2195;41
2196;11
2197;13
2198;38
2199;21
2200;9
2201;15
2202;45
2203;50
2204;13
2205;18
2206;7
2207;71
2208;46
2209;26
2210;58
2211;55
2212;49
2213;59
2214;11
2215;78
2216;71
2217;67
2218;53
2219;77
2220;44
2221;80
2222;62
2223;17
2224;8
2225;56
2226;32
2227;21
2228;37
2229;4
2230;5
2231;84
2232;70
2233;58
2234;44
2235;32
2236;47
2237;17
2238;16
2239;53
2240;32
2241;31
2242;66
2243;55
2244;46
2245;41
2246;83
2247;37
2248;38
2249;9
2250;11
2251;68
2252;54
2253;45
2254;60
2255;57
2256;83
2257;58
2258;84
2259;37
2260;81
2261;54
2262;33
2263;44
2264;65
2265;55
2266;88
2267;46
2268;44
2269;55
2270;43
2271;70
2272;80
2273;81
2274;19
2275;28
2276;26
2277;9
2278;1
2279;0
2280;63
2281;31
2282;49
2283;43
2284;33
2285;4
2286;2
2287;3
2288;69
2289;23
2290;46
2291;72
2292;74
2293;56
2294;49
2295;34
2296;39
2297;42
2298;15
2299;65
2300;68
2301;53
2302;72
2303;33
2304;46
2305;52
2306;59
2307;32
2308;44
2309;92
2310;74
2311;30
2312;30
2313;62
2314;18
2315;13
2316;53
2317;52
2318;35
2319;21
2320;15
2321;3
2322;62
2323;45
2324;78
2325;75
2326;55
2327;66
2328;65
2329;49
2330;24
2331;36
2332;11
2333;2
2334;53
2335;50
2336;8
2337;89
2338;70
2339;19
2340;63
2341;24
2342;69
2343;21
2344;21
2345;34
2346;47
2347;65
2348;74
2349;38
2350;46
2351;8
2352;13
2353;39
2354;40
2355;0
2356;46
2357;35
2358;14
2359;7
2360;6
2361;59
2362;43
2363;60
2364;73
2365;64
2366;82
2367;26
2368;68
2369;28
2370;44
2371;11
2372;35
2373;25
2374;51
2375;44
2376;55
2377;41
2378;46
2379;3
2380;89
2381;57
2382;57
2383;39
2384;57
2385;42
2386;11
2387;18
2388;36
2389;31
2390;14
2391;11
2392;71
2393;39
2394;34
2395;2
2396;4
2397;2
2398;47
2399;47
2400;18
2401;7
2402;65
2403;72
2404;94
2405;63
2406;44
2407;27
2408;74
2409;45
2410;83
2411;89
2412;70
2413;74
2414;48
2415;85
2416;41
2417;47
2418;13
2419;44
2420;31
2421;13
2422;66
2423;64
2424;27
2425;51
2426;46
2427;22
2428;11
2429;0
2430;3
2431;6
2432;71
2433;74
2434;39
2435;29
2436;51
2437;75
2438;62
2439;53
2440;64
2441;20
2442;23
2443;43
2444;76
2445;55
2446;53
2447;81
2448;41
2449;12
2450;51
2451;34
2452;11
2453;13
2454;18
2455;89
2456;65
2457;48
2458;45
2459;29
2460;18
2461;63
2462;54
2463;12
2464;9
2465;44
2466;63
2467;17
2468;7
2469;68
2470;24
2471;54
2472;50
2473;53
2474;10
2475;16
2476;32
2477;87
2478;45
2479;60
2480;43
2481;34
2482;14
2483;12
2484;71
2485;64
2486;63
2487;50
2488;57
2489;61
2490;19
2491;19
2492;88
2493;82
2494;69
2495;60
2496;62
2497;52
2498;14
2499;9
2500;32
2501;20
2502;48
2503;81
2504;64
2505;58
2506;51
2507;39
2508;17
2509;12
2510;82
2511;51
2512;50
2513;17
2514;72
2515;45
2516;58
2517;9
2518;31
2519;45
2520;46
2521;42
2522;21
2523;11
2524;1
2525;3
2526;54
2527;73
2528;70
2529;20
2530;55
2531;26
2532;64
2533;60
2534;64
2535;64
2536;66
2537;43
2538;21
2539;5
2540;9
2541;35
2542;43
2543;12
2544;6
2545;10
2546;27
2547;48
2548;36
2549;49
2550;44
2551;10
2552;0
2553;10
2554;51
2555;44
2556;10
2557;11
2558;24
2559;32
2560;15
2561;7
2562;37
2563;22
2564;57
2565;55
2566;57
2567;24
2568;64
2569;73
2570;50
2571;52
2572;14
2573;12
2574;51
2575;70
2576;60
2577;62
2578;75
2579;61
2580;80
2581;26
2582;32
2583;53
2584;55
2585;64
2586;42
2587;27
2588;1
2589;32
2590;51
2591;57
2592;39
2593;37
2594;15
2595;54
2596;64
2597;62
2598;50
2599;69
2600;47
2601;32
2602;1
2603;1
2604;6
2605;55
2606;79
2607;85
2608;83
2609;56
2610;96
2611;20
2612;37
2613;21
2614;92
2615;44
2616;43
2617;27
2618;12
2619;0
2620;4
2621;21
2622;62
2623;45
2624;20
2625;27
2626;65
2627;50
2628;19
2629;62
2630;81
2631;84
2632;45
2633;70
2634;67
2635;66
2636;51
2637;65
2638;73
2639;55
2640;75
2641;72
2642;65
2643;45
2644;33
2645;36
2646;0
2647;2
2648;34
2649;35
2650;7
2651;15
2652;69
2653;22
2654;79
2655;79
2656;63
2657;59
2658;86
2659;69
2660;52
2661;59
2662;43
2663;9
2664;41
2665;19
2666;6
2667;1
2668;67
2669;74
2670;23
2671;72
2672;72
2673;32
2674;19
2675;25
2676;11
2677;9
2678;37
2679;64
2680;10
2681;65
2682;84
2683;74
2684;53
2685;81
2686;60
2687;42
2688;60
2689;13
2690;14
2691;58
2692;52
2693;58
2694;49
2695;76
2696;24
2697;31
2698;57
2699;43
2700;28
2701;64
2702;60
2703;36
2704;36
2705;6
2706;52
2707;37
2708;43
2709;1
2710;4
2711;5
2712;42
2713;41
2714;7
2715;14
2716;61
2717;79
2718;41
2719;71
2720;25
2721;35
2722;46
2723;31
2724;13
2725;35
2726;35
2727;5
2728;3
2729;41
2730;31
2731;50
2732;35
2733;45
2734;1
2735;13
2736;55
2737;58
2738;45
2739;19
2740;23
2741;42
2742;79
2743;72
2744;30
2745;62
2746;12
2747;18
2748;75
2749;80
2750;30
2751;50
2752;58
2753;65
2754;72
2755;24
2756;77
2757;75
2758;40
2759;65
2760;62
2761;62
2762;43
2763;92
2764;40
2765;45
2766;38
2767;8
2768;34
2769;41
2770;6
2771;47
2772;59
2773;40
2774;23
2775;42
2776;2
2777;3
2778;39
2779;39
2780;9
2781;6
2782;52
2783;54
2784;57
2785;42
2786;10
2787;8
2788;32
2789;45
2790;52
2791;24
2792;33
2793;42
2794;15
2795;8
2796;19
2797;19
2798;86
2799;19
2800;24
2801;75
2802;57
2803;58
2804;65
2805;51
2806;25
2807;56
2808;30
2809;64
2810;53
2811;67
2812;20
2813;41
2814;10
2815;6
2816;49
2817;56
2818;16
2819;9
2820;30
2821;27
2822;46
2823;61
2824;55
2825;81
2826;34
2827;43
2828;27
2829;53
2830;75
2831;76
2832;48
2833;45
2834;55
2835;46
2836;82
2837;44
2838;45
2839;3
2840;40
2841;43
2842;1
2843;25
2844;79
2845;42
2846;36
2847;39
2848;43
2849;63
2850;11
2851;7
2852;69
2853;72
2854;26
2855;6
2856;16
2857;22
2858;42
2859;9
2860;5
2861;13
2862;39
2863;25
2864;7
2865;40
2866;31
2867;4
2868;0
2869;25
2870;25
2871;39
2872;26
2873;68
2874;52
2875;75
2876;81
2877;62
2878;34
2879;44
2880;15
2881;15
2882;13
2883;31
2884;44
2885;34
2886;12
2887;34
2888;44
2889;0
2890;6
2891;64
2892;79
2893;72
2894;65
2895;35
2896;44
2897;2
2898;3
2899;67
2900;28
2901;51
2902;50
2903;12
2904;11
2905;45
2906;25
2907;19
2908;24
2909;90
2910;60
2911;69
2912;23
2913;22
2914;63
2915;62
2916;30
2917;6
2918;9
2919;62
2920;72
2921;66
2922;51
2923;57
2924;9
2925;12
2926;27
2927;27
2928;7
2929;45
2930;27
2931;16
2932;11
2933;34
2934;40
2935;15
2936;25
2937;64
2938;51
2939;77
2940;29
2941;60
2942;40
2943;61
2944;28
2945;63
2946;87
2947;37
2948;43
2949;4
2950;39
2951;71
2952;71
2953;63
2954;66
2955;58
2956;52
2957;8
2958;11
2959;42
2960;28
2961;74
2962;69
2963;63
2964;57
2965;35
2966;77
2967;21
2968;5
2969;1
2970;48
2971;76
2972;80
2973;62
2974;48
2975;51
2976;65
2977;60
2978;46
2979;78
2980;66
2981;46
2982;48
2983;14
2984;10
2985;15
2986;67
2987;77
2988;63
2989;44
2990;83
2991;28
2992;53
2993;64
2994;12
2995;16
2996;55
2997;49
2998;69
2999;52
3000;78
3001;75
3002;87
3003;52
3004;81
3005;58
3006;46
3007;68
3008;30
3009;24
3010;1
3011;2
3012;21
3013;56
3014;53
3015;49
3016;38
3017;25
3018;52
3019;76
3020;49
3021;40
3022;28
3023;59
3024;11
3025;68
3026;20
3027;82
3028;66
3029;65
3030;25
3031;55
3032;42
3033;7
3034;9
3035;32
3036;39
3037;43
3038;12
3039;4
3040;27
3041;35
3042;4
3043;13
3044;12
3045;15
3046;62
3047;22
3048;63
3049;43
3050;13
3051;8
3052;48
3053;88
3054;49
3055;77
3056;20
3057;23
3058;0
3059;3
3060;15
3061;71
3062;26
3063;51
3064;72
3065;58
3066;50
3067;50
3068;26
3069;79
3070;36
3071;39
3072;50
3073;47
3074;48
3075;44
3076;3
3077;2
3078;0
3079;22
3080;91
3081;53
3082;51
3083;12
3084;13
3085;55
3086;26
3087;17
3088;32
3089;35
3090;42
3091;62
3092;18
3093;61
3094;54
3095;71
3096;56
3097;53
3098;49
3099;58
3100;36
3101;45
3102;11
3103;9
3104;79
3105;28
3106;55
3107;17
3108;46
3109;47
3110;6
3111;8
3112;12
3113;30
3114;31
3115;17
3116;1
3117;36
3118;39
3119;4
3120;44
3121;74
3122;56
3123;62
3124;65
3125;30
3126;46
3127;14
3128;3
3129;86
3130;19
3131;33
3132;32
3133;14
3134;3
3135;23
3136;50
3137;43
3138;45
3139;4
3140;6
3141;49
3142;45
3143;27
3144;52
3145;7
3146;12
3147;7
3148;75
3149;47
3150;56
3151;56
3152;43
3153;16
3154;17
3155;15
3156;60
3157;30
3158;17
3159;18
3160;13
3161;60
3162;27
3163;10
3164;56
3165;46
3166;26
3167;65
3168;36
3169;39
3170;6
3171;11
3172;55
3173;30
3174;13
3175;13
3176;18
3177;29
3178;49
3179;58
3180;30
3181;37
3182;6
3183;12
3184;57
3185;64
3186;45
3187;34
3188;5
3189;17
3190;74
3191;76
3192;51
3193;86
3194;24
3195;42
3196;3
3197;0
3198;42
3199;74
3200;55
3201;59
3202;48
3203;51
3204;27
3205;66
3206;50
3207;43
3208;69
3209;74
3210;40
3211;67
3212;74
3213;62
3214;42
3215;30
3216;59
3217;30
3218;36
3219;16
3220;27
3221;33
3222;16
3223;4
3224;26
3225;38
3226;12
3227;32
3228;39
3229;53
3230;60
3231;67
3232;21
3233;45
3234;63
3235;9
3236;12
3237;56
3238;23
3239;85
3240;42
3241;30
3242;43
3243;3
3244;11
3245;40
3246;25
3247;4
3248;3
3249;17
3250;35
3251;95
3252;44
3253;67
3254;31
3255;32
3256;16
3257;10
3258;0
3259;57
3260;60
3261;23
3262;42
3263;4
3264;8
3265;57
3266;52
3267;49
3268;42
3269;53
3270;6
3271;16
3272;42
3273;36
3274;69
3275;65
3276;23
3277;22
3278;26
3279;34
3280;43
3281;15
3282;13
3283;54
3284;90
3285;78
3286;22
3287;21
3288;58
3289;51
3290;23
3291;39
3292;12
3293;7
3294;60
3295;80
3296;47
3297;58
3298;44
3299;52
3300;12
3301;16
3302;11
3303;22
3304;53
3305;48
3306;65
3307;73
3308;80
3309;66
3310;74
3311;45
3312;87
3313;45
3314;57
3315;22
3316;89
3317;28
3318;40
3319;2
3320;10
3321;30
3322;36
3323;9
3324;14
3325;62
3326;68
3327;51
3328;39
3329;16
3330;17
3331;60
3332;23
3333;79
3334;33
3335;55
3336;20
3337;24
3338;20
3339;45
3340;19
3341;23
3342;19
3343;26
3344;25
3345;46
3346;22
3347;68
3348;43
3349;50
3350;13
3351;13
3352;67
3353;22
3354;47
3355;82
3356;55
3357;67
3358;42
3359;21
3360;12
3361;7
3362;80
3363;81
3364;49
3365;60
3366;66
3367;58
3368;41
3369;47
3370;62
3371;47
3372;46
3373;11
3374;18
3375;60
3376;72
3377;64
3378;77
3379;24
3380;38
3381;9
3382;37
3383;76
3384;23
3385;51
3386;33
3387;58
3388;64
3389;48
3390;62
3391;16
3392;13
3393;6
3394;64
3395;49
3396;29
3397;64
3398;68
3399;31
3400;51
3401;39
3402;68
3403;61
3404;13
3405;74
3406;59
3407;50
3408;19
3409;57
3410;80
3411;62
3412;50
3413;78
3414;54
3415;48
3416;27
3417;39
3418;45
3419;28
3420;14
3421;52
3422;54
3423;78
3424;34
3425;59
3426;20
3427;62
3428;53
3429;63
3430;79
3431;93
3432;22
3433;29
3434;3
3435;4
3436;4
3437;27
3438;41
3439;22
3440;86
3441;43
3442;45
3443;14
3444;11
3445;51
3446;46
3447;14
3448;11
3449;13
3450;8
3451;36
3452;23
3453;16
3454;17
3455;59
3456;24
3457;79
3458;52
3459;26
3460;44
3461;42
3462;35
3463;62
3464;34
3465;33
3466;1
3467;12
3468;27
3469;43
3470;4
3471;4
3472;23
3473;23
3474;80
3475;22
3476;83
3477;71
3478;26
3479;43
3480;90
3481;19
3482;44
3483;68
3484;84
3485;20
3486;73
3487;22
3488;79
3489;53
3490;48
3491;31
3492;2
3493;1
3494;27
3495;40
3496;9
3497;17
3498;32
3499;13
3500;10
3501;54
3502;8
3503;60
3504;14
3505;64
3506;28
3507;50
3508;30
3509;7
3510;10
3511;64
3512;19
3513;37
3514;49
3515;36
3516;18
3517;18
3518;40
3519;33
3520;32
3521;42
3522;13
3523;9
3524;76
3525;57
3526;23
3527;28
3528;63
3529;27
3530;42
3531;18
3532;1
3533;15
3534;56
3535;60
3536;7
3537;16
3538;60
3539;46
3540;65
3541;44
3542;22
3543;71
3544;72
3545;23
3546;55
3547;80
3548;27
3549;44
3550;49
3551;1
3552;8
3553;69
3554;31
3555;58
3556;52
3557;39
3558;15
3559;17
3560;44
3561;57
3562;64
3563;46
3564;72
3565;45
3566;49
3567;5
3568;4
3569;4
3570;38
3571;21
3572;37
3573;48
3574;17
3575;7
3576;78
3577;64
3578;38
3579;37
3580;12
3581;18
3582;10
3583;83
3584;60
3585;51
3586;50
3587;72
3588;27
3589;63
3590;33
3591;18
3592;8
3593;81
3594;67
3595;76
3596;63
3597;31
3598;46
3599;14
3600;79
3601;24
3602;81
3603;74
3604;48
3605;52
3606;39
3607;80
3608;51
3609;45
3610;31
3611;3
3612;11
3613;3
3614;42
3615;3
3616;3
3617;61
3618;41
3619;12
3620;33
3621;21
3622;2
3623;4
3624;37
3625;30
3626;15
3627;13
3628;61
3629;50
3630;53
3631;92
3632;44
3633;55
3634;43
3635;48
3636;23
3637;49
3638;24
3639;51
3640;39
3641;51
3642;8
3643;9
3644;85
3645;74
3646;39
3647;30
3648;42
3649;0
3650;0
3651;16
3652;78
3653;69
3654;70
3655;29
3656;15
3657;43
3658;39
3659;2
3660;14
3661;28
3662;72
3663;53
3664;51
3665;23
3666;21
3667;40
3668;87
3669;58
3670;51
3671;81
3672;28
3673;19
3674;15
3675;39
3676;43
3677;2
3678;4
3679;42
3680;36
3681;4
3682;11
3683;25
3684;31
3685;25
3686;44
3687;9
3688;17
3689;4
3690;59
3691;90
3692;19
3693;4
3694;3
3695;1
3696;5
3697;72
3698;70
3699;32
3700;45
3701;9
3702;61
3703;69
3704;72
3705;40
3706;9
3707;15
3708;53
3709;28
3710;10
3711;18
3712;32
3713;21
3714;4
3715;4
3716;47
3717;59
3718;36
3719;50
3720;72
3721;34
3722;43
3723;22
3724;41
3725;40
3726;25
3727;7
3728;18
3729;26
3730;33
3731;6
3732;16
3733;6
3734;56
3735;39
3736;27
3737;11
3738;76
3739;73
3740;33
3741;80
3742;67
3743;60
3744;11
3745;44
3746;70
3747;66
3748;41
3749;52
3750;34
3751;36
3752;13
3753;15
3754;67
3755;57
3756;60
3757;37
3758;35
3759;17
3760;13
3761;72
3762;55
3763;39
3764;15
3765;18
3766;59
3767;86
3768;31
3769;74
3770;54
3771;37
3772;27
3773;1
3774;5
3775;1
3776;40
3777;32
3778;58
3779;66
3780;48
3781;70
3782;65
3783;27
3784;85
3785;68
3786;45
3787;18
3788;89
3789;80
3790;47
3791;50
3792;68
3793;62
3794;72
3795;53
3796;24
3797;34
3798;27
3799;49
3800;16
3801;15
3802;62
3803;35
3804;21
3805;51
3806;56
3807;63
3808;24
3809;26
3810;34
3811;12
3812;53
3813;28
3814;54
3815;41
3816;15
3817;6
3818;7
3819;69
3820;66
3821;47
3822;90
3823;60
3824;50
3825;18
3826;10
3827;26
3828;43
3829;24
3830;21
3831;64
3832;66
3833;53
3834;45
3835;31
3836;27
3837;45
3838;84
3839;22
3840;47
3841;24
3842;20
3843;25
3844;58
3845;48
3846;43
3847;46
3848;11
3849;9
3850;17
3851;60
3852;66
3853;50
3854;72
3855;74
3856;59
3857;54
3858;36
3859;42
3860;16
3861;9
3862;1
3863;4
3864;0
3865;52
3866;45
3867;42
3868;38
3869;18
3870;1
3871;6
3872;12
3873;79
3874;42
3875;50
3876;61
3877;35
3878;26
3879;21
3880;24
3881;40
3882;23
3883;49
3884;32
3885;68
3886;85
3887;85
3888;28
3889;21
3890;13
3891;11
3892;0
3893;3
3894;46
3895;42
3896;16
3897;12
3898;7
3899;15
3900;45
3901;10
3902;5
3903;55
3904;83
3905;71
3906;32
3907;70
3908;51
3909;31
3910;10
3911;12
3912;49
3913;54
3914;62
3915;50
3916;72
3917;39
3918;46
3919;3
3920;35
3921;37
3922;2
3923;14
3924;30
3925;43
3926;12
3927;7
3928;36
3929;42
3930;4
3931;12
3932;62
3933;46
3934;71
3935;34
3936;53
3937;66
3938;64
3939;79
3940;54
3941;63
3942;69
3943;32
3944;58
3945;8
3946;32
3947;61
3948;78
3949;74
3950;45
3951;50
3952;76
3953;89
3954;45
3955;50
3956;35
3957;6
3958;15
3959;69
3960;49
3961;50
3962;31
3963;82
3964;46
3965;20
3966;27
3967;27
3968;14
3969;17
3970;57
3971;58
3972;58
3973;18
3974;38
3975;35
3976;14
3977;14
3978;49
3979;61
3980;11
3981;10
3982;33
3983;30
3984;62
3985;35
3986;7
3987;9
3988;20
3989;83
3990;71
3991;57
3992;37
3993;18
3994;9
3995;7
3996;10
3997;31
3998;45
3999;93
4000;48
4001;96
4002;64
4003;46
4004;12
4005;11
4006;86
4007;70
4008;83
4009;76
4010;45
4011;32
4012;22
4013;18
4014;14
4015;6
4016;17
4017;30
4018;85
4019;84
4020;59
4021;49
4022;30
4023;1
4024;1
4025;5
4026;23
4027;20
4028;22
4029;27
4030;11
4031;44
4032;55
4033;12
4034;61
4035;73
4036;20
4037;25
4038;49
4039;35
4040;11
4041;14
4042;36
4043;27
4044;5
4045;3
4046;64
4047;70
4048;64
4049;39
4050;15
4051;7
4052;52
4053;82
4054;72
4055;38
4056;50
4057;15
4058;8
4059;27
4060;26
4061;12
4062;34
4063;2
4064;17
4065;49
4066;43
4067;10
4068;8
4069;16
4070;29
4071;72
4072;68
4073;57
4074;49
4075;38
4076;31
4077;2
4078;2
4079;35
4080;73
4081;46
4082;15
4083;45
4084;40
4085;29
4086;54
4087;62
4088;48
4089;70
4090;50
4091;62
4092;38
4093;17
4094;41
4095;24
4096;22
4097;32
4098;51
4099;57
4100;26
4101;50
4102;13
4103;14
4104;17
4105;9
4106;41
4107;47
4108;18
4109;7
4110;54
4111;75
4112;68
4113;61
4114;49
4115;17
4116;12
4117;51
4118;69
4119;25
4120;58
4121;36
4122;15
4123;12
4124;38
4125;72
4126;62
4127;68
4128;64
4129;22
4130;57
4131;60
4132;48
4133;72
4134;91
4135;73
4136;50
4137;60
4138;15
4139;7
4140;18
4141;56
4142;74
4143;32
4144;38
4145;2
4146;2
4147;6
4148;46
4149;25
4150;59
4151;60
4152;73
4153;36
4154;21
4155;41
4156;16
4157;17
4158;41
4159;33
4160;15
4161;15
4162;52
4163;21
4164;4
4165;3
4166;50
4167;7
4168;54
4169;50
4170;24
4171;19
4172;58
4173;62
4174;34
4175;71
4176;73
4177;21
4178;58
4179;57
4180;65
4181;60
4182;64
4183;39
4184;31
4185;42
4186;55
4187;66
4188;31
4189;38
4190;53
4191;50
4192;68
4193;22
4194;37
4195;58
4196;23
4197;27
4198;32
4199;19
4200;35
4201;5
4202;31
4203;37
4204;18
4205;11
4206;31
4207;72
4208;39
4209;50
4210;7
4211;9
4212;27
4213;31
4214;51
4215;17
4216;13
4217;41
4218;50
4219;17
4220;10
4221;76
4222;56
4223;74
4224;44
4225;30
4226;30
4227;8
4228;14
4229;12
4230;74
4231;23
4232;69
4233;64
4234;32
4235;44
4236;30
4237;23
4238;45
4239;29
4240;39
4241;7
4242;16
4243;58
4244;48
4245;9
4246;9
4247;7
4248;60
4249;34
4250;83
4251;38
4252;63
4253;37
4254;12
4255;17
4256;12
4257;50
4258;62
4259;6
4260;67
4261;69
4262;64
4263;51
4264;24
4265;85
4266;61
4267;14
4268;15
4269;83
4270;33
4271;50
4272;51
4273;15
4274;9
4275;51
4276;83
4277;78
4278;55
4279;61
4280;14
4281;65
4282;23
4283;68
4284;21
4285;44
4286;8
4287;65
4288;59
4289;57
4290;40
4291;46
4292;57
4293;17
4294;59
4295;74
4296;24
4297;9
4298;40
4299;83
4300;70
4301;60
4302;22
4303;30
4304;44
4305;1
4306;47
4307;35
4308;5
4309;17
4310;16
4311;47
4312;60
4313;6
4314;7
4315;11
4316;43
4317;33
4318;40
4319;63
4320;39
4321;35
4322;35
4323;58
4324;46
4325;41
4326;27
4327;42
4328;45
4329;74
4330;72
4331;48
4332;73
4333;71
4334;44
4335;27
4336;18
4337;2
4338;6
4339;52
4340;65
4341;72
4342;64
4343;49
4344;63
4345;49
4346;76
4347;48
4348;50
4349;12
4350;50
4351;67
4352;56
4353;37
4354;11
4355;57
4356;64
4357;36
4358;60
4359;9
4360;35
4361;15
4362;61
4363;20
4364;67
4365;62
4366;24
4367;27
4368;1
4369;4
4370;47
4371;40
4372;26
4373;1
4374;4
4375;65
4376;72
4377;58
4378;21
4379;51
4380;26
4381;12
4382;50
4383;71
4384;75
4385;25
4386;38
4387;46
4388;32
4389;76
4390;60
4391;27
4392;16
4393;71
4394;86
4395;94
4396;62
4397;53
4398;86
4399;62
4400;69
4401;39
4402;55
4403;14
4404;18
4405;40
4406;50
4407;18
4408;9
4409;63
4410;86
4411;44
4412;37
4413;67
4414;43
4415;48
4416;8
4417;18
4418;33
4419;46
4420;65
4421;37
4422;23
4423;25
4424;4
4425;32
4426;39
4427;10
4428;10
4429;57
4430;52
4431;20
4432;59
4433;45
4434;2
4435;45
4436;72
4437;36
4438;74
4439;41
4440;47
4441;67
4442;73
4443;56
4444;46
4445;46
4446;24
4447;68
4448;64
4449;66
4450;71
4451;58
4452;33
4453;39
4454;13
4455;12
4456;71
4457;22
4458;66
4459;23
4460;35
4461;20
4462;43
4463;46
4464;64
4465;72
4466;44
4467;24
4468;73
4469;73
4470;27
4471;48
4472;60
4473;32
4474;46
4475;52
4476;34
4477;55
4478;75
4479;93
4480;45
4481;32
4482;4
4483;14
4484;48
4485;31
4486;45
4487;5
4488;1
4489;0
4490;45
4491;24
4492;42
4493;16
4494;4
4495;9
4496;64
4497;28
4498;45
4499;1
4500;18
4501;67
4502;45
4503;44
4504;8
4505;9
4506;20
4507;34
4508;16
4509;4
4510;18
4511;42
4512;52
4513;67
4514;49
4515;35
4516;12
4517;16
4518;47
4519;71
4520;64
4521;33
4522;15
4523;18
4524;53
4525;91
4526;78
4527;24
4528;26
4529;41
4530;19
4531;63
4532;71
4533;19
4534;71
4535;56
4536;87
4537;20
4538;23
4539;45
4540;57
4541;49
4542;31
4543;5
4544;1
4545;46
4546;73
4547;72
4548;68
4549;70
4550;44
4551;32
4552;18
4553;17
4554;47
4555;30
4556;22
4557;14
4558;56
4559;52
4560;56
4561;29
4562;38
4563;10
4564;5
4565;34
4566;87
4567;37
4568;35
4569;11
4570;9
4571;15
4572;16
4573;48
4574;69
4575;47
4576;35
4577;10
4578;12
4579;74
4580;30
4581;52
4582;18
4583;71
4584;79
4585;45
4586;24
4587;10
4588;7
4589;41
4590;26
4591;22
4592;80
4593;42
4594;41
4595;13
4596;1
4597;2
4598;34
4599;62
4600;50
4601;92
4602;38
4603;39
4604;11
4605;9
4606;16
4607;62
4608;63
4609;18
4610;45
4611;24
4612;66
4613;63
4614;30
4615;54
4616;47
4617;70
4618;33
4619;53
4620;17
4621;10
4622;38
4623;29
4624;39
4625;40
4626;63
4627;8
4628;48
4629;31
4630;76
4631;61
4632;21
4633;75
4634;42
4635;45
4636;3
4637;63
4638;83
4639;70
4640;71
4641;53
4642;68
4643;41
4644;6
4645;70
4646;24
4647;38
4648;43
4649;17
4650;45
4651;30
4652;16
4653;37
4654;49
4655;47
4656;6
4657;32
4658;29
4659;23
4660;72
4661;74
4662;68
4663;27
4664;4
4665;9
4666;47
4667;50
4668;9
4669;10
4670;46
4671;24
4672;79
4673;90
4674;79
4675;55
4676;53
4677;43
4678;17
4679;1
4680;2
4681;54
4682;79
4683;30
4684;40
4685;15
4686;8
4687;55
4688;56
4689;65
4690;19
4691;22
4692;42
4693;25
4694;3
4695;13
4696;55
4697;64
4698;69
4699;50
4700;54
4701;40
4702;71
4703;49
4704;64
4705;94
4706;41
4707;29
4708;5
4709;11
4710;37
4711;13
4712;11
4713;56
4714;38
4715;60
4716;15
4717;11
4718;71
4719;39
4720;14
4721;29
4722;38
4723;12
4724;1
4725;21
4726;25
4727;48
4728;18
4729;0
4730;5
4731;81
4732;53
4733;60
4734;61
4735;57
4736;56
4737;33
4738;37
4739;39
4740;45
4741;4
4742;12
4743;37
4744;22
4745;11
4746;11
4747;57
4748;70
4749;45
4750;36
4751;56
4752;22
4753;48
4754;20
4755;56
4756;57
4757;53
4758;23
4759;32
4760;38
4761;22
4762;84
4763;68
4764;77
4765;47
4766;59
4767;73
4768;66
4769;27
4770;26
4771;12
4772;4
4773;87
4774;77
4775;63
4776;41
4777;35
4778;82
4779;22
4780;23
4781;22
4782;20
4783;72
4784;49
4785;44
4786;33
4787;74
4788;19
4789;78
4790;69
4791;44
4792;26
4793;18
4794;2
4795;22
4796;39
4797;52
4798;41
4799;16
4800;17
4801;11
4802;76
4803;43
4804;42
4805;73
4806;65
4807;24
4808;52
4809;43
4810;44
4811;2
4812;3
4813;1
4814;27
4815;20
4816;13
4817;60
4818;68
4819;58
4820;61
4821;30
4822;50
4823;46
4824;71
4825;32
4826;33
4827;27
4828;9
4829;13
4830;61
4831;89
4832;32
4833;52
4834;70
4835;66
4836;53
4837;18
4838;8
4839;41
4840;49
4841;15
4842;16
4843;19
4844;79
4845;51
4846;62
4847;58
4848;44
4849;54
4850;12
4851;17
4852;9
4853;30
4854;35
4855;38
4856;54
4857;73
4858;56
4859;47
4860;73
4861;32
4862;31
4863;12
4864;7
4865;21
4866;58
4867;56
4868;29
4869;5
4870;72
4871;54
4872;21
4873;49
4874;57
4875;47
4876;79
4877;51
4878;22
4879;29
4880;50
4881;25
4882;45
4883;11
4884;18
4885;35
4886;64
4887;12
4888;54
4889;31
4890;69
4891;72
4892;79
4893;29
4894;65
4895;23
4896;62
4897;77
4898;59
4899;65
4900;83
4901;38
4902;60
4903;7
4904;16
4905;46
4906;33
4907;17
4908;14
4909;12
4910;53
4911;64
4912;16
4913;13
4914;50
4915;57
4916;34
4917;71
4918;56
4919;48
4920;10
4921;6
4922;26
4923;48
4924;8
4925;7
4926;17
4927;51
4928;74
4929;62
4930;46
4931;35
4932;34
4933;16
4934;9
4935;18
4936;22
4937;52
4938;51
4939;52
4940;66
4941;59
4942;43
4943;32
4944;14
4945;5
4946;8
4947;26
4948;74
4949;49
4950;33
4951;12
4952;8
4953;38
4954;20
4955;12
4956;66
4957;73
4958;78
4959;68
4960;35
4961;12
4962;42
4963;31
4964;58
4965;29
4966;72
4967;19
4968;72
4969;41
4970;30
4971;11
4972;4
4973;51
4974;51
4975;15
4976;18
4977;78
4978;61
4979;74
4980;40
4981;34
4982;4
4983;16
4984;37
4985;63
4986;73
4987;50
4988;74
4989;80
4990;19
4991;90
4992;60
4993;19
4994;39
4995;73
4996;58
4997;27
4998;48
4999;87
5000;65
5001;57
5002;30
5003;37
5004;12
5005;63
5006;74
5007;55
5008;8
5009;14
5010;61
5011;54
5012;25
5013;67
5014;45
5015;20
5016;23
5017;39
5018;35
5019;3
5020;75
5021;85
5022;45
5023;11
5024;22
5025;71
5026;55
5027;68
5028;32
5029;27
5030;16
5031;1
5032;59
5033;19
5034;27
5035;1
5036;22
5037;76
5038;24
5039;27
5040;66
5041;35
5042;57
5043;42
5044;28
5045;55
5046;43
5047;36
5048;2
5049;16
5050;20
5051;64
5052;72
5053;58
5054;31
5055;61
5056;75
5057;50
5058;62
5059;60
5060;56
5061;79
5062;58
5063;54
5064;91
5065;63
5066;19
5067;52
5068;68
5069;52
5070;72
5071;42
5072;35
5073;18
5074;16
5075;61
5076;41
5077;10
5078;12
5079;38
5080;79
5081;51
5082;58
5083;24
5084;43
5085;31
5086;16
5087;13
5088;64
5089;48
5090;30
5091;11
5092;6
5093;16
5094;79
5095;42
5096;60
5097;28
5098;56
5099;7
5100;15
5101;27
5102;68
5103;24
5104;24
5105;63
5106;76
5107;68
5108;79
5109;59
5110;21
5111;58
5112;73
5113;77
5114;19
5115;43
5116;29
5117;16
5118;16
5119;71
5120;48
5121;63
5122;61
5123;89
5124;63
5125;46
5126;61
5127;56
5128;41
5129;24
5130;2
5131;14
5132;52
5133;11
5134;77
5135;63
5136;46
5137;59
5138;26
5139;23
5140;58
5141;54
5142;20
5143;50
5144;44
5145;45
5146;7
5147;2
5148;30
5149;43
5150;7
5151;18
5152;50
5153;33
5154;17
5155;44
5156;29
5157;13
5158;10
5159;49
5160;55
5161;83
5162;87
5163;63
5164;59
5165;73
5166;65
5167;27
5168;61
5169;43
5170;42
5171;5
5172;3
5173;41
5174;54
5175;42
5176;14
5177;9
5178;38
5179;38
5180;6
5181;9
5182;37
5183;44
5184;11
5185;7
5186;77
5187;44
5188;54
5189;45
5190;33
5191;26
5192;18
5193;84
5194;40
5195;56
5196;38
5197;4
5198;9
5199;9
5200;89
5201;69
5202;19
5203;41
5204;3
5205;1
5206;58
5207;49
5208;67
5209;35
5210;43
5211;3
5212;11
5213;57
5214;58
5215;22
5216;21
5217;73
5218;55
5219;74
5220;53
5221;58
5222;70
5223;35
5224;58
5225;11
5226;17
5227;50
5228;6
5229;53
5230;62
5231;70
5232;68
5233;58
5234;28
5235;80
5236;58
5237;69
5238;43
5239;72
5240;69
5241;32
5242;25
5243;33
5244;77
5245;71
5246;45
5247;30
5248;0
5249;23
5250;32
5251;11
5252;3
5253;39
5254;37
5255;75
5256;52
5257;79
5258;91
5259;69
5260;33
5261;28
5262;17
5263;0
5264;69
5265;22
5266;79
5267;66
5268;46
5269;45
5270;5
5271;31
5272;51
5273;72
5274;91
5275;55
5276;75
5277;54
5278;46
5279;74
5280;37
5281;42
5282;3
5283;2
5284;0
5285;10
5286;63
5287;44
5288;0
5289;0
5290;69
5291;27
5292;44
5293;3
5294;2
5295;55
5296;45
5297;31
5298;5
5299;1
5300;4
5301;1
5302;42
5303;37
5304;49
5305;8
5306;15
5307;26
5308;30
5309;8
5310;8
5311;13
5312;10
5313;78
5314;52
5315;80
5316;63
5317;62
5318;57
5319;19
5320;54
5321;81
5322;58
5323;19
5324;70
5325;47
5326;26
5327;81
5328;37
5329;36
5330;24
5331;20
5332;57
5333;42
5334;57
5335;9
5336;15
5337;48
5338;59
5339;69
5340;68
5341;61
5342;60
5343;7
5344;11
5345;45
5346;73
5347;27
5348;59
5349;34
5350;60
5351;51
5352;66
5353;77
5354;83
5355;53
5356;10
5357;8
5358;64
5359;58
5360;64
5361;21
5362;51
5363;32
5364;67
5365;31
5366;76
5367;65
5368;41
5369;29
5370;12
5371;2
5372;41
5373;60
5374;37
5375;47
5376;59
5377;79
5378;63
5379;65
5380;53
5381;52
5382;7
5383;72
5384;88
5385;34
5386;42
5387;7
5388;13
5389;18
5390;30
5391;30
5392;30
5393;17
5394;4
5395;45
5396;39
5397;18
5398;12
5399;17
5400;12
5401;53
5402;47
5403;14
5404;13
5405;47
5406;30
5407;18
5408;64
5409;33
5410;56
5411;74
5412;82
5413;41
5414;47
5415;18
5416;18
5417;69
5418;83
5419;74
5420;89
5421;55
5422;52
5423;74
5424;44
5425;44
5426;57
5427;77
5428;78
5429;68
5430;66
5431;20
5432;21
5433;65
5434;92
5435;50
5436;47
5437;73
5438;42
5439;35
5440;23
5441;0
5442;1
5443;13
5444;38
5445;44
5446;12
5447;18
5448;45
5449;27
5450;8
5451;15
5452;0
5453;52
5454;80
5455;53
5456;80
5457;24
5458;78
5459;46
5460;48
5461;25
5462;31
5463;41
5464;21
5465;57
5466;41
5467;37
5468;26
5469;56
5470;45
5471;42
5472;0
5473;42
5474;29
5475;46
5476;32
5477;48
5478;38
5479;18
5480;18
5481;72
5482;68
5483;46
5484;24
5485;61
5486;66
5487;46
5488;32
5489;18
5490;12
5491;70
5492;85
5493;28
5494;58
5495;11
5496;17
5497;74
5498;62
5499;67
5500;46
5501;26
5502;36
5503;37
5504;39
5505;17
5506;69
5507;39
5508;60
5509;35
5510;12
5511;83
5512;51
5513;43
5514;63
5515;17
5516;48
5517;47
5518;62
5519;38
5520;10
5521;27
5522;41
5523;40
5524;2
5525;4
5526;59
5527;57
5528;60
5529;57
5530;60
5531;64
5532;70
5533;20
5534;35
5535;51
5536;32
5537;46
5538;33
5539;0
5540;5
5541;3
5542;28
5543;62
5544;17
5545;18
5546;45
5547;24
5548;24
5549;67
5550;41
5551;27
5552;48
5553;21
5554;67
5555;66
5556;89
5557;62
5558;34
5559;33
5560;16
5561;14
5562;65
5563;64
5564;69
5565;58
5566;52
5567;11
5568;50
5569;64
5570;58
5571;18
5572;9
5573;71
5574;29
5575;70
5576;24
5577;21
5578;36
5579;37
5580;38
5581;39
5582;7
5583;38
5584;50
5585;11
5586;18
5587;12
5588;68
5589;51
5590;76
5591;50
5592;42
5593;50
5594;30
5595;59
5596;6
5597;8
5598;74
5599;63
5600;27
5601;63
5602;6
5603;7
5604;33
5605;3
5606;70
5607;48
5608;55
5609;50
5610;15
5611;17
5612;16
5613;33
5614;41
5615;4
5616;5
5617;48
5618;46
5619;74
5620;56
5621;45
5622;46
5623;2
5624;3
5625;46
5626;42
5627;12
5628;10
5629;83
5630;62
5631;50
5632;26
5633;62
5634;14
5635;13
5636;46
5637;40
5638;55
5639;68
5640;46
5641;41
5642;12
5643;3
5644;19
5645;71
5646;72
5647;82
5648;61
5649;44
5650;64
5651;46
5652;67
5653;64
5654;49
5655;54
5656;62
5657;24
5658;66
5659;23
5660;42
5661;58
5662;25
5663;46
5664;71
5665;53
5666;70
5667;55
5668;29
5669;39
5670;20
5671;51
5672;21
5673;33
5674;0
5675;10
5676;48
5677;38
5678;7
5679;68
5680;44
5681;65
5682;33
5683;46
5684;13
5685;12
5686;18
5687;40
5688;27
5689;17
5690;49
5691;14
5692;58
5693;84
5694;49
5695;53
5696;53
5697;21
5698;71
5699;89
5700;71
5701;70
5702;43
5703;43
5704;14
5705;14
5706;21
5707;45
5708;43
5709;91
5710;23
5711;21
5712;41
5713;73
5714;67
5715;87
5716;23
5717;57
5718;59
5719;23
5720;39
5721;63
5722;41
5723;26
5724;3
5725;13
5726;53
5727;76
5728;28
5729;35
5730;55
5731;65
5732;59
5733;71
5734;34
5735;43
5736;11
5737;9
5738;41
5739;54
5740;15
5741;10
5742;34
5743;35
5744;3
5745;39
5746;51
5747;69
5748;19
5749;27
5750;76
5751;46
5752;26
5753;62
5754;58
5755;49
5756;28
5757;13
5758;16
5759;39
5760;49
5761;27
5762;22
5763;82
5764;38
5765;68
5766;58
5767;71
5768;65
5769;60
5770;56
5771;58
5772;57
5773;10
5774;16
5775;27
5776;43
5777;2
5778;77
5779;69
5780;70
5781;66
5782;63
5783;67
5784;42
5785;59
5786;58
5787;76
5788;46
5789;84
5790;41
5791;49
5792;2
5793;3
5794;18
5795;82
5796;82
5797;43
5798;63
5799;28
5800;17
5801;70
5802;30
5803;38
5804;54
5805;68
5806;52
5807;63
5808;23
5809;24
5810;65
5811;72
5812;76
5813;20
5814;44
5815;57
5816;20
5817;51
5818;21
5819;45
5820;40
5821;9
5822;8
5823;65
5824;65
5825;56
5826;41
5827;46
5828;61
5829;70
5830;60
5831;48
5832;33
5833;14
5834;14
5835;49
5836;39
5837;62
5838;15
5839;6
5840;47
5841;52
5842;13
5843;10
5844;52
5845;31
5846;69
5847;89
5848;66
5849;32
5850;51
5851;69
5852;35
5853;48
5854;63
5855;11
5856;87
5857;60
5858;40
5859;9
5860;53
5861;35
5862;16
5863;7
5864;16
5865;69
5866;74
5867;32
5868;30
5869;4
5870;1
5871;2
5872;73
5873;36
5874;60
5875;22
5876;21
5877;38
5878;51
5879;15
5880;18
5881;43
5882;27
5883;74
5884;24
5885;78
5886;31
5887;26
5888;57
5889;41
5890;40
5891;35
5892;5
5893;9
5894;39
5895;22
5896;1
5897;2
5898;14
5899;45
5900;49
5901;8
5902;62
5903;54
5904;57
5905;74
5906;70
5907;19
5908;25
5909;28
5910;5
5911;3
5912;68
5913;26
5914;73
5915;19
5916;37
5917;23
5918;3
5919;17
5920;30
5921;82
5922;74
5923;21
5924;19
5925;73
5926;32
5927;19
5928;46
5929;60
5930;58
5931;13
5932;34
5933;62
5934;14
5935;55
5936;27
5937;51
5938;20
5939;52
5940;69
5941;57
5942;48
5943;10
5944;12
5945;10
5946;25
5947;22
5948;36
5949;32
5950;21
5951;69
5952;57
5953;22
5954;24
5955;43
5956;45
5957;9
5958;7
5959;23
5960;59
5961;48
5962;52
5963;74
5964;56
5965;36
5966;51
5967;9
5968;12
5969;38
5970;51
5971;11
5972;16
5973;15
5974;9
5975;30
5976;49
5977;5
5978;2
5979;24
5980;57
5981;75
5982;29
5983;59
5984;14
5985;17
5986;7
5987;35
5988;63
5989;74
5990;44
5991;29
5992;26
5993;9
5994;13
5995;7
5996;4
5997;60
5998;23
5999;32
6000;62
6001;8
6002;9
6003;70
6004;91
6005;62
6006;55
6007;54
6008;15
6009;18
6010;15
6011;53
6012;70
6013;19
6014;27
6015;0
6016;15
6017;57
6018;68
6019;51
6020;53
6021;45
6022;17
6023;10
6024;9
6025;64
6026;53
6027;61
6028;28
6029;9
6030;23
6031;74
6032;57
6033;55
6034;52
6035;42
6036;62
6037;57
6038;14
6039;18
6040;42
6041;52
6042;12
6043;10
6044;43
6045;40
6046;44
6047;13
6048;16
6049;12
6050;26
6051;39
6052;26
6053;4
6054;18
6055;23
6056;56
6057;50
6058;62
6059;30
6060;83
6061;59
6062;61
6063;91
6064;21
6065;22
6066;76
6067;73
6068;66
6069;37
6070;70
6071;77
6072;50
6073;82
6074;30
6075;70
6076;22
6077;24
6078;73
6079;70
6080;40
6081;42
6082;16
6083;45
6084;49
6085;13
6086;45
6087;42
6088;49
6089;66
6090;79
6091;68
6092;82
6093;36
6094;68
6095;66
6096;54
6097;80
6098;69
6099;33
6100;53
6101;58
6102;98
6103;25
6104;60
6105;74
6106;62
6107;52
6108;46
6109;73
6110;54
6111;45
6112;43
6113;13
6114;5
6115;37
6116;58
6117;10
6118;10
6119;18
6120;26
6121;44
6122;2
6123;42
6124;46
6125;40
6126;51
6127;40
6128;26
6129;51
6130;29
6131;66
6132;59
6133;57
6134;21
6135;43
6136;45
6137;12
6138;14
6139;16
6140;51
6141;47
6142;59
6143;54
6144;33
6145;41
6146;28
6147;4
6148;0
6149;5
6150;49
6151;38
6152;8
6153;14
6154;14
6155;33
6156;29
6157;31
6158;63
6159;18
6160;67
6161;86
6162;70
6163;39
6164;35
6165;57
6166;46
6167;63
6168;50
6169;33
6170;35
6171;5
6172;50
6173;45
6174;35
6175;48
6176;24
6177;62
6178;37
6179;22
6180;1
6181;48
6182;54
6183;20
6184;72
6185;27
6186;66
6187;49
6188;56
6189;52
6190;68
6191;82
6192;41
6193;80
6194;24
6195;64
6196;61
6197;69
6198;31
6199;56
6200;11
6201;67
6202;42
6203;31
6204;45
6205;61
6206;75
6207;54
6208;71
6209;34
6210;34
6211;9
6212;12
6213;63
6214;44
6215;64
6216;8
6217;61
6218;35
6219;53
6220;29
6221;85
6222;76
6223;26
6224;53
6225;25
6226;32
6227;27
6228;3
6229;44
6230;41
6231;1
6232;12
6233;35
6234;10
6235;11
6236;54
6237;74
6238;63
6239;53
6240;28
6241;33
6242;15
6243;14
6244;40
6245;37
6246;63
6247;15
6248;23
6249;56
6250;20
6251;74
6252;31
6253;56
6254;12
6255;12
6256;31
6257;10
6258;13
6259;50
6260;32
6261;70
6262;70
6263;54
6264;67
6265;49
6266;48
6267;36
6268;43
6269;18
6270;59
6271;41
6272;50
6273;14
6274;18
6275;75
6276;90
6277;29
6278;68
6279;45
6280;34
6281;2
6282;1
6283;47
6284;40
6285;30
6286;15
6287;6
6288;49
6289;63
6290;20
6291;35
6292;70
6293;50
6294;60
6295;30
6296;43
6297;0
6298;1
6299;3
6300;66
6301;47
6302;63
6303;66
6304;74
6305;37
6306;20
6307;15
6308;13
6309;2
6310;11
6311;57
6312;28
6313;22
6314;70
6315;42
6316;55
6317;18
6318;18
6319;13
6320;73
6321;58
6322;66
6323;70
6324;38
6325;35
6326;2
6327;2
6328;5
6329;50
6330;70
6331;60
6332;55
6333;49
6334;39
6335;20
6336;2
6337;17
6338;44
6339;23
6340;3
6341;74
6342;58
6343;70
6344;47
6345;80
6346;89
6347;43
6348;27
6349;63
6350;68
6351;67
6352;75
6353;64
6354;52
6355;65
6356;77
6357;39
6358;40
6359;17
6360;1
6361;47
6362;39
6363;10
6364;5
6365;47
6366;43
6367;39
6368;1
6369;5
6370;1
6371;41
6372;30
6373;19
6374;62
6375;55
6376;59
6377;20
6378;32
6379;62
6380;67
6381;50
6382;36
6383;10
6384;13
6385;6
6386;33
6387;62
6388;18
6389;41
6390;34
6391;2
6392;16
6393;55
6394;68
6395;65
6396;75
6397;36
6398;24
6399;54
6400;64
6401;51
6402;35
6403;23
6404;53
6405;31
6406;12
6407;18
6408;10
6409;47
6410;39
6411;4
6412;15
6413;16
6414;85
6415;74
6416;39
6417;58
6418;37
6419;43
6420;1
6421;1
6422;14
6423;48
6424;33
6425;11
6426;9
6427;46
6428;60
6429;53
6430;38
6431;65
6432;35
6433;71
6434;66
6435;61
6436;10
6437;9
6438;19
6439;25
6440;77
6441;74
6442;19
6443;51
6444;53
6445;49
6446;17
6447;61
6448;20
6449;57
6450;70
6451;55
6452;58
6453;68
6454;32
6455;71
6456;23
6457;74
6458;25
6459;51
6460;41
6461;37
6462;10
6463;2
6464;18
6465;19
6466;22
6467;34
6468;30
6469;18
6470;14
6471;38
6472;33
6473;66
6474;68
6475;32
6476;76
6477;21
6478;34
6479;2
6480;5
6481;30
6482;23
6483;0
6484;39
6485;52
6486;56
6487;69
6488;34
6489;27
6490;39
6491;53
6492;15
6493;15
6494;86
6495;71
6496;41
6497;69
6498;20
6499;32
6500;10
6501;57
6502;25
6503;36
6504;26
6505;42
6506;25
6507;58
6508;71
6509;50
6510;63
6511;71
6512;54
6513;48
6514;75
6515;60
6516;76
6517;77
6518;92
6519;42
6520;59
6521;36
6522;35
6523;16
6524;5
6525;66
6526;79
6527;67
6528;54
6529;72
6530;57
6531;58
6532;53
6533;58
6534;33
6535;41
6536;41
6537;34
6538;13
6539;18
6540;47
6541;47
6542;6
6543;15
6544;28
6545;83
6546;62
6547;72
6548;67
6549;20
6550;70
6551;47
6552;33
6553;3
6554;8
6555;3
6556;49
6557;86
6558;56
6559;24
6560;31
6561;41
6562;36
6563;16
6564;4
6565;32
6566;24
6567;87
6568;72
6569;33
6570;73
6571;57
6572;68
6573;65
6574;20
6575;23
6576;27
6577;0
6578;68
6579;47
6580;68
6581;63
6582;78
6583;31
6584;74
6585;28
6586;34
6587;17
6588;16
6589;18
6590;37
6591;44
6592;1
6593;2
6594;53
6595;27
6596;17
6597;58
6598;59
6599;67
6600;46
6601;54
6602;14
6603;17
6604;7
6605;45
6606;42
6607;17
6608;7
6609;47
6610;69
6611;67
6612;65
6613;62
6614;36
6615;22
6616;74
6617;28
6618;66
6619;71
6620;63
6621;45
6622;72
6623;74
6624;32
6625;13
6626;55
6627;55
6628;78
6629;75
6630;32
6631;36
6632;2
6633;2
6634;0
6635;1
6636;66
6637;20
6638;34
6639;1
6640;2
6641;66
6642;87
6643;57
6644;33
6645;88
6646;77
6647;76
6648;31
6649;40
6650;0
6651;0
6652;19
6653;54
6654;44
6655;37
6656;3
6657;52
6658;10
6659;38
6660;0
6661;58
6662;59
6663;6
6664;39
6665;61
6666;20
6667;53
6668;67
6669;23
6670;43
6671;10
6672;10
6673;65
6674;75
6675;57
6676;32
6677;38
6678;6
6679;2
6680;1
6681;58
6682;26
6683;65
6684;81
6685;39
6686;43
6687;44
6688;3
6689;1
6690;9
6691;41
6692;18
6693;16
6694;64
6695;47
6696;18
6697;9
6698;68
6699;71
6700;47
6701;50
6702;31
6703;18
6704;17
6705;48
6706;76
6707;65
6708;49
6709;42
6710;30
6711;37
6712;40
6713;12
6714;3
6715;9
6716;19
6717;20
6718;58
6719;76
6720;51
6721;55
6722;51
6723;55
6724;73
6725;69
6726;75
6727;64
6728;48
6729;30
6730;12
6731;29
6732;63
6733;75
6734;51
6735;49
6736;27
6737;16
6738;7
6739;45
6740;31
6741;18
6742;18
6743;11
6744;15
6745;46
6746;21
6747;45
6748;6
6749;2
6750;19
6751;45
6752;28
6753;16
6754;1
6755;35
6756;37
6757;9
6758;48
6759;64
6760;41
6761;49
6762;45
6763;12
6764;59
6765;56
6766;12
6767;12
6768;18
6769;57
6770;66
6771;85
6772;63
6773;30
6774;53
6775;74
6776;98
6777;42
6778;54
6779;75
6780;24
6781;23
6782;75
6783;54
6784;20
6785;90
6786;59
6787;60
6788;65
6789;40
6790;29
6791;43
6792;32
6793;15
6794;10
6795;20
6796;30
6797;0
6798;8
6799;22
6800;68
6801;40
6802;31
6803;5
6804;8
6805;4
6806;65
6807;77
6808;76
6809;65
6810;70
6811;66
6812;52
6813;51
6814;71
6815;48
6816;45
6817;33
6818;14
6819;67
6820;68
6821;35
6822;42
6823;36
6824;0
6825;1
6826;72
6827;38
6828;61
6829;54
6830;16
6831;56
6832;49
6833;16
6834;37
6835;19
6836;5
6837;49
6838;61
6839;17
6840;73
6841;71
6842;19
6843;88
6844;20
6845;85
6846;38
6847;31
6848;6
6849;5
6850;63
6851;50
6852;34
6853;16
6854;42
6855;40
6856;48
6857;6
6858;10
6859;24
6860;48
6861;0
6862;13
6863;57
6864;52
6865;64
6866;35
6867;86
6868;23
6869;67
6870;68
6871;20
6872;44
6873;5
6874;46
6875;24
6876;22
6877;31
6878;0
6879;4
6880;3
6881;39
6882;41
6883;8
6884;16
6885;9
6886;76
6887;44
6888;61
6889;47
6890;38
6891;65
6892;52
6893;28
6894;45
6895;20
6896;3
6897;18
6898;6
6899;73
6900;80
6901;36
6902;42
6903;1
6904;5
6905;54
6906;20
6907;64
6908;44
6909;17
6910;16
6911;84
6912;19
6913;36
6914;26
6915;13
6916;12
6917;89
6918;75
6919;73
6920;25
6921;46
6922;39
6923;4
6924;0
6925;49
6926;50
6927;45
6928;28
6929;49
6930;4
6931;68
6932;33
6933;45
6934;42
6935;0
6936;10
6937;38
6938;59
6939;70
6940;56
6941;81
6942;49
6943;71
6944;60
6945;61
6946;84
6947;48
6948;44
6949;0
6950;3
6951;56
6952;42
6953;20
6954;20
6955;75
6956;85
6957;49
6958;43
6959;14
6960;10
6961;53
6962;73
6963;46
6964;78
6965;41
6966;84
6967;37
6968;28
6969;11
6970;4
6971;61
6972;50
6973;70
6974;38
6975;52
6976;16
6977;9
6978;48
6979;22
6980;2
6981;60
6982;43
6983;16
6984;12
6985;30
6986;59
6987;13
6988;76
6989;72
6990;57
6991;20
6992;46
6993;54
6994;46
6995;54
6996;28
6997;52
6998;79
6999;58
7000;56
7001;17
7002;8
7003;14
7004;61
7005;44
7006;10
7007;60
7008;71
7009;87
7010;22
7011;62
7012;26
7013;42
7014;45
7015;22
7016;50
7017;33
7018;71
7019;54
7020;35
7021;38
7022;48
7023;68
7024;44
7025;60
7026;39
7027;34
7028;0
7029;1
7030;69
7031;83
7032;57
7033;48
7034;27
7035;20
7036;42
7037;46
7038;0
7039;1
7040;5
7041;2
7042;5
7043;59
7044;22
7045;57
7046;28
7047;41
7048;1
7049;12
7050;56
7051;55
7052;16
7053;63
7054;45
7055;18
7056;25
7057;74
7058;65
7059;47
7060;47
7061;45
7062;23
7063;2
7064;17
7065;80
7066;52
7067;64
7068;71
7069;20
7070;65
7071;31
7072;28
7073;2
7074;3
7075;81
7076;35
7077;0
7078;1
7079;22
7080;68
7081;44
7082;44
7083;57
7084;78
7085;66
7086;49
7087;56
7088;52
7089;42
7090;35
7091;10
7092;39
7093;76
7094;83
7095;78
7096;66
7097;68
7098;53
7099;34
7100;8
7101;11
7102;40
7103;20
7104;18
7105;4
7106;28
7107;43
7108;56
7109;22
7110;22
7111;36
7112;15
7113;46
7114;25
7115;1
7116;13
7117;83
7118;83
7119;42
7120;46
7121;36
7122;3
7123;0
7124;50
7125;78
7126;57
7127;51
7128;34
7129;21
7130;71
7131;36
7132;63
7133;56
7134;63
7135;71
7136;28
7137;43
7138;75
7139;70
7140;55
7141;44
7142;48
7143;10
7144;86
7145;69
7146;31
7147;44
7148;59
7149;17
7150;9
7151;37
7152;39
7153;18
7154;17
7155;72
7156;61
7157;26
7158;23
7159;50
7160;72
7161;71
7162;82
7163;47
7164;57
7165;52
7166;48
7167;86
7168;43
7169;14
7170;16
7171;80
7172;57
7173;44
7174;48
7175;77
7176;37
7177;57
7178;8
7179;8
7180;28
7181;62
7182;50
7183;49
7184;35
7185;4
7186;46
7187;23
7188;53
7189;82
7190;61
7191;53
7192;77
7193;52
7194;71
7195;41
7196;43
7197;4
7198;5
7199;42
7200;71
7201;78
7202;60
7203;30
7204;29
7205;3
7206;3
7207;11
7208;46
7209;68
7210;52
7211;56
7212;8
7213;12
7214;39
7215;78
7216;55
7217;23
7218;19
7219;23
7220;20
7221;71
7222;31
7223;10
7224;13
7225;37
7226;39
7227;8
7228;52
7229;53
7230;18
7231;9
7232;32
7233;63
7234;11
7235;12
7236;6
7237;27
7238;55
7239;22
7240;32
7241;32
7242;17
7243;45
7244;1
7245;0
7246;86
7247;74
7248;38
7249;30
7250;6
7251;16
7252;0
7253;68
7254;72
7255;42
7256;46
7257;4
7258;10
7259;28
7260;65
7261;49
7262;49
7263;74
7264;20
7265;61
7266;56
7267;88
7268;67
7269;21
7270;43
7271;53
7272;17
7273;9
7274;50
7275;79
7276;69
7277;62
7278;6
7279;82
7280;54
7281;26
7282;18
7283;15
7284;6
7285;41
7286;47
7287;8
7288;12
7289;18
7290;66
7291;57
7292;43
7293;5
7294;79
7295;28
7296;59
7297;23
7298;37
7299;49
7300;13
7301;72
7302;32
7303;14
7304;10
7305;21
7306;51
7307;20
7308;45
7309;46
7310;56
7311;45
7312;16
7313;18
7314;24
7315;27
7316;14
7317;3
7318;64
7319;19
7320;49
7321;40
7322;35
7323;10
7324;18
7325;59
7326;72
7327;46
7328;25
7329;19
7330;62
7331;64
7332;69
7333;39
7334;56
7335;72
7336;80
7337;32
7338;56
7339;76
7340;44
7341;26
7342;60
7343;38
7344;14
7345;16
7346;18
7347;71
7348;27
7349;25
7350;38
7351;20
7352;61
7353;82
7354;34
7355;76
7356;37
7357;36
7358;0
7359;5
7360;56
7361;21
7362;61
7363;82
7364;63
7365;30
7366;42
7367;71
7368;32
7369;45
7370;4
7371;1
7372;2
7373;43
7374;65
7375;61
7376;80
7377;27
7378;68
7379;56
7380;43
7381;27
7382;16
7383;12
7384;80
7385;83
7386;28
7387;80
7388;22
7389;37
7390;1
7391;2
7392;9
7393;76
7394;29
7395;39
7396;18
7397;54
7398;86
7399;80
7400;68
7401;77
7402;41
7403;58
7404;19
7405;35
7406;51
7407;39
7408;60
7409;75
7410;36
7411;39
7412;9
7413;4
7414;82
7415;78
7416;55
7417;27
7418;39
7419;18
7420;10
7421;23
7422;54
7423;33
7424;69
7425;58
7426;55
7427;45
7428;63
7429;12
7430;13
7431;26
7432;58
7433;31
7434;52
7435;40
7436;48
7437;3
7438;49
7439;51
7440;64
7441;21
7442;35
7443;74
7444;21
7445;44
7446;20
7447;22
7448;4
7449;11
7450;64
7451;75
7452;69
7453;61
7454;36
7455;38
7456;5
7457;9
7458;26
7459;40
7460;1
7461;0
7462;62
7463;46
7464;25
7465;92
7466;44
7467;32
7468;40
7469;17
7470;9
7471;51
7472;76
7473;42
7474;60
7475;23
7476;45
7477;5
7478;16
7479;18
7480;27
7481;20
7482;4
7483;0
7484;17
7485;45
7486;68
7487;58
7488;75
7489;67
7490;73
7491;44
7492;49
7493;15
7494;9
7495;23
7496;53
7497;52
7498;47
7499;10
7500;17
7501;42
7502;37
7503;8
7504;41
7505;33
7506;13
7507;15
7508;63
7509;42
7510;36
7511;0
7512;27
7513;25
7514;40
7515;0
7516;4
7517;62
7518;54
7519;56
7520;72
7521;55
7522;35
7523;15
7524;13
7525;36
7526;66
7527;36
7528;46
7529;42
7530;3
7531;3
7532;11
7533;24
7534;42
7535;0
7536;3
7537;70
7538;74
7539;41
7540;32
7541;18
7542;16
7543;45
7544;34
7545;12
7546;9
7547;21
7548;68
7549;38
7550;70
7551;60
7552;68
7553;72
7554;86
7555;45
7556;50
7557;11
7558;18
7559;62
7560;7
7561;30
7562;52
7563;59
7564;20
7565;38
7566;22
7567;24
7568;57
7569;57
7570;44
7571;32
7572;5
7573;4
7574;3
7575;43
7576;39
7577;9
7578;9
7579;8
7580;16
7581;79
7582;50
7583;69
7584;83
7585;22
7586;59
7587;24
7588;57
7589;65
7590;44
7591;16
7592;37
7593;48
7594;8
7595;11
7596;72
7597;19
7598;66
7599;23
7600;21
7601;59
7602;72
7603;27
7604;79
7605;57
7606;76
7607;70
7608;85
7609;42
7610;71
7611;54
7612;36
7613;85
7614;57
7615;49
7616;17
7617;15
7618;17
7619;59
7620;62
7621;58
7622;46
7623;41
7624;18
7625;12
7626;16
7627;63
7628;53
7629;56
7630;28
7631;75
7632;49
7633;73
7634;61
7635;52
7636;72
7637;40
7638;41
7639;9
7640;54
7641;14
7642;17
7643;32
7644;55
7645;32
7646;18
7647;7
7648;74
7649;72
7650;35
7651;0
7652;15
7653;62
7654;43
7655;40
7656;0
7657;4
7658;4
7659;2
7660;63
7661;64
7662;8
7663;16
7664;12
7665;52
7666;20
7667;51
7668;52
7669;7
7670;12
7671;12
7672;38
7673;63
7674;33
7675;40
7676;46
7677;41
7678;42
7679;14
7680;15
7681;53
7682;37
7683;44
7684;10
7685;7
7686;17
7687;49
7688;73
7689;50
7690;14
7691;10
7692;73
7693;81
7694;55
7695;66
7696;70
7697;54
7698;41
7699;45
7700;78
7701;43
7702;26
7703;42
7704;11
7705;16
7706;46
7707;46
7708;13
7709;13
7710;20
7711;55
7712;22
7713;38
7714;59
7715;46
7716;28
7717;17
7718;10
7719;43
7720;91
7721;91
7722;71
7723;91
7724;70
7725;34
7726;52
7727;7
7728;18
7729;49
7730;30
7731;18
7732;56
7733;72
7734;64
7735;78
7736;32
7737;56
7738;44
7739;37
7740;15
7741;42
7742;44
7743;46
7744;42
7745;67
7746;66
7747;24
7748;74
7749;60
7750;68
7751;49
7752;56
7753;63
7754;22
7755;70
7756;44
7757;62
7758;60
7759;47
7760;14
7761;13
7762;31
7763;20
7764;68
7765;67
7766;55
7767;41
7768;45
7769;82
7770;39
7771;85
7772;71
7773;35
7774;59
7775;72
7776;62
7777;19
7778;68
7779;27
7780;76
7781;78
7782;45
7783;40
7784;3
7785;15
7786;82
7787;70
7788;25
7789;62
7790;62
7791;27
7792;55
7793;6
7794;18
7795;60
7796;53
7797;69
7798;21
7799;84
7800;51
7801;59
7802;11
7803;13
7804;53
7805;43
7806;12
7807;38
7808;26
7809;31
7810;16
7811;16
7812;11
7813;67
7814;63
7815;60
7816;52
7817;65
7818;60
7819;52
7820;6
7821;22
7822;77
7823;75
7824;76
7825;34
7826;33
7827;50
7828;11
7829;60
7830;36
7831;14
7832;10
7833;63
7834;43
7835;66
7836;65
7837;63
7838;10
7839;53
7840;65
7841;40
7842;43
7843;13
7844;16
7845;48
7846;40
7847;7
7848;8
7849;7
7850;6
7851;66
7852;69
7853;63
7854;22
7855;67
7856;69
7857;68
7858;19
7859;38
7860;17
7861;0
7862;6
7863;66
7864;53
7865;82
7866;55
7867;79
7868;49
7869;48
7870;11
7871;11
7872;46
7873;74
7874;57
7875;26
7876;49
7877;51
7878;7
7879;18
7880;58
7881;47
7882;66
7883;19
7884;20
7885;42
7886;18
7887;43
7888;86
7889;19
7890;45
7891;82
7892;26
7893;62
7894;81
7895;79
7896;74
7897;57
7898;63
7899;51
7900;19
7901;47
7902;83
7903;32
7904;47
7905;0
7906;8
7907;49
7908;45
7909;9
7910;18
7911;24
7912;68
7913;69
7914;74
7915;83
7916;75
7917;29
7918;43
7919;17
7920;7
7921;85
7922;60
7923;55
7924;45
7925;64
7926;62
7927;20
7928;75
7929;63
7930;77
7931;83
7932;53
7933;37
7934;62
7935;35
7936;51
7937;36
7938;19
7939;90
7940;31
7941;69
7942;72
7943;80
7944;43
7945;41
7946;60
7947;48
7948;32
7949;30
7950;62
7951;12
7952;11
7953;51
7954;63
7955;47
7956;66
7957;67
7958;75
7959;65
7960;20
7961;20
7962;41
7963;67
7964;58
7965;43
7966;18
7967;49
7968;91
7969;21
7970;60
7971;56
7972;49
7973;64
7974;17
7975;16
7976;64
7977;64
7978;6
7979;9
7980;44
7981;55
7982;24
7983;60
7984;36
7985;54
7986;53
7987;51
7988;19
7989;22
7990;31
7991;59
7992;78
7993;31
7994;33
7995;60
7996;73
7997;23
7998;29
7999;19
8000;39
8001;58
8002;47
8003;9
8004;16
8005;58
8006;26
8007;39
8008;80
8009;65
8010;83
8011;36
8012;34
8013;18
8014;13
8015;21
8016;22
8017;69
8018;25
8019;55
8020;15
8021;12
8022;47
8023;28
8024;11
8025;13
8026;9
8027;14
8028;53
8029;21
8030;71
8031;87
8032;49
8033;36
8034;5
8035;46
8036;10
8037;58
8038;31
8039;51
8040;72
8041;73
8042;74
8043;53
8044;50
8045;67
8046;81
8047;59
8048;64
8049;62
8050;32
8051;49
8052;4
8053;4
8054;10
8055;11
8056;11
8057;46
8058;65
8059;47
8060;52
8061;8
8062;12
8063;22
8064;57
8065;61
8066;31
8067;42
8068;48
8069;17
8070;7
8071;17
8072;82
8073;19
8074;80
8075;62
8076;32
8077;38
8078;6
8079;8
8080;54
8081;50
8082;90
8083;86
8084;44
8085;40
8086;4
8087;47
8088;52
8089;23
8090;56
8091;36
8092;47
8093;65
8094;64
8095;24
8096;24
8097;20
8098;34
8099;46
8100;9
8101;2
8102;69
8103;25
8104;58
8105;72
8106;44
8107;25
8108;32
8109;19
8110;3
8111;8
8112;4
8113;59
8114;67
8115;21
8116;62
8117;46
8118;22
8119;91
8120;53
8121;81
8122;52
8123;18
8124;48
8125;73
8126;51
8127;52
8128;22
8129;58
8130;20
8131;62
8132;50
8133;46
8134;75
8135;64
8136;44
8137;13
8138;17
8139;80
8140;63
8141;64
8142;14
8143;17
8144;39
8145;14
8146;49
8147;58
8148;53
8149;25
8150;58
8151;51
8152;35
8153;49
8154;57
8155;32
8156;12
8157;6
8158;56
8159;68
8160;46
8161;21
8162;24
8163;69
8164;56
8165;63
8166;74
8167;55
8168;22
8169;68
8170;52
8171;78
8172;50
8173;43
8174;18
8175;47
8176;34
8177;73
8178;31
8179;38
8180;38
8181;0
8182;5
8183;57
8184;23
8185;45
8186;21
8187;58
8188;38
8189;42
8190;3
8191;3
8192;68
8193;33
8194;47
8195;5
8196;3
8197;55
8198;69
8199;81
8200;75
8201;74
8202;63
8203;48
8204;85
8205;43
8206;41
8207;26
8208;17
8209;12
8210;67
8211;76
8212;48
8213;35
8214;64
8215;33
8216;12
8217;12
8218;10
8219;31
8220;52
8221;13
8222;26
8223;80
8224;72
8225;39
8226;74
8227;40
8228;68
8229;74
8230;84
8231;24
8232;59
8233;77
8234;33
8235;1
8236;31
8237;64
8238;70
8239;49
8240;52
8241;63
8242;35
8243;18
8244;34
8245;39
8246;10
8247;8
8248;53
8249;24
8250;54
8251;60
8252;11
8253;58
8254;60
8255;67
8256;24
8257;37
8258;18
8259;38
8260;42
8261;38
8262;48
8263;18
8264;17
8265;79
8266;56
8267;62
8268;47
8269;33
8270;67
8271;78
8272;44
8273;33
8274;63
8275;52
8276;86
8277;24
8278;21
8279;45
8280;3
8281;57
8282;72
8283;37
8284;42
8285;41
8286;24
8287;54
8288;50
8289;53
8290;22
8291;26
8292;54
8293;70
8294;68
8295;70
8296;42
8297;41
8298;16
8299;16
8300;29
8301;75
8302;79
8303;65
8304;42
8305;37
8306;3
8307;15
8308;37
8309;52
8310;44
8311;63
8312;11
8313;9
8314;81
8315;62
8316;96
8317;71
8318;47
8319;86
8320;51
8321;29
8322;48
8323;68
8324;44
8325;44
8326;51
8327;70
8328;86
8329;71
8330;46
8331;46
8332;8
8333;44
8334;49
8335;12
8336;38
8337;35
8338;9
8339;2
8340;49
8341;39
8342;18
8343;6
8344;12
8345;65
8346;66
8347;67
8348;57
8349;47
8350;45
8351;49
8352;17
8353;13
8354;63
8355;34
8356;54
8357;68
8358;51
8359;48
8360;76
8361;71
8362;43
8363;42
8364;2
8365;4
8366;80
8367;27
8368;33
8369;6
8370;47
8371;65
8372;54
8373;74
8374;75
8375;28
8376;34
8377;39
8378;4
8379;9
8380;76
8381;62
8382;31
8383;38
8384;13
8385;14
8386;80
8387;30
8388;46
8389;40
8390;8
8391;13
8392;49
8393;74
8394;75
8395;38
8396;75
8397;61
8398;68
8399;78
8400;56
8401;49
8402;14
8403;18
8404;19
8405;23
8406;62
8407;34
8408;72
8409;90
8410;38
8411;59
8412;14
8413;11
8414;52
8415;52
8416;58
8417;14
8418;8
8419;22
8420;21
8421;54
8422;26
8423;16
8424;10
8425;33
8426;63
8427;47
8428;28
8429;41
8430;17
8431;6
8432;27
8433;29
8434;2
8435;14
8436;74
8437;59
8438;37
8439;7
8440;32
8441;35
8442;13
8443;37
8444;61
8445;42
8446;45
8447;45
8448;3
8449;9
8450;50
8451;59
8452;12
8453;15
8454;67
8455;57
8456;62
8457;44
8458;64
8459;43
8460;72
8461;47
8462;73
8463;31
8464;31
8465;13
8466;16
8467;79
8468;57
8469;32
8470;2
8471;81
8472;24
8473;44
8474;31
8475;21
8476;24
8477;54
8478;32
8479;33
8480;9
8481;10
8482;63
8483;64
8484;47
8485;29
8486;26
8487;9
8488;12
8489;48
8490;44
8491;4
8492;4
8493;5
8494;80
8495;52
8496;44
8497;7
8498;27
8499;26
8500;61
8501;81
8502;40
8503;40
8504;7
8505;14
8506;50
8507;49
8508;47
8509;7
8510;86
8511;37
8512;14
8513;15
8514;22
8515;71
8516;48
8517;73
8518;70
8519;74
8520;59
8521;80
8522;43
8523;13
8524;36
8525;78
8526;59
8527;59
8528;47
8529;18
8530;28
8531;21
8532;34
8533;47
8534;8
8535;66
8536;34
8537;53
8538;33
8539;23
8540;73
8541;25
8542;54
8543;47
8544;35
8545;14
8546;46
8547;41
8548;6
8549;17
8550;92
8551;27
8552;49
8553;63
8554;76
8555;80
8556;63
8557;35
8558;63
8559;13
8560;13
8561;47
8562;27
8563;2
8564;15
8565;26
8566;33
8567;13
8568;11
8569;61
8570;47
8571;41
8572;9
8573;47
8574;31
8575;10
8576;5
8577;44
8578;38
8579;54
8580;65
8581;45
8582;37
8583;4
8584;4
8585;16
8586;33
8587;29
8588;12
8589;13
8590;43
8591;24
8592;2
8593;5
8594;15
8595;3
8596;47
8597;52
8598;28
8599;30
8600;70
8601;44
8602;38
8603;39
8604;31
8605;24
8606;5
8607;53
8608;47
8609;82
8610;53
8611;69
8612;54
8613;46
8614;20
8615;0
8616;3
8617;25
8618;44
8619;54
8620;11
8621;15
8622;61
8623;75
8624;58
8625;39
8626;18
8627;7
8628;72
8629;36
8630;85
8631;73
8632;22
8633;73
8634;45
8635;33
8636;17
8637;14
8638;48
8639;17
8640;29
8641;37
8642;38
8643;33
8644;4
8645;4
8646;64
8647;63
8648;11
8649;9
8650;62
8651;67
8652;78
8653;58
8654;79
8655;63
8656;20
8657;64
8658;62
8659;34
8660;32
8661;12
8662;32
8663;28
8664;9
8665;22
8666;31
8667;5
8668;66
8669;48
8670;59
8671;60
8672;86
8673;60
8674;10
8675;36
8676;63
8677;8
8678;38
8679;54
8680;30
8681;33
8682;8
8683;3
8684;27
8685;21
8686;11
8687;14
8688;4
8689;44
8690;42
8691;1
8692;27
8693;78
8694;64
8695;56
8696;48
8697;40
8698;6
8699;18
8700;16
8701;73
8702;74
8703;43
8704;20
8705;21
8706;3
8707;3
8708;11
8709;3
8710;63
8711;71
8712;42
8713;43
8714;13
8715;74
8716;48
8717;36
8718;54
8719;85
8720;45
8721;26
8722;9
8723;8
8724;16
8725;64
8726;41
8727;62
8728;67
8729;51
8730;64
8731;65
8732;36
8733;29
8734;79
8735;50
8736;59
8737;66
8738;68
8739;58
8740;51
8741;46
8742;39
8743;51
8744;74
8745;46
8746;73
8747;69
8748;59
8749;49
8750;11
8751;11
8752;85
8753;65
8754;62
8755;46
8756;24
8757;22
8758;20
8759;74
8760;68
8761;22
8762;52
8763;32
8764;15
8765;11
8766;68
8767;62
8768;76
8769;26
8770;50
8771;57
8772;57
8773;62
8774;49
8775;33
8776;10
8777;13
8778;27
8779;9
8780;12
8781;54
8782;35
8783;18
8784;6
8785;45
8786;40
8787;11
8788;4
8789;49
8790;21
8791;75
8792;20
8793;24
8794;38
8795;51
8796;87
8797;19
8798;61
8799;56
8800;43
8801;48
8802;7
8803;2
8804;87
8805;76
8806;52
8807;56
8808;53
8809;63
8810;58
8811;21
8812;48
8813;59
8814;21
8815;54
8816;74
8817;26
8818;19
8819;78
8820;37
8821;57
8822;85
8823;56
8824;19
8825;20
8826;19
8827;45
8828;18
8829;47
8830;65
8831;22
8832;65
8833;66
8834;40
8835;47
8836;22
8837;2
8838;2
8839;19
8840;53
8841;52
8842;20
8843;69
8844;67
8845;59
8846;74
8847;28
8848;52
8849;67
8850;69
8851;69
8852;56
8853;53
8854;63
8855;62
8856;52
8857;52
8858;69
8859;69
8860;42
8861;54
