1;70
2;67
3;44
4;33
5;5
6;0
7;57
8;25
9;66
10;80
11;57
12;45
13;51
14;47
15;69
16;57
17;48
18;72
19;82
20;62
21;45
22;48
23;15
24;32
25;60
26;46
27;56
28;57
29;79
30;36
31;21
32;3
33;5
34;59
35;36
36;77
37;80
38;34
39;12
40;31
41;22
42;21
43;23
44;20
45;58
46;63
47;58
48;49
49;70
50;40
51;42
52;33
53;11
54;1
55;36
56;20
57;53
58;60
59;25
60;56
61;53
62;62
63;78
64;40
65;71
66;32
67;66
68;73
69;30
70;51
71;45
72;53
73;57
74;58
75;21
76;76
77;19
78;52
79;74
80;39
81;30
82;63
83;62
84;53
85;26
86;52
87;19
88;22
89;2
90;1
91;0
92;45
93;39
94;50
95;62
96;23
97;28
98;38
99;16
100;33
101;32
102;67
103;69
104;58
105;67
106;49
107;50
108;26
109;63
110;60
111;9
112;42
113;55
114;11
115;14
116;27
117;35
118;4
119;62
120;53
121;57
122;20
123;19
124;42
125;37
126;4
127;5
128;39
129;41
130;27
131;15
132;2
133;21
134;37
135;3
136;0
137;57
138;11
139;62
140;76
141;67
142;47
143;36
144;57
145;78
146;86
147;36
148;16
149;0
150;52
151;57
152;64
153;52
154;51
155;10
156;43
157;19
158;5
159;3
160;67
161;35
162;51
163;31
164;15
165;52
166;46
167;9
168;7
169;34
170;12
171;35
172;63
173;34
174;52
175;12
176;18
177;21
178;57
179;86
180;24
181;27
182;29
183;4
184;90
185;57
186;81
187;53
188;71
189;67
190;20
191;62
192;64
193;9
194;10
195;58
196;85
197;60
198;32
199;13
200;16
201;51
202;83
203;29
204;38
205;16
206;71
207;74
208;70
209;72
210;62
211;55
212;30
213;54
214;21
215;30
216;42
217;5
218;5
219;55
220;85
221;48
222;48
223;29
224;30
225;80
226;21
227;30
228;69
229;84
230;64
231;69
232;28
233;35
234;52
235;39
236;73
237;77
238;51
239;57
240;59
241;69
242;44
243;22
244;74
245;79
246;25
247;64
248;74
249;62
250;63
251;47
252;26
253;32
254;61
255;26
256;69
257;70
258;74
259;34
260;24
261;70
262;70
263;39
264;23
265;35
266;53
267;50
268;43
269;8
270;17
271;22
272;38
273;45
274;62
275;6
276;18
277;22
278;71
279;43
280;25
281;56
282;36
283;1
284;3
285;61
286;78
287;31
288;30
289;0
290;13
291;50
292;55
293;89
294;49
295;75
296;84
297;61
298;41
299;47
300;10
301;10
302;71
303;57
304;32
305;43
306;5
307;2
308;41
309;85
310;37
311;37
312;0
313;10
314;32
315;55
316;15
317;16
318;56
319;52
320;55
321;54
322;27
323;1
324;25
325;57
326;45
327;33
328;16
329;29
330;84
331;79
332;56
333;41
334;9
335;73
336;70
337;62
338;52
339;37
340;62
341;73
342;45
343;19
344;22
345;40
346;8
347;8
348;68
349;73
350;66
351;67
352;20
353;63
354;35
355;15
356;74
357;20
358;59
359;57
360;22
361;89
362;58
363;29
364;41
365;63
366;17
367;14
368;56
369;61
370;23
371;26
372;44
373;55
374;50
375;31
376;18
377;11
378;67
379;36
380;48
381;30
382;47
383;68
384;64
385;63
386;59
387;46
388;65
389;52
390;45
391;14
392;18
393;29
394;38
395;17
396;9
397;46
398;71
399;67
400;51
401;66
402;58
403;32
404;12
405;1
406;54
407;22
408;89
409;56
410;81
411;22
412;75
413;92
414;32
415;50
416;15
417;18
418;61
419;25
420;56
421;19
422;23
423;38
424;20
425;38
426;25
427;70
428;59
429;48
430;40
431;20
432;22
433;70
434;41
435;59
436;52
437;10
438;61
439;24
440;35
441;19
442;57
443;49
444;47
445;45
446;68
447;50
448;54
449;49
450;57
451;29
452;69
453;22
454;68
455;19
456;22
457;75
458;43
459;46
460;25
461;60
462;36
463;31
464;8
465;40
466;29
467;15
468;68
469;52
470;52
471;78
472;60
473;46
474;89
475;44
476;42
477;71
478;47
479;45
480;37
481;7
482;15
483;51
484;73
485;53
486;32
487;44
488;34
489;17
490;18
491;32
492;56
493;7
494;9
495;54
496;85
497;56
498;57
499;56
500;25
501;34
502;47
503;42
504;2
505;3
506;1
507;93
508;46
509;67
510;30
511;18
512;16
513;90
514;63
515;43
516;36
517;7
518;18
519;69
520;58
521;68
522;62
523;59
524;53
525;79
526;78
527;26
528;64
529;48
530;28
531;68
532;37
533;60
534;33
535;56
536;52
537;37
538;30
539;3
540;2
541;78
542;62
543;66
544;21
545;49
546;49
547;76
548;67
549;62
550;80
551;42
552;30
553;25
554;25
555;40
556;19
557;53
558;49
559;65
560;27
561;70
562;92
563;63
564;20
565;56
566;75
567;55
568;26
569;36
570;46
571;7
572;25
573;75
574;32
575;24
576;47
577;66
578;19
579;70
580;48
581;70
582;23
583;54
584;45
585;74
586;35
587;57
588;71
589;83
590;28
591;78
592;35
593;33
594;0
595;4
596;14
597;79
598;66
599;53
600;55
601;44
602;61
603;76
604;69
605;37
606;67
607;40
608;69
609;23
610;63
611;62
612;26
613;64
614;53
615;56
616;16
617;15
618;58
619;51
620;30
621;47
622;27
623;20
624;62
625;24
626;43
627;12
628;60
629;35
630;47
631;8
632;3
633;8
634;44
635;54
636;41
637;43
638;7
639;18
640;42
641;28
642;15
643;24
644;0
645;1
646;27
647;44
648;4
649;4
650;1
651;90
652;21
653;73
654;57
655;37
656;49
657;14
658;14
659;8
660;52
661;19
662;66
663;79
664;82
665;65
666;68
667;91
668;61
669;63
670;72
671;39
672;64
673;68
674;42
675;47
676;9
677;24
678;32
679;42
680;49
681;27
682;0
683;25
684;23
685;46
686;44
687;65
688;66
689;46
690;54
691;13
692;16
693;43
694;30
695;16
696;15
697;8
698;75
699;70
700;24
701;60
702;48
703;63
704;86
705;72
706;80
707;48
708;57
709;82
710;70
711;52
712;50
713;35
714;56
715;30
716;16
717;12
718;38
719;23
720;50
721;35
722;80
723;74
724;24
725;39
726;19
727;57
728;68
729;23
730;58
731;44
732;32
733;23
734;48
735;11
736;9
737;38
738;48
739;18
740;0
741;26
742;73
743;66
744;86
745;56
746;53
747;32
748;55
749;10
750;6
751;58
752;24
753;53
754;59
755;60
756;51
757;43
758;51
759;35
760;36
761;3
762;0
763;1
764;2
765;65
766;79
767;49
768;39
769;2
770;55
771;42
772;87
773;76
774;27
775;65
776;67
777;63
778;51
779;57
780;23
781;36
782;49
783;19
784;23
785;52
786;60
787;66
788;60
789;32
790;50
791;53
792;16
793;14
794;46
795;14
796;46
797;85
798;21
799;55
800;75
801;67
802;52
803;71
804;50
805;66
806;74
807;28
808;47
809;51
810;18
811;8
812;85
813;32
814;42
815;17
816;79
817;62
818;60
819;7
820;10
821;54
822;39
823;50
824;70
825;24
826;70
827;48
828;51
829;16
830;59
831;92
832;73
833;89
834;69
835;40
836;24
837;66
838;26
839;73
840;21
841;21
842;72
843;70
844;22
845;32
846;56
847;35
848;18
849;34
850;19
851;3
852;1
853;61
854;46
855;35
856;10
857;7
858;17
859;16
860;51
861;36
862;57
863;59
864;44
865;33
866;9
867;30
868;43
869;5
870;46
871;61
872;33
873;46
874;29
875;71
876;51
877;46
878;75
879;74
880;56
881;28
882;59
883;36
884;20
885;14
886;5
887;0
888;70
889;42
890;19
891;57
892;54
893;64
894;62
895;43
896;14
897;15
898;73
899;70
900;57
901;59
902;47
903;46
904;68
905;51
906;27
907;53
908;26
909;59
910;58
911;56
912;74
913;59
914;13
915;52
916;63
917;77
918;37
919;58
920;59
921;66
922;73
923;32
924;44
925;1
926;11
927;47
928;43
929;13
930;10
931;50
932;28
933;7
934;12
935;29
936;25
937;4
938;0
939;50
940;62
941;52
942;76
943;75
944;35
945;43
946;7
947;14
948;64
949;68
950;63
951;71
952;62
953;42
954;9
955;15
956;61
957;71
958;51
959;46
960;72
961;33
962;37
963;14
964;2
965;44
966;89
967;34
968;51
969;42
970;33
971;13
972;0
973;58
974;59
975;36
976;63
977;64
978;56
979;53
980;29
981;52
982;7
983;6
984;20
985;58
986;45
987;43
988;18
989;5
990;63
991;68
992;57
993;57
994;23
995;73
996;69
997;73
998;47
999;43
1000;52
1001;38
1002;70
1003;40
1004;61
1005;79
1006;57
1007;61
1008;58
1009;70
1010;67
1011;85
1012;63
1013;41
1014;10
1015;18
1016;43
1017;40
1018;44
1019;17
1020;53
1021;41
1022;12
1023;12
1024;10
1025;64
1026;52
1027;40
1028;45
1029;61
1030;14
1031;10
1032;40
1033;48
1034;2
1035;2
1036;22
1037;70
1038;41
1039;64
1040;91
1041;60
1042;51
1043;48
1044;55
1045;73
1046;68
1047;54
1048;54
1049;59
1050;41
1051;38
1052;80
1053;60
1054;30
1055;45
1056;21
1057;34
1058;51
1059;50
1060;19
1061;58
1062;7
1063;6
1064;58
1065;29
1066;18
1067;7
1068;57
1069;20
1070;56
1071;86
1072;40
1073;19
1074;0
1075;5
1076;35
1077;14
1078;22
1079;76
1080;54
1081;69
1082;48
1083;68
1084;36
1085;46
1086;3
1087;18
1088;68
1089;48
1090;71
1091;57
1092;24
1093;80
1094;66
1095;39
1096;51
1097;47
1098;44
1099;27
1100;67
1101;37
1102;19
1103;56
1104;72
1105;56
1106;61
1107;34
1108;15
1109;27
1110;71
1111;73
1112;60
1113;19
1114;58
1115;76
1116;59
1117;83
1118;45
1119;55
1120;69
1121;49
1122;74
1123;66
1124;83
1125;22
1126;70
1127;34
1128;9
1129;0
1130;12
1131;48
1132;66
1133;53
1134;38
1135;44
1136;7
1137;12
1138;55
1139;71
1140;53
1141;55
1142;48
1143;59
1144;71
1145;85
1146;72
1147;69
1148;74
1149;68
1150;72
1151;67
1152;40
1153;72
1154;92
1155;53
1156;81
1157;59
1158;51
1159;44
1160;34
1161;53
1162;9
1163;17
1164;44
1165;62
1166;68
1167;64
1168;76
1169;64
1170;49
1171;48
1172;9
1173;25
1174;24
1175;10
1176;64
1177;49
1178;58
1179;19
1180;41
1181;35
1182;15
1183;6
1184;6
1185;49
1186;56
1187;75
1188;81
1189;29
1190;76
1191;26
1192;69
1193;54
1194;60
1195;29
1196;64
1197;83
1198;63
1199;37
1200;32
1201;12
1202;3
1203;43
1204;55
1205;64
1206;61
1207;13
1208;10
1209;78
1210;51
1211;39
1212;56
1213;52
1214;20
1215;83
1216;71
1217;54
1218;42
1219;48
1220;16
1221;6
1222;42
1223;48
1224;18
1225;34
1226;38
1227;12
1228;11
1229;43
1230;58
1231;74
1232;19
1233;24
1234;38
1235;38
1236;63
1237;42
1238;24
1239;90
1240;22
1241;46
1242;64
1243;26
1244;22
1245;27
1246;36
1247;23
1248;21
1249;75
1250;59
1251;83
1252;57
1253;44
1254;46
1255;5
1256;0
1257;3
1258;50
1259;38
1260;10
1261;27
1262;71
1263;55
1264;70
1265;26
1266;58
1267;37
1268;72
1269;66
1270;57
1271;60
1272;65
1273;51
1274;48
1275;18
1276;14
1277;37
1278;14
1279;13
1280;43
1281;36
1282;70
1283;37
1284;65
1285;69
1286;50
1287;42
1288;8
1289;74
1290;32
1291;69
1292;43
1293;25
1294;4
1295;13
1296;8
1297;59
1298;17
1299;8
1300;61
1301;52
1302;39
1303;42
1304;4
1305;6
1306;14
1307;34
1308;16
1309;49
1310;19
1311;60
1312;67
1313;83
1314;44
1315;31
1316;1
1317;5
1318;29
1319;52
1320;60
1321;57
1322;57
1323;68
1324;31
1325;88
1326;34
1327;38
1328;12
1329;33
1330;41
1331;57
1332;46
1333;27
1334;46
1335;21
1336;36
1337;31
1338;14
1339;17
1340;65
1341;67
1342;70
1343;32
1344;26
1345;17
1346;3
1347;69
1348;49
1349;59
1350;51
1351;35
1352;59
1353;36
1354;53
1355;61
1356;51
1357;73
1358;47
1359;88
1360;24
1361;65
1362;45
1363;19
1364;68
1365;30
1366;52
1367;86
1368;65
1369;19
1370;32
1371;63
1372;41
1373;34
1374;8
1375;18
1376;54
1377;74
1378;68
1379;56
1380;64
1381;63
1382;45
1383;53
1384;68
1385;70
1386;50
1387;47
1388;11
1389;12
1390;56
1391;49
1392;81
1393;23
1394;59
1395;50
1396;37
1397;30
1398;17
1399;10
1400;35
1401;35
1402;14
1403;7
1404;31
1405;77
1406;55
1407;89
1408;71
1409;73
1410;66
1411;31
1412;60
1413;53
1414;15
1415;9
1416;85
1417;48
1418;47
1419;80
1420;58
1421;37
1422;74
1423;58
1424;54
1425;24
1426;48
1427;50
1428;16
1429;13
1430;14
1431;47
1432;19
1433;6
1434;70
1435;62
1436;63
1437;37
1438;38
1439;54
1440;69
1441;37
1442;41
1443;38
1444;37
1445;47
1446;6
1447;17
1448;13
1449;44
1450;44
1451;5
1452;42
1453;37
1454;14
1455;18
1456;58
1457;68
1458;63
1459;67
1460;50
1461;39
1462;11
1463;34
1464;80
1465;25
1466;35
1467;5
1468;0
1469;6
1470;54
1471;63
1472;95
1473;37
1474;39
1475;55
1476;15
1477;6
1478;35
1479;42
1480;23
1481;55
1482;61
1483;55
1484;30
1485;6
1486;18
1487;32
1488;50
1489;30
1490;69
1491;23
1492;30
1493;21
1494;50
1495;23
1496;65
1497;51
1498;89
1499;24
1500;57
1501;22
1502;22
1503;35
1504;27
1505;38
1506;9
1507;3
1508;75
1509;24
1510;32
1511;5
1512;12
1513;72
1514;35
1515;47
1516;58
1517;23
1518;45
1519;11
1520;51
1521;66
1522;67
1523;66
1524;63
1525;58
1526;69
1527;19
1528;32
1529;5
1530;10
1531;52
1532;66
1533;62
1534;52
1535;14
1536;6
1537;25
1538;43
1539;9
1540;7
1541;35
1542;32
1543;8
1544;5
1545;56
1546;71
1547;61
1548;36
1549;11
1550;43
1551;68
1552;64
1553;20
1554;37
1555;78
1556;51
1557;57
1558;19
1559;47
1560;59
1561;15
1562;48
1563;45
1564;3
1565;15
1566;5
1567;35
1568;42
1569;9
1570;19
1571;62
1572;45
1573;39
1574;14
1575;28
1576;36
1577;53
1578;45
1579;34
1580;53
1581;67
1582;24
1583;63
1584;70
1585;26
1586;65
1587;69
1588;29
1589;88
1590;63
1591;49
1592;59
1593;65
1594;46
1595;22
1596;5
1597;2
1598;4
1599;65
1600;24
1601;40
1602;57
1603;16
1604;9
1605;62
1606;20
1607;22
1608;59
1609;24
1610;43
1611;42
1612;65
1613;76
1614;41
1615;48
1616;8
1617;77
1618;73
1619;59
1620;29
1621;59
1622;55
1623;89
1624;25
1625;53
1626;56
1627;72
1628;69
1629;27
1630;46
1631;8
1632;40
1633;22
1634;68
1635;53
1636;78
1637;62
1638;13
1639;31
1640;2
1641;27
1642;69
1643;51
1644;31
1645;45
1646;18
1647;34
1648;73
1649;81
1650;59
1651;49
1652;28
1653;1
1654;6
1655;42
1656;69
1657;54
1658;60
1659;51
1660;61
1661;79
1662;44
1663;68
1664;51
1665;81
1666;22
1667;25
1668;71
1669;58
1670;74
1671;54
1672;66
1673;52
1674;62
1675;24
1676;79
1677;55
1678;44
1679;23
1680;21
1681;62
1682;80
1683;40
1684;0
1685;27
1686;48
1687;13
1688;15
1689;41
1690;42
1691;13
1692;17
1693;74
1694;54
1695;42
1696;61
1697;17
1698;17
1699;71
1700;24
1701;41
1702;61
1703;58
1704;48
1705;8
1706;13
1707;62
1708;43
1709;68
1710;57
1711;41
1712;32
1713;4
1714;4
1715;47
1716;63
1717;61
1718;45
1719;11
1720;8
1721;24
1722;88
1723;43
1724;56
1725;57
1726;36
1727;51
1728;37
1729;59
1730;79
1731;36
1732;62
1733;45
1734;63
1735;56
1736;64
1737;9
1738;8
1739;58
1740;22
1741;60
1742;57
1743;79
1744;50
1745;56
1746;6
1747;8
1748;23
1749;49
1750;4
1751;5
1752;4
1753;78
1754;34
1755;59
1756;36
1757;37
1758;0
1759;29
1760;58
1761;51
1762;49
1763;51
1764;59
1765;50
1766;14
1767;15
1768;43
1769;39
1770;5
1771;15
1772;1
1773;0
1774;68
1775;64
1776;58
1777;37
1778;37
1779;11
1780;1
1781;70
1782;82
1783;82
1784;65
1785;39
1786;34
1787;31
1788;3
1789;44
1790;58
1791;9
1792;78
1793;60
1794;62
1795;32
1796;27
1797;0
1798;35
1799;64
1800;84
1801;60
1802;26
1803;43
1804;9
1805;16
1806;11
1807;70
1808;52
1809;62
1810;68
1811;22
1812;22
1813;67
1814;57
1815;26
1816;20
1817;70
1818;25
1819;21
1820;14
1821;0
1822;51
1823;73
1824;63
1825;44
1826;70
1827;50
1828;55
1829;70
1830;33
1831;22
1832;28
1833;20
1834;51
1835;47
1836;52
1837;22
1838;51
1839;50
1840;49
1841;63
1842;8
1843;15
1844;18
1845;27
1846;62
1847;52
1848;65
1849;31
1850;8
1851;12
1852;27
1853;52
1854;71
1855;62
1856;38
1857;14
1858;16
1859;38
1860;45
1861;24
1862;62
1863;36
1864;33
1865;57
1866;71
1867;27
1868;66
1869;54
1870;54
1871;33
1872;64
1873;50
1874;10
1875;17
1876;69
1877;55
1878;82
1879;23
1880;77
1881;59
1882;85
1883;48
1884;56
1885;68
1886;50
1887;43
1888;19
1889;1
1890;69
1891;56
1892;62
1893;65
1894;62
1895;38
1896;63
1897;61
1898;71
1899;20
1900;61
1901;57
1902;37
1903;61
1904;48
1905;38
1906;8
1907;10
1908;7
1909;56
1910;41
1911;86
1912;48
1913;43
1914;33
1915;17
1916;5
1917;2
1918;47
1919;19
1920;4
1921;26
1922;54
1923;63
1924;67
1925;53
1926;51
1927;30
1928;15
1929;10
1930;85
1931;66
1932;58
1933;25
1934;49
1935;28
1936;13
1937;57
1938;63
1939;50
1940;66
1941;48
1942;19
1943;39
1944;11
1945;1
1946;67
1947;24
1948;44
1949;35
1950;4
1951;12
1952;56
1953;68
1954;51
1955;45
1956;2
1957;74
1958;22
1959;69
1960;24
1961;33
1962;8
1963;52
1964;51
1965;61
1966;56
1967;64
1968;49
1969;49
1970;14
1971;28
1972;35
1973;5
1974;10
1975;31
1976;15
1977;35
1978;12
1979;30
1980;43
1981;48
1982;18
1983;7
1984;22
1985;19
1986;24
1987;57
1988;67
1989;63
1990;30
1991;63
1992;34
1993;61
1994;20
1995;64
1996;33
1997;15
1998;9
1999;75
2000;61
2001;42
2002;38
2003;13
2004;17
2005;18
2006;10
2007;56
2008;64
2009;51
2010;36
2011;16
2012;17
2013;61
2014;42
2015;89
2016;21
2017;26
2018;85
2019;69
2020;57
2021;57
2022;24
2023;34
2024;5
2025;10
2026;25
2027;25
2028;62
2029;68
2030;33
2031;39
2032;35
2033;73
2034;59
2035;31
2036;57
2037;62
2038;69
2039;62
2040;44
2041;57
2042;72
2043;38
2044;56
2045;48
2046;50
2047;40
2048;62
2049;75
2050;76
2051;57
2052;67
2053;59
2054;34
2055;66
2056;75
2057;43
2058;1
2059;4
2060;68
2061;22
2062;25
2063;73
2064;26
2065;70
2066;25
2067;22
2068;61
2069;51
2070;29
2071;58
2072;14
2073;10
2074;74
2075;59
2076;80
2077;43
2078;22
2079;54
2080;64
2081;54
2082;58
2083;43
2084;58
2085;7
2086;12
2087;8
2088;38
2089;57
2090;35
2091;9
2092;58
2093;93
2094;59
2095;20
2096;77
2097;56
2098;51
2099;88
2100;57
2101;46
2102;29
2103;59
2104;58
2105;40
2106;46
2107;32
2108;6
2109;14
2110;14
2111;54
2112;57
2113;73
2114;29
2115;35
2116;8
2117;7
2118;51
2119;84
2120;23
2121;79
2122;23
2123;64
2124;51
2125;40
2126;59
2127;58
2128;62
2129;34
2130;51
2131;75
2132;95
2133;23
2134;54
2135;29
2136;67
2137;70
2138;37
2139;35
2140;10
2141;50
2142;58
2143;52
2144;42
2145;42
2146;77
2147;24
2148;56
2149;30
2150;24
2151;50
2152;73
2153;67
2154;38
2155;32
2156;55
2157;62
2158;32
2159;53
2160;25
2161;59
2162;28
2163;47
2164;18
2165;7
2166;60
2167;25
2168;88
2169;53
2170;20
2171;26
2172;20
2173;65
2174;22
2175;33
2176;45
2177;39
2178;9
2179;9
2180;3
2181;38
2182;76
2183;70
2184;28
2185;24
2186;7
2187;2
2188;73
2189;45
2190;48
2191;57
2192;36
2193;32
2194;52
2195;70
2196;68
2197;51
2198;59
2199;30
2200;45
2201;3
2202;2
2203;58
2204;58
2205;92
2206;54
2207;39
2208;34
2209;2
2210;1
2211;4
2212;52
2213;65
2214;68
2215;48
2216;72
2217;27
2218;86
2219;24
2220;26
2221;31
2222;37
2223;65
2224;69
2225;35
2226;38
2227;16
2228;15
2229;35
2230;25
2231;61
2232;24
2233;21
2234;84
2235;33
2236;20
2237;24
2238;68
2239;44
2240;49
2241;29
2242;20
2243;84
2244;78
2245;68
2246;29
2247;56
2248;67
2249;31
2250;87
2251;51
2252;52
2253;16
2254;9
2255;57
2256;87
2257;36
2258;75
2259;54
2260;52
2261;50
2262;77
2263;44
2264;28
2265;3
2266;2
2267;5
2268;64
2269;90
2270;35
2271;68
2272;72
2273;81
2274;59
2275;24
2276;65
2277;72
2278;78
2279;70
2280;54
2281;26
2282;74
2283;23
2284;62
2285;67
2286;55
2287;81
2288;65
2289;47
2290;22
2291;23
2292;55
2293;62
2294;65
2295;71
2296;42
2297;37
2298;1
2299;17
2300;66
2301;52
2302;66
2303;35
2304;43
2305;18
2306;6
2307;18
2308;37
2309;45
2310;27
2311;0
2312;16
2313;67
2314;57
2315;15
2316;8
2317;44
2318;45
2319;19
2320;39
2321;43
2322;56
2323;22
2324;23
2325;68
2326;46
2327;17
2328;29
2329;53
2330;42
2331;42
2332;51
2333;15
2334;47
2335;69
2336;84
2337;46
2338;45
2339;24
2340;43
2341;28
2342;17
2343;72
2344;47
2345;51
2346;40
2347;39
2348;62
2349;45
2350;10
2351;15
2352;16
2353;8
2354;62
2355;11
2356;15
2357;29
2358;14
2359;9
2360;49
2361;68
2362;67
2363;65
2364;49
2365;56
2366;69
2367;54
2368;76
2369;42
2370;36
2371;7
2372;5
2373;3
2374;3
2375;68
2376;20
2377;38
2378;32
2379;5
2380;0
2381;3
2382;52
2383;72
2384;38
2385;30
2386;58
2387;62
2388;79
2389;55
2390;62
2391;77
2392;45
2393;44
2394;1
2395;3
2396;14
2397;38
2398;45
2399;17
2400;9
2401;48
2402;42
2403;14
2404;6
2405;14
2406;48
2407;66
2408;40
2409;39
2410;9
2411;7
2412;55
2413;85
2414;54
2415;34
2416;57
2417;8
2418;16
2419;66
2420;61
2421;64
2422;28
2423;77
2424;95
2425;51
2426;63
2427;71
2428;70
2429;68
2430;90
2431;78
2432;51
2433;89
2434;73
2435;72
2436;62
2437;35
2438;38
2439;6
2440;29
2441;44
2442;35
2443;23
2444;23
2445;65
2446;27
2447;36
2448;57
2449;69
2450;68
2451;70
2452;59
2453;43
2454;67
2455;82
2456;30
2457;40
2458;41
2459;47
2460;59
2461;44
2462;6
2463;8
2464;61
2465;46
2466;70
2467;31
2468;55
2469;12
2470;15
2471;71
2472;67
2473;47
2474;60
2475;70
2476;32
2477;35
2478;10
2479;11
2480;43
2481;65
2482;66
2483;19
2484;83
2485;70
2486;45
2487;85
2488;75
2489;57
2490;41
2491;27
2492;4
2493;9
2494;20
2495;72
2496;55
2497;20
2498;66
2499;86
2500;65
2501;42
2502;77
2503;79
2504;22
2505;34
2506;54
2507;50
2508;66
2509;28
2510;33
2511;5
2512;8
2513;48
2514;19
2515;74
2516;41
2517;61
2518;70
2519;25
2520;43
2521;55
2522;18
2523;17
2524;74
2525;25
2526;69
2527;68
2528;20
2529;92
2530;23
2531;44
2532;9
2533;18
2534;52
2535;61
2536;55
2537;51
2538;56
2539;76
2540;91
2541;50
2542;47
2543;46
2544;5
2545;11
2546;11
2547;84
2548;45
2549;66
2550;70
2551;56
2552;56
2553;46
2554;57
2555;54
2556;65
2557;59
2558;52
2559;19
2560;25
2561;48
2562;20
2563;60
2564;26
2565;40
2566;43
2567;14
2568;18
2569;68
2570;59
2571;51
2572;28
2573;43
2574;40
2575;14
2576;39
2577;7
2578;14
2579;47
2580;45
2581;15
2582;13
2583;10
2584;75
2585;25
2586;55
2587;69
2588;50
2589;60
2590;62
2591;51
2592;21
2593;23
2594;53
2595;62
2596;34
2597;44
2598;17
2599;6
2600;9
2601;40
2602;16
2603;57
2604;92
2605;82
2606;65
2607;34
2608;45
2609;26
2610;15
2611;11
2612;18
2613;58
2614;90
2615;62
2616;45
2617;54
2618;53
2619;69
2620;52
2621;83
2622;61
2623;27
2624;45
2625;34
2626;14
2627;53
2628;58
2629;53
2630;62
2631;77
2632;42
2633;1
2634;10
2635;49
2636;29
2637;0
2638;48
2639;57
2640;42
2641;40
2642;3
2643;1
2644;73
2645;20
2646;43
2647;40
2648;3
2649;8
2650;14
2651;30
2652;32
2653;3
2654;4
2655;67
2656;53
2657;56
2658;48
2659;10
2660;34
2661;36
2662;5
2663;3
2664;3
2665;70
2666;81
2667;26
2668;68
2669;51
2670;63
2671;43
2672;34
2673;53
2674;70
2675;29
2676;19
2677;49
2678;78
2679;67
2680;53
2681;54
2682;73
2683;24
2684;46
2685;68
2686;36
2687;27
2688;6
2689;18
2690;51
2691;54
2692;60
2693;51
2694;64
2695;77
2696;49
2697;73
2698;51
2699;62
2700;70
2701;44
2702;44
2703;5
2704;1
2705;53
2706;67
2707;34
2708;22
2709;6
2710;17
2711;4
2712;1
2713;24
2714;34
2715;7
2716;11
2717;39
2718;49
2719;3
2720;5
2721;38
2722;86
2723;72
2724;62
2725;52
2726;77
2727;65
2728;29
2729;52
2730;53
2731;56
2732;30
2733;36
2734;2
2735;9
2736;64
2737;68
2738;57
2739;43
2740;82
2741;26
2742;44
2743;54
2744;12
2745;35
2746;54
2747;33
2748;25
2749;74
2750;53
2751;13
2752;45
2753;28
2754;6
2755;54
2756;76
2757;49
2758;51
2759;81
2760;29
2761;32
2762;18
2763;69
2764;38
2765;45
2766;7
2767;1
2768;65
2769;58
2770;65
2771;56
2772;47
2773;72
2774;33
2775;35
2776;10
2777;3
2778;30
2779;14
2780;40
2781;39
2782;4
2783;6
2784;47
2785;35
2786;53
2787;73
2788;72
2789;67
2790;25
2791;56
2792;66
2793;32
2794;46
2795;69
2796;25
2797;65
2798;29
2799;28
2800;42
2801;12
2802;24
2803;75
2804;56
2805;50
2806;22
2807;62
2808;26
2809;55
2810;7
2811;18
2812;8
2813;76
2814;60
2815;68
2816;25
2817;25
2818;61
2819;63
2820;13
2821;9
2822;82
2823;37
2824;48
2825;71
2826;34
2827;69
2828;57
2829;56
2830;36
2831;7
2832;56
2833;61
2834;47
2835;39
2836;10
2837;14
2838;51
2839;49
2840;17
2841;15
2842;12
2843;51
2844;53
2845;16
2846;8
2847;17
2848;66
2849;50
2850;46
2851;29
2852;2
2853;14
2854;59
2855;25
2856;29
2857;21
2858;65
2859;51
2860;19
2861;48
2862;47
2863;71
2864;43
2865;40
2866;16
2867;10
2868;33
2869;66
2870;72
2871;70
2872;78
2873;48
2874;17
2875;9
2876;37
2877;44
2878;7
2879;8
2880;37
2881;57
2882;32
2883;62
2884;68
2885;23
2886;51
2887;60
2888;53
2889;53
2890;43
2891;44
2892;1
2893;27
2894;38
2895;16
2896;14
2897;39
2898;30
2899;4
2900;4
2901;37
2902;46
2903;26
2904;1
2905;14
2906;44
2907;27
2908;1
2909;14
2910;32
2911;48
2912;65
2913;90
2914;58
2915;69
2916;81
2917;24
2918;61
2919;48
2920;71
2921;52
2922;22
2923;70
2924;51
2925;67
2926;73
2927;69
2928;63
2929;57
2930;52
2931;35
2932;64
2933;66
2934;69
2935;48
2936;45
2937;39
2938;18
2939;47
2940;44
2941;2
2942;3
2943;31
2944;61
2945;66
2946;58
2947;17
2948;32
2949;23
2950;18
2951;1
2952;9
2953;62
2954;67
2955;78
2956;65
2957;29
2958;46
2959;34
2960;4
2961;17
2962;1
2963;82
2964;46
2965;84
2966;33
2967;43
2968;19
2969;44
2970;3
2971;64
2972;64
2973;51
2974;37
2975;73
2976;20
2977;48
2978;49
2979;91
2980;61
2981;76
2982;70
2983;91
2984;32
2985;44
2986;64
2987;64
2988;63
2989;62
2990;68
2991;35
2992;32
2993;2
2994;73
2995;57
2996;30
2997;77
2998;68
2999;43
3000;59
3001;12
3002;11
3003;36
3004;30
3005;35
3006;18
3007;16
3008;18
3009;60
3010;45
3011;17
3012;48
3013;68
3014;65
3015;37
3016;16
3017;9
3018;54
3019;38
3020;53
3021;14
3022;11
3023;16
3024;70
3025;65
3026;67
3027;62
3028;57
3029;16
3030;78
3031;31
3032;73
3033;59
3034;20
3035;63
3036;63
3037;62
3038;78
3039;70
3040;66
3041;70
3042;82
3043;63
3044;51
3045;74
3046;74
3047;44
3048;85
3049;22
3050;74
3051;39
3052;54
3053;46
3054;37
3055;20
3056;5
3057;4
3058;59
3059;33
3060;14
3061;44
3062;63
3063;14
3064;17
3065;49
3066;90
3067;60
3068;58
3069;60
3070;50
3071;30
3072;94
3073;72
3074;67
3075;70
3076;59
3077;49
3078;9
3079;16
3080;16
3081;68
3082;26
3083;76
3084;33
3085;30
3086;10
3087;17
3088;38
3089;47
3090;65
3091;54
3092;34
3093;7
3094;9
3095;39
3096;47
3097;6
3098;12
3099;60
3100;59
3101;75
3102;60
3103;33
3104;10
3105;84
3106;45
3107;47
3108;4
3109;2
3110;16
3111;61
3112;17
3113;70
3114;72
3115;65
3116;75
3117;38
3118;59
3119;68
3120;76
3121;53
3122;74
3123;75
3124;29
3125;56
3126;7
3127;39
3128;65
3129;26
3130;21
3131;40
3132;20
3133;38
3134;30
3135;7
3136;6
3137;29
3138;45
3139;18
3140;61
3141;57
3142;70
3143;37
3144;45
3145;10
3146;8
3147;9
3148;48
3149;59
3150;62
3151;49
3152;71
3153;34
3154;58
3155;28
3156;18
3157;8
3158;78
3159;25
3160;19
3161;45
3162;19
3163;64
3164;54
3165;72
3166;36
3167;56
3168;52
3169;63
3170;57
3171;60
3172;19
3173;31
3174;41
3175;5
3176;2
3177;4
3178;36
3179;39
3180;66
3181;59
3182;65
3183;49
3184;25
3185;43
3186;60
3187;18
3188;8
3189;61
3190;35
3191;33
3192;59
3193;71
3194;22
3195;21
3196;85
3197;19
3198;21
3199;70
3200;69
3201;36
3202;96
3203;57
3204;80
3205;33
3206;37
3207;96
3208;49
3209;45
3210;58
3211;10
3212;8
3213;64
3214;67
3215;63
3216;82
3217;75
3218;30
3219;48
3220;11
3221;13
3222;10
3223;65
3224;86
3225;58
3226;36
3227;21
3228;12
3229;0
3230;20
3231;24
3232;28
3233;3
3234;4
3235;38
3236;21
3237;73
3238;67
3239;26
3240;57
3241;8
3242;27
3243;26
3244;12
3245;59
3246;70
3247;28
3248;42
3249;6
3250;11
3251;59
3252;57
3253;86
3254;57
3255;22
3256;55
3257;55
3258;63
3259;68
3260;35
3261;43
3262;5
3263;68
3264;57
3265;44
3266;67
3267;71
3268;52
3269;61
3270;49
3271;47
3272;67
3273;66
3274;61
3275;73
3276;24
3277;45
3278;66
3279;30
3280;79
3281;54
3282;67
3283;46
3284;44
3285;21
3286;61
3287;68
3288;25
3289;77
3290;21
3291;19
3292;24
3293;67
3294;45
3295;35
3296;16
3297;8
3298;46
3299;9
3300;9
3301;59
3302;67
3303;44
3304;55
3305;7
3306;12
3307;35
3308;34
3309;17
3310;0
3311;51
3312;57
3313;54
3314;58
3315;56
3316;46
3317;1
3318;56
3319;65
3320;59
3321;46
3322;35
3323;71
3324;56
3325;77
3326;70
3327;52
3328;24
3329;49
3330;55
3331;21
3332;50
3333;51
3334;51
3335;57
3336;61
3337;34
3338;10
3339;16
3340;68
3341;36
3342;90
3343;30
3344;45
3345;9
3346;10
3347;21
3348;72
3349;53
3350;49
3351;9
3352;14
3353;7
3354;29
3355;31
3356;44
3357;95
3358;68
3359;47
3360;19
3361;25
3362;22
3363;2
3364;4
3365;56
3366;68
3367;21
3368;42
3369;43
3370;5
3371;5
3372;91
3373;45
3374;64
3375;15
3376;13
3377;56
3378;20
3379;49
3380;22
3381;41
3382;22
3383;73
3384;53
3385;88
3386;90
3387;48
3388;71
3389;74
3390;21
3391;68
3392;36
3393;48
3394;5
3395;5
3396;67
3397;32
3398;49
3399;16
3400;17
3401;47
3402;46
3403;71
3404;60
3405;46
3406;45
3407;18
3408;0
3409;12
3410;64
3411;35
3412;24
3413;38
3414;14
3415;4
3416;61
3417;72
3418;64
3419;69
3420;56
3421;62
3422;17
3423;13
3424;16
3425;67
3426;71
3427;40
3428;22
3429;1
3430;27
3431;44
3432;5
3433;5
3434;46
3435;56
3436;48
3437;48
3438;16
3439;44
3440;53
3441;33
3442;55
3443;59
3444;39
3445;55
3446;75
3447;40
3448;57
3449;56
3450;41
3451;65
3452;44
3453;32
3454;4
3455;0
3456;16
3457;1
3458;54
3459;90
3460;38
3461;19
3462;71
3463;53
3464;51
3465;32
3466;12
3467;67
3468;41
3469;56
3470;12
3471;15
3472;12
3473;20
3474;35
3475;5
3476;5
3477;4
3478;46
3479;67
3480;51
3481;50
3482;53
3483;52
3484;45
3485;81
3486;83
3487;35
3488;26
3489;44
3490;5
3491;12
3492;22
3493;31
3494;45
3495;55
3496;47
3497;51
3498;69
3499;52
3500;65
3501;43
3502;67
3503;71
3504;63
3505;21
3506;28
3507;9
3508;67
3509;63
3510;19
3511;20
3512;71
3513;53
3514;25
3515;4
3516;2
3517;52
3518;22
3519;45
3520;36
3521;32
3522;2
3523;0
3524;56
3525;25
3526;30
3527;67
3528;56
3529;54
3530;27
3531;67
3532;28
3533;31
3534;2
3535;2
3536;89
3537;80
3538;49
3539;69
3540;59
3541;27
3542;46
3543;26
3544;47
3545;10
3546;16
3547;56
3548;46
3549;19
3550;24
3551;24
3552;38
3553;45
3554;18
3555;13
3556;72
3557;55
3558;42
3559;64
3560;44
3561;4
3562;49
3563;46
3564;60
3565;48
3566;37
3567;51
3568;82
3569;76
3570;53
3571;55
3572;51
3573;42
3574;49
3575;29
3576;30
3577;8
3578;16
3579;75
3580;62
3581;63
3582;60
3583;55
3584;51
3585;77
3586;66
3587;27
3588;88
3589;47
3590;25
3591;30
3592;53
3593;44
3594;30
3595;60
3596;20
3597;61
3598;66
3599;47
3600;65
3601;71
3602;19
3603;90
3604;43
3605;29
3606;16
3607;18
3608;38
3609;69
3610;21
3611;51
3612;30
3613;45
3614;2
3615;60
3616;60
3617;51
3618;78
3619;51
3620;51
3621;61
3622;59
3623;70
3624;34
3625;33
3626;17
3627;35
3628;61
3629;41
3630;15
3631;29
3632;48
3633;4
3634;5
3635;0
3636;70
3637;25
3638;28
3639;55
3640;7
3641;8
3642;82
3643;73
3644;76
3645;46
3646;40
3647;43
3648;44
3649;10
3650;0
3651;44
3652;43
3653;39
3654;10
3655;38
3656;38
3657;49
3658;10
3659;74
3660;73
3661;57
3662;70
3663;22
3664;20
3665;21
3666;50
3667;42
3668;33
3669;10
3670;9
3671;17
3672;56
3673;41
3674;27
3675;86
3676;75
3677;65
3678;73
3679;79
3680;69
3681;29
3682;54
3683;21
3684;82
3685;57
3686;20
3687;52
3688;74
3689;59
3690;48
3691;20
3692;17
3693;4
3694;50
3695;42
3696;71
3697;38
3698;43
3699;4
3700;5
3701;5
3702;60
3703;10
3704;16
3705;72
3706;78
3707;64
3708;24
3709;47
3710;23
3711;21
3712;52
3713;25
3714;59
3715;59
3716;38
3717;71
3718;47
3719;63
3720;63
3721;55
3722;67
3723;80
3724;57
3725;69
3726;67
3727;51
3728;80
3729;57
3730;80
3731;80
3732;66
3733;72
3734;69
3735;82
3736;71
3737;19
3738;55
3739;52
3740;38
3741;78
3742;46
3743;21
3744;55
3745;51
3746;67
3747;80
3748;85
3749;49
3750;80
3751;53
3752;19
3753;67
3754;19
3755;29
3756;54
3757;44
3758;11
3759;10
3760;11
3761;48
3762;37
3763;11
3764;9
3765;60
3766;65
3767;48
3768;28
3769;44
3770;18
3771;11
3772;61
3773;47
3774;22
3775;45
3776;43
3777;26
3778;9
3779;7
3780;34
3781;42
3782;13
3783;39
3784;47
3785;67
3786;56
3787;29
3788;59
3789;17
3790;16
3791;62
3792;76
3793;52
3794;50
3795;27
3796;37
3797;4
3798;0
3799;47
3800;37
3801;25
3802;54
3803;50
3804;73
3805;76
3806;60
3807;68
3808;58
3809;48
3810;66
3811;66
3812;53
3813;19
3814;67
3815;37
3816;8
3817;31
3818;62
3819;26
3820;20
3821;35
3822;5
3823;1
3824;19
3825;63
3826;74
3827;24
3828;19
3829;22
3830;51
3831;45
3832;18
3833;7
3834;35
3835;21
3836;55
3837;21
3838;58
3839;54
3840;80
3841;63
3842;52
3843;55
3844;47
3845;46
3846;13
3847;7
3848;89
3849;78
3850;45
3851;20
3852;21
3853;36
3854;20
3855;29
3856;73
3857;58
3858;60
3859;60
3860;56
3861;56
3862;34
3863;8
3864;32
3865;74
3866;56
3867;49
3868;67
3869;66
3870;53
3871;74
3872;70
3873;22
3874;56
3875;65
3876;48
3877;46
3878;6
3879;15
3880;55
3881;66
3882;59
3883;55
3884;70
3885;49
3886;55
3887;7
3888;15
3889;16
3890;61
3891;80
3892;73
3893;93
3894;68
3895;59
3896;22
3897;71
3898;51
3899;57
3900;66
3901;28
3902;40
3903;2
3904;58
3905;49
3906;32
3907;25
3908;19
3909;63
3910;19
3911;21
3912;82
3913;47
3914;23
3915;59
3916;77
3917;61
3918;47
3919;65
3920;72
3921;46
3922;53
3923;66
3924;70
3925;51
3926;50
3927;40
3928;47
3929;6
3930;56
3931;46
3932;46
3933;55
3934;58
3935;18
3936;15
3937;44
3938;33
3939;15
3940;6
3941;13
3942;58
3943;58
3944;49
3945;23
3946;26
3947;45
3948;82
3949;50
3950;82
3951;31
3952;60
3953;16
3954;11
3955;37
3956;69
3957;51
3958;47
3959;49
3960;4
3961;51
3962;68
3963;73
3964;82
3965;73
3966;64
3967;68
3968;61
3969;93
3970;51
3971;52
3972;64
3973;38
3974;18
3975;15
3976;9
3977;34
3978;57
3979;44
3980;50
3981;30
3982;71
3983;66
3984;48
3985;75
3986;71
3987;45
3988;12
3989;24
3990;92
3991;84
3992;20
3993;78
3994;58
3995;56
3996;44
3997;25
3998;3
3999;18
4000;30
4001;43
4002;36
4003;59
4004;69
4005;21
4006;32
4007;5
4008;58
4009;37
4010;17
4011;12
4012;68
4013;40
4014;27
4015;4
4016;25
4017;50
4018;22
4019;30
4020;15
4021;1
4022;8
4023;3
4024;82
4025;71
4026;66
4027;70
4028;76
4029;27
4030;80
4031;34
4032;35
4033;52
4034;32
4035;42
4036;36
4037;15
4038;12
4039;43
4040;31
4041;1
4042;25
4043;30
4044;27
4045;31
4046;35
4047;64
4048;37
4049;14
4050;9
4051;13
4052;81
4053;54
4054;47
4055;71
4056;42
4057;19
4058;3
4059;5
4060;5
4061;47
4062;45
4063;5
4064;5
4065;61
4066;73
4067;64
4068;42
4069;71
4070;57
4071;76
4072;22
4073;48
4074;48
4075;25
4076;80
4077;63
4078;69
4079;36
4080;35
4081;17
4082;10
4083;14
4084;68
4085;41
4086;40
4087;18
4088;5
4089;5
4090;64
4091;46
4092;50
4093;65
4094;64
4095;66
4096;62
4097;57
4098;54
4099;48
4100;8
4101;9
4102;78
4103;94
4104;34
4105;31
4106;34
4107;1
4108;0
4109;44
4110;50
4111;6
4112;11
4113;48
4114;55
4115;58
4116;75
4117;42
4118;54
4119;65
4120;53
4121;38
4122;6
4123;12
4124;60
4125;63
4126;65
4127;45
4128;57
4129;12
4130;10
4131;70
4132;49
4133;18
4134;11
4135;45
4136;60
4137;63
4138;51
4139;64
4140;23
4141;72
4142;64
4143;52
4144;15
4145;15
4146;69
4147;53
4148;43
4149;34
4150;58
4151;9
4152;12
4153;74
4154;91
4155;35
4156;54
4157;88
4158;62
4159;44
4160;10
4161;16
4162;51
4163;24
4164;25
4165;52
4166;38
4167;25
4168;46
4169;60
4170;55
4171;54
4172;43
4173;13
4174;14
4175;53
4176;50
4177;18
4178;34
4179;9
4180;46
4181;60
4182;19
4183;85
4184;28
4185;40
4186;6
4187;17
4188;15
4189;60
4190;68
4191;65
4192;43
4193;26
4194;67
4195;57
4196;69
4197;60
4198;59
4199;83
4200;55
4201;67
4202;58
4203;25
4204;82
4205;23
4206;45
4207;1
4208;13
4209;50
4210;87
4211;24
4212;31
4213;3
4214;5
4215;72
4216;67
4217;55
4218;23
4219;49
4220;21
4221;72
4222;73
4223;42
4224;81
4225;32
4226;43
4227;1
4228;46
4229;49
4230;43
4231;9
4232;18
4233;52
4234;54
4235;46
4236;38
4237;11
4238;6
4239;51
4240;38
4241;18
4242;11
4243;15
4244;81
4245;48
4246;62
4247;7
4248;18
4249;78
4250;25
4251;25
4252;5
4253;33
4254;37
4255;4
4256;14
4257;52
4258;49
4259;17
4260;11
4261;18
4262;83
4263;85
4264;65
4265;49
4266;55
4267;46
4268;31
4269;41
4270;41
4271;3
4272;49
4273;35
4274;10
4275;10
4276;45
4277;30
4278;18
4279;10
4280;18
4281;51
4282;67
4283;50
4284;46
4285;11
4286;18
4287;65
4288;60
4289;51
4290;56
4291;47
4292;36
4293;10
4294;17
4295;39
4296;47
4297;0
4298;50
4299;60
4300;72
4301;63
4302;73
4303;52
4304;72
4305;48
4306;42
4307;3
4308;11
4309;53
4310;70
4311;42
4312;26
4313;59
4314;48
4315;68
4316;69
4317;36
4318;58
4319;54
4320;63
4321;26
4322;85
4323;46
4324;72
4325;37
4326;20
4327;59
4328;21
4329;35
4330;54
4331;32
4332;21
4333;51
4334;71
4335;72
4336;29
4337;27
4338;1
4339;13
4340;68
4341;41
4342;68
4343;56
4344;91
4345;55
4346;34
4347;45
4348;42
4349;20
4350;48
4351;64
4352;54
4353;39
4354;15
4355;11
4356;64
4357;67
4358;63
4359;69
4360;71
4361;25
4362;30
4363;46
4364;1
4365;10
4366;34
4367;31
4368;9
4369;7
4370;86
4371;76
4372;53
4373;18
4374;16
4375;60
4376;66
4377;54
4378;52
4379;72
4380;68
4381;56
4382;21
4383;71
4384;63
4385;34
4386;10
4387;18
4388;77
4389;56
4390;91
4391;62
4392;35
4393;53
4394;10
4395;10
4396;59
4397;23
4398;59
4399;24
4400;75
4401;69
4402;50
4403;30
4404;49
4405;49
4406;46
4407;59
4408;62
4409;42
4410;23
4411;73
4412;25
4413;63
4414;24
4415;63
4416;88
4417;69
4418;38
4419;54
4420;43
4421;35
4422;32
4423;1
4424;7
4425;36
4426;25
4427;22
4428;36
4429;46
4430;10
4431;17
4432;74
4433;55
4434;59
4435;60
4436;38
4437;39
4438;49
4439;8
4440;35
4441;40
4442;16
4443;51
4444;68
4445;46
4446;33
4447;3
4448;15
4449;59
4450;48
4451;48
4452;2
4453;26
4454;61
4455;45
4456;48
4457;8
4458;0
4459;8
4460;15
4461;23
4462;23
4463;54
4464;58
4465;58
4466;66
4467;22
4468;46
4469;29
4470;0
4471;3
4472;41
4473;29
4474;17
4475;0
4476;15
4477;45
4478;37
4479;2
4480;57
4481;29
4482;45
4483;27
4484;11
4485;6
4486;68
4487;88
4488;68
4489;67
4490;20
4491;24
4492;23
4493;56
4494;53
4495;48
4496;43
4497;41
4498;12
4499;0
4500;74
4501;63
4502;60
4503;23
4504;70
4505;54
4506;44
4507;46
4508;69
4509;96
4510;37
4511;21
4512;55
4513;60
4514;69
4515;22
4516;25
4517;70
4518;69
4519;43
4520;41
4521;5
4522;55
4523;64
4524;54
4525;40
4526;46
4527;67
4528;67
4529;56
4530;71
4531;72
4532;52
4533;55
4534;79
4535;64
4536;34
4537;68
4538;25
4539;30
4540;21
4541;88
4542;37
4543;57
4544;46
4545;48
4546;79
4547;36
4548;69
4549;54
4550;51
4551;38
4552;57
4553;98
4554;59
4555;37
4556;38
4557;7
4558;86
4559;54
4560;29
4561;96
4562;69
4563;44
4564;36
4565;51
4566;7
4567;37
4568;62
4569;10
4570;9
4571;87
4572;60
4573;28
4574;30
4575;84
4576;51
4577;14
4578;7
4579;58
4580;63
4581;62
4582;56
4583;47
4584;11
4585;55
4586;46
4587;55
4588;30
4589;52
4590;51
4591;11
4592;68
4593;32
4594;34
4595;8
4596;11
4597;10
4598;16
4599;48
4600;42
4601;3
4602;53
4603;67
4604;85
4605;33
4606;19
4607;9
4608;44
4609;59
4610;13
4611;17
4612;49
4613;68
4614;45
4615;23
4616;57
4617;55
4618;47
4619;63
4620;49
4621;73
4622;31
4623;58
4624;23
4625;19
4626;19
4627;22
4628;69
4629;87
4630;61
4631;8
4632;10
4633;35
4634;62
4635;6
4636;26
4637;85
4638;72
4639;53
4640;75
4641;22
4642;59
4643;57
4644;72
4645;61
4646;64
4647;51
4648;63
4649;13
4650;17
4651;41
4652;70
4653;42
4654;73
4655;88
4656;97
4657;53
4658;63
4659;6
4660;48
4661;50
4662;50
4663;7
4664;63
4665;65
4666;23
4667;73
4668;56
4669;8
4670;34
4671;52
4672;52
4673;66
4674;55
4675;44
4676;19
4677;38
4678;69
4679;60
4680;31
4681;40
4682;42
4683;17
4684;10
4685;41
4686;34
4687;81
4688;51
4689;19
4690;34
4691;19
4692;20
4693;33
4694;28
4695;0
4696;14
4697;63
4698;66
4699;71
4700;66
4701;86
4702;20
4703;81
4704;41
4705;44
4706;15
4707;3
4708;30
4709;41
4710;1
4711;15
4712;41
4713;44
4714;10
4715;10
4716;53
4717;41
4718;67
4719;81
4720;67
4721;46
4722;19
4723;72
4724;48
4725;51
4726;42
4727;58
4728;47
4729;35
4730;37
4731;7
4732;13
4733;57
4734;19
4735;73
4736;54
4737;70
4738;63
4739;46
4740;70
4741;53
4742;51
4743;46
4744;34
4745;1
4746;5
4747;72
4748;54
4749;63
4750;69
4751;49
4752;35
4753;15
4754;7
4755;6
4756;6
4757;53
4758;65
4759;28
4760;43
4761;52
4762;23
4763;44
4764;14
4765;7
4766;69
4767;69
4768;41
4769;50
4770;52
4771;8
4772;9
4773;62
4774;20
4775;36
4776;42
4777;60
4778;73
4779;66
4780;19
4781;75
4782;70
4783;56
4784;26
4785;52
4786;44
4787;34
4788;19
4789;5
4790;12
4791;36
4792;34
4793;14
4794;4
4795;3
4796;26
4797;35
4798;15
4799;0
4800;14
4801;69
4802;25
4803;77
4804;44
4805;1
4806;49
4807;56
4808;12
4809;18
4810;22
4811;24
4812;19
4813;47
4814;46
4815;72
4816;19
4817;58
4818;52
4819;72
4820;22
4821;19
4822;82
4823;29
4824;58
4825;29
4826;32
4827;3
4828;41
4829;30
4830;52
4831;44
4832;67
4833;32
4834;48
4835;35
4836;1
4837;5
4838;47
4839;72
4840;74
4841;93
4842;67
4843;63
4844;87
4845;68
4846;60
4847;26
4848;22
4849;85
4850;77
4851;47
4852;47
4853;60
4854;69
4855;73
4856;65
4857;64
4858;64
4859;62
4860;33
4861;21
4862;53
4863;64
4864;57
4865;51
4866;57
4867;78
4868;76
4869;22
4870;75
4871;44
4872;48
4873;29
4874;43
4875;12
4876;79
4877;40
4878;68
4879;48
4880;60
4881;78
4882;53
4883;53
4884;70
4885;21
4886;55
4887;65
4888;45
4889;53
4890;50
4891;57
4892;42
4893;56
4894;8
4895;17
4896;57
4897;53
4898;66
4899;19
4900;83
4901;21
4902;54
4903;48
4904;69
4905;55
4906;64
4907;29
4908;48
4909;32
4910;13
4911;10
4912;60
4913;73
4914;54
4915;13
4916;69
4917;78
4918;47
4919;43
4920;43
4921;9
4922;18
4923;54
4924;44
4925;6
4926;7
4927;35
4928;43
4929;6
4930;42
4931;66
4932;48
4933;21
4934;73
4935;43
4936;33
4937;20
4938;56
4939;71
4940;36
4941;52
4942;10
4943;6
4944;18
4945;65
4946;25
4947;58
4948;80
4949;56
4950;68
4951;72
4952;58
4953;87
4954;59
4955;67
4956;67
4957;43
4958;46
4959;47
4960;6
4961;8
4962;59
4963;47
4964;70
4965;47
4966;54
4967;48
4968;24
4969;49
4970;3
4971;33
4972;30
4973;1
4974;18
4975;1
4976;46
4977;48
4978;13
4979;15
4980;85
4981;55
4982;66
4983;64
4984;56
4985;48
4986;35
4987;22
4988;19
4989;62
4990;32
4991;43
4992;36
4993;28
4994;6
4995;2
4996;22
4997;78
4998;65
4999;22
5000;75
5001;73
5002;79
5003;46
5004;48
5005;69
5006;56
5007;64
5008;85
5009;38
5010;50
5011;11
5012;18
5013;48
5014;41
5015;6
5016;6
5017;85
5018;31
5019;53
5020;32
5021;49
5022;21
5023;62
5024;27
5025;63
5026;46
5027;27
5028;54
5029;9
5030;6
5031;30
5032;47
5033;6
5034;8
5035;65
5036;70
5037;51
5038;55
5039;48
5040;11
5041;30
5042;1
5043;38
5044;47
5045;18
5046;52
5047;27
5048;76
5049;54
5050;20
5051;71
5052;40
5053;65
5054;24
5055;43
5056;29
5057;34
5058;9
5059;10
5060;8
5061;22
5062;43
5063;2
5064;12
5065;9
5066;41
5067;34
5068;11
5069;91
5070;67
5071;32
5072;32
5073;3
5074;4
5075;71
5076;75
5077;31
5078;68
5079;73
5080;59
5081;70
5082;46
5083;24
5084;27
5085;59
5086;42
5087;19
5088;52
5089;54
5090;51
5091;41
5092;31
5093;13
5094;6
5095;74
5096;49
5097;34
5098;18
5099;22
5100;42
5101;9
5102;79
5103;38
5104;48
5105;3
5106;5
5107;47
5108;3
5109;3
5110;80
5111;26
5112;31
5113;74
5114;31
5115;49
5116;30
5117;20
5118;36
5119;1
5120;2
5121;94
5122;75
5123;22
5124;43
5125;38
5126;43
5127;17
5128;10
5129;59
5130;33
5131;15
5132;39
5133;68
5134;22
5135;56
5136;66
5137;42
5138;31
5139;41
5140;7
5141;18
5142;10
5143;39
5144;32
5145;14
5146;6
5147;66
5148;67
5149;41
5150;64
5151;10
5152;11
5153;68
5154;47
5155;48
5156;29
5157;42
5158;21
5159;38
5160;55
5161;57
5162;34
5163;44
5164;13
5165;12
5166;14
5167;78
5168;71
5169;88
5170;59
5171;83
5172;32
5173;39
5174;2
5175;64
5176;45
5177;40
5178;6
5179;19
5180;27
5181;88
5182;71
5183;82
5184;53
5185;43
5186;38
5187;17
5188;60
5189;52
5190;43
5191;20
5192;37
5193;41
5194;53
5195;58
5196;51
5197;45
5198;7
5199;42
5200;34
5201;32
5202;5
5203;5
5204;91
5205;23
5206;74
5207;43
5208;57
5209;40
5210;89
5211;51
5212;37
5213;35
5214;7
5215;51
5216;51
5217;19
5218;49
5219;17
5220;51
5221;93
5222;50
5223;96
5224;57
5225;16
5226;55
5227;15
5228;18
5229;31
5230;28
5231;29
5232;23
5233;50
5234;75
5235;64
5236;19
5237;33
5238;59
5239;17
5240;6
5241;18
5242;48
5243;61
5244;14
5245;13
5246;51
5247;19
5248;70
5249;48
5250;45
5251;47
5252;7
5253;5
5254;1
5255;40
5256;33
5257;4
5258;9
5259;18
5260;44
5261;20
5262;43
5263;20
5264;72
5265;90
5266;25
5267;51
5268;19
5269;70
5270;56
5271;23
5272;51
5273;56
5274;11
5275;8
5276;18
5277;10
5278;22
5279;5
5280;17
5281;3
5282;55
5283;60
5284;51
5285;59
5286;63
5287;36
5288;10
5289;6
5290;15
5291;37
5292;31
5293;8
5294;17
5295;55
5296;57
5297;17
5298;10
5299;70
5300;87
5301;42
5302;37
5303;9
5304;3
5305;35
5306;29
5307;20
5308;4
5309;50
5310;72
5311;51
5312;67
5313;70
5314;36
5315;89
5316;24
5317;64
5318;41
5319;74
5320;59
5321;64
5322;20
5323;42
5324;9
5325;68
5326;49
5327;42
5328;7
5329;10
5330;41
5331;23
5332;34
5333;42
5334;4
5335;12
5336;5
5337;59
5338;68
5339;53
5340;59
5341;53
5342;16
5343;10
5344;71
5345;52
5346;33
5347;50
5348;55
5349;16
5350;11
5351;57
5352;42
5353;23
5354;51
5355;38
5356;46
5357;9
5358;12
5359;17
5360;8
5361;48
5362;34
5363;5
5364;4
5365;50
5366;49
5367;18
5368;71
5369;71
5370;29
5371;30
5372;21
5373;36
5374;67
5375;72
5376;54
5377;53
5378;24
5379;68
5380;43
5381;24
5382;22
5383;31
5384;28
5385;44
5386;3
5387;37
5388;12
5389;11
5390;48
5391;22
5392;48
5393;50
5394;19
5395;32
5396;28
5397;49
5398;67
5399;70
5400;78
5401;75
5402;46
5403;49
5404;57
5405;56
5406;32
5407;19
5408;58
5409;54
5410;61
5411;81
5412;61
5413;55
5414;48
5415;43
5416;66
5417;30
5418;66
5419;90
5420;36
5421;51
5422;45
5423;38
5424;61
5425;39
5426;33
5427;12
5428;16
5429;50
5430;54
5431;82
5432;20
5433;22
5434;17
5435;32
5436;73
5437;47
5438;68
5439;55
5440;58
5441;46
5442;57
5443;46
5444;32
5445;44
5446;7
5447;2
5448;44
5449;22
5450;2
5451;5
5452;14
5453;36
5454;72
5455;56
5456;46
5457;54
5458;21
5459;63
5460;66
5461;36
5462;46
5463;72
5464;39
5465;42
5466;4
5467;66
5468;57
5469;95
5470;54
5471;58
5472;76
5473;48
5474;18
5475;70
5476;20
5477;23
5478;39
5479;59
5480;12
5481;10
5482;18
5483;48
5484;78
5485;54
5486;26
5487;70
5488;67
5489;66
5490;59
5491;25
5492;64
5493;77
5494;51
5495;86
5496;46
5497;43
5498;4
5499;25
5500;68
5501;37
5502;43
5503;13
5504;16
5505;73
5506;19
5507;62
5508;33
5509;22
5510;0
5511;10
5512;86
5513;66
5514;48
5515;56
5516;64
5517;41
5518;37
5519;52
5520;57
5521;52
5522;20
5523;40
5524;1
5525;8
5526;43
5527;45
5528;60
5529;88
5530;51
5531;66
5532;19
5533;19
5534;33
5535;23
5536;51
5537;20
5538;36
5539;26
5540;55
5541;7
5542;11
5543;73
5544;37
5545;64
5546;54
5547;66
5548;19
5549;61
5550;22
5551;58
5552;45
5553;49
5554;10
5555;9
5556;74
5557;68
5558;32
5559;44
5560;53
5561;54
5562;7
5563;6
5564;6
5565;68
5566;59
5567;83
5568;20
5569;56
5570;51
5571;61
5572;38
5573;60
5574;23
5575;70
5576;69
5577;73
5578;41
5579;32
5580;38
5581;9
5582;18
5583;10
5584;60
5585;54
5586;19
5587;69
5588;53
5589;49
5590;60
5591;53
5592;75
5593;66
5594;48
5595;71
5596;53
5597;57
5598;44
5599;25
5600;2
5601;16
5602;18
5603;69
5604;57
5605;59
5606;12
5607;26
5608;36
5609;43
5610;24
5611;18
5612;46
5613;56
5614;50
5615;79
5616;42
5617;38
5618;4
5619;17
5620;16
5621;30
5622;26
5623;10
5624;67
5625;60
5626;36
5627;61
5628;62
5629;62
5630;67
5631;53
5632;44
5633;63
5634;58
5635;67
5636;24
5637;7
5638;21
5639;64
5640;45
5641;25
5642;66
5643;51
5644;63
5645;36
5646;45
5647;1
5648;16
5649;43
5650;50
5651;21
5652;65
5653;59
5654;20
5655;32
5656;68
5657;74
5658;45
5659;43
5660;7
5661;7
5662;11
5663;11
5664;59
5665;23
5666;59
5667;51
5668;18
5669;13
5670;18
5671;76
5672;68
5673;50
5674;25
5675;64
5676;20
5677;51
5678;70
5679;76
5680;70
5681;38
5682;45
5683;8
5684;4
5685;55
5686;63
5687;63
5688;57
5689;35
5690;38
5691;16
5692;56
5693;75
5694;51
5695;48
5696;78
5697;65
5698;43
5699;51
5700;52
5701;72
5702;68
5703;75
5704;19
5705;20
5706;20
5707;66
5708;60
5709;34
5710;8
5711;15
5712;32
5713;30
5714;10
5715;3
5716;43
5717;53
5718;57
5719;16
5720;67
5721;55
5722;82
5723;74
5724;19
5725;27
5726;4
5727;14
5728;8
5729;65
5730;61
5731;63
5732;47
5733;68
5734;40
5735;52
5736;60
5737;45
5738;45
5739;5
5740;3
5741;10
5742;29
5743;33
5744;8
5745;6
5746;82
5747;58
5748;54
5749;22
5750;63
5751;19
5752;22
5753;63
5754;23
5755;59
5756;46
5757;64
5758;46
5759;26
5760;46
5761;35
5762;26
5763;15
5764;17
5765;62
5766;25
5767;57
5768;66
5769;24
5770;81
5771;38
5772;61
5773;56
5774;65
5775;59
5776;67
5777;75
5778;49
5779;44
5780;18
5781;17
5782;17
5783;14
5784;52
5785;51
5786;53
5787;50
5788;71
5789;73
5790;61
5791;59
5792;82
5793;48
5794;63
5795;38
5796;13
5797;12
5798;66
5799;81
5800;50
5801;54
5802;71
5803;71
5804;43
5805;45
5806;49
5807;19
5808;21
5809;20
5810;58
5811;44
5812;16
5813;17
5814;41
5815;62
5816;48
5817;38
5818;45
5819;17
5820;6
5821;22
5822;84
5823;42
5824;41
5825;8
5826;61
5827;20
5828;37
5829;56
5830;18
5831;52
5832;82
5833;43
5834;78
5835;57
5836;73
5837;40
5838;17
5839;14
5840;63
5841;61
5842;53
5843;56
5844;72
5845;30
5846;44
5847;19
5848;0
5849;64
5850;26
5851;22
5852;43
5853;13
5854;4
5855;29
5856;22
5857;0
5858;9
5859;27
5860;15
5861;6
5862;29
5863;59
5864;11
5865;31
5866;35
5867;12
5868;16
5869;56
5870;66
5871;51
5872;46
5873;46
5874;4
5875;57
5876;51
5877;47
5878;29
5879;63
5880;55
5881;29
5882;29
5883;6
5884;3
5885;49
5886;10
5887;85
5888;44
5889;45
5890;1
5891;10
5892;63
5893;35
5894;73
5895;41
5896;56
5897;43
5898;60
5899;22
5900;73
5901;23
5902;24
5903;61
5904;59
5905;52
5906;65
5907;66
5908;73
5909;60
5910;48
5911;61
5912;83
5913;20
5914;36
5915;53
5916;17
5917;14
5918;89
5919;47
5920;72
5921;41
5922;52
5923;53
5924;63
5925;27
5926;40
5927;3
5928;59
5929;63
5930;69
5931;58
5932;38
5933;63
5934;73
5935;42
5936;56
5937;43
5938;11
5939;69
5940;40
5941;67
5942;65
5943;55
5944;44
5945;10
5946;54
5947;64
5948;22
5949;35
5950;71
5951;78
5952;45
5953;49
5954;56
5955;48
5956;53
5957;7
5958;8
5959;17
5960;48
5961;57
5962;79
5963;48
5964;47
5965;48
5966;65
5967;35
5968;42
5969;71
5970;44
5971;49
5972;28
5973;17
5974;13
5975;14
5976;7
5977;71
5978;76
5979;24
5980;25
5981;21
5982;33
5983;67
5984;68
5985;76
5986;41
5987;62
5988;15
5989;12
5990;61
5991;32
5992;79
5993;21
5994;77
5995;46
5996;35
5997;29
5998;33
5999;46
6000;0
6001;0
6002;27
6003;31
6004;7
6005;2
6006;70
6007;23
6008;55
6009;51
6010;9
6011;60
6012;65
6013;39
6014;69
6015;62
6016;76
6017;33
6018;19
6019;20
6020;21
6021;72
6022;50
6023;57
6024;46
6025;85
6026;59
6027;33
6028;29
6029;48
6030;4
6031;8
6032;38
6033;73
6034;44
6035;32
6036;45
6037;50
6038;37
6039;8
6040;18
6041;67
6042;54
6043;42
6044;6
6045;18
6046;76
6047;73
6048;56
6049;90
6050;56
6051;64
6052;47
6053;45
6054;48
6055;63
6056;54
6057;62
6058;38
6059;47
6060;4
6061;15
6062;66
6063;46
6064;64
6065;51
6066;44
6067;61
6068;13
6069;14
6070;33
6071;48
6072;57
6073;69
6074;57
6075;63
6076;56
6077;67
6078;35
6079;47
6080;4
6081;8
6082;67
6083;52
6084;50
6085;47
6086;32
6087;40
6088;51
6089;16
6090;10
6091;45
6092;13
6093;14
6094;55
6095;36
6096;40
6097;13
6098;62
6099;57
6100;45
6101;13
6102;18
6103;42
6104;23
6105;5
6106;48
6107;26
6108;36
6109;85
6110;81
6111;53
6112;68
6113;57
6114;62
6115;7
6116;14
6117;59
6118;59
6119;57
6120;49
6121;9
6122;26
6123;33
6124;59
6125;47
6126;56
6127;43
6128;12
6129;65
6130;55
6131;52
6132;85
6133;54
6134;53
6135;75
6136;51
6137;52
6138;48
6139;10
6140;54
6141;35
6142;26
6143;55
6144;44
6145;10
6146;10
6147;44
6148;26
6149;8
6150;18
6151;56
6152;33
6153;34
6154;1
6155;16
6156;5
6157;11
6158;50
6159;80
6160;31
6161;74
6162;60
6163;25
6164;38
6165;65
6166;60
6167;45
6168;70
6169;51
6170;69
6171;63
6172;45
6173;52
6174;72
6175;62
6176;61
6177;63
6178;31
6179;40
6180;62
6181;48
6182;15
6183;9
6184;43
6185;56
6186;26
6187;13
6188;14
6189;45
6190;30
6191;3
6192;3
6193;61
6194;74
6195;22
6196;49
6197;49
6198;25
6199;54
6200;61
6201;56
6202;52
6203;48
6204;26
6205;11
6206;6
6207;63
6208;8
6209;53
6210;66
6211;48
6212;51
6213;56
6214;13
6215;10
6216;67
6217;58
6218;43
6219;38
6220;19
6221;45
6222;13
6223;73
6224;81
6225;54
6226;59
6227;13
6228;6
6229;18
6230;34
6231;54
6232;100
6233;51
6234;68
6235;74
6236;68
6237;50
6238;57
6239;41
6240;14
6241;45
6242;70
6243;47
6244;73
6245;88
6246;64
6247;53
6248;69
6249;53
6250;63
6251;56
6252;74
6253;68
6254;65
6255;39
6256;67
6257;91
6258;34
6259;71
6260;69
6261;54
6262;86
6263;48
6264;53
6265;9
6266;10
6267;10
6268;46
6269;47
6270;9
6271;6
6272;73
6273;65
6274;62
6275;70
6276;79
6277;74
6278;51
6279;29
6280;52
6281;54
6282;87
6283;33
6284;16
6285;84
6286;32
6287;64
6288;72
6289;20
6290;19
6291;65
6292;67
6293;53
6294;48
6295;12
6296;18
6297;27
6298;22
6299;86
6300;52
6301;63
6302;50
6303;9
6304;14
6305;8
6306;63
6307;52
6308;8
6309;57
6310;64
6311;8
6312;6
6313;42
6314;63
6315;12
6316;9
6317;18
6318;71
6319;72
6320;44
6321;28
6322;59
6323;50
6324;65
6325;56
6326;79
6327;24
6328;57
6329;21
6330;75
6331;78
6332;68
6333;21
6334;19
6335;25
6336;19
6337;50
6338;29
6339;24
6340;5
6341;5
6342;4
6343;57
6344;25
6345;76
6346;67
6347;67
6348;20
6349;83
6350;69
6351;64
6352;23
6353;22
6354;71
6355;56
6356;64
6357;45
6358;29
6359;36
6360;5
6361;13
6362;45
6363;45
6364;51
6365;29
6366;86
6367;63
6368;58
6369;22
6370;73
6371;31
6372;65
6373;56
6374;44
6375;15
6376;8
6377;59
6378;29
6379;12
6380;9
6381;12
6382;12
6383;20
6384;23
6385;21
6386;31
6387;86
6388;84
6389;59
6390;26
6391;48
6392;57
6393;45
6394;46
6395;6
6396;53
6397;60
6398;32
6399;42
6400;60
6401;64
6402;51
6403;66
6404;22
6405;42
6406;69
6407;23
6408;53
6409;74
6410;58
6411;81
6412;20
6413;66
6414;45
6415;29
6416;5
6417;0
6418;63
6419;31
6420;44
6421;70
6422;21
6423;69
6424;64
6425;72
6426;51
6427;20
6428;57
6429;51
6430;70
6431;58
6432;85
6433;65
6434;61
6435;48
6436;42
6437;26
6438;5
6439;69
6440;68
6441;90
6442;83
6443;83
6444;67
6445;60
6446;57
6447;57
6448;53
6449;51
6450;59
6451;65
6452;61
6453;82
6454;77
6455;54
6456;48
6457;62
6458;26
6459;30
6460;25
6461;72
6462;62
6463;65
6464;57
6465;33
6466;27
6467;0
6468;10
6469;0
6470;25
6471;62
6472;78
6473;48
6474;60
6475;27
6476;18
6477;6
6478;54
6479;46
6480;17
6481;12
6482;22
6483;21
6484;65
6485;45
6486;67
6487;68
6488;25
6489;62
6490;63
6491;27
6492;64
6493;74
6494;59
6495;72
6496;48
6497;53
6498;64
6499;53
6500;53
6501;75
6502;66
6503;60
6504;61
6505;46
6506;33
6507;66
6508;48
6509;63
6510;78
6511;76
6512;67
6513;90
6514;91
6515;51
6516;72
6517;74
6518;57
6519;48
6520;55
6521;42
6522;12
6523;15
6524;21
6525;28
6526;50
6527;65
6528;72
6529;71
6530;21
6531;34
6532;10
6533;5
6534;34
6535;44
6536;11
6537;4
6538;46
6539;50
6540;9
6541;14
6542;46
6543;48
6544;2
6545;14
6546;39
6547;61
6548;70
6549;68
6550;78
6551;70
6552;42
6553;23
6554;29
6555;23
6556;6
6557;3
6558;56
6559;26
6560;55
6561;38
6562;45
6563;5
6564;0
6565;7
6566;63
6567;63
6568;51
6569;88
6570;33
6571;43
6572;77
6573;76
6574;60
6575;69
6576;32
6577;53
6578;6
6579;9
6580;58
6581;57
6582;56
6583;17
6584;6
6585;62
6586;58
6587;16
6588;13
6589;31
6590;1
6591;45
6592;51
6593;54
6594;53
6595;38
6596;41
6597;0
6598;7
6599;53
6600;59
6601;80
6602;51
6603;47
6604;67
6605;58
6606;73
6607;76
6608;97
6609;65
6610;22
6611;67
6612;49
6613;19
6614;63
6615;90
6616;52
6617;57
6618;65
6619;51
6620;50
6621;60
6622;56
6623;45
6624;78
6625;67
6626;94
6627;61
6628;41
6629;13
6630;17
6631;9
6632;34
6633;48
6634;14
6635;42
6636;51
6637;53
6638;20
6639;64
6640;55
6641;56
6642;77
6643;40
6644;38
6645;7
6646;12
6647;38
6648;60
6649;60
6650;6
6651;61
6652;64
6653;35
6654;51
6655;52
6656;86
6657;67
6658;47
6659;31
6660;6
6661;14
6662;16
6663;60
6664;60
6665;71
6666;57
6667;91
6668;56
6669;35
6670;59
6671;27
6672;57
6673;63
6674;21
6675;72
6676;74
6677;49
6678;85
6679;54
6680;28
6681;24
6682;18
6683;4
6684;17
6685;63
6686;68
6687;94
6688;58
6689;47
6690;53
6691;47
6692;13
6693;13
6694;23
6695;50
6696;9
6697;71
6698;27
6699;29
6700;53
6701;61
6702;71
6703;82
6704;61
6705;58
6706;43
6707;37
6708;5
6709;1
6710;51
6711;21
6712;37
6713;70
6714;41
6715;39
6716;5
6717;2
6718;77
6719;33
6720;66
6721;43
6722;61
6723;65
6724;21
6725;40
6726;55
6727;49
6728;13
6729;11
6730;48
6731;35
6732;46
6733;49
6734;17
6735;17
6736;51
6737;11
6738;14
6739;27
6740;54
6741;36
6742;45
6743;2
6744;5
6745;60
6746;19
6747;20
6748;71
6749;63
6750;86
6751;61
6752;22
6753;80
6754;46
6755;57
6756;65
6757;65
6758;66
6759;76
6760;34
6761;53
6762;34
6763;80
6764;37
6765;70
6766;71
6767;20
6768;59
6769;36
6770;54
6771;56
6772;50
6773;89
6774;66
6775;21
6776;51
6777;73
6778;50
6779;26
6780;17
6781;12
6782;77
6783;35
6784;24
6785;69
6786;25
6787;49
6788;54
6789;78
6790;68
6791;46
6792;34
6793;7
6794;5
6795;60
6796;49
6797;31
6798;40
6799;8
6800;16
6801;15
6802;73
6803;36
6804;78
6805;59
6806;25
6807;68
6808;33
6809;69
6810;84
6811;72
6812;62
6813;50
6814;20
6815;48
6816;5
6817;1
6818;54
6819;55
6820;38
6821;21
6822;66
6823;51
6824;65
6825;81
6826;51
6827;60
6828;64
6829;49
6830;19
6831;38
6832;0
6833;83
6834;26
6835;43
6836;18
6837;60
6838;51
6839;33
6840;70
6841;58
6842;86
6843;25
6844;19
6845;29
6846;51
6847;25
6848;47
6849;60
6850;22
6851;28
6852;19
6853;56
6854;25
6855;55
6856;61
6857;19
6858;21
6859;56
6860;53
6861;19
6862;42
6863;35
6864;16
6865;11
6866;83
6867;64
6868;29
6869;64
6870;63
6871;30
6872;25
6873;29
6874;57
6875;64
6876;55
6877;36
6878;46
6879;8
6880;73
6881;28
6882;69
6883;44
6884;43
6885;3
6886;5
6887;2
6888;53
6889;72
6890;76
6891;25
6892;32
6893;62
6894;15
6895;18
6896;6
6897;67
6898;65
6899;83
6900;37
6901;51
6902;87
6903;66
6904;28
6905;51
6906;39
6907;64
6908;47
6909;7
6910;31
6911;47
6912;8
6913;8
6914;11
6915;29
6916;71
6917;47
6918;34
6919;36
6920;11
6921;15
6922;72
6923;48
6924;65
6925;36
6926;33
6927;13
6928;8
6929;53
6930;58
6931;67
6932;55
6933;47
6934;51
6935;55
6936;54
6937;61
6938;62
6939;48
6940;51
6941;60
6942;62
6943;72
6944;68
6945;84
6946;51
6947;53
6948;64
6949;47
6950;58
6951;62
6952;67
6953;32
6954;72
6955;34
6956;44
6957;38
6958;44
6959;3
6960;62
6961;59
6962;64
6963;66
6964;45
6965;42
6966;18
6967;15
6968;20
6969;22
6970;51
6971;22
6972;41
6973;21
6974;37
6975;39
6976;17
6977;3
6978;1
6979;7
6980;3
6981;7
6982;60
6983;25
6984;43
6985;16
6986;32
6987;19
6988;52
6989;63
6990;23
6991;55
6992;19
6993;53
6994;30
6995;14
6996;10
6997;51
6998;61
6999;55
7000;51
7001;56
7002;38
7003;58
7004;86
7005;68
7006;61
7007;46
7008;90
7009;26
7010;50
7011;14
7012;18
7013;11
7014;46
7015;35
7016;1
7017;48
7018;40
7019;8
7020;1
7021;21
7022;45
7023;12
7024;18
7025;87
7026;74
7027;77
7028;26
7029;50
7030;40
7031;14
7032;11
7033;52
7034;73
7035;29
7036;40
7037;3
7038;4
7039;50
7040;28
7041;71
7042;45
7043;60
7044;56
7045;71
7046;46
7047;58
7048;68
7049;66
7050;72
7051;45
7052;41
7053;85
7054;55
7055;29
7056;33
7057;16
7058;17
7059;9
7060;85
7061;68
7062;76
7063;76
7064;58
7065;77
7066;26
7067;61
7068;29
7069;30
7070;10
7071;36
7072;57
7073;61
7074;61
7075;42
7076;47
7077;10
7078;18
7079;6
7080;66
7081;74
7082;30
7083;32
7084;65
7085;40
7086;65
7087;31
7088;48
7089;21
7090;24
7091;28
7092;74
7093;45
7094;39
7095;18
7096;56
7097;22
7098;19
7099;58
7100;42
7101;19
7102;58
7103;45
7104;2
7105;4
7106;39
7107;67
7108;85
7109;51
7110;9
7111;67
7112;53
7113;48
7114;39
7115;51
7116;66
7117;31
7118;12
7119;12
7120;62
7121;56
7122;57
7123;42
7124;21
7125;56
7126;66
7127;66
7128;31
7129;46
7130;52
7131;53
7132;59
7133;46
7134;63
7135;17
7136;45
7137;30
7138;5
7139;3
7140;46
7141;56
7142;65
7143;66
7144;52
7145;55
7146;44
7147;51
7148;26
7149;20
7150;47
7151;14
7152;16
7153;71
7154;25
7155;59
7156;46
7157;52
7158;11
7159;11
7160;73
7161;86
7162;47
7163;48
7164;17
7165;9
7166;35
7167;79
7168;70
7169;38
7170;48
7171;10
7172;3
7173;21
7174;70
7175;52
7176;22
7177;56
7178;56
7179;25
7180;33
7181;14
7182;2
7183;22
7184;29
7185;1
7186;1
7187;24
7188;66
7189;51
7190;24
7191;59
7192;29
7193;25
7194;37
7195;84
7196;43
7197;8
7198;9
7199;39
7200;29
7201;61
7202;9
7203;13
7204;81
7205;53
7206;66
7207;57
7208;58
7209;41
7210;28
7211;9
7212;8
7213;29
7214;28
7215;12
7216;62
7217;55
7218;59
7219;51
7220;70
7221;75
7222;52
7223;54
7224;75
7225;33
7226;29
7227;62
7228;29
7229;26
7230;57
7231;34
7232;40
7233;12
7234;4
7235;23
7236;68
7237;57
7238;80
7239;48
7240;32
7241;83
7242;27
7243;69
7244;52
7245;27
7246;63
7247;50
7248;43
7249;54
7250;10
7251;46
7252;47
7253;16
7254;13
7255;17
7256;18
7257;45
7258;60
7259;97
7260;21
7261;49
7262;74
7263;59
7264;57
7265;76
7266;73
7267;58
7268;42
7269;46
7270;17
7271;42
7272;55
7273;31
7274;18
7275;7
7276;8
7277;60
7278;58
7279;30
7280;49
7281;5
7282;35
7283;69
7284;20
7285;68
7286;52
7287;58
7288;35
7289;44
7290;17
7291;11
7292;18
7293;26
7294;77
7295;51
7296;10
7297;12
7298;77
7299;63
7300;49
7301;42
7302;9
7303;7
7304;28
7305;29
7306;2
7307;18
7308;1
7309;66
7310;53
7311;65
7312;71
7313;61
7314;7
7315;11
7316;46
7317;26
7318;97
7319;87
7320;77
7321;68
7322;26
7323;37
7324;7
7325;12
7326;58
7327;49
7328;73
7329;58
7330;83
7331;45
7332;41
7333;8
7334;9
7335;73
7336;50
7337;55
7338;13
7339;15
7340;24
7341;65
7342;65
7343;69
7344;89
7345;37
7346;7
7347;27
7348;49
7349;11
7350;30
7351;29
7352;29
7353;63
7354;50
7355;62
7356;48
7357;46
7358;38
7359;9
7360;6
7361;54
7362;32
7363;31
7364;7
7365;1
7366;55
7367;59
7368;58
7369;14
7370;84
7371;35
7372;54
7373;55
7374;43
7375;25
7376;55
7377;44
7378;39
7379;22
7380;56
7381;31
7382;38
7383;2
7384;27
7385;36
7386;8
7387;9
7388;36
7389;41
7390;66
7391;37
7392;62
7393;69
7394;65
7395;66
7396;46
7397;60
7398;86
7399;49
7400;20
7401;22
7402;24
7403;55
7404;32
7405;13
7406;9
7407;16
7408;32
7409;87
7410;27
7411;41
7412;5
7413;39
7414;36
7415;0
7416;44
7417;53
7418;28
7419;45
7420;21
7421;64
7422;48
7423;50
7424;33
7425;46
7426;6
7427;14
7428;6
7429;60
7430;68
7431;49
7432;78
7433;56
7434;32
7435;43
7436;8
7437;57
7438;23
7439;71
7440;60
7441;41
7442;35
7443;9
7444;31
7445;25
7446;2
7447;67
7448;20
7449;74
7450;55
7451;62
7452;38
7453;21
7454;61
7455;42
7456;43
7457;14
7458;53
7459;23
7460;41
7461;12
7462;34
7463;4
7464;0
7465;1
7466;16
7467;14
7468;5
7469;71
7470;68
7471;51
7472;81
7473;85
7474;50
7475;55
7476;48
7477;28
7478;94
7479;22
7480;71
7481;47
7482;29
7483;17
7484;18
7485;9
7486;9
7487;57
7488;71
7489;71
7490;51
7491;32
7492;27
7493;43
7494;10
7495;50
7496;20
7497;57
7498;82
7499;31
7500;50
7501;91
7502;59
7503;71
7504;39
7505;14
7506;0
7507;84
7508;20
7509;95
7510;57
7511;52
7512;68
7513;63
7514;21
7515;56
7516;64
7517;57
7518;16
7519;16
7520;17
7521;65
7522;51
7523;20
7524;56
7525;78
7526;69
7527;68
7528;32
7529;64
7530;14
7531;12
7532;9
7533;63
7534;64
7535;32
7536;43
7537;15
7538;84
7539;68
7540;48
7541;81
7542;53
7543;27
7544;49
7545;4
7546;16
7547;62
7548;69
7549;26
7550;42
7551;11
7552;15
7553;49
7554;62
7555;70
7556;62
7557;68
7558;68
7559;59
7560;80
7561;35
7562;74
7563;54
7564;32
7565;46
7566;5
7567;5
7568;65
7569;92
7570;53
7571;72
7572;58
7573;29
7574;46
7575;38
7576;10
7577;6
7578;68
7579;29
7580;57
7581;72
7582;64
7583;25
7584;40
7585;35
7586;60
7587;45
7588;13
7589;8
7590;78
7591;33
7592;13
7593;15
7594;59
7595;30
7596;21
7597;52
7598;24
7599;42
7600;32
7601;16
7602;18
7603;67
7604;47
7605;79
7606;87
7607;62
7608;49
7609;11
7610;16
7611;17
7612;36
7613;28
7614;23
7615;68
7616;62
7617;46
7618;43
7619;8
7620;13
7621;51
7622;82
7623;21
7624;51
7625;23
7626;73
7627;85
7628;88
7629;69
7630;98
7631;74
7632;72
7633;88
7634;73
7635;101
7636;98
7637;71
7638;74
7639;70
7640;76
7641;71
7642;72
7643;73
7644;88
7645;82
7646;70
7647;88
7648;76
7649;87
7650;71
7651;82
7652;87
7653;81
7654;67
7655;71
7656;87
7657;67
7658;88
7659;77
7660;72
7661;89
7662;87
7663;82
7664;71
7665;68
7666;72
7667;77
7668;67
7669;89
7670;84
7671;70
7672;96
7673;76
7674;105
7675;88
7676;99
7677;88
7678;96
