1;58
2;53
3;54
4;57
5;23
6;24
7;78
8;64
9;44
10;41
11;30
12;1
13;9
14;60
15;9
16;14
17;33
18;28
19;53
20;34
21;7
22;8
23;12
24;39
25;45
26;17
27;5
28;0
29;34
30;47
31;18
32;1
33;82
34;55
35;46
36;22
37;33
38;91
39;42
40;34
41;40
42;59
43;61
44;24
45;38
46;30
47;48
48;2
49;0
50;16
51;26
52;9
53;35
54;74
55;45
56;8
57;43
58;41
59;10
60;12
61;9
62;51
63;54
64;38
65;17
66;14
67;16
68;91
69;65
70;65
71;52
72;61
73;68
74;36
75;62
76;7
77;17
78;29
79;22
80;91
81;84
82;74
83;68
84;51
85;45
86;78
87;35
88;32
89;12
90;27
91;37
92;0
93;3
94;2
95;59
96;49
97;79
98;58
99;74
100;40
101;86
102;34
103;12
104;70
105;42
106;41
107;15
108;9
109;14
110;8
111;44
112;62
113;15
114;14
115;42
116;37
117;31
118;3
119;15
120;5
121;3
122;1
123;48
124;12
125;52
126;18
127;17
128;48
129;45
130;70
131;19
132;26
133;74
134;71
135;64
136;65
137;80
138;36
139;60
140;45
141;0
142;7
143;46
144;27
145;44
146;32
147;5
148;4
149;66
150;25
151;54
152;32
153;6
154;14
155;63
156;8
157;61
158;85
159;74
160;46
161;76
162;46
163;11
164;13
165;54
166;41
167;11
168;13
169;10
170;55
171;30
172;22
173;52
174;25
175;62
176;78
177;83
178;73
179;72
180;46
181;44
182;23
183;82
184;71
185;59
186;48
187;71
188;52
189;27
190;48
191;39
192;44
193;54
194;39
195;37
196;20
197;19
198;21
199;46
200;43
201;58
202;68
203;41
204;37
205;13
206;26
207;64
208;69
209;65
210;36
211;43
212;4
213;5
214;51
215;53
216;18
217;9
218;28
219;59
220;69
221;67
222;59
223;47
224;12
225;8
226;11
227;46
228;45
229;8
230;70
231;56
232;45
233;17
234;37
235;72
236;22
237;47
238;80
239;72
240;76
241;48
242;47
243;13
244;69
245;79
246;56
247;63
248;27
249;42
250;1
251;1
252;80
253;40
254;86
255;40
256;49
257;15
258;12
259;68
260;81
261;63
262;73
263;66
264;50
265;57
266;8
267;18
268;18
269;79
270;36
271;23
272;20
273;36
274;84
275;66
276;35
277;63
278;35
279;8
280;16
281;73
282;68
283;75
284;26
285;32
286;5
287;13
288;72
289;72
290;21
291;62
292;69
293;59
294;68
295;56
296;83
297;73
298;29
299;62
300;93
301;80
302;47
303;73
304;55
305;9
306;69
307;29
308;55
309;69
310;66
311;67
312;64
313;39
314;44
315;42
316;49
317;21
318;44
319;21
320;22
321;25
322;74
323;59
324;51
325;69
326;83
327;40
328;52
329;79
330;23
331;31
332;39
333;39
334;10
335;14
336;79
337;58
338;28
339;17
340;14
341;43
342;55
343;89
344;75
345;46
346;48
347;41
348;11
349;16
350;2
351;51
352;71
353;76
354;40
355;64
356;12
357;33
358;60
359;18
360;74
361;73
362;42
363;57
364;30
365;14
366;12
367;65
368;36
369;35
370;11
371;9
372;10
373;60
374;21
375;60
376;75
377;53
378;29
379;71
380;50
381;71
382;19
383;69
384;58
385;78
386;55
387;34
388;69
389;57
390;62
391;65
392;78
393;57
394;50
395;19
396;31
397;86
398;45
399;43
400;15
401;38
402;40
403;20
404;43
405;60
406;17
407;66
408;32
409;41
410;34
411;17
412;15
413;60
414;20
415;46
416;45
417;37
418;18
419;15
420;65
421;38
422;50
423;44
424;20
425;20
426;62
427;52
428;48
429;21
430;76
431;23
432;21
433;47
434;59
435;25
436;56
437;71
438;81
439;56
440;28
441;66
442;60
443;91
444;83
445;48
446;68
447;81
448;65
449;64
450;47
451;79
452;96
453;71
454;19
455;23
456;41
457;68
458;37
459;36
460;43
461;66
462;23
463;56
464;80
465;81
466;31
467;32
468;15
469;75
470;62
471;23
472;21
473;43
474;21
475;46
476;44
477;53
478;11
479;59
480;77
481;59
482;41
483;17
484;16
485;72
486;54
487;35
488;8
489;4
490;36
491;28
492;5
493;1
494;55
495;18
496;7
497;73
498;63
499;68
500;62
501;28
502;17
503;14
504;17
505;73
506;82
507;25
508;64
509;35
510;65
511;60
512;38
513;16
514;8
515;60
516;76
517;29
518;65
519;62
520;74
521;31
522;58
523;43
524;17
525;12
526;22
527;57
528;57
529;37
530;12
531;15
532;37
533;29
534;8
535;12
536;45
537;47
538;57
539;12
540;11
541;8
542;60
543;63
544;46
545;57
546;54
547;35
548;38
549;57
550;44
551;66
552;30
553;17
554;9
555;42
556;45
557;44
558;49
559;11
560;8
561;10
562;38
563;63
564;12
565;7
566;35
567;60
568;73
569;19
570;64
571;64
572;46
573;85
574;54
575;46
576;10
577;17
578;9
579;23
580;42
581;77
582;68
583;36
584;26
585;63
586;61
587;31
588;63
589;10
590;9
591;38
592;68
593;39
594;74
595;70
596;57
597;26
598;89
599;36
600;53
601;8
602;71
603;24
604;36
605;27
606;14
607;5
608;16
609;42
610;12
611;46
612;36
613;69
614;55
615;20
616;55
617;64
618;9
619;28
620;54
621;42
622;51
623;71
624;43
625;50
626;65
627;76
628;78
629;47
630;57
631;43
632;18
633;41
634;26
635;1
636;5
637;1
638;41
639;77
640;83
641;80
642;23
643;45
644;40
645;11
646;10
647;54
648;57
649;73
650;20
651;30
652;36
653;12
654;15
655;15
656;15
657;63
658;72
659;37
660;23
661;19
662;49
663;42
664;66
665;71
666;76
667;42
668;37
669;36
670;31
671;18
672;82
673;31
674;56
675;25
676;46
677;47
678;48
679;47
680;11
681;10
682;56
683;91
684;89
685;49
686;64
687;66
688;44
689;48
690;12
691;32
692;32
693;32
694;9
695;59
696;41
697;7
698;7
699;15
700;25
701;42
702;10
703;66
704;37
705;40
706;33
707;10
708;17
709;28
710;33
711;2
712;68
713;77
714;64
715;62
716;53
717;28
718;57
719;67
720;25
721;40
722;13
723;5
724;3
725;40
726;38
727;12
728;9
729;52
730;54
731;77
732;66
733;74
734;39
735;68
736;73
737;77
738;78
739;31
740;43
741;2
742;13
743;71
744;57
745;22
746;44
747;25
748;67
749;19
750;53
751;49
752;16
753;60
754;64
755;27
756;62
757;56
758;48
759;45
760;0
761;13
762;5
763;64
764;65
765;26
766;45
767;16
768;15
769;67
770;52
771;35
772;1
773;6
774;27
775;45
776;48
777;3
778;1
779;45
780;39
781;33
782;7
783;8
784;18
785;67
786;38
787;36
788;41
789;2
790;2
791;14
792;12
793;23
794;73
795;32
796;29
797;8
798;69
799;45
800;11
801;2
802;14
803;56
804;63
805;25
806;36
807;13
808;1
809;30
810;51
811;19
812;21
813;59
814;52
815;14
816;17
817;66
818;68
819;46
820;33
821;7
822;57
823;24
824;50
825;25
826;54
827;78
828;38
829;26
830;2
831;85
832;72
833;23
834;58
835;72
836;33
837;83
838;51
839;21
840;83
841;62
842;76
843;56
844;53
845;74
846;68
847;58
848;79
849;93
850;61
851;64
852;64
853;34
854;37
855;2
856;13
857;79
858;61
859;38
860;21
861;23
862;58
863;61
864;78
865;23
866;37
867;55
868;47
869;40
870;0
871;5
872;37
873;77
874;48
875;30
876;14
877;18
878;66
879;54
880;17
881;45
882;37
883;8
884;0
885;52
886;89
887;41
888;75
889;42
890;19
891;70
892;66
893;66
894;67
895;68
896;19
897;53
898;19
899;83
900;43
901;2
902;92
903;39
904;44
905;16
906;16
907;30
908;84
909;45
910;16
911;12
912;61
913;57
914;33
915;59
916;60
917;47
918;71
919;71
920;64
921;32
922;62
923;42
924;25
925;13
926;1
927;2
928;44
929;17
930;36
931;64
932;37
933;44
934;33
935;7
936;11
937;37
938;36
939;47
940;15
941;15
942;30
943;59
944;9
945;11
946;18
947;71
948;49
949;34
950;65
951;39
952;43
953;51
954;72
955;69
956;67
957;41
958;35
959;4
960;12
961;37
962;57
963;22
964;59
965;44
966;68
967;27
968;36
969;42
970;51
971;71
972;50
973;77
974;52
975;18
976;68
977;66
978;34
979;46
980;12
981;13
982;50
983;35
984;51
985;44
986;7
987;11
988;78
989;64
990;82
991;64
992;61
993;36
994;85
995;45
996;25
997;4
998;0
999;1
1000;59
1001;57
1002;74
1003;63
1004;38
1005;13
1006;15
1007;52
1008;56
1009;72
1010;28
1011;30
1012;18
1013;11
1014;7
1015;24
1016;22
1017;70
1018;21
1019;19
1020;24
1021;62
1022;73
1023;86
1024;69
1025;55
1026;55
1027;39
1028;37
1029;15
1030;18
1031;63
1032;43
1033;15
1034;15
1035;13
1036;55
1037;60
1038;68
1039;89
1040;63
1041;75
1042;60
1043;47
1044;16
1045;13
1046;76
1047;53
1048;23
1049;57
1050;39
1051;24
1052;25
1053;2
1054;53
1055;33
1056;37
1057;2
1058;18
1059;9
1060;73
1061;96
1062;59
1063;19
1064;53
1065;93
1066;60
1067;52
1068;28
1069;27
1070;0
1071;14
1072;62
1073;65
1074;60
1075;48
1076;16
1077;9
1078;37
1079;38
1080;18
1081;13
1082;15
1083;10
1084;45
1085;10
1086;16
1087;79
1088;53
1089;56
1090;64
1091;55
1092;69
1093;45
1094;32
1095;1
1096;43
1097;53
1098;23
1099;27
1100;44
1101;18
1102;3
1103;59
1104;90
1105;35
1106;31
1107;2
1108;3
1109;41
1110;16
1111;57
1112;46
1113;11
1114;17
1115;51
1116;6
1117;59
1118;68
1119;79
1120;47
1121;58
1122;11
1123;14
1124;59
1125;47
1126;64
1127;80
1128;60
1129;56
1130;32
1131;35
1132;11
1133;10
1134;14
1135;53
1136;46
1137;18
1138;7
1139;61
1140;58
1141;63
1142;67
1143;61
1144;16
1145;16
1146;47
1147;46
1148;15
1149;5
1150;5
1151;1
1152;58
1153;69
1154;88
1155;42
1156;43
1157;5
1158;7
1159;71
1160;65
1161;60
1162;35
1163;36
1164;62
1165;10
1166;6
1167;9
1168;52
1169;19
1170;45
1171;41
1172;2
1173;16
1174;69
1175;46
1176;20
1177;1
1178;13
1179;17
1180;5
1181;61
1182;55
1183;8
1184;8
1185;6
1186;29
1187;19
1188;59
1189;71
1190;58
1191;35
1192;65
1193;19
1194;41
1195;48
1196;69
1197;59
1198;59
1199;74
1200;60
1201;35
1202;62
1203;47
1204;76
1205;19
1206;58
1207;47
1208;25
1209;9
1210;57
1211;24
1212;31
1213;43
1214;20
1215;61
1216;50
1217;68
1218;29
1219;41
1220;7
1221;13
1222;1
1223;6
1224;89
1225;53
1226;25
1227;62
1228;42
1229;38
1230;8
1231;15
1232;18
1233;44
1234;48
1235;8
1236;16
1237;67
1238;57
1239;38
1240;24
1241;5
1242;2
1243;14
1244;77
1245;29
1246;41
1247;18
1248;30
1249;62
1250;16
1251;62
1252;59
1253;74
1254;53
1255;71
1256;57
1257;67
1258;31
1259;52
1260;24
1261;19
1262;60
1263;77
1264;40
1265;43
1266;9
1267;8
1268;77
1269;39
1270;53
1271;35
1272;36
1273;0
1274;46
1275;12
1276;50
1277;49
1278;55
1279;29
1280;63
1281;23
1282;34
1283;58
1284;74
1285;47
1286;44
1287;9
1288;11
1289;52
1290;79
1291;59
1292;67
1293;43
1294;59
1295;8
1296;8
1297;36
1298;53
1299;12
1300;10
1301;12
1302;48
1303;22
1304;47
1305;24
1306;47
1307;47
1308;71
1309;71
1310;43
1311;42
1312;2
1313;18
1314;52
1315;71
1316;50
1317;55
1318;17
1319;7
1320;9
1321;42
1322;37
1323;14
1324;51
1325;66
1326;58
1327;77
1328;64
1329;61
1330;57
1331;62
1332;84
1333;75
1334;23
1335;48
1336;89
1337;64
1338;77
1339;76
1340;48
1341;9
1342;23
1343;53
1344;48
1345;44
1346;11
1347;9
1348;58
1349;51
1350;46
1351;61
1352;27
1353;21
1354;64
1355;73
1356;53
1357;61
1358;72
1359;71
1360;53
1361;44
1362;6
1363;7
1364;47
1365;51
1366;13
1367;16
1368;74
1369;63
1370;56
1371;61
1372;85
1373;85
1374;51
1375;72
1376;74
1377;61
1378;28
1379;32
1380;8
1381;10
1382;62
1383;33
1384;93
1385;32
1386;3
1387;5
1388;17
1389;28
1390;20
1391;53
1392;86
1393;53
1394;83
1395;80
1396;39
1397;52
1398;20
1399;66
1400;50
1401;38
1402;51
1403;22
1404;47
1405;10
1406;9
1407;53
1408;55
1409;36
1410;32
1411;0
1412;65
1413;65
1414;51
1415;53
1416;77
1417;28
1418;69
1419;59
1420;55
1421;55
1422;60
1423;56
1424;80
1425;54
1426;39
1427;20
1428;11
1429;14
1430;3
1431;42
1432;76
1433;63
1434;63
1435;9
1436;7
1437;22
1438;59
1439;29
1440;23
1441;21
1442;21
1443;69
1444;53
1445;51
1446;69
1447;41
1448;35
1449;49
1450;16
1451;10
1452;27
1453;10
1454;48
1455;44
1456;16
1457;2
1458;51
1459;69
1460;47
1461;22
1462;48
1463;87
1464;50
1465;63
1466;12
1467;16
1468;41
1469;70
1470;35
1471;35
1472;40
1473;41
1474;23
1475;47
1476;24
1477;79
1478;68
1479;22
1480;31
1481;73
1482;21
1483;49
1484;26
1485;40
1486;3
1487;22
1488;51
1489;64
1490;38
1491;9
1492;13
1493;64
1494;66
1495;55
1496;19
1497;96
1498;87
1499;66
1500;46
1501;41
1502;2
1503;50
1504;59
1505;89
1506;61
1507;80
1508;28
1509;20
1510;0
1511;5
1512;39
1513;26
1514;45
1515;52
1516;75
1517;62
1518;67
1519;36
1520;49
1521;8
1522;1
1523;2
1524;84
1525;82
1526;67
1527;44
1528;64
1529;47
1530;63
1531;48
1532;63
1533;16
1534;16
1535;85
1536;45
1537;46
1538;9
1539;10
1540;58
1541;61
1542;28
1543;25
1544;19
1545;23
1546;76
1547;41
1548;58
1549;42
1550;30
1551;39
1552;18
1553;63
1554;41
1555;71
1556;72
1557;60
1558;34
1559;63
1560;64
1561;10
1562;8
1563;12
1564;58
1565;20
1566;47
1567;75
1568;36
1569;46
1570;58
1571;83
1572;27
1573;74
1574;48
1575;46
1576;45
1577;25
1578;2
1579;74
1580;63
1581;80
1582;50
1583;39
1584;69
1585;57
1586;33
1587;53
1588;7
1589;49
1590;43
1591;66
1592;49
1593;64
1594;55
1595;15
1596;45
1597;46
1598;13
1599;76
1600;20
1601;48
1602;28
1603;49
1604;18
1605;22
1606;60
1607;40
1608;56
1609;59
1610;6
1611;10
1612;61
1613;41
1614;78
1615;47
1616;62
1617;70
1618;49
1619;55
1620;57
1621;72
1622;54
1623;91
1624;64
1625;66
1626;67
1627;69
1628;71
1629;61
1630;76
1631;49
1632;66
1633;43
1634;31
1635;45
1636;17
1637;70
1638;76
1639;35
1640;19
1641;56
1642;57
1643;43
1644;53
1645;50
1646;69
1647;81
1648;23
1649;43
1650;46
1651;27
1652;7
1653;18
1654;17
1655;54
1656;28
1657;12
1658;8
1659;8
1660;42
1661;56
1662;66
1663;77
1664;57
1665;63
1666;82
1667;22
1668;61
1669;36
1670;66
1671;42
1672;43
1673;3
1674;3
1675;47
1676;37
1677;2
1678;15
1679;42
1680;32
1681;14
1682;15
1683;75
1684;48
1685;73
1686;65
1687;72
1688;46
1689;51
1690;36
1691;90
1692;57
1693;55
1694;39
1695;74
1696;46
1697;57
1698;45
1699;53
1700;19
1701;43
1702;47
1703;9
1704;20
1705;19
1706;82
1707;32
1708;27
1709;58
1710;15
1711;80
1712;62
1713;72
1714;50
1715;43
1716;46
1717;69
1718;55
1719;51
1720;53
1721;31
1722;44
1723;13
1724;2
1725;47
1726;68
1727;34
1728;77
1729;52
1730;28
1731;42
1732;78
1733;31
1734;64
1735;30
1736;38
1737;43
1738;44
1739;47
1740;18
1741;58
1742;74
1743;27
1744;59
1745;60
1746;40
1747;32
1748;16
1749;16
1750;45
1751;62
1752;40
1753;44
1754;28
1755;2
1756;37
1757;53
1758;84
1759;88
1760;39
1761;45
1762;53
1763;33
1764;31
1765;6
1766;63
1767;31
1768;23
1769;1
1770;2
1771;24
1772;27
1773;36
1774;32
1775;15
1776;10
1777;7
1778;49
1779;14
1780;17
1781;64
1782;52
1783;24
1784;47
1785;16
1786;9
1787;77
1788;63
1789;63
1790;25
1791;45
1792;2
1793;70
1794;45
1795;4
1796;46
1797;70
1798;60
1799;61
1800;38
1801;42
1802;17
1803;8
1804;8
1805;52
1806;77
1807;74
1808;37
1809;51
1810;28
1811;63
1812;16
1813;8
1814;71
1815;78
1816;50
1817;28
1818;46
1819;53
1820;43
1821;18
1822;7
1823;61
1824;48
1825;13
1826;13
1827;58
1828;79
1829;48
1830;60
1831;73
1832;26
1833;73
1834;62
1835;51
1836;8
1837;14
1838;69
1839;71
1840;22
1841;74
1842;46
1843;9
1844;11
1845;70
1846;45
1847;57
1848;76
1849;54
1850;64
1851;32
1852;17
1853;17
1854;59
1855;47
1856;13
1857;18
1858;65
1859;21
1860;75
1861;69
1862;74
1863;71
1864;55
1865;23
1866;23
1867;14
1868;7
1869;13
1870;36
1871;62
1872;29
1873;27
1874;16
1875;52
1876;61
1877;62
1878;19
1879;86
1880;45
1881;41
1882;1
1883;4
1884;2
1885;84
1886;70
1887;74
1888;65
1889;24
1890;42
1891;64
1892;76
1893;65
1894;64
1895;36
1896;29
1897;39
1898;73
1899;47
1900;52
1901;33
1902;46
1903;4
1904;49
1905;61
1906;29
1907;71
1908;75
1909;45
1910;51
1911;42
1912;67
1913;57
1914;46
1915;43
1916;9
1917;7
1918;37
1919;38
1920;19
1921;55
1922;64
1923;66
1924;57
1925;82
1926;30
1927;9
1928;75
1929;71
1930;36
1931;64
1932;13
1933;10
1934;58
1935;70
1936;35
1937;41
1938;15
1939;11
1940;58
1941;76
1942;46
1943;46
1944;18
1945;12
1946;44
1947;19
1948;1
1949;51
1950;68
1951;61
1952;94
1953;38
1954;71
1955;25
1956;24
1957;56
1958;25
1959;73
1960;93
1961;48
1962;62
1963;40
1964;7
1965;50
1966;66
1967;77
1968;42
1969;35
1970;76
1971;69
1972;56
1973;60
1974;33
1975;36
1976;10
1977;12
1978;29
1979;27
1980;59
1981;8
1982;35
1983;33
1984;27
1985;20
1986;47
1987;42
1988;52
1989;24
1990;44
1991;0
1992;46
1993;45
1994;63
1995;58
1996;24
1997;51
1998;64
1999;77
2000;57
2001;58
2002;79
2003;58
2004;24
2005;52
2006;61
2007;71
2008;24
2009;73
2010;51
2011;65
2012;20
2013;53
2014;83
2015;48
2016;61
2017;10
2018;18
2019;71
2020;63
2021;20
2022;57
2023;61
2024;81
2025;74
2026;58
2027;52
2028;35
2029;67
2030;59
2031;56
2032;19
2033;22
2034;20
2035;35
2036;72
2037;73
2038;68
2039;85
2040;69
2041;52
2042;72
2043;94
2044;57
2045;68
2046;59
2047;83
2048;58
2049;51
2050;62
2051;20
2052;31
2053;48
2054;52
2055;18
2056;59
2057;39
2058;26
2059;56
2060;39
2061;32
2062;35
2063;7
2064;14
2065;11
2066;63
2067;62
2068;44
2069;57
2070;63
2071;57
2072;83
2073;65
2074;62
2075;55
2076;39
2077;63
2078;6
2079;18
2080;50
2081;44
2082;39
2083;17
2084;13
2085;51
2086;52
2087;47
2088;30
2089;34
2090;76
2091;70
2092;24
2093;52
2094;58
2095;18
2096;59
2097;22
2098;56
2099;95
2100;42
2101;48
2102;37
2103;8
2104;51
2105;63
2106;38
2107;51
2108;57
2109;59
2110;36
2111;63
2112;12
2113;17
2114;36
2115;82
2116;61
2117;60
2118;53
2119;74
2120;55
2121;60
2122;79
2123;72
2124;72
2125;55
2126;47
2127;43
2128;40
2129;14
2130;70
2131;47
2132;34
2133;48
2134;22
2135;72
2136;68
2137;72
2138;33
2139;19
2140;37
2141;63
2142;29
2143;40
2144;86
2145;39
2146;27
2147;60
2148;14
2149;17
2150;60
2151;50
2152;51
2153;60
2154;36
2155;53
2156;21
2157;31
2158;2
2159;77
2160;22
2161;77
2162;38
2163;27
2164;14
2165;62
2166;56
2167;58
2168;7
2169;75
2170;65
2171;85
2172;24
2173;0
2174;62
2175;87
2176;57
2177;58
2178;56
2179;20
2180;35
2181;17
2182;53
2183;60
2184;38
2185;53
2186;34
2187;45
2188;25
2189;30
2190;24
2191;84
2192;70
2193;77
2194;43
2195;32
2196;3
2197;4
2198;35
2199;19
2200;75
2201;75
2202;61
2203;58
2204;24
2205;78
2206;37
2207;40
2208;15
2209;9
2210;61
2211;70
2212;66
2213;66
2214;56
2215;65
2216;46
2217;33
2218;37
2219;14
2220;14
2221;2
2222;32
2223;59
2224;45
2225;30
2226;74
2227;62
2228;36
2229;50
2230;35
2231;33
2232;10
2233;29
2234;39
2235;16
2236;12
2237;57
2238;57
2239;71
2240;36
2241;55
2242;11
2243;13
2244;19
2245;37
2246;16
2247;1
2248;42
2249;17
2250;55
2251;59
2252;59
2253;33
2254;49
2255;3
2256;5
2257;67
2258;57
2259;57
2260;59
2261;6
2262;15
2263;45
2264;41
2265;9
2266;17
2267;72
2268;49
2269;62
2270;9
2271;17
2272;57
2273;61
2274;54
2275;53
2276;67
2277;72
2278;33
2279;53
2280;57
2281;72
2282;79
2283;57
2284;54
2285;96
2286;69
2287;55
2288;43
2289;69
2290;60
2291;25
2292;61
2293;19
2294;37
2295;77
2296;20
2297;31
2298;74
2299;74
2300;71
2301;36
2302;36
2303;5
2304;2
2305;55
2306;62
2307;55
2308;84
2309;49
2310;52
2311;17
2312;63
2313;75
2314;32
2315;50
2316;84
2317;39
2318;50
2319;16
2320;7
2321;28
2322;36
2323;29
2324;65
2325;69
2326;45
2327;61
2328;56
2329;29
2330;37
2331;27
2332;12
2333;2
2334;34
2335;39
2336;6
2337;11
2338;32
2339;39
2340;4
2341;14
2342;1
2343;41
2344;30
2345;79
2346;52
2347;49
2348;68
2349;38
2350;77
2351;53
2352;52
2353;74
2354;43
2355;21
2356;14
2357;8
2358;69
2359;81
2360;70
2361;43
2362;33
2363;6
2364;8
2365;45
2366;46
2367;2
2368;3
2369;62
2370;85
2371;23
2372;20
2373;23
2374;66
2375;21
2376;46
2377;39
2378;8
2379;25
2380;27
2381;24
2382;62
2383;61
2384;15
2385;12
2386;60
2387;59
2388;37
2389;42
2390;13
2391;15
2392;75
2393;62
2394;39
2395;62
2396;39
2397;21
2398;23
2399;20
2400;50
2401;68
2402;61
2403;7
2404;45
2405;52
2406;25
2407;39
2408;0
2409;4
2410;54
2411;51
2412;57
2413;52
2414;61
2415;51
2416;47
2417;38
2418;32
2419;57
2420;17
2421;14
2422;48
2423;62
2424;56
2425;59
2426;49
2427;79
2428;26
2429;73
2430;43
2431;60
2432;28
2433;24
2434;69
2435;64
2436;27
2437;63
2438;70
2439;67
2440;62
2441;21
2442;43
2443;58
2444;58
2445;31
2446;35
2447;1
2448;4
2449;36
2450;94
2451;53
2452;72
2453;31
2454;47
2455;52
2456;41
2457;37
2458;0
2459;2
2460;50
2461;78
2462;78
2463;20
2464;30
2465;23
2466;71
2467;31
2468;31
2469;13
2470;16
2471;48
2472;44
2473;18
2474;6
2475;7
2476;20
2477;67
2478;75
2479;58
2480;60
2481;84
2482;73
2483;56
2484;53
2485;43
2486;33
2487;6
2488;33
2489;42
2490;11
2491;10
2492;14
2493;13
2494;19
2495;61
2496;32
2497;19
2498;66
2499;60
2500;64
2501;47
2502;13
2503;13
2504;50
2505;21
2506;58
2507;67
2508;53
2509;71
2510;49
2511;62
2512;25
2513;51
2514;60
2515;29
2516;33
2517;38
2518;9
2519;69
2520;72
2521;60
2522;71
2523;58
2524;63
2525;68
2526;69
2527;82
2528;75
2529;53
2530;74
2531;46
2532;73
2533;67
2534;53
2535;55
2536;62
2537;47
2538;36
2539;36
2540;4
2541;17
2542;5
2543;83
2544;57
2545;31
2546;77
2547;91
2548;56
2549;55
2550;69
2551;76
2552;69
2553;45
2554;46
2555;51
2556;14
2557;57
2558;32
2559;26
2560;5
2561;27
2562;14
2563;27
2564;20
2565;13
2566;3
2567;29
2568;42
2569;8
2570;8
2571;49
2572;27
2573;11
2574;5
2575;66
2576;90
2577;88
2578;36
2579;28
2580;70
2581;35
2582;51
2583;7
2584;10
2585;20
2586;73
2587;55
2588;74
2589;22
2590;67
2591;46
2592;75
2593;57
2594;73
2595;19
2596;71
2597;66
2598;36
2599;92
2600;68
2601;43
2602;63
2603;38
2604;75
2605;42
2606;66
2607;22
2608;28
2609;48
2610;37
2611;17
2612;3
2613;49
2614;17
2615;37
2616;43
2617;46
2618;44
2619;5
2620;15
2621;49
2622;67
2623;39
2624;62
2625;16
2626;12
2627;58
2628;72
2629;42
2630;50
2631;16
2632;9
2633;16
2634;68
2635;53
2636;47
2637;17
2638;14
2639;72
2640;65
2641;50
2642;56
2643;49
2644;62
2645;72
2646;25
2647;77
2648;58
2649;65
2650;65
2651;45
2652;27
2653;17
2654;15
2655;41
2656;1
2657;2
2658;84
2659;67
2660;70
2661;21
2662;33
2663;56
2664;31
2665;33
2666;42
2667;7
2668;11
2669;74
2670;60
2671;24
2672;25
2673;41
2674;56
2675;12
2676;47
2677;3
2678;4
2679;4
2680;38
2681;27
2682;1
2683;5
2684;13
2685;58
2686;71
2687;58
2688;59
2689;47
2690;12
2691;9
2692;82
2693;71
2694;49
2695;69
2696;22
2697;26
2698;62
2699;74
2700;79
2701;35
2702;25
2703;40
2704;61
2705;46
2706;37
2707;6
2708;7
2709;40
2710;40
2711;11
2712;10
2713;41
2714;41
2715;52
2716;57
2717;35
2718;65
2719;62
2720;60
2721;53
2722;74
2723;63
2724;78
2725;54
2726;53
2727;62
2728;32
2729;59
2730;55
2731;19
2732;50
2733;41
2734;18
2735;16
2736;10
2737;72
2738;59
2739;39
2740;42
2741;60
2742;71
2743;81
2744;25
2745;32
2746;12
2747;22
2748;40
2749;0
2750;7
2751;5
2752;74
2753;64
2754;57
2755;43
2756;11
2757;15
2758;46
2759;66
2760;51
2761;69
2762;72
2763;78
2764;69
2765;69
2766;57
2767;66
2768;72
2769;38
2770;30
2771;2
2772;74
2773;20
2774;26
2775;24
2776;63
2777;63
2778;63
2779;50
2780;17
2781;18
2782;23
2783;54
2784;24
2785;67
2786;65
2787;23
2788;37
2789;38
2790;16
2791;1
2792;52
2793;69
2794;29
2795;54
2796;20
2797;33
2798;15
2799;14
2800;40
2801;25
2802;66
2803;71
2804;65
2805;28
2806;47
2807;88
2808;58
2809;58
2810;83
2811;24
2812;93
2813;59
2814;6
2815;27
2816;45
2817;12
2818;16
2819;12
2820;76
2821;87
2822;55
2823;29
2824;71
2825;49
2826;94
2827;51
2828;61
2829;33
2830;16
2831;75
2832;24
2833;34
2834;76
2835;58
2836;71
2837;66
2838;60
2839;47
2840;48
2841;43
2842;22
2843;19
2844;22
2845;75
2846;76
2847;90
2848;33
2849;33
2850;14
2851;9
2852;10
2853;55
2854;47
2855;73
2856;45
2857;37
2858;60
2859;38
2860;25
2861;22
2862;81
2863;43
2864;56
2865;51
2866;68
2867;69
2868;72
2869;40
2870;45
2871;3
2872;5
2873;45
2874;67
2875;25
2876;87
2877;46
2878;50
2879;23
2880;71
2881;20
2882;60
2883;76
2884;37
2885;29
2886;0
2887;15
2888;27
2889;72
2890;41
2891;50
2892;6
2893;12
2894;42
2895;43
2896;3
2897;3
2898;11
2899;4
2900;41
2901;12
2902;12
2903;36
2904;49
2905;30
2906;35
2907;5
2908;4
2909;4
2910;63
2911;54
2912;16
2913;8
2914;20
2915;73
2916;35
2917;39
2918;16
2919;66
2920;28
2921;50
2922;16
2923;9
2924;34
2925;38
2926;6
2927;11
2928;71
2929;32
2930;64
2931;29
2932;55
2933;21
2934;48
2935;6
2936;42
2937;33
2938;63
2939;47
2940;18
2941;66
2942;77
2943;86
2944;64
2945;20
2946;67
2947;68
2948;52
2949;51
2950;58
2951;39
2952;12
2953;18
2954;7
2955;25
2956;19
2957;48
2958;25
2959;87
2960;49
2961;53
2962;15
2963;15
2964;25
2965;88
2966;52
2967;59
2968;36
2969;36
2970;69
2971;51
2972;21
2973;40
2974;47
2975;15
2976;18
2977;79
2978;40
2979;71
2980;47
2981;70
2982;61
2983;36
2984;11
2985;67
2986;72
2987;69
2988;61
2989;66
2990;37
2991;61
2992;47
2993;55
2994;36
2995;55
2996;7
2997;10
2998;46
2999;62
3000;61
3001;7
3002;8
3003;11
3004;9
3005;24
3006;79
3007;64
3008;43
3009;51
3010;25
3011;63
3012;71
3013;23
3014;67
3015;68
3016;31
3017;57
3018;34
3019;62
3020;28
3021;63
3022;83
3023;64
3024;46
3025;13
3026;56
3027;65
3028;45
3029;61
3030;8
3031;10
3032;31
3033;31
3034;63
3035;84
3036;33
3037;48
3038;36
3039;18
3040;7
3041;83
3042;38
3043;46
3044;58
3045;59
3046;70
3047;38
3048;45
3049;47
3050;10
3051;1
3052;39
3053;48
3054;12
3055;7
3056;8
3057;51
3058;51
3059;75
3060;47
3061;13
3062;51
3063;40
3064;18
3065;44
3066;47
3067;13
3068;13
3069;37
3070;7
3071;34
3072;45
3073;14
3074;8
3075;40
3076;61
3077;37
3078;56
3079;28
3080;20
3081;80
3082;62
3083;48
3084;49
3085;28
3086;18
3087;51
3088;46
3089;65
3090;48
3091;9
3092;25
3093;40
3094;15
3095;13
3096;37
3097;59
3098;6
3099;7
3100;19
3101;39
3102;0
3103;46
3104;60
3105;7
3106;11
3107;71
3108;62
3109;51
3110;68
3111;41
3112;21
3113;67
3114;75
3115;19
3116;47
3117;12
3118;64
3119;23
3120;32
3121;55
3122;7
3123;62
3124;35
3125;17
3126;6
3127;14
3128;45
3129;53
3130;54
3131;85
3132;59
3133;35
3134;21
3135;17
3136;18
3137;3
3138;12
3139;25
3140;28
3141;39
3142;27
3143;11
3144;14
3145;64
3146;26
3147;12
3148;6
3149;46
3150;54
3151;65
3152;60
3153;72
3154;44
3155;18
3156;15
3157;55
3158;62
3159;24
3160;65
3161;61
3162;49
3163;61
3164;7
3165;59
3166;76
3167;71
3168;35
3169;39
3170;79
3171;27
3172;53
3173;31
3174;9
3175;12
3176;61
3177;46
3178;65
3179;43
3180;59
3181;72
3182;68
3183;57
3184;18
3185;15
3186;30
3187;46
3188;12
3189;61
3190;32
3191;74
3192;64
3193;56
3194;63
3195;68
3196;36
3197;39
3198;33
3199;6
3200;18
3201;13
3202;48
3203;64
3204;51
3205;73
3206;83
3207;19
3208;49
3209;9
3210;37
3211;73
3212;69
3213;69
3214;74
3215;56
3216;36
3217;13
3218;57
3219;64
3220;81
3221;66
3222;63
3223;73
3224;51
3225;74
3226;62
3227;52
3228;73
3229;52
3230;23
3231;28
3232;80
3233;38
3234;89
3235;48
3236;54
3237;23
3238;42
3239;47
3240;12
3241;17
3242;18
3243;29
3244;27
3245;4
3246;3
3247;74
3248;61
3249;68
3250;44
3251;67
3252;66
3253;78
3254;40
3255;52
3256;14
3257;13
3258;10
3259;82
3260;51
3261;86
3262;65
3263;50
3264;77
3265;64
3266;24
3267;67
3268;71
3269;47
3270;17
3271;66
3272;35
3273;48
3274;18
3275;6
3276;8
3277;65
3278;79
3279;23
3280;76
3281;86
3282;81
3283;51
3284;66
3285;28
3286;23
3287;25
3288;41
3289;58
3290;41
3291;46
3292;89
3293;64
3294;41
3295;41
3296;37
3297;39
3298;5
3299;3
3300;54
3301;45
3302;83
3303;63
3304;62
3305;75
3306;63
3307;41
3308;74
3309;69
3310;57
3311;19
3312;25
3313;36
3314;67
3315;25
3316;29
3317;29
3318;3
3319;18
3320;47
3321;27
3322;35
3323;56
3324;11
3325;6
3326;8
3327;36
3328;61
3329;15
3330;12
3331;62
3332;56
3333;15
3334;6
3335;62
3336;75
3337;64
3338;52
3339;61
3340;67
3341;40
3342;64
3343;10
3344;19
3345;24
3346;60
3347;30
3348;11
3349;69
3350;44
3351;27
3352;73
3353;36
3354;39
3355;6
3356;11
3357;50
3358;13
3359;21
3360;72
3361;80
3362;22
3363;27
3364;56
3365;93
3366;68
3367;61
3368;33
3369;47
3370;65
3371;69
3372;20
3373;19
3374;43
3375;72
3376;25
3377;72
3378;40
3379;18
3380;41
3381;68
3382;48
3383;43
3384;69
3385;54
3386;67
3387;64
3388;37
3389;54
3390;43
3391;14
3392;14
3393;16
3394;61
3395;62
3396;72
3397;64
3398;56
3399;48
3400;28
3401;1
3402;5
3403;78
3404;78
3405;52
3406;82
3407;27
3408;19
3409;66
3410;65
3411;56
3412;10
3413;41
3414;19
3415;2
3416;51
3417;38
3418;6
3419;14
3420;58
3421;70
3422;77
3423;66
3424;56
3425;47
3426;71
3427;50
3428;73
3429;50
3430;23
3431;27
3432;36
3433;50
3434;58
3435;57
3436;67
3437;59
3438;61
3439;49
3440;59
3441;56
3442;60
3443;23
3444;77
3445;66
3446;53
3447;56
3448;71
3449;71
3450;24
3451;66
3452;70
3453;22
3454;74
3455;67
3456;47
3457;71
3458;47
3459;84
3460;62
3461;67
3462;42
3463;19
3464;42
3465;31
3466;17
3467;15
3468;12
3469;53
3470;71
3471;22
3472;59
3473;53
3474;41
3475;24
3476;75
3477;27
3478;37
3479;57
3480;84
3481;66
3482;52
3483;84
3484;72
3485;21
3486;37
3487;33
3488;3
3489;13
3490;62
3491;30
3492;36
3493;74
3494;26
3495;62
3496;62
3497;64
3498;21
3499;41
3500;43
3501;1
3502;8
3503;4
3504;5
3505;61
3506;11
3507;13
3508;62
3509;51
3510;57
3511;12
3512;9
3513;18
3514;33
3515;78
3516;51
3517;72
3518;68
3519;22
3520;54
3521;19
3522;51
3523;69
3524;82
3525;21
3526;26
3527;69
3528;69
3529;56
3530;44
3531;55
3532;59
3533;46
3534;16
3535;7
3536;76
3537;83
3538;69
3539;69
3540;82
3541;60
3542;57
3543;21
3544;61
3545;41
3546;16
3547;11
3548;42
3549;14
3550;11
3551;67
3552;75
3553;51
3554;62
3555;7
3556;18
3557;58
3558;51
3559;29
3560;44
3561;17
3562;6
3563;3
3564;37
3565;27
3566;20
3567;30
3568;4
3569;56
3570;45
3571;18
3572;7
3573;62
3574;69
3575;19
3576;38
3577;66
3578;59
3579;63
3580;88
3581;59
3582;64
3583;60
3584;58
3585;70
3586;39
3587;19
3588;5
3589;1
3590;3
3591;50
3592;13
3593;18
3594;55
3595;45
3596;64
3597;30
3598;9
3599;17
3600;7
3601;59
3602;60
3603;53
3604;15
3605;8
3606;64
3607;76
3608;82
3609;73
3610;50
3611;62
3612;12
3613;6
3614;82
3615;62
3616;38
3617;10
3618;12
3619;45
3620;42
3621;44
3622;9
3623;0
3624;74
3625;56
3626;63
3627;45
3628;46
3629;14
3630;7
3631;9
3632;62
3633;34
3634;9
3635;9
3636;51
3637;61
3638;82
3639;61
3640;52
3641;54
3642;25
3643;85
3644;33
3645;19
3646;19
3647;53
3648;34
3649;8
3650;6
3651;15
3652;34
3653;33
3654;8
3655;12
3656;62
3657;48
3658;36
3659;7
3660;74
3661;62
3662;23
3663;71
3664;55
3665;47
3666;14
3667;8
3668;46
3669;41
3670;1
3671;13
3672;23
3673;50
3674;24
3675;26
3676;38
3677;8
3678;14
3679;68
3680;25
3681;40
3682;51
3683;63
3684;51
3685;39
3686;47
3687;63
3688;56
3689;43
3690;44
3691;20
3692;73
3693;35
3694;7
3695;9
3696;61
3697;64
3698;60
3699;64
3700;42
3701;22
3702;19
3703;23
3704;21
3705;30
3706;39
3707;16
3708;4
3709;37
3710;43
3711;37
3712;15
3713;18
3714;35
3715;18
3716;10
3717;66
3718;59
3719;33
3720;62
3721;68
3722;28
3723;72
3724;35
3725;37
3726;2
3727;4
3728;11
3729;35
3730;6
3731;67
3732;58
3733;69
3734;38
3735;38
3736;72
3737;40
3738;35
3739;69
3740;50
3741;81
3742;70
3743;63
3744;59
3745;47
3746;40
3747;15
3748;5
3749;92
3750;66
3751;73
3752;40
3753;35
3754;56
3755;16
3756;18
3757;45
3758;59
3759;40
3760;70
3761;21
3762;67
3763;57
3764;46
3765;56
3766;46
3767;37
3768;10
3769;6
3770;62
3771;51
3772;34
3773;43
3774;74
3775;64
3776;42
3777;14
3778;51
3779;75
3780;72
3781;77
3782;39
3783;18
3784;15
3785;31
3786;30
3787;17
3788;33
3789;9
3790;33
3791;70
3792;83
3793;64
3794;40
3795;45
3796;18
3797;18
3798;28
3799;32
3800;13
3801;13
3802;62
3803;19
3804;47
3805;79
3806;60
3807;66
3808;44
3809;32
3810;11
3811;10
3812;34
3813;21
3814;18
3815;5
3816;7
3817;67
3818;19
3819;69
3820;20
3821;74
3822;57
3823;52
3824;71
3825;58
3826;60
3827;28
3828;93
3829;65
3830;23
3831;28
3832;52
3833;36
3834;58
3835;13
3836;11
3837;69
3838;40
3839;50
3840;11
3841;15
3842;9
3843;69
3844;47
3845;69
3846;45
3847;19
3848;52
3849;42
3850;24
3851;67
3852;41
3853;36
3854;2
3855;18
3856;11
3857;54
3858;70
3859;55
3860;37
3861;66
3862;54
3863;28
3864;23
3865;56
3866;69
3867;28
3868;43
3869;29
3870;11
3871;5
3872;87
3873;71
3874;31
3875;30
3876;0
3877;0
3878;35
3879;33
3880;8
3881;18
3882;54
3883;39
3884;13
3885;17
3886;16
3887;24
3888;45
3889;17
3890;59
3891;82
3892;19
3893;23
3894;19
3895;30
3896;44
3897;68
3898;58
3899;66
3900;72
3901;58
3902;29
3903;26
3904;36
3905;13
3906;9
3907;9
3908;38
3909;15
3910;72
3911;70
3912;54
3913;72
3914;42
3915;69
3916;93
3917;71
3918;40
3919;41
3920;76
3921;69
3922;44
3923;44
3924;7
3925;5
3926;3
3927;55
3928;66
3929;46
3930;30
3931;66
3932;46
3933;70
3934;78
3935;46
3936;73
3937;69
3938;23
3939;71
3940;40
3941;62
3942;52
3943;58
3944;71
3945;29
3946;46
3947;45
3948;38
3949;39
3950;14
3951;14
3952;13
3953;32
3954;64
3955;21
3956;44
3957;51
3958;36
3959;47
3960;26
3961;52
3962;43
3963;14
3964;10
3965;67
3966;61
3967;45
3968;94
3969;19
3970;61
3971;74
3972;62
3973;55
3974;11
3975;14
3976;41
3977;53
3978;75
3979;54
3980;65
3981;51
3982;51
3983;46
3984;100
3985;53
3986;66
3987;19
3988;63
3989;21
3990;33
3991;44
3992;6
3993;0
3994;46
3995;63
3996;70
3997;66
3998;43
3999;64
4000;12
4001;14
4002;80
4003;48
4004;64
4005;60
4006;48
4007;83
4008;37
4009;42
4010;0
4011;63
4012;69
4013;62
4014;56
4015;35
4016;29
4017;26
4018;62
4019;14
4020;35
4021;71
4022;75
4023;65
4024;56
4025;33
4026;30
4027;48
4028;27
4029;10
4030;3
4031;66
4032;64
4033;40
4034;88
4035;72
4036;50
4037;59
4038;29
4039;35
4040;1
4041;62
4042;70
4043;89
4044;30
4045;10
4046;40
4047;81
4048;37
4049;43
4050;51
4051;77
4052;63
4053;37
4054;69
4055;81
4056;68
4057;27
4058;36
4059;11
4060;1
4061;58
4062;78
4063;94
4064;72
4065;39
4066;71
4067;20
4068;68
4069;26
4070;64
4071;11
4072;11
4073;67
4074;59
4075;56
4076;69
4077;71
4078;64
4079;37
4080;58
4081;48
4082;7
4083;17
4084;17
4085;47
4086;57
4087;53
4088;47
4089;27
4090;66
4091;26
4092;77
4093;58
4094;62
4095;66
4096;37
4097;91
4098;69
4099;64
4100;76
4101;36
4102;35
4103;35
4104;14
4105;14
4106;18
4107;46
4108;73
4109;49
4110;69
4111;88
4112;72
4113;56
4114;36
4115;69
4116;24
4117;39
4118;18
4119;4
4120;59
4121;57
4122;25
4123;67
4124;61
4125;35
4126;47
4127;53
4128;50
4129;46
4130;18
4131;8
4132;22
4133;29
4134;75
4135;26
4136;54
4137;82
4138;36
4139;68
4140;52
4141;64
4142;49
4143;47
4144;72
4145;34
4146;35
4147;15
4148;14
4149;67
4150;79
4151;34
4152;42
4153;7
4154;16
4155;46
4156;72
4157;73
4158;28
4159;95
4160;44
4161;64
4162;76
4163;21
4164;84
4165;55
4166;72
4167;27
4168;33
4169;41
4170;31
4171;15
4172;0
4173;71
4174;61
4175;48
4176;11
4177;67
4178;51
4179;26
4180;53
4181;55
4182;27
4183;50
4184;53
4185;9
4186;12
4187;32
4188;38
4189;12
4190;7
4191;2
4192;38
4193;56
4194;79
4195;79
4196;78
4197;46
4198;76
4199;28
4200;36
4201;41
4202;15
4203;4
4204;62
4205;29
4206;71
4207;54
4208;68
4209;42
4210;16
4211;11
4212;59
4213;44
4214;31
4215;36
4216;43
4217;8
4218;4
4219;0
4220;50
4221;7
4222;17
4223;51
4224;71
4225;22
4226;21
4227;3
4228;18
4229;76
4230;43
4231;20
4232;89
4233;52
4234;24
4235;46
4236;43
4237;60
4238;61
4239;60
4240;35
4241;50
4242;6
4243;14
4244;59
4245;40
4246;27
4247;1
4248;45
4249;58
4250;34
4251;48
4252;15
4253;17
4254;27
4255;56
4256;8
4257;13
4258;62
4259;52
4260;49
4261;95
4262;57
4263;21
4264;69
4265;73
4266;79
4267;61
4268;78
4269;71
4270;60
4271;76
4272;54
4273;41
4274;14
4275;65
4276;49
4277;66
4278;60
4279;60
4280;73
4281;82
4282;61
4283;29
4284;64
4285;35
4286;83
4287;56
4288;71
4289;42
4290;47
4291;1
4292;8
4293;67
4294;64
4295;81
4296;46
4297;39
4298;82
4299;76
4300;25
4301;47
4302;17
4303;2
4304;57
4305;65
4306;54
4307;63
4308;9
4309;86
4310;57
4311;52
4312;13
4313;18
4314;72
4315;56
4316;39
4317;36
4318;5
4319;1
4320;4
4321;67
4322;59
4323;41
4324;96
4325;72
4326;83
4327;79
4328;70
4329;81
4330;57
4331;45
4332;15
4333;10
4334;48
4335;64
4336;64
4337;56
4338;30
4339;43
4340;19
4341;7
4342;0
4343;80
4344;21
4345;19
4346;39
4347;35
4348;52
4349;13
4350;13
4351;7
4352;26
4353;9
4354;56
4355;78
4356;72
4357;66
4358;51
4359;46
4360;47
4361;8
4362;54
4363;57
4364;36
4365;91
4366;76
4367;61
4368;73
4369;23
4370;44
4371;92
4372;41
4373;49
4374;71
4375;28
4376;56
4377;35
4378;49
4379;57
4380;76
4381;70
4382;33
4383;58
4384;55
4385;57
4386;65
4387;64
4388;41
4389;47
4390;25
4391;43
4392;23
4393;39
4394;30
4395;63
4396;16
4397;43
4398;55
4399;6
4400;16
4401;10
4402;58
4403;22
4404;38
4405;23
4406;50
4407;49
4408;35
4409;38
4410;67
4411;78
4412;56
4413;53
4414;46
4415;71
4416;32
4417;91
4418;63
4419;55
4420;74
4421;62
4422;71
4423;20
4424;82
4425;83
4426;50
4427;66
4428;19
4429;25
4430;48
4431;63
4432;77
4433;48
4434;36
4435;69
4436;96
4437;62
4438;49
4439;54
4440;63
4441;45
4442;15
4443;70
4444;60
4445;76
4446;39
4447;43
4448;76
4449;19
4450;47
4451;44
4452;59
4453;60
4454;62
4455;73
4456;89
4457;42
4458;39
4459;9
4460;14
4461;67
4462;48
4463;57
4464;55
4465;57
4466;88
4467;38
4468;20
4469;14
4470;2
4471;46
4472;8
4473;71
4474;71
4475;25
4476;68
4477;61
4478;51
4479;72
4480;38
4481;65
4482;77
4483;69
4484;66
4485;71
4486;36
4487;67
4488;93
4489;53
4490;37
4491;46
4492;89
4493;32
4494;11
4495;55
4496;54
4497;69
4498;63
4499;59
4500;21
4501;38
4502;0
4503;4
4504;50
4505;12
4506;12
4507;57
4508;64
4509;75
4510;72
4511;62
4512;58
4513;75
4514;37
4515;58
4516;71
4517;37
4518;75
4519;45
4520;24
4521;0
4522;4
4523;85
4524;71
4525;21
4526;27
4527;3
4528;17
4529;59
4530;75
4531;56
4532;49
4533;8
4534;14
4535;34
4536;34
4537;36
4538;29
4539;3
4540;3
4541;33
4542;42
4543;11
4544;1
4545;16
4546;36
4547;20
4548;72
4549;53
4550;76
4551;66
4552;46
4553;35
4554;6
4555;9
4556;25
4557;33
4558;4
4559;3
4560;3
4561;66
4562;54
4563;42
4564;57
4565;26
4566;52
4567;15
4568;11
4569;66
4570;30
4571;62
4572;58
4573;73
4574;70
4575;31
4576;40
4577;42
4578;19
4579;57
4580;60
4581;36
4582;44
4583;18
4584;14
4585;66
4586;59
4587;45
4588;19
4589;46
4590;46
4591;32
4592;81
4593;60
4594;83
4595;49
4596;64
4597;8
4598;7
4599;58
4600;62
4601;31
4602;18
4603;51
4604;34
4605;17
4606;15
4607;52
4608;28
4609;55
4610;61
4611;51
4612;80
4613;47
4614;76
4615;32
4616;61
4617;33
4618;23
4619;24
4620;10
4621;11
4622;28
4623;21
4624;34
4625;50
4626;16
4627;14
4628;69
4629;30
4630;25
4631;81
4632;67
4633;49
4634;60
4635;37
4636;14
4637;14
4638;11
4639;21
4640;58
4641;57
4642;37
4643;12
4644;18
4645;28
4646;44
4647;13
4648;17
4649;63
4650;40
4651;66
4652;70
4653;65
4654;83
4655;35
4656;20
4657;44
4658;71
4659;44
4660;34
4661;2
4662;2
4663;56
4664;52
4665;50
4666;56
4667;47
4668;44
4669;68
4670;60
4671;21
4672;87
4673;64
4674;22
4675;73
4676;47
4677;28
4678;73
4679;28
4680;30
4681;71
4682;63
4683;60
4684;89
4685;26
4686;66
4687;79
4688;26
4689;47
4690;10
4691;19
4692;24
4693;19
4694;59
4695;24
4696;24
4697;74
4698;67
4699;42
4700;46
4701;6
4702;64
4703;47
4704;39
4705;44
4706;16
4707;60
4708;60
4709;62
4710;23
4711;25
4712;43
4713;77
4714;66
4715;71
4716;64
4717;60
4718;50
4719;38
4720;12
4721;11
4722;73
4723;59
4724;63
4725;81
4726;73
4727;53
4728;31
4729;38
4730;69
4731;49
4732;62
4733;45
4734;51
4735;18
4736;6
4737;38
4738;35
4739;18
4740;5
4741;12
4742;60
4743;38
4744;8
4745;9
4746;58
4747;49
4748;49
4749;89
4750;48
4751;49
4752;32
4753;27
4754;36
4755;57
4756;53
4757;53
4758;40
4759;23
4760;86
4761;95
4762;24
4763;71
4764;49
4765;46
4766;73
4767;61
4768;83
4769;62
4770;57
4771;61
4772;82
4773;33
4774;43
4775;64
4776;17
4777;14
4778;9
4779;48
4780;45
4781;6
4782;17
4783;45
4784;57
4785;17
4786;18
4787;28
4788;26
4789;2
4790;68
4791;55
4792;34
4793;71
4794;35
4795;59
4796;80
4797;69
4798;20
4799;41
4800;39
4801;14
4802;15
4803;90
4804;75
4805;57
4806;50
4807;45
4808;71
4809;52
4810;21
4811;21
4812;32
4813;44
4814;19
4815;23
4816;69
4817;39
4818;43
4819;2
4820;56
4821;82
4822;58
4823;46
4824;59
4825;47
4826;35
4827;14
4828;4
4829;16
4830;21
4831;84
4832;20
4833;41
4834;45
4835;2
4836;1
4837;45
4838;30
4839;2
4840;18
4841;65
4842;71
4843;70
4844;52
4845;91
4846;47
4847;54
4848;42
4849;58
4850;71
4851;51
4852;97
4853;63
4854;95
4855;74
4856;74
4857;68
4858;53
4859;79
4860;48
4861;59
4862;89
4863;67
4864;79
4865;27
4866;25
4867;13
4868;71
4869;89
4870;50
4871;86
4872;72
4873;46
4874;63
4875;61
4876;86
4877;25
4878;44
4879;42
4880;82
4881;50
4882;27
4883;73
4884;24
4885;67
4886;82
4887;67
4888;41
4889;92
4890;67
4891;55
4892;64
4893;68
4894;62
4895;27
4896;57
4897;96
4898;66
4899;48
4900;60
4901;17
4902;59
4903;41
4904;37
4905;9
4906;13
4907;14
4908;57
4909;48
4910;12
4911;29
4912;46
4913;59
4914;18
4915;57
4916;28
4917;80
4918;64
4919;57
4920;32
4921;11
4922;11
4923;15
4924;49
4925;41
4926;8
4927;8
4928;39
4929;68
4930;66
4931;71
4932;75
4933;46
4934;31
4935;56
4936;35
4937;56
4938;16
4939;33
4940;45
4941;18
4942;51
4943;66
4944;60
4945;62
4946;85
4947;38
4948;13
4949;8
4950;43
4951;29
4952;51
4953;65
4954;48
4955;66
4956;52
4957;62
4958;86
4959;63
4960;69
4961;60
4962;72
4963;46
4964;33
4965;17
4966;9
4967;34
4968;41
4969;7
4970;13
4971;28
4972;45
4973;32
4974;62
4975;61
4976;50
4977;49
4978;61
4979;32
4980;34
4981;4
4982;1
4983;37
4984;55
4985;57
4986;9
4987;9
4988;62
4989;58
4990;30
4991;7
4992;43
4993;2
4994;26
4995;62
4996;64
4997;69
4998;67
4999;74
5000;67
5001;47
5002;21
5003;78
5004;49
5005;42
5006;4
5007;29
5008;45
5009;24
5010;46
5011;1
5012;77
5013;58
5014;31
5015;17
5016;46
5017;80
5018;73
5019;73
5020;58
5021;61
5022;72
5023;54
5024;36
5025;6
5026;10
5027;14
5028;45
5029;66
5030;19
5031;36
5032;15
5033;11
5034;29
5035;38
5036;9
5037;1
5038;64
5039;55
5040;57
5041;78
5042;71
5043;23
5044;85
5045;21
5046;20
5047;32
5048;23
5049;45
5050;63
5051;20
5052;43
5053;43
5054;17
5055;4
5056;66
5057;46
5058;9
5059;17
5060;66
5061;67
5062;24
5063;63
5064;47
5065;31
5066;32
5067;17
5068;28
5069;33
5070;1
5071;16
5072;25
5073;66
5074;51
5075;68
5076;53
5077;58
5078;39
5079;10
5080;12
5081;59
5082;51
5083;31
5084;21
5085;21
5086;21
5087;47
5088;61
5089;14
5090;15
5091;10
5092;34
5093;54
5094;56
5095;73
5096;51
5097;53
5098;38
5099;87
5100;78
5101;22
5102;26
5103;79
5104;66
5105;56
5106;78
5107;86
5108;76
5109;74
5110;25
5111;42
5112;55
5113;63
5114;66
5115;60
5116;52
5117;72
5118;63
5119;22
5120;66
5121;22
5122;71
5123;58
5124;80
5125;38
5126;28
5127;2
5128;0
5129;72
5130;67
5131;64
5132;47
5133;8
5134;36
5135;45
5136;76
5137;47
5138;48
5139;44
5140;24
5141;22
5142;19
5143;46
5144;52
5145;46
5146;54
5147;42
5148;12
5149;11
5150;48
5151;33
5152;4
5153;80
5154;22
5155;43
5156;59
5157;17
5158;38
5159;48
5160;31
5161;49
5162;1
5163;71
5164;56
5165;41
5166;54
5167;30
5168;70
5169;20
5170;68
5171;30
5172;49
5173;94
5174;37
5175;65
5176;58
5177;36
5178;9
5179;11
5180;45
5181;50
5182;15
5183;49
5184;49
5185;52
5186;15
5187;13
5188;62
5189;22
5190;81
5191;53
5192;54
5193;22
5194;52
5195;45
5196;78
5197;73
5198;31
5199;81
5200;20
5201;59
5202;50
5203;41
5204;71
5205;71
5206;63
5207;76
5208;47
5209;61
5210;13
5211;9
5212;56
5213;63
5214;57
5215;41
5216;13
5217;16
5218;45
5219;45
5220;37
5221;4
5222;56
5223;20
5224;40
5225;89
5226;65
5227;52
5228;37
5229;55
5230;26
5231;45
5232;5
5233;4
5234;8
5235;3
5236;68
5237;73
5238;49
5239;21
5240;7
5241;8
5242;72
5243;63
5244;61
5245;9
5246;27
5247;48
5248;6
5249;36
5250;75
5251;61
5252;42
5253;40
5254;10
5255;7
5256;80
5257;83
5258;64
5259;20
5260;33
5261;26
5262;15
5263;58
5264;22
5265;58
5266;78
5267;58
5268;72
5269;51
5270;66
5271;67
5272;45
5273;27
5274;22
5275;30
5276;62
5277;59
5278;88
5279;19
5280;65
5281;25
5282;73
5283;73
5284;54
5285;62
5286;22
5287;29
5288;0
5289;4
5290;42
5291;25
5292;16
5293;16
5294;5
5295;1
5296;47
5297;10
5298;21
5299;25
5300;28
5301;61
5302;68
5303;30
5304;26
5305;33
5306;7
5307;9
5308;93
5309;75
5310;57
5311;19
5312;58
5313;66
5314;64
5315;39
5316;66
5317;43
5318;64
5319;47
5320;6
5321;55
5322;58
5323;48
5324;65
5325;56
5326;71
5327;53
5328;21
5329;47
5330;34
5331;65
5332;88
5333;34
5334;12
5335;4
5336;46
5337;56
5338;16
5339;14
5340;69
5341;74
5342;40
5343;35
5344;47
5345;55
5346;42
5347;32
5348;45
5349;0
5350;16
5351;21
5352;75
5353;56
5354;23
5355;25
5356;18
5357;9
5358;4
5359;54
5360;53
5361;32
5362;18
5363;25
5364;28
5365;2
5366;15
5367;59
5368;60
5369;31
5370;16
5371;7
5372;18
5373;21
5374;29
5375;73
5376;58
5377;59
5378;52
5379;12
5380;8
5381;30
5382;22
5383;25
5384;23
5385;87
5386;72
5387;57
5388;49
5389;76
5390;50
5391;62
5392;63
5393;22
5394;27
5395;34
5396;48
5397;47
5398;19
5399;89
5400;77
5401;61
5402;23
5403;35
5404;49
5405;37
5406;49
5407;72
5408;49
5409;43
5410;53
5411;66
5412;64
5413;39
5414;48
5415;59
5416;43
5417;26
5418;9
5419;12
5420;14
5421;56
5422;21
5423;58
5424;48
5425;73
5426;36
5427;46
5428;53
5429;15
5430;42
5431;39
5432;16
5433;2
5434;73
5435;47
5436;58
5437;13
5438;13
5439;8
5440;33
5441;37
5442;17
5443;55
5444;33
5445;61
5446;64
5447;33
5448;16
5449;84
5450;42
5451;66
5452;72
5453;75
5454;59
5455;59
5456;51
5457;14
5458;43
5459;61
5460;12
5461;47
5462;52
5463;36
5464;35
5465;2
5466;3
5467;64
5468;55
5469;61
5470;48
5471;78
5472;36
5473;64
5474;52
5475;58
5476;85
5477;62
5478;73
5479;70
5480;74
5481;67
5482;90
5483;23
5484;25
5485;28
5486;1
5487;3
5488;8
5489;61
5490;55
5491;66
5492;55
5493;29
5494;10
5495;8
5496;18
5497;56
5498;22
5499;20
5500;20
5501;44
5502;58
5503;58
5504;63
5505;36
5506;64
5507;22
5508;55
5509;36
5510;58
5511;43
5512;72
5513;51
5514;76
5515;42
5516;18
5517;70
5518;74
5519;52
5520;65
5521;44
5522;36
5523;35
5524;2
5525;4
5526;54
5527;48
5528;89
5529;49
5530;87
5531;35
5532;41
5533;4
5534;5
5535;22
5536;75
5537;36
5538;40
5539;15
5540;13
5541;77
5542;58
5543;21
5544;73
5545;24
5546;21
5547;82
5548;43
5549;0
5550;49
5551;34
5552;35
5553;31
5554;0
5555;1
5556;1
5557;54
5558;23
5559;41
5560;43
5561;71
5562;41
5563;30
5564;46
5565;39
5566;23
5567;74
5568;36
5569;19
5570;52
5571;59
5572;39
5573;80
5574;62
5575;70
5576;65
5577;77
5578;88
5579;80
5580;24
5581;38
5582;3
5583;11
5584;2
5585;40
5586;36
5587;51
5588;29
5589;44
5590;36
5591;8
5592;53
5593;89
5594;45
5595;43
5596;4
5597;0
5598;64
5599;36
5600;50
5601;59
5602;36
5603;48
5604;12
5605;10
5606;25
5607;44
5608;17
5609;0
5610;5
5611;5
5612;63
5613;46
5614;9
5615;11
5616;71
5617;44
5618;42
5619;9
5620;43
5621;64
5622;8
5623;27
5624;52
5625;63
5626;64
5627;42
5628;71
5629;71
5630;58
5631;70
5632;34
5633;20
5634;26
5635;74
5636;33
5637;63
5638;54
5639;47
5640;30
5641;17
5642;17
5643;61
5644;38
5645;9
5646;7
5647;10
5648;26
5649;13
5650;15
5651;46
5652;73
5653;64
5654;33
5655;45
5656;10
5657;14
5658;63
5659;62
5660;34
5661;33
5662;14
5663;11
5664;10
5665;72
5666;54
5667;59
5668;47
5669;71
5670;83
5671;67
5672;72
5673;48
5674;48
5675;15
5676;60
5677;51
5678;20
5679;29
5680;0
5681;9
5682;71
5683;73
5684;28
5685;52
5686;69
5687;58
5688;72
5689;50
5690;62
5691;38
5692;43
5693;8
5694;5
5695;62
5696;59
5697;63
5698;54
5699;60
5700;66
5701;81
5702;37
5703;42
5704;77
5705;47
5706;72
5707;44
5708;52
5709;43
5710;75
5711;61
5712;19
5713;64
