1;28
2;21
3;37
4;76
5;63
6;59
7;73
8;66
9;74
10;49
11;33
12;15
13;18
14;54
15;73
16;60
17;71
18;62
19;42
20;79
21;23
22;43
23;21
24;61
25;75
26;62
27;53
28;55
29;9
30;26
31;8
32;34
33;59
34;33
35;76
36;37
37;52
38;56
39;59
40;53
41;53
42;54
43;20
44;41
45;78
46;94
47;57
48;11
49;87
50;29
51;43
52;70
53;74
54;51
55;36
56;28
57;10
58;1
59;3
60;5
61;20
62;24
63;20
64;30
65;36
66;3
67;8
68;63
69;20
70;51
71;12
72;10
73;84
74;71
75;45
76;12
77;7
78;72
79;92
80;23
81;70
82;39
83;40
84;37
85;10
86;8
87;26
88;81
89;70
90;71
91;51
92;54
93;36
94;83
95;30
96;78
97;85
98;35
99;26
100;12
101;18
102;29
103;46
104;41
105;6
106;3
107;44
108;71
109;59
110;67
111;64
112;48
113;62
114;57
115;43
116;37
117;13
118;2
119;13
120;42
121;20
122;4
123;60
124;59
125;46
126;88
127;33
128;28
129;59
130;7
131;11
132;20
133;19
134;72
135;19
136;53
137;37
138;55
139;50
140;8
141;66
142;70
143;62
144;26
145;52
146;7
147;10
148;8
149;12
150;70
151;61
152;60
153;93
154;48
155;62
156;68
157;35
158;34
159;42
160;74
161;46
162;61
163;61
164;76
165;80
166;23
167;49
168;91
169;56
170;60
171;94
172;81
173;31
174;43
175;18
176;13
177;55
178;68
179;79
180;29
181;44
182;1
183;1
184;54
185;35
186;28
187;49
188;32
189;59
190;54
191;15
192;6
193;92
194;19
195;42
196;41
197;40
198;62
199;71
200;87
201;30
202;38
203;13
204;47
205;28
206;8
207;14
208;48
209;80
210;87
211;56
212;44
213;53
214;62
215;47
216;29
217;12
218;47
219;41
220;16
221;18
222;13
223;41
224;29
225;5
226;1
227;3
228;20
229;79
230;33
231;31
232;13
233;11
234;39
235;44
236;0
237;3
238;49
239;37
240;18
241;15
242;36
243;38
244;56
245;11
246;18
247;61
248;56
249;52
250;44
251;57
252;34
253;53
254;10
255;12
256;41
257;11
258;61
259;72
260;42
261;54
262;49
263;14
264;28
265;71
266;49
267;56
268;66
269;80
270;58
271;40
272;67
273;28
274;49
275;42
276;14
277;34
278;42
279;86
280;53
281;24
282;55
283;28
284;49
285;48
286;15
287;55
288;56
289;71
290;87
291;41
292;68
293;73
294;25
295;30
296;69
297;34
298;26
299;14
300;12
301;9
302;67
303;64
304;59
305;87
306;31
307;38
308;43
309;6
310;0
311;80
312;86
313;24
314;43
315;9
316;62
317;39
318;54
319;21
320;3
321;4
322;3
323;19
324;60
325;57
326;41
327;11
328;13
329;21
330;42
331;53
332;11
333;16
334;25
335;53
336;41
337;22
338;55
339;25
340;63
341;58
342;12
343;74
344;51
345;74
346;53
347;55
348;60
349;11
350;63
351;63
352;28
353;56
354;14
355;15
356;26
357;59
358;71
359;63
360;72
361;57
362;58
363;21
364;51
365;37
366;87
367;19
368;44
369;37
370;72
371;85
372;38
373;48
374;6
375;67
376;51
377;48
378;82
379;49
380;82
381;79
382;65
383;59
384;48
385;52
386;39
387;84
388;39
389;49
390;59
391;58
392;24
393;32
394;18
395;1
396;6
397;71
398;56
399;32
400;36
401;62
402;7
403;10
404;14
405;19
406;68
407;72
408;58
409;34
410;45
411;79
412;79
413;61
414;83
415;82
416;45
417;44
418;8
419;12
420;51
421;44
422;12
423;27
424;31
425;62
426;65
427;76
428;20
429;43
430;68
431;72
432;60
433;78
434;48
435;48
436;83
437;22
438;37
439;32
440;5
441;71
442;21
443;82
444;58
445;66
446;45
447;60
448;83
449;48
450;12
451;11
452;57
453;62
454;65
455;49
456;24
457;24
458;9
459;5
460;40
461;43
462;14
463;49
464;51
465;56
466;62
467;43
468;7
469;11
470;44
471;30
472;7
473;13
474;61
475;31
476;18
477;13
478;65
479;76
480;54
481;66
482;58
483;44
484;63
485;75
486;28
487;35
488;4
489;40
490;86
491;29
492;29
493;6
494;12
495;55
496;32
497;27
498;45
499;24
500;41
501;80
502;39
503;32
504;14
505;14
506;15
507;47
508;43
509;10
510;13
511;35
512;64
513;83
514;22
515;63
516;44
517;34
518;37
519;5
520;10
521;72
522;24
523;75
524;36
525;57
526;11
527;12
528;40
529;57
530;11
531;18
532;27
533;53
534;50
535;6
536;11
537;47
538;54
539;18
540;17
541;11
542;41
543;21
544;55
545;46
546;84
547;59
548;35
549;94
550;70
551;32
552;36
553;11
554;10
555;9
556;44
557;20
558;4
559;15
560;53
561;32
562;19
563;46
564;39
565;17
566;57
567;67
568;55
569;52
570;65
571;60
572;58
573;36
574;15
575;7
576;17
577;34
578;90
579;57
580;19
581;63
582;63
583;37
584;59
585;73
586;38
587;79
588;71
589;53
590;82
591;67
592;76
593;35
594;58
595;16
596;12
597;42
598;66
599;40
600;75
601;30
602;45
603;10
604;15
605;35
606;38
607;62
608;71
609;29
610;34
611;12
612;9
613;50
614;46
615;6
616;9
617;56
618;20
619;90
620;22
621;24
622;54
623;81
624;65
625;38
626;27
627;15
628;8
629;36
630;60
631;6
632;12
633;55
634;36
635;30
636;13
637;2
638;0
639;55
640;67
641;26
642;36
643;43
644;29
645;56
646;40
647;28
648;16
649;3
650;11
651;38
652;20
653;49
654;12
655;18
656;52
657;53
658;53
659;28
660;50
661;48
662;13
663;14
664;31
665;57
666;71
667;60
668;41
669;44
670;41
671;8
672;0
673;57
674;44
675;2
676;48
677;36
678;2
679;3
680;57
681;86
682;68
683;64
684;40
685;22
686;19
687;69
688;53
689;76
690;41
691;81
692;26
693;52
694;67
695;48
696;44
697;53
698;68
699;67
700;21
701;22
702;55
703;35
704;51
705;16
706;40
707;64
708;32
709;34
710;32
711;8
712;16
713;12
714;39
715;40
716;11
717;61
718;97
719;39
720;55
721;11
722;57
723;55
724;78
725;76
726;30
727;78
728;47
729;48
730;39
731;87
732;81
733;69
734;46
735;62
736;50
737;37
738;18
739;7
740;67
741;87
742;61
743;59
744;28
745;38
746;39
747;42
748;38
749;6
750;10
751;81
752;50
753;73
754;44
755;23
756;45
757;62
758;9
759;74
760;67
761;54
762;58
763;77
764;67
765;31
766;44
767;6
768;3
769;35
770;85
771;58
772;57
773;62
774;62
775;58
776;70
777;29
778;39
779;7
780;56
781;44
782;52
783;8
784;11
785;80
786;31
787;37
788;60
789;16
790;11
791;35
792;65
793;65
794;63
795;48
796;60
797;67
798;90
799;50
800;80
801;29
802;31
803;58
804;71
805;61
806;54
807;31
808;37
809;11
810;8
811;44
812;52
813;23
814;42
815;42
816;35
817;75
818;20
819;24
820;28
821;3
822;13
823;43
824;38
825;42
826;31
827;51
828;64
829;30
830;90
831;87
832;69
833;67
834;44
835;60
836;18
837;8
838;69
839;24
840;90
841;90
842;46
843;76
844;46
845;6
846;1
847;33
848;43
849;8
850;12
851;59
852;70
853;56
854;21
855;86
856;58
857;68
858;21
859;21
860;59
861;58
862;62
863;20
864;56
865;22
866;45
867;26
868;89
869;44
870;39
871;11
872;18
873;6
874;27
875;28
876;11
877;3
878;3
879;16
880;4
881;41
882;23
883;48
884;70
885;34
886;88
887;28
888;86
889;88
890;29
891;62
892;29
893;44
894;62
895;14
896;8
897;10
898;55
899;39
900;14
901;6
902;51
903;40
904;41
905;15
906;5
907;10
908;75
909;37
910;46
911;5
912;13
913;64
914;76
915;31
916;39
917;3
918;6
919;70
920;91
921;67
922;47
923;58
924;63
925;62
926;60
927;87
928;48
929;29
930;39
931;62
932;59
933;8
934;72
935;75
936;48
937;63
938;50
939;31
940;77
941;39
942;33
943;15
944;16
945;56
946;44
947;53
948;80
949;57
950;53
951;8
952;15
953;41
954;32
955;13
956;9
957;5
958;64
959;39
960;65
961;87
962;62
963;87
964;44
965;49
966;34
967;59
968;58
969;49
970;67
971;67
972;68
973;57
974;76
975;31
976;49
977;59
978;15
979;56
980;49
981;27
982;0
983;3
984;49
985;69
986;54
987;38
988;63
989;73
990;74
991;48
992;31
993;28
994;2
995;5
996;50
997;49
998;12
999;11
1000;68
1001;76
1002;62
1003;62
1004;47
1005;14
1006;37
1007;74
1008;69
1009;78
1010;30
1011;31
1012;5
1013;7
1014;9
1015;73
1016;24
1017;58
1018;71
1019;29
1020;71
1021;28
1022;35
1023;11
1024;5
1025;2
1026;56
1027;83
1028;56
1029;61
1030;30
1031;18
1032;11
1033;34
1034;60
1035;14
1036;7
1037;8
1038;63
1039;52
1040;45
1041;36
1042;13
1043;10
1044;46
1045;13
1046;31
1047;40
1048;50
1049;14
1050;27
1051;48
1052;86
1053;25
1054;47
1055;3
1056;5
1057;76
1058;57
1059;73
1060;34
1061;20
1062;1
1063;55
1064;36
1065;65
1066;53
1067;64
1068;59
1069;67
1070;59
1071;35
1072;31
1073;7
1074;11
1075;11
1076;34
1077;24
1078;2
1079;4
1080;55
1081;35
1082;40
1083;14
1084;6
1085;32
1086;3
1087;45
1088;81
1089;35
1090;25
1091;66
1092;25
1093;25
1094;27
1095;42
1096;73
1097;63
1098;89
1099;82
1100;20
1101;60
1102;62
1103;39
1104;45
1105;13
1106;58
1107;56
1108;68
1109;21
1110;38
1111;56
1112;41
1113;18
1114;9
1115;49
1116;55
1117;53
1118;39
1119;45
1120;14
1121;15
1122;65
1123;63
1124;47
1125;44
1126;3
1127;5
1128;2
1129;34
1130;54
1131;9
1132;12
1133;64
1134;81
1135;48
1136;66
1137;76
1138;40
1139;60
1140;57
1141;56
1142;57
1143;14
1144;12
1145;50
1146;82
1147;57
1148;19
1149;58
1150;36
1151;11
1152;9
1153;52
1154;39
1155;44
1156;16
1157;55
1158;53
1159;41
1160;13
1161;73
1162;38
1163;57
1164;40
1165;32
1166;53
1167;7
1168;12
1169;54
1170;74
1171;76
1172;21
1173;40
1174;54
1175;50
1176;16
1177;7
1178;56
1179;70
1180;79
1181;67
1182;44
1183;39
1184;7
1185;0
1186;50
1187;25
1188;51
1189;51
1190;15
1191;8
1192;98
1193;79
1194;28
1195;26
1196;24
1197;5
1198;78
1199;35
1200;36
1201;19
1202;30
1203;40
1204;60
1205;66
1206;59
1207;48
1208;10
1209;9
1210;14
1211;45
1212;61
1213;87
1214;56
1215;27
1216;17
1217;18
1218;12
1219;45
1220;80
1221;64
1222;39
1223;15
1224;16
1225;72
1226;54
1227;53
1228;32
1229;61
1230;9
1231;16
1232;64
1233;64
1234;54
1235;64
1236;47
1237;62
1238;35
1239;5
1240;0
1241;58
1242;60
1243;34
1244;0
1245;82
1246;56
1247;55
1248;57
1249;11
1250;49
1251;47
1252;37
1253;15
1254;8
1255;71
1256;60
1257;42
1258;33
1259;45
1260;4
1261;10
1262;28
1263;39
1264;11
1265;64
1266;22
1267;30
1268;40
1269;4
1270;15
1271;52
1272;50
1273;18
1274;13
1275;18
1276;7
1277;47
1278;45
1279;48
1280;2
1281;5
1282;4
1283;63
1284;40
1285;46
1286;30
1287;69
1288;35
1289;87
1290;86
1291;20
1292;46
1293;43
1294;18
1295;10
1296;63
1297;38
1298;24
1299;54
1300;21
1301;23
1302;60
1303;64
1304;63
1305;12
1306;16
1307;23
1308;53
1309;28
1310;41
1311;0
1312;2
1313;6
1314;69
1315;79
1316;88
1317;55
1318;57
1319;74
1320;74
1321;19
1322;28
1323;28
1324;2
1325;63
1326;67
1327;36
1328;47
1329;4
1330;3
1331;28
1332;8
1333;42
1334;34
1335;6
1336;3
1337;50
1338;49
1339;36
1340;33
1341;2
1342;9
1343;5
1344;82
1345;70
1346;40
1347;53
1348;77
1349;56
1350;35
1351;82
1352;51
1353;7
1354;59
1355;52
1356;28
1357;30
1358;0
1359;0
1360;81
1361;72
1362;42
1363;74
1364;57
1365;58
1366;84
1367;73
1368;38
1369;36
1370;3
1371;11
1372;0
1373;18
1374;5
1375;54
1376;88
1377;53
1378;45
1379;7
1380;38
1381;82
1382;32
1383;31
1384;11
1385;80
1386;67
1387;85
1388;59
1389;75
1390;53
1391;76
1392;46
1393;44
1394;11
1395;64
1396;26
1397;47
1398;22
1399;53
1400;36
1401;54
1402;47
1403;65
1404;45
1405;39
1406;39
1407;59
1408;56
1409;84
1410;75
1411;34
1412;39
1413;2
1414;4
1415;26
1416;64
1417;54
1418;63
1419;63
1420;43
1421;61
1422;46
1423;27
1424;19
1425;12
1426;79
1427;48
1428;48
1429;56
1430;31
1431;48
1432;61
1433;81
1434;24
1435;77
1436;68
1437;65
1438;45
1439;46
1440;64
1441;56
1442;50
1443;40
1444;11
1445;15
1446;53
1447;34
1448;53
1449;21
1450;80
1451;60
1452;63
1453;69
1454;48
1455;44
1456;39
1457;16
1458;17
1459;42
1460;25
1461;76
1462;29
1463;14
1464;43
1465;84
1466;63
1467;83
1468;20
1469;56
1470;58
1471;84
1472;37
1473;33
1474;8
1475;6
1476;43
1477;56
1478;68
1479;69
1480;21
1481;69
1482;75
1483;67
1484;23
1485;78
1486;62
1487;87
1488;34
1489;43
1490;9
1491;87
1492;75
1493;65
1494;64
1495;61
1496;77
1497;42
1498;46
1499;56
1500;15
1501;6
1502;65
1503;28
1504;31
1505;18
1506;9
1507;69
1508;67
1509;19
1510;23
1511;55
1512;45
1513;9
1514;13
1515;59
1516;54
1517;56
1518;78
1519;56
1520;84
1521;74
1522;50
1523;67
1524;42
1525;76
1526;81
1527;48
1528;44
1529;23
1530;23
1531;49
1532;55
1533;47
1534;41
1535;18
1536;1
1537;52
1538;86
1539;72
1540;31
1541;92
1542;67
1543;50
1544;75
1545;53
1546;35
1547;12
1548;12
1549;17
1550;16
1551;43
1552;40
1553;14
1554;4
1555;73
1556;19
1557;49
1558;69
1559;42
1560;72
1561;50
1562;27
1563;48
1564;52
1565;47
1566;48
1567;39
1568;31
1569;87
1570;58
1571;85
1572;35
1573;29
1574;39
1575;18
1576;80
1577;31
1578;53
1579;82
1580;32
1581;29
1582;16
1583;3
1584;57
1585;40
1586;9
1587;15
1588;75
1589;58
1590;57
1591;47
1592;78
1593;56
1594;49
1595;60
1596;45
1597;56
1598;7
1599;54
1600;86
1601;77
1602;55
1603;66
1604;40
1605;74
1606;19
1607;85
1608;63
1609;89
1610;40
1611;43
1612;23
1613;21
1614;66
1615;25
1616;42
1617;60
1618;19
1619;44
1620;11
1621;7
1622;33
1623;44
1624;54
1625;13
1626;6
1627;86
1628;63
1629;54
1630;21
1631;46
1632;65
1633;74
1634;48
1635;26
1636;54
1637;75
1638;26
1639;19
1640;52
1641;67
1642;48
1643;30
1644;28
1645;12
1646;36
1647;13
1648;10
1649;32
1650;41
1651;6
1652;58
1653;50
1654;14
1655;13
1656;41
1657;56
1658;16
1659;7
1660;62
1661;23
1662;76
1663;72
1664;32
1665;30
1666;5
1667;0
1668;61
1669;58
1670;77
1671;64
1672;43
1673;21
1674;57
1675;79
1676;91
1677;53
1678;59
1679;22
1680;80
1681;55
1682;41
1683;42
1684;42
1685;14
1686;15
1687;44
1688;39
1689;12
1690;10
1691;79
1692;22
1693;34
1694;84
1695;48
1696;13
1697;12
1698;48
1699;64
1700;36
1701;70
1702;61
1703;43
1704;62
1705;41
1706;38
1707;6
1708;17
1709;12
1710;51
1711;24
1712;80
1713;79
1714;37
1715;35
1716;0
1717;3
1718;49
1719;37
1720;13
1721;18
1722;80
1723;20
1724;74
1725;85
1726;23
1727;55
1728;68
1729;26
1730;25
1731;65
1732;90
1733;62
1734;42
1735;20
1736;24
1737;43
1738;4
1739;0
1740;39
1741;41
1742;79
1743;56
1744;22
1745;24
1746;63
1747;63
1748;26
1749;11
1750;10
1751;23
1752;63
1753;75
1754;63
1755;59
1756;67
1757;47
1758;14
1759;24
1760;84
1761;38
1762;39
1763;51
1764;85
1765;70
1766;24
1767;44
1768;50
1769;50
1770;15
1771;18
1772;26
1773;41
1774;13
1775;86
1776;73
1777;67
1778;39
1779;31
1780;9
1781;83
1782;58
1783;71
1784;63
1785;44
1786;37
1787;74
1788;63
1789;26
1790;73
1791;49
1792;45
1793;66
1794;77
1795;34
1796;34
1797;11
1798;5
1799;2
1800;87
1801;29
1802;39
1803;1
1804;6
1805;61
1806;61
1807;74
1808;65
1809;30
1810;39
1811;7
1812;2
1813;14
1814;53
1815;64
1816;64
1817;53
1818;13
1819;16
1820;44
1821;86
1822;51
1823;22
1824;20
1825;15
1826;1
1827;54
1828;43
1829;8
1830;10
1831;67
1832;64
1833;52
1834;57
1835;15
1836;8
1837;31
1838;61
1839;83
1840;63
1841;77
1842;79
1843;29
1844;4
1845;7
1846;72
1847;85
1848;36
1849;38
1850;79
1851;34
1852;79
1853;87
1854;23
1855;37
1856;58
1857;59
1858;21
1859;26
1860;63
1861;72
1862;64
1863;70
1864;73
1865;52
1866;52
1867;63
1868;48
1869;55
1870;73
1871;68
1872;56
1873;69
1874;37
1875;25
1876;10
1877;4
1878;42
1879;53
1880;71
1881;84
1882;53
1883;77
1884;21
1885;72
1886;56
1887;58
1888;11
1889;58
1890;26
1891;77
1892;84
1893;28
1894;65
1895;69
1896;34
1897;84
1898;73
1899;20
1900;86
1901;90
1902;24
1903;80
1904;27
1905;47
1906;5
1907;4
1908;3
1909;9
1910;86
1911;64
1912;30
1913;12
1914;8
1915;7
1916;6
1917;62
1918;43
1919;61
1920;42
1921;35
1922;4
1923;63
1924;85
1925;33
1926;88
1927;40
1928;59
1929;33
1930;81
1931;47
1932;40
1933;3
1934;1
1935;37
1936;19
1937;3
1938;3
1939;35
1940;53
1941;12
1942;47
1943;49
1944;36
1945;27
1946;8
1947;3
1948;43
1949;49
1950;13
1951;9
1952;52
1953;54
1954;76
1955;65
1956;53
1957;64
1958;34
1959;29
1960;9
1961;7
1962;60
1963;81
1964;51
1965;70
1966;35
1967;63
1968;43
1969;55
1970;15
1971;15
1972;63
1973;54
1974;81
1975;20
1976;56
1977;75
1978;22
1979;44
1980;9
1981;5
1982;63
1983;72
1984;21
1985;20
1986;47
1987;11
1988;18
1989;86
1990;30
1991;55
1992;51
1993;20
1994;40
1995;25
1996;42
1997;16
1998;4
1999;6
2000;55
2001;71
2002;42
2003;37
2004;13
2005;13
2006;33
2007;27
2008;28
2009;8
2010;2
2011;69
2012;83
2013;55
2014;70
2015;47
2016;70
2017;20
2018;80
2019;30
2020;44
2021;39
2022;1
2023;0
2024;57
2025;74
2026;86
2027;24
2028;41
2029;41
2030;32
2031;15
2032;52
2033;52
2034;71
2035;31
2036;74
2037;55
2038;63
2039;39
2040;13
2041;13
2042;52
2043;41
2044;61
2045;33
2046;40
2047;56
2048;79
2049;69
2050;71
2051;60
2052;63
2053;36
2054;66
2055;87
2056;52
2057;51
2058;70
2059;67
2060;70
2061;64
2062;51
2063;76
2064;57
2065;58
2066;56
2067;55
2068;42
2069;7
2070;25
2071;75
2072;89
2073;56
2074;61
2075;15
2076;30
2077;39
2078;16
2079;5
2080;62
2081;85
2082;50
2083;85
2084;37
2085;33
2086;2
2087;0
2088;62
2089;72
2090;29
2091;32
2092;12
2093;28
2094;31
2095;41
2096;8
2097;51
2098;69
2099;39
2100;51
2101;13
2102;40
2103;60
2104;36
2105;53
2106;56
2107;47
2108;39
2109;0
2110;3
2111;3
2112;54
2113;40
2114;29
2115;6
2116;10
2117;59
2118;91
2119;48
2120;27
2121;51
2122;6
2123;72
2124;74
2125;55
2126;31
2127;69
2128;50
2129;47
2130;15
2131;15
2132;52
2133;85
2134;63
2135;48
2136;14
2137;13
2138;55
2139;79
2140;49
2141;31
2142;12
2143;9
2144;69
2145;35
2146;86
2147;50
2148;43
2149;92
2150;62
2151;86
2152;64
2153;38
2154;29
2155;29
2156;14
2157;4
2158;18
2159;28
2160;63
2161;64
2162;20
2163;0
2164;11
2165;27
2166;59
2167;13
2168;7
2169;81
2170;42
2171;59
2172;39
2173;90
2174;73
2175;43
2176;83
2177;39
2178;51
2179;36
2180;86
2181;60
2182;50
2183;23
2184;60
2185;76
2186;31
2187;72
2188;52
2189;64
2190;11
2191;15
2192;63
2193;41
2194;7
2195;13
2196;82
2197;83
2198;47
2199;60
2200;61
2201;23
2202;51
2203;24
2204;79
2205;55
2206;64
2207;59
2208;16
2209;64
2210;57
2211;75
2212;59
2213;30
2214;60
2215;86
2216;93
2217;62
2218;97
2219;63
2220;62
2221;71
2222;45
2223;36
2224;1
2225;2
2226;9
2227;49
2228;31
2229;0
2230;2
2231;16
2232;10
2233;1
2234;56
2235;67
2236;65
2237;48
2238;42
2239;61
2240;84
2241;29
2242;41
2243;2
2244;47
2245;74
2246;40
2247;48
2248;78
2249;76
2250;25
2251;56
2252;22
2253;33
2254;25
2255;70
2256;65
2257;57
2258;22
2259;37
2260;0
2261;2
2262;11
2263;82
2264;65
2265;52
2266;49
2267;55
2268;29
2269;6
2270;17
2271;62
2272;76
2273;78
2274;95
2275;59
2276;80
2277;27
2278;46
2279;18
2280;45
2281;56
2282;51
2283;46
2284;28
2285;5
2286;6
2287;10
2288;5
2289;51
2290;80
2291;23
2292;40
2293;56
2294;19
2295;69
2296;50
2297;54
2298;63
2299;13
2300;31
2301;2
2302;63
2303;68
2304;64
2305;83
2306;71
2307;23
2308;62
2309;77
2310;64
2311;64
2312;26
2313;32
2314;16
2315;8
2316;49
2317;23
2318;50
2319;31
2320;31
2321;18
2322;48
2323;60
2324;73
2325;32
2326;40
2327;57
2328;14
2329;41
2330;36
2331;10
2332;9
2333;35
2334;27
2335;11
2336;2
2337;73
2338;50
2339;44
2340;13
2341;36
2342;55
2343;12
2344;13
2345;12
2346;28
2347;49
2348;7
2349;16
2350;67
2351;83
2352;42
2353;42
2354;15
2355;34
2356;25
2357;16
2358;16
2359;3
2360;24
2361;20
2362;36
2363;24
2364;32
2365;55
2366;12
2367;13
2368;69
2369;33
2370;10
2371;7
2372;72
2373;26
2374;40
2375;77
2376;91
2377;68
2378;33
2379;28
2380;19
2381;60
2382;75
2383;66
2384;76
2385;26
2386;51
2387;56
2388;51
2389;24
2390;84
2391;84
2392;76
2393;24
2394;22
2395;66
2396;66
2397;53
2398;47
2399;61
2400;56
2401;16
2402;15
2403;79
2404;52
2405;93
2406;32
2407;66
2408;21
2409;60
2410;71
2411;59
2412;37
2413;48
2414;5
2415;48
2416;9
2417;16
2418;37
2419;28
2420;8
2421;16
2422;37
2423;77
2424;62
2425;19
2426;24
2427;79
2428;63
2429;55
2430;49
2431;43
2432;12
2433;29
2434;19
2435;67
2436;43
2437;45
2438;3
2439;5
2440;66
2441;20
2442;73
2443;64
2444;71
2445;67
2446;67
2447;37
2448;73
2449;71
2450;44
2451;35
2452;9
2453;6
2454;77
2455;74
2456;19
2457;69
2458;49
2459;74
2460;35
2461;27
2462;6
2463;5
2464;51
2465;74
2466;48
2467;70
2468;40
2469;79
2470;24
2471;39
2472;47
2473;17
2474;13
2475;36
2476;30
2477;7
2478;71
2479;44
2480;85
2481;78
2482;58
2483;73
2484;36
2485;25
2486;19
2487;88
2488;56
2489;57
2490;86
2491;39
2492;53
2493;77
2494;63
2495;7
2496;6
2497;60
2498;50
2499;30
2500;6
2501;9
2502;53
2503;69
2504;72
2505;64
2506;83
2507;69
2508;25
2509;70
2510;84
2511;75
2512;24
2513;42
2514;32
2515;2
2516;62
2517;25
2518;55
2519;62
2520;44
2521;40
2522;90
2523;85
2524;22
2525;81
2526;28
2527;53
2528;61
2529;37
2530;71
2531;24
2532;60
2533;31
2534;68
2535;88
2536;85
2537;89
2538;63
2539;53
2540;62
2541;24
2542;76
2543;79
2544;33
2545;67
2546;53
2547;51
2548;58
2549;32
2550;39
2551;80
2552;57
2553;48
2554;32
2555;28
2556;6
2557;64
2558;69
2559;55
2560;37
2561;21
2562;2
2563;2
2564;79
2565;67
2566;22
2567;80
2568;21
2569;42
2570;49
2571;51
2572;34
2573;50
2574;63
2575;64
2576;58
2577;56
2578;54
2579;31
2580;63
2581;68
2582;57
2583;52
2584;68
2585;51
2586;65
2587;71
2588;33
2589;67
2590;76
2591;46
2592;85
2593;46
2594;59
2595;35
2596;41
2597;4
2598;13
2599;26
2600;46
2601;73
2602;58
2603;14
2604;84
2605;87
2606;59
2607;66
2608;87
2609;69
2610;44
2611;33
2612;46
2613;18
2614;64
2615;64
2616;37
2617;31
2618;11
2619;4
2620;8
2621;46
2622;82
2623;41
2624;44
2625;62
2626;74
2627;85
2628;20
2629;63
2630;19
2631;71
2632;91
2633;20
2634;46
2635;59
2636;7
2637;10
2638;34
2639;76
2640;23
2641;47
2642;25
2643;37
2644;21
2645;62
2646;24
2647;22
2648;53
2649;62
2650;35
2651;39
2652;7
2653;1
2654;5
2655;44
2656;31
2657;10
2658;6
2659;12
2660;61
2661;80
2662;81
2663;70
2664;75
2665;20
2666;53
2667;52
2668;62
2669;44
2670;76
2671;71
2672;41
2673;27
2674;9
2675;12
2676;82
2677;86
2678;71
2679;69
2680;56
2681;87
2682;60
2683;22
2684;30
2685;62
2686;13
2687;6
2688;41
2689;57
2690;60
2691;54
2692;82
2693;63
2694;40
2695;6
2696;10
2697;14
2698;41
2699;49
2700;17
2701;15
2702;32
2703;42
2704;13
2705;18
2706;57
2707;53
2708;61
2709;56
2710;41
2711;36
2712;5
2713;1
2714;48
2715;26
2716;62
2717;30
2718;60
2719;34
2720;83
2721;39
2722;1
2723;41
2724;37
2725;2
2726;18
2727;9
2728;64
2729;12
2730;70
2731;67
2732;62
2733;67
2734;84
2735;38
2736;26
2737;47
2738;65
2739;53
2740;39
2741;41
2742;11
2743;16
2744;74
2745;22
2746;73
2747;20
2748;24
2749;30
2750;50
2751;23
2752;63
2753;68
2754;51
2755;62
2756;8
2757;14
2758;10
2759;34
2760;36
2761;37
2762;7
2763;8
2764;68
2765;78
2766;57
2767;48
2768;50
2769;15
2770;45
2771;21
2772;1
2773;1
2774;31
2775;45
2776;2
2777;14
2778;3
2779;48
2780;14
2781;11
2782;34
2783;21
2784;1
2785;13
2786;36
2787;38
2788;34
2789;3
2790;11
2791;7
2792;3
2793;44
2794;60
2795;81
2796;19
2797;86
2798;80
2799;86
2800;86
2801;42
2802;52
2803;33
2804;21
2805;66
2806;52
2807;64
2808;75
2809;75
2810;22
2811;10
2812;0
2813;0
2814;80
2815;67
2816;52
2817;63
2818;47
2819;70
2820;61
2821;20
2822;40
2823;15
2824;79
2825;64
2826;48
2827;48
2828;47
2829;79
2830;74
2831;52
2832;43
2833;79
2834;64
2835;58
2836;34
2837;45
2838;10
2839;6
2840;66
2841;61
2842;50
2843;58
2844;88
2845;28
2846;61
2847;85
2848;79
2849;64
2850;62
2851;45
2852;68
2853;50
2854;49
2855;23
2856;68
2857;64
2858;47
2859;12
2860;7
2861;9
2862;41
2863;46
2864;48
2865;24
2866;57
2867;56
2868;28
2869;78
2870;51
2871;78
2872;56
2873;55
2874;62
2875;75
2876;44
2877;33
2878;18
2879;4
2880;59
2881;35
2882;35
2883;6
2884;49
2885;71
2886;20
2887;35
2888;5
2889;5
2890;5
2891;4
2892;12
2893;30
2894;20
2895;39
2896;25
2897;1
2898;4
2899;8
2900;3
2901;56
2902;42
2903;53
2904;24
2905;77
2906;38
2907;73
2908;56
2909;30
2910;40
2911;11
2912;11
2913;56
2914;53
2915;61
2916;57
2917;53
2918;88
2919;50
2920;57
2921;44
2922;82
2923;56
2924;56
2925;57
2926;30
2927;40
2928;7
2929;14
2930;14
2931;24
2932;21
2933;42
2934;39
2935;72
2936;59
2937;23
2938;21
2939;37
2940;58
2941;31
2942;79
2943;79
2944;62
2945;74
2946;27
2947;24
2948;49
2949;21
2950;63
2951;19
2952;43
2953;48
2954;11
2955;82
2956;51
2957;80
2958;21
2959;65
2960;19
2961;40
2962;74
2963;71
2964;39
2965;27
2966;40
2967;35
2968;1
2969;3
2970;5
2971;18
2972;72
2973;75
2974;31
2975;12
2976;6
2977;44
2978;10
2979;41
2980;52
2981;86
2982;57
2983;65
2984;51
2985;55
2986;38
2987;49
2988;75
2989;70
2990;21
2991;53
2992;72
2993;80
2994;29
2995;30
2996;9
2997;5
2998;5
2999;71
3000;72
3001;57
3002;52
3003;47
3004;58
3005;23
3006;68
3007;87
3008;57
3009;54
3010;10
3011;18
3012;31
3013;47
3014;0
3015;4
3016;14
3017;47
3018;57
3019;74
3020;50
3021;61
3022;47
3023;48
3024;30
3025;21
3026;23
3027;75
3028;53
3029;82
3030;55
3031;89
3032;32
3033;13
3034;46
3035;34
3036;49
3037;2
3038;3
3039;39
3040;68
3041;44
3042;32
3043;16
3044;5
3045;59
3046;14
3047;7
3048;59
3049;38
3050;61
3051;29
3052;84
3053;80
3054;61
3055;64
3056;56
3057;11
3058;17
3059;57
3060;65
3061;48
3062;71
3063;94
3064;63
3065;37
3066;14
3067;16
3068;43
3069;34
3070;50
3071;63
3072;48
3073;38
3074;9
3075;22
3076;26
3077;1
3078;44
3079;49
3080;55
3081;68
3082;48
3083;54
3084;9
3085;14
3086;6
3087;79
3088;20
3089;84
3090;59
3091;51
3092;22
3093;82
3094;44
3095;65
3096;52
3097;57
3098;92
3099;58
3100;49
3101;40
3102;15
3103;41
3104;37
3105;14
3106;13
3107;67
3108;41
3109;35
3110;74
3111;19
3112;31
3113;75
3114;33
3115;33
3116;62
3117;74
3118;63
3119;60
3120;26
3121;13
3122;18
3123;64
3124;28
3125;39
3126;3
3127;2
3128;44
3129;38
3130;10
3131;16
3132;10
3133;31
3134;49
3135;6
3136;11
3137;60
3138;74
3139;62
3140;35
3141;38
3142;0
3143;5
3144;43
3145;56
3146;42
3147;7
3148;39
3149;44
3150;3
3151;5
3152;54
3153;67
3154;89
3155;71
3156;30
3157;75
3158;53
3159;40
3160;80
3161;80
3162;90
3163;79
3164;62
3165;53
3166;49
3167;78
3168;29
3169;54
3170;69
3171;52
3172;85
3173;53
3174;53
3175;50
3176;72
3177;42
3178;26
3179;0
3180;2
3181;58
3182;57
3183;34
3184;34
3185;14
3186;13
3187;35
3188;63
3189;14
3190;68
3191;20
3192;70
3193;55
3194;45
3195;87
3196;33
3197;31
3198;16
3199;35
3200;60
3201;48
3202;12
3203;10
3204;36
3205;65
3206;53
3207;57
3208;79
3209;32
3210;11
3211;87
3212;51
3213;46
3214;87
3215;78
3216;61
3217;58
3218;48
3219;47
3220;10
3221;17
3222;7
3223;79
3224;38
3225;42
3226;7
3227;7
3228;71
3229;70
3230;40
3231;40
3232;10
3233;8
3234;58
3235;85
3236;35
3237;22
3238;54
3239;64
3240;63
3241;59
3242;32
3243;42
3244;71
3245;57
3246;44
3247;30
3248;94
3249;60
3250;55
3251;25
3252;76
3253;54
3254;77
3255;78
3256;58
3257;45
3258;62
3259;45
3260;65
3261;55
3262;55
3263;34
3264;49
3265;62
3266;84
3267;62
3268;67
3269;86
3270;45
3271;40
3272;2
3273;1
3274;55
3275;37
3276;44
3277;45
3278;14
3279;13
3280;66
3281;47
3282;53
3283;44
3284;54
3285;14
3286;9
3287;51
3288;28
3289;42
3290;41
3291;10
3292;46
3293;19
3294;81
3295;65
3296;30
3297;31
3298;1
3299;3
3300;2
3301;41
3302;72
3303;24
3304;71
3305;65
3306;44
3307;32
3308;12
3309;0
3310;3
3311;32
3312;38
3313;12
3314;17
3315;62
3316;33
3317;37
3318;12
3319;12
3320;53
3321;73
3322;56
3323;51
3324;49
3325;94
3326;42
3327;21
3328;55
3329;64
3330;39
3331;51
3332;10
3333;8
3334;44
3335;13
3336;15
3337;49
3338;79
3339;32
3340;24
3341;24
3342;25
3343;19
3344;60
3345;69
3346;81
3347;58
3348;32
3349;61
3350;7
3351;7
3352;32
3353;90
3354;31
3355;71
3356;51
3357;51
3358;6
3359;15
3360;22
3361;68
3362;68
3363;56
3364;23
3365;1
3366;0
3367;3
3368;35
3369;69
3370;70
3371;42
3372;89
3373;36
3374;24
3375;55
3376;38
3377;57
3378;70
3379;35
3380;30
3381;14
3382;18
3383;86
3384;50
3385;23
3386;27
3387;54
3388;21
3389;22
3390;2
3391;75
3392;42
3393;28
3394;8
3395;9
3396;27
3397;27
3398;15
3399;18
3400;16
3401;55
3402;69
3403;30
3404;62
3405;76
3406;57
3407;69
3408;29
3409;46
3410;9
3411;37
3412;37
3413;7
3414;0
3415;65
3416;37
3417;39
3418;81
3419;42
3420;60
3421;24
3422;27
3423;2
3424;11
3425;42
3426;45
3427;7
3428;43
3429;72
3430;50
3431;48
3432;6
3433;60
3434;79
3435;53
3436;17
3437;63
3438;61
3439;50
3440;10
3441;65
3442;62
3443;89
3444;61
3445;46
3446;13
3447;2
3448;60
3449;41
3450;47
3451;59
3452;32
3453;53
3454;58
3455;65
3456;58
3457;88
3458;76
3459;55
3460;81
3461;63
3462;26
3463;27
3464;28
3465;15
3466;6
3467;48
3468;30
3469;50
3470;30
3471;13
3472;3
3473;4
3474;3
3475;65
3476;69
3477;53
3478;77
3479;20
3480;36
3481;3
3482;9
3483;27
3484;57
3485;53
3486;37
3487;10
3488;53
3489;58
3490;74
3491;27
3492;50
3493;85
3494;41
3495;64
3496;23
3497;76
3498;41
3499;9
3500;6
3501;77
3502;21
3503;0
3504;39
3505;30
3506;3
3507;5
3508;73
3509;49
3510;54
3511;43
3512;6
3513;6
3514;13
3515;60
3516;47
3517;17
3518;12
3519;10
3520;43
3521;2
3522;89
3523;56
3524;72
3525;33
3526;35
3527;46
3528;51
3529;56
3530;21
3531;58
3532;68
3533;69
3534;56
3535;65
3536;48
3537;42
3538;10
3539;42
3540;71
3541;34
3542;44
3543;79
3544;54
3545;60
3546;65
3547;48
3548;67
3549;51
3550;79
3551;45
3552;60
3553;44
3554;16
3555;7
3556;47
3557;46
3558;53
3559;83
3560;50
3561;32
3562;10
3563;11
3564;72
3565;85
3566;58
3567;32
3568;10
3569;12
3570;55
3571;19
3572;77
3573;76
3574;62
3575;39
3576;69
3577;74
3578;62
3579;35
3580;36
3581;77
3582;58
3583;82
3584;44
3585;79
3586;72
3587;43
3588;37
3589;18
3590;17
3591;13
3592;68
3593;62
3594;29
3595;43
3596;12
3597;1
3598;44
3599;39
3600;4
3601;17
3602;19
3603;24
3604;26
3605;5
3606;49
3607;51
3608;62
3609;52
3610;9
3611;10
3612;48
3613;41
3614;32
3615;72
3616;79
3617;63
3618;44
3619;30
3620;8
3621;7
3622;10
3623;67
3624;21
3625;27
3626;77
3627;61
3628;58
3629;64
3630;67
3631;62
3632;57
3633;36
3634;26
3635;43
3636;45
3637;43
3638;4
3639;5
3640;64
3641;50
3642;61
3643;63
3644;71
3645;49
3646;64
3647;73
3648;69
3649;41
3650;39
3651;93
3652;77
3653;48
3654;67
3655;73
3656;52
3657;80
3658;51
3659;47
3660;31
3661;62
3662;58
3663;41
3664;46
3665;2
3666;3
3667;33
3668;33
3669;6
3670;32
3671;22
3672;62
3673;72
3674;48
3675;47
3676;8
3677;17
3678;37
3679;61
3680;77
3681;72
3682;94
3683;58
3684;87
3685;67
3686;46
3687;38
3688;43
3689;2
3690;3
3691;36
3692;46
3693;1
3694;4
3695;3
3696;47
3697;30
3698;4
3699;4
3700;14
3701;45
3702;83
3703;56
3704;21
3705;26
3706;12
3707;56
3708;54
3709;27
3710;47
3711;27
3712;4
3713;3
3714;44
3715;20
3716;56
3717;54
3718;64
3719;53
3720;63
3721;21
3722;42
3723;81
3724;71
3725;77
3726;89
3727;67
3728;54
3729;71
3730;69
3731;27
3732;35
3733;17
3734;60
3735;44
3736;12
3737;12
3738;58
3739;66
3740;24
3741;58
3742;34
3743;50
3744;12
3745;8
3746;50
3747;51
3748;8
3749;6
3750;13
3751;66
3752;61
3753;72
3754;55
3755;36
3756;63
3757;70
3758;47
3759;23
3760;12
3761;6
3762;49
3763;40
3764;0
3765;7
3766;59
3767;52
3768;66
3769;46
3770;53
3771;50
3772;45
3773;12
3774;8
3775;35
3776;46
3777;16
3778;9
3779;76
3780;82
3781;37
3782;42
3783;16
3784;7
3785;2
3786;2
3787;89
3788;74
3789;63
3790;57
3791;36
3792;23
3793;15
3794;2
3795;46
3796;53
3797;9
3798;68
3799;58
3800;37
3801;50
3802;47
3803;67
3804;45
3805;29
3806;6
3807;3
3808;6
3809;76
3810;60
3811;61
3812;37
3813;27
3814;5
3815;3
3816;87
3817;24
3818;22
3819;24
3820;76
3821;25
3822;25
3823;51
3824;37
3825;52
3826;67
3827;44
3828;88
3829;29
3830;38
3831;12
3832;9
3833;35
3834;47
3835;84
3836;64
3837;27
3838;35
3839;39
3840;40
3841;13
3842;8
3843;62
3844;53
3845;60
3846;14
3847;16
3848;26
3849;52
3850;71
3851;34
3852;40
3853;11
3854;14
3855;16
3856;43
3857;22
3858;66
3859;83
3860;48
3861;35
3862;35
3863;56
3864;83
3865;81
3866;86
3867;54
3868;63
3869;33
3870;48
3871;60
3872;51
3873;76
3874;41
3875;60
3876;44
3877;63
3878;88
3879;31
3880;72
3881;36
3882;34
3883;16
3884;15
3885;53
3886;86
3887;64
3888;62
3889;56
3890;70
3891;84
3892;72
3893;29
3894;36
3895;11
3896;12
3897;87
3898;51
3899;47
3900;33
3901;1
3902;1
3903;57
3904;38
3905;70
3906;35
3907;29
3908;44
3909;14
3910;57
3911;83
3912;43
3913;29
3914;4
3915;2
3916;67
3917;24
3918;45
3919;45
3920;1
3921;18
3922;10
3923;62
3924;87
3925;59
3926;82
3927;37
3928;40
3929;5
3930;10
3931;83
3932;76
3933;72
3934;68
3935;38
3936;20
3937;70
3938;63
3939;87
3940;48
3941;87
3942;85
3943;22
3944;66
3945;27
3946;57
3947;31
3948;63
3949;70
3950;87
3951;51
3952;35
3953;44
3954;45
3955;12
3956;51
3957;64
3958;54
3959;30
3960;58
3961;58
3962;65
3963;19
3964;38
3965;53
3966;87
3967;76
3968;55
3969;61
3970;74
3971;61
3972;73
3973;24
3974;39
3975;63
3976;39
3977;11
3978;9
3979;72
3980;72
3981;43
3982;37
3983;5
3984;54
3985;43
3986;50
3987;60
3988;80
3989;30
3990;39
3991;37
3992;6
3993;17
3994;67
3995;68
3996;83
3997;23
3998;71
3999;60
4000;93
4001;58
4002;44
4003;32
4004;5
4005;6
4006;58
4007;81
4008;91
4009;34
4010;40
4011;41
4012;33
4013;22
4014;19
4015;25
4016;28
4017;21
4018;36
4019;47
4020;10
4021;2
4022;59
4023;43
4024;30
4025;3
4026;73
4027;68
4028;88
4029;60
4030;88
4031;30
4032;30
4033;61
4034;17
4035;16
4036;65
4037;49
4038;42
4039;22
4040;38
4041;42
4042;11
4043;12
4044;11
4045;16
4046;54
4047;62
4048;74
4049;66
4050;24
4051;60
4052;62
4053;21
4054;49
4055;68
4056;83
4057;24
4058;72
4059;19
4060;41
4061;48
4062;40
4063;49
4064;31
4065;10
4066;39
4067;17
4068;40
4069;61
4070;50
4071;23
4072;21
4073;36
4074;61
4075;49
4076;48
4077;46
4078;61
4079;58
4080;32
4081;12
4082;7
4083;61
4084;39
4085;15
4086;12
4087;57
4088;70
4089;26
4090;29
4091;53
4092;53
4093;30
4094;31
4095;9
4096;17
4097;54
4098;56
4099;25
4100;41
4101;1
4102;52
4103;87
4104;52
4105;78
4106;52
4107;11
4108;9
4109;53
4110;44
4111;61
4112;51
4113;65
4114;63
4115;58
4116;55
4117;61
4118;32
4119;6
4120;9
4121;68
4122;22
4123;27
4124;44
4125;14
4126;10
4127;36
4128;38
4129;17
4130;8
4131;10
4132;90
4133;67
4134;42
4135;87
4136;33
4137;23
4138;67
4139;60
4140;62
4141;34
4142;6
4143;12
4144;47
4145;35
4146;6
4147;14
4148;2
4149;67
4150;47
4151;30
4152;85
4153;44
4154;60
4155;14
4156;87
4157;40
4158;62
4159;16
4160;7
4161;34
4162;20
4163;37
4164;52
4165;38
4166;20
4167;63
4168;53
4169;68
4170;40
4171;49
4172;52
4173;28
4174;28
4175;35
4176;3
4177;4
4178;82
4179;89
4180;81
4181;87
4182;80
4183;82
4184;84
4185;86
4186;67
4187;85
4188;67
4189;84
4190;88
4191;105
4192;70
4193;83
4194;78
4195;101
4196;84
4197;71
4198;88
4199;83
4200;86
4201;82
4202;100
4203;67
4204;88
4205;84
4206;73
4207;76
4208;80
4209;91
4210;83
4211;88
4212;83
4213;71
4214;88
4215;75
4216;88
4217;68
4218;87
4219;88
4220;73
4221;90
4222;84
4223;94
4224;83
4225;83
4226;88
4227;80
4228;87
4229;80
4230;81
4231;82
4232;88
4233;72
4234;101
4235;85
4236;84
4237;101
4238;82
4239;82
4240;71
4241;103
4242;88
4243;85
4244;80
4245;83
4246;87
4247;84
4248;85
