1;63
2;9
3;12
4;39
5;45
6;5
7;47
8;34
9;17
10;7
11;72
12;70
13;50
14;45
15;39
16;13
17;18
18;71
19;39
20;7
21;53
22;46
23;61
24;43
25;11
26;18
27;11
28;40
29;30
30;10
31;14
32;40
33;44
34;39
35;31
36;4
37;13
38;22
39;19
40;37
41;54
42;12
43;6
44;88
45;62
46;8
47;80
48;61
49;21
50;53
51;79
52;84
53;67
54;62
55;37
56;49
57;18
58;48
59;39
60;6
61;9
62;68
63;20
64;46
65;60
66;7
67;9
68;18
69;34
70;23
71;7
72;3
73;40
74;45
75;26
76;60
77;53
78;68
79;42
80;33
81;18
82;14
83;34
84;30
85;52
86;43
87;10
88;14
89;32
90;73
91;37
92;46
93;12
94;18
95;54
96;69
97;55
98;56
99;61
100;64
101;19
102;34
103;5
104;18
105;39
106;57
107;9
108;43
109;58
110;51
111;60
112;57
113;47
114;39
115;42
116;45
117;2
118;5
119;38
120;29
121;15
122;0
123;51
124;86
125;64
126;62
127;6
128;7
129;90
130;29
131;38
132;5
133;0
134;74
135;26
136;43
137;43
138;30
139;31
140;10
141;11
142;67
143;62
144;33
145;34
146;1
147;3
148;43
149;60
150;40
151;21
152;67
153;35
154;61
155;41
156;35
157;29
158;6
159;9
160;39
161;15
162;33
163;56
164;15
165;13
166;47
167;46
168;52
169;51
170;22
171;43
172;88
173;59
174;33
175;47
176;3
177;1
178;5
179;34
180;44
181;0
182;3
183;4
184;62
185;61
186;37
187;35
188;17
189;15
190;2
191;49
192;46
193;60
194;27
195;43
196;9
197;45
198;68
199;56
200;74
201;80
202;83
203;31
204;40
205;6
206;1
207;46
208;73
209;51
210;48
211;41
212;43
213;7
214;8
215;8
216;8
217;71
218;69
219;63
220;48
221;16
222;15
223;8
224;14
225;36
226;32
227;13
228;18
229;8
230;58
231;41
232;24
233;78
234;47
235;56
236;19
237;49
238;32
239;42
240;12
241;67
242;37
243;69
244;19
245;53
246;86
247;81
248;65
249;70
250;56
251;64
252;27
253;29
254;29
255;11
256;8
257;49
258;39
259;69
260;40
261;71
262;77
263;69
264;28
265;63
266;50
267;36
268;45
269;9
270;1
271;81
272;74
273;51
274;50
275;34
276;40
277;1
278;56
279;50
280;36
281;39
282;4
283;15
284;36
285;64
286;37
287;33
288;64
289;47
290;39
291;36
292;13
293;9
294;18
295;64
296;47
297;76
298;35
299;46
300;18
301;17
302;35
303;0
304;32
305;15
306;30
307;31
308;8
309;29
310;52
311;75
312;37
313;33
314;38
315;15
316;8
317;13
318;28
319;21
320;48
321;64
322;70
323;41
324;13
325;50
326;47
327;41
328;49
329;17
330;11
331;45
332;34
333;0
334;4
335;70
336;70
337;22
338;72
339;75
340;36
341;28
342;2
343;29
344;72
345;66
346;44
347;36
348;2
349;16
350;46
351;49
352;81
353;49
354;52
355;44
356;74
357;26
358;48
359;7
360;15
361;82
362;33
363;48
364;16
365;39
366;33
367;36
368;9
369;2
370;57
371;31
372;26
373;46
374;9
375;7
376;7
377;59
378;40
379;21
380;52
381;71
382;38
383;37
384;2
385;11
386;5
387;8
388;36
389;56
390;66
391;73
392;24
393;61
394;37
395;27
396;9
397;7
398;12
399;24
400;32
401;89
402;30
403;53
404;27
405;58
406;58
407;33
408;43
409;3
410;37
411;25
412;5
413;60
414;61
415;77
416;40
417;56
418;38
419;6
420;6
421;63
422;62
423;46
424;94
425;65
426;70
427;36
428;81
429;59
430;41
431;33
432;23
433;87
434;53
435;45
436;6
437;8
438;46
439;64
440;31
441;36
442;11
443;56
444;61
445;6
446;7
447;6
448;54
449;45
450;43
451;1
452;5
453;1
454;56
455;58
456;64
457;46
458;37
459;45
460;33
461;3
462;5
463;30
464;24
465;45
466;45
467;33
468;35
469;0
470;54
471;41
472;47
473;38
474;63
475;67
476;53
477;82
478;48
479;53
480;43
481;48
482;6
483;14
484;14
485;67
486;60
487;10
488;7
489;32
490;40
491;59
492;6
493;50
494;24
495;43
496;73
497;45
498;55
499;72
500;54
501;47
502;48
503;11
504;14
505;35
506;57
507;46
508;48
509;32
510;17
511;5
512;70
513;63
514;91
515;67
516;39
517;30
518;6
519;57
520;21
521;24
522;24
523;73
524;26
525;39
526;29
527;38
528;15
529;0
530;18
531;50
532;50
533;17
534;47
535;54
536;84
537;70
538;32
539;50
540;25
541;23
542;66
543;40
544;37
545;6
546;57
547;64
548;84
549;69
550;61
551;36
552;57
553;19
554;34
555;21
556;66
557;30
558;39
559;6
560;72
561;23
562;64
563;71
564;31
565;26
566;40
567;7
568;13
569;71
570;65
571;36
572;63
573;21
574;71
575;40
576;45
577;54
578;27
579;55
580;55
581;9
582;61
583;50
584;18
585;12
586;42
587;37
588;13
589;58
590;48
591;38
592;27
593;4
594;0
595;0
596;90
597;42
598;36
599;26
600;0
601;1
602;30
603;44
604;19
605;66
606;57
607;51
608;32
609;39
610;14
611;16
612;71
613;47
614;67
615;22
616;53
617;54
618;9
619;12
620;86
621;71
622;90
623;32
624;34
625;1
626;0
627;46
628;48
629;16
630;6
631;46
632;31
633;44
634;17
635;2
636;83
637;81
638;28
639;47
640;12
641;60
642;75
643;20
644;27
645;2
646;1
647;70
648;68
649;63
650;93
651;46
652;66
653;63
654;67
655;70
656;31
657;68
658;63
659;45
660;44
661;4
662;1
663;6
664;49
665;28
666;0
667;1
668;31
669;48
670;1
671;7
672;40
673;35
674;4
675;2
676;60
677;54
678;21
679;61
680;33
681;10
682;41
683;58
684;76
685;56
686;51
687;43
688;41
689;46
690;7
691;12
692;40
693;78
694;68
695;51
696;50
697;47
698;55
699;60
700;49
701;27
702;24
703;92
704;59
705;51
706;54
707;15
708;6
709;31
710;45
711;10
712;11
713;32
714;26
715;27
716;37
717;34
718;8
719;17
720;51
721;61
722;45
723;45
724;1
725;0
726;53
727;58
728;62
729;27
730;22
731;77
732;35
733;31
734;7
735;50
736;42
737;73
738;27
739;32
740;28
741;41
742;27
743;6
744;77
745;60
746;23
747;52
748;28
749;8
750;8
751;13
752;31
753;72
754;22
755;56
756;30
757;58
758;53
759;44
760;77
761;59
762;8
763;14
764;53
765;47
766;8
767;14
768;87
769;55
770;30
771;42
772;4
773;19
774;34
775;42
776;8
777;45
778;34
779;3
780;2
781;55
782;58
783;65
784;46
785;21
786;24
787;48
788;60
789;9
790;14
791;32
792;22
793;19
794;72
795;85
796;61
797;39
798;27
799;1
800;1
801;69
802;21
803;26
804;19
805;3
806;15
807;31
808;27
809;36
810;39
811;90
812;53
813;49
814;25
815;81
816;28
817;71
818;59
819;36
820;38
821;0
822;1
823;72
824;82
825;30
826;37
827;39
828;6
829;17
830;55
831;49
832;45
833;31
834;5
835;18
836;23
837;19
838;22
839;34
840;49
841;43
842;37
843;10
844;14
845;9
846;39
847;46
848;7
849;17
850;39
851;32
852;13
853;8
854;34
855;43
856;3
857;0
858;32
859;20
860;37
861;44
862;41
863;5
864;0
865;77
866;80
867;28
868;56
869;72
870;42
871;30
872;42
873;5
874;0
875;14
876;27
877;83
878;51
879;53
880;64
881;12
882;7
883;15
884;7
885;39
886;36
887;9
888;15
889;71
890;69
891;28
892;39
893;32
894;31
895;14
896;2
897;52
898;46
899;29
900;30
901;3
902;27
903;45
904;6
905;10
906;17
907;13
908;30
909;33
910;44
911;14
912;11
913;62
914;23
915;20
916;3
917;8
918;32
919;60
920;15
921;17
922;53
923;26
924;8
925;9
926;36
927;27
928;5
929;11
930;53
931;90
932;21
933;21
934;30
935;25
936;23
937;68
938;51
939;24
940;77
941;40
942;77
943;46
944;36
945;37
946;50
947;12
948;15
949;61
950;22
951;58
952;53
953;31
954;18
955;9
956;37
957;20
958;23
959;55
960;20
961;80
962;21
963;62
964;26
965;20
966;71
967;65
968;33
969;27
970;16
971;9
972;35
973;37
974;4
975;6
976;64
977;55
978;79
979;71
980;63
981;51
982;61
983;63
984;77
985;40
986;42
987;7
988;10
989;33
990;34
991;3
992;3
993;34
994;28
995;41
996;12
997;15
998;39
999;43
1000;15
1001;11
1002;21
1003;34
1004;37
1005;33
1006;4
1007;5
1008;64
1009;38
1010;13
1011;9
1012;55
1013;23
1014;53
1015;52
1016;8
1017;18
1018;38
1019;37
1020;1
1021;6
1022;26
1023;54
1024;64
1025;37
1026;87
1027;63
1028;54
1029;68
1030;51
1031;21
1032;51
1033;23
1034;21
1035;39
1036;72
1037;25
1038;63
1039;59
1040;37
1041;19
1042;55
1043;22
1044;20
1045;2
1046;2
1047;42
1048;34
1049;4
1050;3
1051;62
1052;28
1053;37
1054;7
1055;9
1056;13
1057;24
1058;19
1059;31
1060;15
1061;54
1062;70
1063;26
1064;54
1065;63
1066;6
1067;14
1068;8
1069;34
1070;17
1071;7
1072;39
1073;37
1074;3
1075;5
1076;74
1077;28
1078;65
1079;57
1080;51
1081;22
1082;49
1083;46
1084;51
1085;59
1086;23
1087;82
1088;62
1089;71
1090;70
1091;26
1092;77
1093;37
1094;45
1095;4
1096;1
1097;51
1098;27
1099;12
1100;33
1101;44
1102;4
1103;4
1104;59
1105;71
1106;65
1107;39
1108;40
1109;0
1110;84
1111;55
1112;41
1113;46
1114;1
1115;3
1116;10
1117;63
1118;58
1119;89
1120;57
1121;35
1122;42
1123;5
1124;1
1125;4
1126;10
1127;4
1128;9
1129;82
1130;88
1131;95
1132;29
1133;21
1134;22
1135;50
1136;57
1137;38
1138;37
1139;0
1140;39
1141;33
1142;13
1143;10
1144;82
1145;57
1146;29
1147;11
1148;91
1149;47
1150;37
1151;36
1152;44
1153;17
1154;0
1155;75
1156;75
1157;81
1158;68
1159;78
1160;37
1161;1
1162;1
1163;71
1164;50
1165;48
1166;60
1167;30
1168;59
1169;58
1170;8
1171;7
1172;31
1173;5
1174;3
1175;42
1176;61
1177;15
1178;51
1179;38
1180;31
1181;5
1182;71
1183;37
1184;54
1185;48
1186;75
1187;36
1188;70
1189;60
1190;22
1191;26
1192;20
1193;33
1194;28
1195;0
1196;4
1197;66
1198;67
1199;59
1200;59
1201;49
1202;11
1203;6
1204;7
1205;46
1206;43
1207;41
1208;29
1209;31
1210;49
1211;32
1212;33
1213;13
1214;15
1215;1
1216;53
1217;71
1218;61
1219;26
1220;50
1221;26
1222;12
1223;26
1224;56
1225;20
1226;25
1227;39
1228;27
1229;46
1230;58
1231;67
1232;55
1233;94
1234;20
1235;25
1236;31
1237;72
1238;72
1239;57
1240;72
1241;53
1242;24
1243;20
1244;76
1245;79
1246;61
1247;53
1248;57
1249;28
1250;74
1251;67
1252;25
1253;58
1254;41
1255;67
1256;84
1257;66
1258;35
1259;33
1260;9
1261;73
1262;28
1263;25
1264;0
1265;6
1266;5
1267;69
1268;85
1269;83
1270;52
1271;67
1272;66
1273;37
1274;45
1275;4
1276;4
1277;11
1278;51
1279;28
1280;26
1281;32
1282;5
1283;2
1284;28
1285;35
1286;28
1287;11
1288;7
1289;22
1290;22
1291;56
1292;43
1293;25
1294;31
1295;57
1296;56
1297;59
1298;44
1299;34
1300;17
1301;37
1302;42
1303;0
1304;4
1305;0
1306;53
1307;61
1308;37
1309;6
1310;41
1311;26
1312;49
1313;4
1314;29
1315;38
1316;14
1317;52
1318;67
1319;20
1320;48
1321;66
1322;34
1323;23
1324;43
1325;37
1326;15
1327;19
1328;33
1329;2
1330;64
1331;41
1332;31
1333;0
1334;0
1335;4
1336;32
1337;55
1338;26
1339;58
1340;46
1341;39
1342;45
1343;5
1344;2
1345;44
1346;33
1347;35
1348;4
1349;0
1350;3
1351;38
1352;49
1353;1
1354;0
1355;40
1356;22
1357;4
1358;18
1359;38
1360;85
1361;19
1362;34
1363;3
1364;16
1365;8
1366;23
1367;56
1368;37
1369;58
1370;35
1371;21
1372;50
1373;65
1374;29
1375;36
1376;40
1377;11
1378;4
1379;62
1380;32
1381;29
1382;7
1383;12
1384;52
1385;57
1386;60
1387;86
1388;74
1389;22
1390;63
1391;39
1392;33
1393;0
1394;11
1395;67
1396;46
1397;35
1398;17
1399;3
1400;28
1401;27
1402;49
1403;2
1404;10
1405;64
1406;23
1407;44
1408;46
1409;32
1410;17
1411;31
1412;39
1413;4
1414;10
1415;35
1416;43
1417;3
1418;31
1419;56
1420;18
1421;64
1422;78
1423;52
1424;43
1425;44
1426;1
1427;3
1428;45
1429;33
1430;6
1431;1
1432;40
1433;66
1434;49
1435;28
1436;12
1437;33
1438;41
1439;8
1440;7
1441;17
1442;71
1443;79
1444;76
1445;40
1446;17
1447;44
1448;23
1449;38
1450;44
1451;9
1452;17
1453;56
1454;10
1455;51
1456;14
1457;17
1458;34
1459;40
1460;31
1461;7
1462;2
1463;62
1464;61
1465;43
1466;41
1467;15
1468;90
1469;59
1470;43
1471;50
1472;51
1473;53
1474;22
1475;64
1476;56
1477;87
1478;24
1479;21
1480;46
1481;37
1482;46
1483;58
1484;19
1485;34
1486;59
1487;41
1488;22
1489;20
1490;32
1491;75
1492;50
1493;44
1494;34
1495;1
1496;4
1497;68
1498;33
1499;37
1500;28
1501;4
1502;70
1503;62
1504;34
1505;48
1506;33
1507;11
1508;14
1509;31
1510;37
1511;46
1512;16
1513;9
1514;9
1515;45
1516;39
1517;27
1518;59
1519;60
1520;65
1521;60
1522;68
1523;72
1524;41
1525;37
1526;10
1527;9
1528;31
1529;59
1530;68
1531;46
1532;43
1533;19
1534;21
1535;50
1536;69
1537;47
1538;32
1539;67
1540;31
1541;39
1542;1
1543;1
1544;37
1545;60
1546;46
1547;31
1548;51
1549;47
1550;45
1551;35
1552;29
1553;17
1554;59
1555;49
1556;43
1557;17
1558;18
1559;45
1560;40
1561;9
1562;7
1563;33
1564;47
1565;5
1566;5
1567;3
1568;64
1569;46
1570;13
1571;18
1572;21
1573;26
1574;49
1575;93
1576;23
1577;15
1578;14
1579;57
1580;61
1581;69
1582;38
1583;47
1584;4
1585;5
1586;44
1587;28
1588;18
1589;10
1590;23
1591;58
1592;75
1593;60
1594;35
1595;22
1596;7
1597;3
1598;21
1599;32
1600;0
1601;0
1602;35
1603;20
1604;0
1605;8
1606;43
1607;30
1608;3
1609;15
1610;60
1611;39
1612;57
1613;44
1614;59
1615;71
1616;49
1617;20
1618;39
1619;33
1620;46
1621;73
1622;62
1623;32
1624;27
1625;11
1626;13
1627;22
1628;32
1629;68
1630;54
1631;64
1632;60
1633;11
1634;52
1635;28
1636;60
1637;35
1638;84
1639;46
1640;11
1641;75
1642;48
1643;57
1644;44
1645;65
1646;41
1647;30
1648;2
1649;64
1650;60
1651;21
1652;65
1653;38
1654;36
1655;26
1656;25
1657;46
1658;31
1659;52
1660;30
1661;36
1662;18
1663;5
1664;17
1665;64
1666;53
1667;9
1668;7
1669;10
1670;58
1671;42
1672;8
1673;26
1674;52
1675;46
1676;33
1677;74
1678;43
1679;28
1680;19
1681;1
1682;2
1683;58
1684;54
1685;63
1686;29
1687;17
1688;7
1689;62
1690;32
1691;48
1692;64
1693;37
1694;41
1695;15
1696;18
1697;13
1698;6
1699;37
1700;64
1701;52
1702;44
1703;16
1704;6
1705;24
1706;31
1707;17
1708;5
1709;18
1710;48
1711;62
1712;33
1713;56
1714;17
1715;6
1716;27
1717;37
1718;44
1719;8
1720;17
1721;22
1722;44
1723;36
1724;37
1725;63
1726;20
1727;82
1728;19
1729;76
1730;28
1731;45
1732;5
1733;3
1734;13
1735;66
1736;39
1737;22
1738;19
1739;44
1740;42
1741;45
1742;47
1743;4
1744;4
1745;20
1746;45
1747;56
1748;25
1749;80
1750;25
1751;53
1752;83
1753;66
1754;21
1755;71
1756;85
1757;35
1758;40
1759;14
1760;8
1761;13
1762;76
1763;45
1764;49
1765;3
1766;59
1767;46
1768;30
1769;41
1770;71
1771;49
1772;92
1773;60
1774;89
1775;37
1776;42
1777;18
1778;3
1779;10
1780;36
1781;32
1782;8
1783;74
1784;62
1785;37
1786;27
1787;44
1788;11
1789;1
1790;63
1791;6
1792;40
1793;61
1794;7
1795;9
1796;9
1797;50
1798;51
1799;71
1800;68
1801;75
1802;59
1803;73
1804;58
1805;51
1806;15
1807;12
1808;10
1809;94
1810;68
1811;60
1812;54
1813;79
1814;25
1815;72
1816;49
1817;46
1818;71
1819;36
1820;47
1821;17
1822;7
1823;66
1824;56
1825;71
1826;38
1827;62
1828;80
1829;43
1830;31
1831;23
1832;34
1833;21
1834;53
1835;41
1836;13
1837;45
1838;45
1839;16
1840;23
1841;20
1842;63
1843;41
1844;46
1845;39
1846;41
1847;30
1848;12
1849;7
1850;13
1851;59
1852;26
1853;26
1854;23
1855;45
1856;67
1857;41
1858;41
1859;1
1860;74
1861;36
1862;43
1863;44
1864;8
1865;10
1866;45
1867;18
1868;15
1869;22
1870;19
1871;37
1872;4
1873;3
1874;68
1875;19
1876;53
1877;50
1878;6
1879;14
1880;45
1881;40
1882;0
1883;3
1884;30
1885;64
1886;27
1887;19
1888;23
1889;51
1890;27
1891;20
1892;60
1893;49
1894;46
1895;19
1896;29
1897;52
1898;15
1899;11
1900;7
1901;68
1902;33
1903;25
1904;33
1905;4
1906;53
1907;28
1908;42
1909;26
1910;1
1911;10
1912;22
1913;65
1914;38
1915;31
1916;10
1917;10
1918;1
1919;37
1920;6
1921;7
1922;38
1923;34
1924;10
1925;16
1926;15
1927;43
1928;27
1929;13
1930;0
1931;3
1932;65
1933;72
1934;32
1935;36
1936;70
1937;69
1938;53
1939;47
1940;45
1941;23
1942;0
1943;8
1944;3
1945;39
1946;54
1947;79
1948;90
1949;41
1950;56
1951;75
1952;76
1953;57
1954;29
1955;66
1956;43
1957;63
1958;77
1959;48
1960;22
1961;26
1962;85
1963;87
1964;43
1965;26
1966;34
1967;8
1968;18
1969;72
1970;36
1971;35
1972;63
1973;50
1974;39
1975;1
1976;39
1977;38
1978;5
1979;4
1980;17
1981;58
1982;73
1983;28
1984;28
1985;1
1986;3
1987;53
1988;48
1989;54
1990;61
1991;42
1992;73
1993;34
1994;48
1995;56
1996;8
1997;19
1998;64
1999;61
2000;77
2001;42
2002;80
2003;72
2004;61
2005;31
2006;59
2007;21
2008;63
2009;56
2010;75
2011;46
2012;33
2013;14
2014;12
2015;61
2016;19
2017;30
2018;6
2019;0
2020;3
2021;12
2022;40
2023;24
2024;78
2025;71
2026;55
2027;81
2028;63
2029;32
2030;54
2031;68
2032;92
2033;19
2034;59
2035;60
2036;19
2037;23
2038;44
2039;54
2040;51
2041;62
2042;25
2043;27
2044;58
2045;16
2046;86
2047;60
2048;56
2049;30
2050;38
2051;12
2052;8
2053;26
2054;63
2055;62
2056;40
2057;35
2058;6
2059;26
2060;26
2061;15
2062;11
2063;40
2064;31
2065;18
2066;5
2067;17
2068;66
2069;66
2070;32
2071;49
2072;12
2073;14
2074;5
2075;27
2076;27
2077;2
2078;7
2079;70
2080;75
2081;32
2082;39
2083;8
2084;12
2085;33
2086;47
2087;19
2088;43
2089;21
2090;25
2091;35
2092;40
2093;1
2094;15
2095;66
2096;25
2097;49
2098;34
2099;53
2100;11
2101;6
2102;8
2103;51
2104;61
2105;79
2106;60
2107;66
2108;64
2109;47
2110;48
2111;0
2112;18
2113;52
2114;86
2115;35
2116;38
2117;1
2118;9
2119;16
2120;41
2121;8
2122;81
2123;85
2124;30
2125;33
2126;11
2127;73
2128;72
2129;61
2130;54
2131;43
2132;65
2133;87
2134;74
2135;45
2136;47
2137;83
2138;85
2139;44
2140;34
2141;25
2142;51
2143;29
2144;34
2145;12
2146;17
2147;90
2148;25
2149;31
2150;45
2151;60
2152;41
2153;51
2154;47
2155;15
2156;29
2157;20
2158;1
2159;4
2160;32
2161;61
2162;15
2163;8
2164;7
2165;18
2166;35
2167;26
2168;82
2169;84
2170;47
2171;32
2172;30
2173;58
2174;64
2175;25
2176;93
2177;29
2178;50
2179;49
2180;32
2181;47
2182;17
2183;16
2184;46
2185;8
2186;64
2187;58
2188;27
2189;20
2190;13
2191;28
2192;39
2193;6
2194;15
2195;41
2196;6
2197;8
2198;25
2199;33
2200;0
2201;16
2202;49
2203;71
2204;39
2205;47
2206;45
2207;1
2208;12
2209;32
2210;40
2211;16
2212;6
2213;61
2214;26
2215;10
2216;11
2217;34
2218;32
2219;39
2220;16
2221;16
2222;55
2223;65
2224;43
2225;44
2226;1
2227;2
2228;42
2229;31
2230;46
2231;70
2232;53
2233;41
2234;38
2235;59
2236;73
2237;46
2238;37
2239;17
2240;15
2241;13
2242;16
2243;91
2244;70
2245;44
2246;39
2247;13
2248;9
2249;58
2250;71
2251;33
2252;48
2253;13
2254;38
2255;36
2256;3
2257;15
2258;12
2259;16
2260;5
2261;7
2262;67
2263;29
2264;39
2265;25
2266;19
2267;46
2268;72
2269;19
2270;24
2271;23
2272;67
2273;50
2274;26
2275;5
2276;4
2277;4
2278;38
2279;34
2280;14
2281;6
2282;46
2283;41
2284;13
2285;22
2286;49
2287;24
2288;61
2289;42
2290;43
2291;36
2292;15
2293;85
2294;63
2295;22
2296;66
2297;27
2298;28
2299;60
2300;39
2301;49
2302;8
2303;18
2304;58
2305;46
2306;47
2307;38
2308;0
2309;46
2310;63
2311;15
2312;18
2313;34
2314;45
2315;6
2316;49
2317;31
2318;0
2319;18
2320;86
2321;53
2322;27
2323;48
2324;12
2325;59
2326;69
2327;50
2328;61
2329;61
2330;68
2331;62
2332;35
2333;42
2334;2
2335;7
2336;27
2337;37
2338;9
2339;10
2340;8
2341;38
2342;36
2343;3
2344;28
2345;45
2346;61
2347;66
2348;26
2349;85
2350;39
2351;29
2352;5
2353;4
2354;5
2355;4
2356;80
2357;39
2358;40
2359;5
2360;5
2361;1
2362;46
2363;56
2364;14
2365;7
2366;55
2367;64
2368;55
2369;19
2370;23
2371;32
2372;21
2373;54
2374;43
2375;60
2376;9
2377;29
2378;36
2379;36
2380;5
2381;3
2382;6
2383;34
2384;44
2385;34
2386;12
2387;87
2388;19
2389;22
2390;69
2391;57
2392;30
2393;20
2394;0
2395;4
2396;85
2397;20
2398;75
2399;61
2400;24
2401;29
2402;0
2403;18
2404;30
2405;32
2406;13
2407;51
2408;73
2409;24
2410;59
2411;31
2412;43
2413;29
2414;6
2415;41
2416;37
2417;8
2418;39
2419;23
2420;33
2421;39
2422;76
2423;47
2424;60
2425;58
2426;45
2427;43
2428;17
2429;13
2430;75
2431;56
2432;49
2433;29
2434;7
2435;31
2436;11
2437;68
2438;40
2439;45
2440;4
2441;1
2442;70
2443;67
2444;60
2445;66
2446;28
2447;27
2448;9
2449;1
2450;56
2451;39
2452;14
2453;12
2454;20
2455;77
2456;46
2457;47
2458;8
2459;9
2460;8
2461;64
2462;49
2463;26
2464;25
2465;14
2466;8
2467;47
2468;38
2469;8
2470;18
2471;21
2472;91
2473;42
2474;47
2475;25
2476;74
2477;21
2478;66
2479;65
2480;21
2481;19
2482;0
2483;15
2484;0
2485;41
2486;43
2487;11
2488;12
2489;17
2490;53
2491;30
2492;11
2493;7
2494;70
2495;75
2496;20
2497;63
2498;62
2499;41
2500;18
2501;10
2502;6
2503;82
2504;30
2505;29
2506;62
2507;20
2508;47
2509;41
2510;40
2511;3
2512;9
2513;12
2514;49
2515;52
2516;54
2517;56
2518;48
2519;46
2520;47
2521;71
2522;37
2523;47
2524;14
2525;13
2526;68
2527;52
2528;37
2529;42
2530;9
2531;14
2532;56
2533;28
2534;16
2535;7
2536;34
2537;40
2538;53
2539;53
2540;29
2541;32
2542;5
2543;1
2544;32
2545;45
2546;5
2547;43
2548;37
2549;55
2550;53
2551;56
2552;42
2553;42
2554;28
2555;55
2556;14
2557;6
2558;23
2559;63
2560;36
2561;27
2562;38
2563;42
2564;8
2565;9
2566;58
2567;50
2568;66
2569;64
2570;63
2571;59
2572;80
2573;20
2574;45
2575;49
2576;44
2577;24
2578;46
2579;24
2580;21
2581;21
2582;19
2583;21
2584;30
2585;1
2586;1
2587;82
2588;30
2589;16
2590;46
2591;44
2592;60
2593;63
2594;7
2595;11
2596;53
2597;27
2598;71
2599;35
2600;37
2601;34
2602;41
2603;71
2604;43
2605;45
2606;58
2607;41
2608;19
2609;42
2610;43
2611;74
2612;50
2613;40
2614;2
2615;40
2616;42
2617;16
2618;9
2619;14
2620;55
2621;70
2622;50
2623;41
2624;63
2625;10
2626;11
2627;11
2628;61
2629;54
2630;39
2631;36
2632;4
2633;76
2634;63
2635;34
2636;13
2637;14
2638;47
2639;49
2640;94
2641;39
2642;47
2643;17
2644;10
2645;59
2646;35
2647;33
2648;0
2649;4
2650;0
2651;3
2652;51
2653;27
2654;38
2655;43
2656;45
2657;8
2658;14
2659;28
2660;57
2661;20
2662;21
2663;70
2664;43
2665;41
2666;0
2667;62
2668;72
2669;61
2670;27
2671;59
2672;8
2673;21
2674;67
2675;58
2676;34
2677;58
2678;51
2679;48
2680;49
2681;14
2682;29
2683;43
2684;3
2685;8
2686;34
2687;30
2688;2
2689;64
2690;69
2691;36
2692;41
2693;3
2694;18
2695;30
2696;30
2697;9
2698;63
2699;66
2700;44
2701;35
2702;4
2703;3
2704;27
2705;29
2706;6
2707;0
2708;61
2709;54
2710;46
2711;51
2712;27
2713;35
2714;13
2715;52
2716;45
2717;29
2718;32
2719;0
2720;7
2721;73
2722;38
2723;35
2724;33
2725;4
2726;17
2727;90
2728;61
2729;49
2730;34
2731;61
2732;12
2733;18
2734;15
2735;69
2736;55
2737;53
2738;67
2739;31
2740;6
2741;48
2742;38
2743;7
2744;11
2745;48
2746;71
2747;56
2748;62
2749;63
2750;63
2751;31
2752;49
2753;58
2754;15
2755;11
2756;59
2757;49
2758;25
2759;25
2760;60
2761;34
2762;92
2763;43
2764;30
2765;1
2766;1
2767;65
2768;77
2769;49
2770;1
2771;3
2772;68
2773;74
2774;71
2775;65
2776;31
2777;35
2778;5
2779;5
2780;27
2781;40
2782;4
2783;3
2784;21
2785;21
2786;40
2787;42
2788;24
2789;49
2790;64
2791;50
2792;64
2793;22
2794;64
2795;71
2796;68
2797;71
2798;47
2799;26
2800;25
2801;34
2802;1
2803;32
2804;20
2805;3
2806;30
2807;39
2808;17
2809;4
2810;5
2811;62
2812;27
2813;29
2814;34
2815;92
2816;45
2817;35
2818;50
2819;13
2820;12
2821;72
2822;25
2823;32
2824;37
2825;79
2826;49
2827;9
2828;9
2829;63
2830;12
2831;25
2832;21
2833;88
2834;51
2835;64
2836;36
2837;30
2838;22
2839;3
2840;11
2841;30
2842;35
2843;33
2844;4
2845;1
2846;68
2847;72
2848;72
2849;50
2850;40
2851;29
2852;4
2853;1
2854;51
2855;51
2856;61
2857;60
2858;64
2859;32
2860;56
2861;7
2862;16
2863;39
2864;31
2865;5
2866;5
2867;3
2868;39
2869;47
2870;4
2871;24
2872;51
2873;79
2874;21
2875;25
2876;36
2877;44
2878;43
2879;27
2880;0
2881;3
2882;22
2883;21
2884;36
2885;33
2886;70
2887;35
2888;38
2889;8
2890;1
2891;5
2892;55
2893;65
2894;60
2895;24
2896;53
2897;72
2898;47
2899;30
2900;33
2901;35
2902;14
2903;5
2904;20
2905;9
2906;14
2907;0
2908;23
2909;62
2910;49
2911;53
2912;67
2913;28
2914;43
2915;0
2916;67
2917;57
2918;38
2919;35
2920;15
2921;12
2922;57
2923;58
2924;37
2925;40
2926;4
2927;37
2928;1
2929;39
2930;41
2931;4
2932;1
2933;18
2934;37
2935;39
2936;16
2937;11
2938;68
2939;70
2940;32
2941;38
2942;3
2943;0
2944;66
2945;52
2946;45
2947;21
2948;28
2949;0
2950;15
2951;41
2952;61
2953;70
2954;86
2955;52
2956;59
2957;64
2958;33
2959;20
2960;46
2961;57
2962;11
2963;18
2964;18
2965;13
2966;64
2967;32
2968;15
2969;62
2970;36
2971;53
2972;41
2973;59
2974;30
2975;59
2976;6
2977;9
2978;10
2979;14
2980;57
2981;59
2982;29
2983;11
2984;48
2985;29
2986;56
2987;16
2988;14
2989;18
2990;56
2991;39
2992;49
2993;38
2994;3
2995;58
2996;47
2997;31
2998;79
2999;39
3000;71
3001;93
3002;61
3003;46
3004;41
3005;30
3006;14
3007;49
3008;23
3009;31
3010;13
3011;1
3012;45
3013;57
3014;12
3015;13
3016;43
3017;39
3018;2
3019;10
3020;45
3021;48
3022;6
3023;62
3024;7
3025;6
3026;48
3027;29
3028;9
3029;13
3030;61
3031;6
3032;70
3033;55
3034;33
3035;12
3036;9
3037;11
3038;18
3039;38
3040;85
3041;42
3042;60
3043;75
3044;70
3045;20
3046;51
3047;27
3048;28
3049;9
3050;5
3051;43
3052;33
3053;55
3054;19
3055;21
3056;21
3057;45
3058;37
3059;80
3060;67
3061;47
3062;58
3063;48
3064;34
3065;8
3066;15
3067;45
3068;49
3069;3
3070;1
3071;26
3072;42
3073;8
3074;16
3075;69
3076;47
3077;47
3078;38
3079;13
3080;6
3081;28
3082;74
3083;20
3084;40
3085;47
3086;2
3087;5
3088;19
3089;26
3090;77
3091;21
3092;85
3093;34
3094;27
3095;10
3096;68
3097;44
3098;68
3099;67
3100;35
3101;49
3102;44
3103;93
3104;28
3105;54
3106;44
3107;13
3108;73
3109;30
3110;7
3111;62
3112;59
3113;6
3114;17
3115;15
3116;63
3117;56
3118;49
3119;61
3120;51
3121;23
3122;64
3123;40
3124;52
3125;43
3126;52
3127;34
3128;39
3129;0
3130;5
3131;4
3132;39
3133;38
3134;5
3135;6
3136;53
3137;72
3138;34
3139;62
3140;27
3141;28
3142;12
3143;16
3144;59
3145;39
3146;43
3147;67
3148;95
3149;20
3150;30
3151;66
3152;19
3153;50
3154;20
3155;29
3156;40
3157;31
3158;33
3159;5
3160;2
3161;11
3162;4
3163;17
3164;74
3165;36
3166;54
3167;62
3168;45
3169;27
3170;11
3171;9
3172;35
3173;34
3174;1
3175;8
3176;2
3177;48
3178;74
3179;45
3180;51
3181;50
3182;62
3183;66
3184;38
3185;41
3186;3
3187;1
3188;13
3189;28
3190;10
3191;18
3192;29
3193;4
3194;3
3195;50
3196;46
3197;8
3198;9
3199;53
3200;50
3201;54
3202;30
3203;21
3204;46
3205;39
3206;34
3207;10
3208;0
3209;69
3210;52
3211;47
3212;27
3213;31
3214;15
3215;14
3216;71
3217;25
3218;39
3219;52
3220;50
3221;31
3222;10
3223;11
3224;82
3225;45
3226;34
3227;57
3228;89
3229;57
3230;38
3231;45
3232;24
3233;23
3234;44
3235;24
3236;5
3237;1
3238;75
3239;29
3240;19
3241;7
3242;5
3243;94
3244;40
3245;51
3246;55
3247;49
3248;33
3249;1
3250;16
3251;44
3252;64
3253;18
3254;14
3255;32
3256;39
3257;4
3258;2
3259;50
3260;72
3261;63
3262;64
3263;19
3264;35
3265;5
3266;1
3267;60
3268;24
3269;24
3270;15
3271;69
3272;75
3273;54
3274;65
3275;68
3276;21
3277;35
3278;37
3279;9
3280;8
3281;46
3282;37
3283;3
3284;7
3285;48
3286;29
3287;12
3288;0
3289;21
3290;45
3291;0
3292;4
3293;30
3294;44
3295;21
3296;28
3297;84
3298;62
3299;68
3300;28
3301;41
3302;13
3303;15
3304;9
3305;48
3306;87
3307;33
3308;53
3309;12
3310;18
3311;22
3312;62
3313;60
3314;47
3315;39
3316;61
3317;12
3318;7
3319;22
3320;23
3321;47
3322;31
3323;48
3324;59
3325;55
3326;60
3327;51
3328;31
3329;15
3330;11
3331;82
3332;59
3333;31
3334;34
3335;17
3336;15
3337;18
3338;75
3339;73
3340;30
3341;13
3342;18
3343;68
3344;68
3345;65
3346;93
3347;30
3348;27
3349;4
3350;5
3351;75
3352;66
3353;20
3354;79
3355;41
3356;43
3357;49
3358;54
3359;28
3360;41
3361;81
3362;78
3363;33
3364;68
3365;78
3366;65
3367;22
3368;77
3369;86
3370;46
3371;31
3372;61
3373;7
3374;9
3375;26
3376;34
3377;7
3378;5
3379;27
3380;40
3381;8
3382;10
3383;18
3384;73
3385;56
3386;72
3387;30
3388;20
3389;1
3390;49
3391;60
3392;58
3393;44
3394;37
3395;54
3396;18
3397;13
3398;27
3399;54
3400;41
3401;51
3402;26
3403;16
3404;12
3405;12
3406;14
3407;28
3408;52
3409;19
3410;45
3411;93
3412;68
3413;55
3414;65
3415;29
3416;56
3417;45
3418;42
3419;9
3420;18
3421;58
3422;56
3423;47
3424;41
3425;7
3426;14
3427;62
3428;58
3429;72
3430;79
3431;95
3432;50
3433;54
3434;20
3435;19
3436;35
3437;40
3438;72
3439;70
3440;61
3441;50
3442;52
3443;58
3444;31
3445;37
3446;4
3447;4
3448;11
3449;71
3450;73
3451;58
3452;56
3453;41
3454;66
3455;79
3456;47
3457;12
3458;56
3459;34
3460;9
3461;8
3462;18
3463;56
3464;25
3465;20
3466;23
3467;33
3468;50
3469;18
3470;8
3471;41
3472;53
3473;7
3474;60
3475;93
3476;38
3477;35
3478;43
3479;17
3480;4
3481;46
3482;40
3483;47
3484;53
3485;25
3486;25
3487;58
3488;22
3489;43
3490;47
3491;7
3492;5
3493;37
3494;36
3495;46
3496;15
3497;10
3498;37
3499;23
3500;90
3501;65
3502;32
3503;26
3504;10
3505;22
3506;57
3507;19
3508;60
3509;37
3510;53
3511;16
3512;15
3513;9
3514;15
3515;38
3516;56
3517;46
3518;43
3519;8
3520;50
3521;68
3522;25
3523;71
3524;27
3525;44
3526;13
3527;12
3528;16
3529;34
3530;30
3531;24
3532;2
3533;5
3534;0
3535;70
3536;66
3537;33
3538;49
3539;39
3540;8
3541;18
3542;6
3543;20
3544;64
3545;49
3546;80
3547;63
3548;39
3549;38
3550;3
3551;2
3552;70
3553;28
3554;57
3555;63
3556;71
3557;21
3558;80
3559;81
3560;25
3561;46
3562;39
3563;9
3564;2
3565;43
3566;22
3567;20
3568;51
3569;76
3570;57
3571;36
3572;33
3573;40
3574;26
3575;6
3576;15
3577;6
3578;39
3579;44
3580;17
3581;15
3582;16
3583;60
3584;73
3585;47
3586;41
3587;26
3588;61
3589;43
3590;9
3591;11
3592;69
3593;58
3594;66
3595;48
3596;46
3597;14
3598;8
3599;17
3600;30
3601;34
3602;36
3603;12
3604;10
3605;32
3606;71
3607;46
3608;45
3609;18
3610;6
3611;32
3612;41
3613;4
3614;0
3615;55
3616;47
3617;56
3618;64
3619;33
3620;59
3621;16
3622;14
3623;6
3624;39
3625;37
3626;38
3627;62
3628;25
3629;55
3630;55
3631;42
3632;59
3633;94
3634;53
3635;86
3636;67
3637;21
3638;25
3639;30
3640;19
3641;22
3642;50
3643;57
3644;90
3645;21
3646;20
3647;22
3648;34
3649;62
3650;50
3651;27
3652;39
3653;4
3654;5
3655;27
3656;42
3657;8
3658;0
3659;0
3660;26
3661;21
3662;77
3663;56
3664;25
3665;52
3666;64
3667;76
3668;19
3669;21
3670;44
3671;2
3672;39
3673;48
3674;17
3675;15
3676;38
3677;90
3678;57
3679;36
3680;49
3681;43
3682;6
3683;8
3684;44
3685;21
3686;40
3687;78
3688;73
3689;34
3690;19
3691;54
3692;48
3693;63
3694;65
3695;20
3696;44
3697;4
3698;18
3699;5
3700;81
3701;74
3702;32
3703;48
3704;6
3705;15
3706;18
3707;9
3708;90
3709;73
3710;47
3711;32
3712;15
3713;13
3714;47
3715;47
3716;4
3717;46
3718;24
3719;24
3720;31
3721;23
3722;22
3723;52
3724;61
3725;68
3726;44
3727;27
3728;10
3729;9
3730;10
3731;79
3732;75
3733;38
3734;9
3735;85
3736;74
3737;40
3738;33
3739;16
3740;54
3741;90
3742;24
3743;77
3744;59
3745;54
3746;19
3747;50
3748;60
3749;31
3750;11
3751;67
3752;67
3753;54
3754;58
3755;17
3756;7
3757;11
3758;42
3759;20
3760;35
3761;38
3762;59
3763;45
3764;43
3765;66
3766;28
3767;24
3768;36
3769;62
3770;42
3771;12
3772;10
3773;48
3774;47
3775;3
3776;2
3777;11
3778;14
3779;3
3780;7
3781;49
3782;56
3783;43
3784;12
3785;10
3786;54
3787;19
3788;72
3789;64
3790;53
3791;62
3792;58
3793;38
3794;18
3795;12
3796;34
3797;44
3798;15
3799;10
3800;38
3801;30
3802;34
3803;3
3804;16
3805;4
3806;6
3807;49
3808;29
3809;2
3810;3
3811;4
3812;63
3813;75
3814;25
3815;23
3816;53
3817;89
3818;70
3819;39
3820;46
3821;17
3822;12
3823;50
3824;67
3825;57
3826;65
3827;82
3828;28
3829;35
3830;71
3831;34
3832;56
3833;86
3834;31
3835;32
3836;39
3837;53
3838;18
3839;13
3840;57
3841;34
3842;46
3843;40
3844;17
3845;66
3846;51
3847;37
3848;64
3849;48
3850;36
3851;27
3852;8
3853;11
3854;32
3855;61
3856;75
3857;29
3858;46
3859;6
3860;18
3861;18
3862;38
3863;29
3864;11
3865;18
3866;28
3867;15
3868;14
3869;42
3870;38
3871;0
3872;4
3873;5
3874;2
3875;51
3876;68
3877;71
3878;86
3879;32
3880;38
3881;17
3882;3
3883;44
3884;55
3885;36
3886;29
3887;25
3888;104
3889;44
3890;68
3891;53
3892;55
3893;34
3894;14
3895;7
3896;14
3897;71
3898;57
3899;61
3900;39
3901;9
3902;26
3903;46
3904;76
3905;65
3906;58
3907;49
3908;9
3909;40
3910;48
3911;64
3912;44
3913;53
3914;46
3915;56
3916;34
3917;32
3918;1
3919;2
3920;2
3921;23
3922;33
3923;47
3924;59
3925;72
3926;66
3927;44
3928;47
3929;14
3930;40
3931;60
3932;22
3933;20
3934;22
3935;21
3936;19
3937;65
3938;62
3939;47
3940;54
3941;61
3942;64
3943;26
3944;35
3945;9
3946;11
3947;10
3948;70
3949;67
3950;50
3951;47
3952;22
3953;91
3954;79
3955;49
3956;65
3957;67
3958;60
3959;19
3960;87
3961;50
3962;53
3963;69
3964;57
3965;65
3966;66
3967;61
3968;56
3969;42
3970;62
3971;49
3972;44
3973;28
3974;6
3975;5
3976;1
3977;1
3978;39
3979;62
3980;12
3981;9
3982;74
3983;38
3984;41
3985;36
3986;2
3987;0
3988;8
3989;54
3990;49
3991;48
3992;41
3993;33
3994;0
3995;1
3996;5
3997;63
3998;61
3999;48
4000;65
4001;74
4002;73
4003;38
4004;6
4005;2
4006;9
4007;53
4008;34
4009;11
4010;10
4011;42
4012;33
4013;9
4014;7
4015;27
4016;19
4017;21
4018;33
4019;45
4020;19
4021;64
4022;34
4023;22
4024;41
4025;35
4026;17
4027;15
4028;32
4029;38
4030;10
4031;4
4032;71
4033;63
4034;63
4035;70
4036;57
4037;66
4038;65
4039;36
4040;68
4041;33
4042;45
4043;8
4044;1
4045;37
4046;80
4047;63
4048;57
4049;44
4050;14
4051;45
4052;57
4053;18
4054;13
4055;55
4056;69
4057;19
4058;20
4059;87
4060;35
4061;11
4062;66
4063;20
4064;34
4065;2
4066;0
4067;61
4068;56
4069;45
4070;49
4071;42
4072;30
4073;42
4074;3
4075;5
4076;32
4077;60
4078;50
4079;36
4080;49
4081;33
4082;13
4083;78
4084;49
4085;64
4086;71
4087;61
4088;23
4089;60
4090;44
4091;45
4092;7
4093;16
4094;17
4095;6
4096;83
4097;61
4098;43
4099;47
4100;40
4101;3
4102;59
4103;29
4104;6
4105;18
4106;15
4107;59
4108;52
4109;20
4110;76
4111;93
4112;85
4113;67
4114;26
4115;63
4116;61
4117;30
4118;28
4119;1
4120;17
4121;46
4122;67
4123;34
4124;81
4125;38
4126;19
4127;2
4128;5
4129;29
4130;40
4131;32
4132;46
4133;1
4134;2
4135;55
4136;94
4137;36
4138;63
4139;19
4140;64
4141;54
4142;31
4143;46
4144;16
4145;8
4146;11
4147;35
4148;42
4149;48
4150;5
4151;2
4152;46
4153;56
4154;46
4155;38
4156;44
4157;7
4158;13
4159;6
4160;54
4161;50
4162;34
4163;42
4164;9
4165;0
4166;79
4167;27
4168;38
4169;10
4170;67
4171;23
4172;41
4173;7
4174;2
4175;4
4176;44
4177;33
4178;9
4179;8
4180;33
4181;30
4182;0
4183;14
4184;50
4185;75
4186;32
4187;73
4188;41
4189;44
4190;18
4191;33
4192;42
4193;53
4194;6
4195;9
4196;20
4197;39
4198;71
4199;22
4200;50
4201;57
4202;6
4203;74
4204;56
4205;36
4206;34
4207;2
4208;43
4209;19
4210;4
4211;5
4212;45
4213;57
4214;16
4215;56
4216;61
4217;19
4218;54
4219;81
4220;55
4221;72
4222;53
4223;27
4224;10
4225;60
4226;49
4227;6
4228;18
4229;41
4230;21
4231;53
4232;35
4233;5
4234;61
4235;51
4236;32
4237;66
4238;64
4239;50
4240;23
4241;36
4242;64
4243;8
4244;9
4245;77
4246;64
4247;30
4248;27
4249;12
4250;17
4251;17
4252;59
4253;32
4254;43
4255;45
4256;0
4257;39
4258;80
4259;51
4260;61
4261;68
4262;83
4263;39
4264;31
4265;2
4266;5
4267;27
4268;46
4269;46
4270;0
4271;0
4272;60
4273;74
4274;54
4275;60
4276;17
4277;10
4278;33
4279;40
4280;18
4281;9
4282;79
4283;29
4284;11
4285;15
4286;36
4287;40
4288;73
4289;49
4290;59
4291;38
4292;46
4293;4
4294;2
4295;0
4296;59
4297;22
4298;57
4299;42
4300;52
4301;47
4302;6
4303;12
4304;56
4305;65
4306;45
4307;4
4308;30
4309;30
4310;15
4311;8
4312;13
4313;36
4314;46
4315;14
4316;13
4317;37
4318;33
4319;4
4320;4
4321;44
4322;34
4323;1
4324;6
4325;49
4326;60
4327;61
4328;29
4329;42
4330;36
4331;1
4332;2
4333;2
4334;52
4335;71
4336;73
4337;35
4338;43
4339;0
4340;1
4341;19
4342;83
4343;38
4344;65
4345;44
4346;25
4347;50
4348;67
4349;33
4350;32
4351;17
4352;7
4353;13
4354;48
4355;29
4356;15
4357;18
4358;11
4359;23
4360;72
4361;29
4362;43
4363;1
4364;11
4365;10
4366;40
4367;57
4368;58
4369;42
4370;43
4371;9
4372;17
4373;8
4374;64
4375;32
4376;16
4377;14
4378;47
4379;50
4380;64
4381;14
4382;9
4383;16
4384;46
4385;57
4386;35
4387;63
4388;90
4389;37
4390;32
4391;59
4392;17
4393;7
4394;9
4395;33
4396;47
4397;3
4398;4
4399;63
4400;35
4401;57
4402;67
4403;31
4404;29
4405;5
4406;24
4407;35
4408;89
4409;59
4410;66
4411;55
4412;65
4413;23
4414;32
4415;42
4416;42
4417;7
4418;17
4419;12
4420;40
4421;44
4422;12
4423;17
4424;13
4425;18
4426;40
4427;29
4428;9
4429;59
4430;53
4431;32
4432;23
4433;32
4434;30
4435;40
4436;30
4437;17
4438;2
4439;44
4440;37
4441;6
4442;82
4443;60
4444;67
4445;53
4446;60
4447;30
4448;39
4449;5
4450;7
4451;2
4452;34
4453;67
4454;40
4455;62
4456;16
4457;60
4458;81
4459;42
4460;63
4461;10
4462;81
4463;49
4464;29
4465;42
4466;10
4467;0
4468;33
4469;38
4470;65
4471;49
4472;44
4473;30
4474;13
4475;8
4476;10
4477;15
4478;94
4479;34
4480;54
4481;60
4482;37
4483;40
4484;7
4485;7
4486;13
4487;52
4488;55
4489;72
4490;81
4491;66
4492;48
4493;19
4494;42
4495;35
4496;19
4497;15
4498;12
4499;86
4500;62
4501;59
4502;80
4503;62
4504;56
4505;30
4506;51
4507;11
4508;46
4509;46
4510;28
4511;2
4512;48
4513;23
4514;47
4515;39
4516;58
4517;23
4518;65
4519;22
4520;41
4521;95
4522;38
4523;37
4524;1
4525;10
4526;43
4527;52
4528;6
4529;15
4530;55
4531;48
4532;67
4533;49
4534;33
4535;11
4536;4
4537;72
4538;84
4539;38
4540;44
4541;18
4542;18
4543;57
4544;68
4545;64
4546;49
4547;35
4548;31
4549;24
4550;78
4551;32
4552;44
4553;7
4554;12
4555;16
4556;66
4557;30
4558;28
4559;17
4560;14
4561;52
4562;22
4563;53
4564;47
4565;45
4566;44
4567;32
4568;22
4569;73
4570;40
4571;50
4572;71
4573;67
4574;41
4575;93
4576;29
4577;16
4578;0
4579;16
4580;0
4581;55
4582;34
4583;34
4584;49
4585;91
4586;39
4587;38
4588;17
4589;44
4590;36
4591;9
4592;0
4593;38
4594;25
4595;4
4596;0
4597;38
4598;31
4599;16
4600;6
4601;89
4602;52
4603;36
4604;36
4605;0
4606;2
4607;3
4608;4
4609;50
4610;53
4611;83
4612;34
4613;43
4614;17
4615;2
4616;15
4617;43
4618;66
4619;63
4620;62
4621;54
4622;36
4623;18
4624;6
4625;62
4626;61
4627;60
4628;59
4629;74
4630;32
4631;45
4632;6
4633;7
4634;55
4635;70
4636;47
4637;74
4638;70
4639;39
4640;40
4641;73
4642;67
4643;38
4644;87
4645;49
4646;51
4647;49
4648;65
4649;28
4650;32
4651;7
4652;16
4653;63
4654;67
4655;21
4656;27
4657;17
4658;5
4659;64
4660;50
4661;46
4662;34
4663;9
4664;13
4665;38
4666;39
4667;8
4668;12
4669;28
4670;50
4671;31
4672;40
4673;56
4674;67
4675;50
4676;19
4677;79
4678;48
4679;39
4680;17
4681;9
4682;77
4683;53
4684;45
4685;46
4686;39
4687;39
4688;35
4689;40
4690;7
4691;13
4692;68
4693;52
4694;74
4695;22
4696;57
4697;32
4698;8
4699;17
4700;61
4701;66
4702;35
4703;22
4704;44
4705;1
4706;3
4707;59
4708;74
4709;32
4710;63
4711;14
4712;60
4713;30
4714;43
4715;29
4716;35
4717;30
4718;1
4719;8
4720;68
4721;36
4722;48
4723;7
4724;71
4725;71
4726;61
4727;31
4728;17
4729;0
4730;75
4731;49
4732;33
4733;35
4734;40
4735;4
4736;14
4737;57
4738;46
4739;28
4740;9
4741;18
4742;22
4743;19
4744;76
4745;66
4746;57
4747;73
4748;21
4749;76
4750;64
4751;43
4752;12
4753;33
4754;31
4755;31
4756;5
4757;9
4758;7
4759;47
4760;25
4761;1
4762;13
4763;33
4764;27
4765;1
4766;7
4767;1
4768;62
4769;27
4770;41
4771;6
4772;4
4773;3
4774;63
4775;26
4776;33
4777;50
4778;13
4779;13
4780;58
4781;79
4782;49
4783;36
4784;32
4785;5
4786;30
4787;43
4788;13
4789;7
4790;56
4791;37
4792;45
4793;22
4794;32
4795;26
4796;54
4797;59
4798;30
4799;40
4800;9
4801;4
4802;48
4803;37
4804;49
4805;26
4806;1
4807;38
4808;49
4809;11
4810;11
4811;33
4812;52
4813;6
4814;6
4815;6
4816;54
4817;68
4818;36
4819;46
4820;13
4821;10
4822;15
4823;65
4824;62
4825;49
4826;50
4827;66
4828;34
4829;28
4830;7
4831;10
4832;62
4833;50
4834;38
4835;6
4836;85
4837;54
4838;39
4839;30
4840;12
4841;17
4842;7
4843;27
4844;46
4845;17
4846;1
4847;0
4848;45
4849;28
4850;11
4851;11
4852;62
4853;50
4854;45
4855;33
4856;7
4857;9
4858;41
4859;52
4860;18
4861;14
4862;63
4863;90
4864;55
4865;37
4866;37
4867;18
4868;7
4869;63
4870;41
4871;26
4872;2
4873;3
4874;41
4875;12
4876;15
4877;49
4878;32
4879;4
4880;3
4881;4
4882;37
4883;35
4884;11
4885;6
4886;38
4887;57
4888;79
4889;22
4890;28
4891;25
4892;50
4893;74
4894;59
4895;29
4896;6
4897;40
4898;50
4899;39
4900;53
4901;6
4902;16
4903;65
4904;25
4905;36
4906;21
4907;40
4908;44
4909;4
4910;1
4911;1
4912;71
4913;67
4914;40
4915;53
4916;48
4917;62
4918;57
4919;59
4920;87
4921;21
4922;25
4923;2
4924;5
4925;37
4926;28
4927;18
4928;8
4929;57
4930;72
4931;38
4932;47
4933;16
4934;12
4935;48
4936;91
4937;54
4938;36
4939;50
4940;40
4941;8
4942;7
4943;38
4944;17
4945;53
4946;23
4947;60
4948;60
4949;37
4950;17
4951;37
4952;43
4953;8
4954;14
4955;93
4956;56
4957;60
4958;62
4959;43
4960;61
4961;46
4962;9
4963;18
4964;60
4965;58
4966;10
4967;43
4968;34
4969;10
4970;10
4971;59
4972;38
4973;50
4974;8
4975;9
4976;73
4977;46
4978;36
4979;82
4980;31
4981;33
4982;4
4983;48
4984;72
4985;60
4986;44
4987;64
4988;49
4989;66
4990;35
4991;38
4992;29
4993;0
4994;29
4995;60
4996;18
4997;60
4998;27
4999;36
5000;64
5001;46
5002;61
5003;22
5004;65
5005;88
5006;45
5007;34
5008;0
5009;72
5010;21
5011;34
5012;43
5013;8
5014;9
5015;84
5016;36
5017;32
5018;39
5019;5
5020;3
5021;48
5022;44
5023;1
5024;14
5025;42
5026;46
5027;15
5028;0
5029;57
5030;55
5031;42
5032;38
5033;9
5034;6
5035;34
5036;40
5037;13
5038;15
5039;65
5040;48
5041;56
5042;49
5043;79
5044;87
5045;62
5046;83
5047;91
5048;63
5049;51
5050;46
5051;41
5052;46
5053;4
5054;4
5055;74
5056;59
5057;31
5058;8
5059;33
5060;52
5061;64
5062;64
5063;49
5064;34
5065;6
5066;37
5067;74
5068;58
5069;35
5070;9
5071;11
5072;68
5073;58
5074;52
5075;16
5076;9
5077;19
5078;61
5079;49
5080;36
5081;10
5082;6
5083;17
5084;44
5085;34
5086;8
5087;36
5088;33
5089;0
5090;5
5091;7
5092;48
5093;52
5094;69
5095;20
5096;65
5097;37
5098;62
5099;63
5100;53
5101;52
5102;47
5103;11
5104;16
5105;9
5106;30
5107;75
5108;61
5109;58
5110;50
5111;47
5112;39
5113;39
5114;5
5115;2
5116;67
5117;63
5118;54
5119;24
5120;91
5121;32
5122;42
5123;1
5124;52
5125;62
5126;61
5127;30
5128;20
5129;73
5130;19
5131;33
5132;83
5133;62
5134;54
5135;50
5136;15
5137;37
5138;44
5139;15
5140;1
5141;32
5142;62
5143;52
5144;79
5145;47
5146;37
5147;35
5148;9
5149;18
5150;37
5151;29
5152;0
5153;18
5154;3
5155;74
5156;20
5157;36
5158;43
5159;44
5160;10
5161;9
5162;47
5163;13
5164;51
5165;65
5166;39
5167;31
5168;6
5169;0
5170;41
5171;43
5172;12
5173;13
5174;75
5175;26
5176;25
5177;75
5178;85
5179;62
5180;56
5181;48
5182;66
5183;47
5184;56
5185;23
5186;31
5187;32
5188;18
5189;68
5190;69
5191;40
5192;36
5193;5
5194;5
5195;60
5196;37
5197;28
5198;2
5199;13
5200;72
5201;72
5202;41
5203;53
5204;11
5205;17
5206;64
5207;33
5208;40
5209;7
5210;32
5211;48
5212;0
5213;12
5214;31
5215;46
5216;18
5217;4
5218;54
5219;49
5220;32
5221;13
5222;15
5223;59
5224;19
5225;26
5226;59
5227;7
5228;6
5229;31
5230;53
5231;9
5232;8
5233;53
5234;53
5235;62
5236;63
5237;7
5238;14
5239;30
5240;30
5241;32
5242;9
5243;15
5244;20
5245;51
5246;63
5247;50
5248;37
5249;51
5250;14
5251;11
5252;16
5253;69
5254;55
5255;57
5256;93
5257;20
5258;31
5259;64
5260;21
5261;67
5262;28
5263;33
5264;2
5265;1
5266;25
5267;70
5268;67
5269;69
5270;22
5271;20
5272;60
5273;78
5274;38
5275;61
5276;87
5277;29
5278;64
5279;74
5280;35
5281;40
5282;10
5283;10
5284;52
5285;84
5286;49
5287;29
5288;65
5289;64
5290;40
5291;42
5292;17
5293;9
5294;38
5295;39
5296;6
5297;19
5298;91
5299;53
5300;70
5301;43
5302;67
5303;52
5304;89
5305;75
5306;53
5307;70
5308;71
5309;41
5310;33
5311;5
5312;3
5313;24
5314;45
5315;2
5316;4
5317;35
5318;53
5319;48
5320;12
5321;18
5322;34
5323;83
5324;53
5325;80
5326;71
5327;48
5328;39
5329;53
5330;26
5331;26
5332;72
5333;35
5334;26
5335;7
5336;16
5337;30
5338;19
5339;3
5340;5
5341;29
5342;43
5343;9
5344;5
5345;29
5346;29
5347;4
5348;32
5349;38
5350;11
5351;64
5352;32
5353;48
5354;11
5355;7
5356;91
5357;36
5358;42
5359;46
5360;32
5361;10
5362;45
5363;44
5364;3
5365;3
5366;59
5367;57
5368;6
5369;7
5370;45
5371;46
5372;13
5373;6
5374;64
5375;44
5376;44
5377;39
5378;1
5379;27
5380;42
5381;18
5382;13
5383;33
5384;28
5385;32
5386;74
5387;65
5388;31
5389;39
5390;19
5391;5
5392;57
5393;50
5394;15
5395;43
5396;38
5397;7
5398;8
5399;44
5400;31
5401;3
5402;9
5403;5
5404;58
5405;62
5406;23
5407;31
5408;2
5409;5
5410;72
5411;73
5412;20
5413;32
5414;42
5415;37
5416;9
5417;82
5418;89
5419;35
5420;66
5421;57
5422;64
5423;51
5424;9
5425;17
5426;37
5427;20
5428;9
5429;5
5430;41
5431;30
5432;3
5433;61
5434;55
5435;44
5436;88
5437;66
5438;43
5439;39
5440;30
5441;32
5442;13
5443;13
5444;51
5445;23
5446;44
5447;55
5448;36
5449;31
5450;31
5451;7
5452;9
5453;9
5454;51
5455;38
5456;45
5457;4
5458;63
5459;16
5460;28
5461;29
5462;4
5463;2
5464;75
5465;67
5466;36
5467;53
5468;8
5469;10
5470;32
5471;45
5472;4
5473;7
5474;68
5475;62
5476;28
5477;30
5478;50
5479;7
5480;14
5481;62
5482;28
5483;12
5484;17
5485;71
5486;63
5487;63
5488;20
5489;64
5490;55
5491;45
5492;27
5493;16
5494;12
5495;64
5496;39
5497;9
5498;7
5499;34
5500;56
5501;20
5502;33
5503;59
5504;77
5505;31
5506;43
5507;5
5508;3
5509;69
5510;48
5511;83
5512;56
5513;72
5514;67
5515;53
5516;39
5517;9
5518;18
5519;40
5520;32
5521;5
5522;0
5523;62
5524;37
5525;11
5526;12
5527;22
5528;64
5529;61
5530;72
5531;58
5532;71
5533;77
5534;43
5535;52
5536;12
5537;14
5538;54
5539;70
5540;41
5541;36
5542;5
5543;63
5544;53
5545;21
5546;20
5547;4
5548;16
5549;29
5550;56
5551;32
5552;14
5553;14
5554;67
5555;44
5556;53
5557;34
5558;72
5559;29
5560;35
5561;11
5562;13
5563;16
5564;28
5565;79
5566;21
5567;19
5568;58
5569;78
5570;78
5571;54
5572;86
5573;36
5574;55
5575;57
5576;55
5577;57
5578;49
5579;47
5580;80
5581;38
5582;68
5583;59
5584;22
5585;37
5586;5
5587;6
5588;7
5589;45
5590;44
5591;5
5592;4
5593;59
5594;66
5595;53
5596;54
5597;35
5598;59
5599;25
5600;48
5601;28
5602;45
5603;35
5604;74
5605;20
5606;51
5607;57
5608;53
5609;21
5610;33
5611;74
5612;48
5613;43
5614;4
5615;36
5616;34
5617;8
5618;5
5619;26
5620;44
5621;55
5622;21
5623;22
5624;62
5625;88
5626;70
5627;91
5628;47
5629;60
5630;25
5631;44
5632;67
5633;45
5634;41
5635;2
5636;6
5637;41
5638;26
5639;18
5640;13
5641;11
5642;51
5643;28
5644;15
5645;79
5646;31
5647;46
5648;16
5649;6
5650;32
5651;36
5652;6
5653;7
5654;22
5655;76
5656;87
5657;72
5658;34
5659;38
5660;9
5661;1
5662;35
5663;7
5664;80
5665;61
5666;48
5667;40
5668;7
5669;17
5670;91
5671;22
5672;40
5673;52
5674;45
5675;40
5676;77
5677;32
5678;52
5679;12
5680;11
5681;68
5682;57
5683;36
5684;48
5685;28
5686;46
5687;13
5688;12
5689;46
5690;18
5691;67
5692;76
5693;41
5694;68
5695;64
5696;44
5697;36
5698;12
5699;3
5700;4
5701;72
5702;50
5703;68
5704;34
5705;86
5706;61
5707;74
5708;78
5709;50
5710;25
5711;55
5712;41
5713;6
5714;36
5715;44
5716;8
5717;7
5718;33
5719;20
5720;4
5721;7
5722;0
5723;91
5724;52
5725;54
5726;76
5727;90
5728;65
5729;62
5730;56
5731;11
5732;37
5733;9
5734;15
5735;67
5736;48
5737;36
5738;47
5739;47
5740;5
5741;5
5742;20
5743;46
5744;0
5745;5
5746;45
5747;27
5748;60
5749;56
5750;25
5751;67
5752;57
5753;93
5754;27
5755;18
5756;23
5757;75
5758;23
5759;81
5760;70
5761;35
5762;41
5763;79
5764;91
5765;71
5766;49
5767;44
5768;49
5769;9
5770;47
5771;63
5772;39
5773;41
5774;14
5775;25
5776;31
5777;10
5778;6
5779;91
5780;31
5781;18
5782;15
5783;81
5784;72
5785;55
5786;75
5787;75
5788;29
5789;37
5790;1
5791;9
5792;36
5793;45
5794;12
5795;17
5796;52
5797;51
5798;30
5799;22
5800;45
5801;3
5802;3
5803;2
5804;52
5805;36
5806;9
5807;33
5808;67
5809;37
5810;37
5811;1
5812;0
5813;63
5814;59
5815;39
5816;43
5817;2
5818;18
5819;54
5820;30
5821;69
5822;66
5823;37
5824;61
5825;29
5826;23
5827;46
5828;39
5829;46
5830;50
5831;7
5832;22
5833;37
5834;63
5835;39
5836;19
5837;27
5838;43
5839;34
5840;62
5841;25
5842;38
5843;3
5844;12
5845;20
5846;60
5847;27
5848;89
5849;62
5850;55
5851;56
5852;51
5853;8
5854;12
5855;51
5856;31
5857;70
5858;58
5859;28
5860;40
5861;0
5862;9
5863;29
5864;32
5865;0
5866;36
5867;8
5868;7
5869;24
5870;23
5871;34
5872;62
5873;46
5874;40
5875;56
5876;68
5877;62
5878;68
5879;38
5880;36
5881;7
5882;8
5883;12
5884;49
5885;58
5886;62
5887;88
5888;51
5889;76
5890;50
5891;40
5892;59
5893;12
5894;16
5895;47
5896;70
5897;21
5898;36
5899;42
5900;21
5901;23
5902;37
5903;34
5904;15
5905;3
5906;45
5907;69
5908;28
5909;20
5910;4
5911;3
5912;60
5913;34
5914;44
5915;46
5916;2
5917;5
5918;47
5919;31
5920;45
5921;58
5922;30
5923;17
5924;8
5925;6
5926;28
5927;24
5928;38
5929;38
5930;59
5931;89
5932;66
5933;28
5934;61
5935;45
5936;22
5937;46
5938;56
5939;35
5940;41
5941;4
5942;3
5943;77
5944;29
5945;24
5946;74
5947;64
5948;62
5949;39
5950;8
5951;12
5952;17
5953;56
5954;57
5955;35
5956;39
5957;11
5958;54
5959;40
5960;43
5961;34
5962;1
5963;3
5964;55
5965;59
5966;19
5967;38
5968;35
5969;59
5970;34
5971;38
5972;9
5973;39
5974;36
5975;17
5976;4
5977;51
5978;69
5979;27
5980;20
5981;62
5982;54
5983;52
5984;49
5985;46
5986;14
5987;7
5988;7
5989;53
5990;37
5991;10
5992;36
5993;35
5994;17
5995;15
5996;90
5997;88
5998;41
5999;34
6000;35
6001;28
6002;5
6003;57
6004;69
6005;56
6006;27
6007;52
6008;70
6009;52
6010;36
6011;30
6012;28
6013;54
6014;63
6015;75
6016;42
6017;32
6018;7
6019;10
6020;63
6021;48
6022;62
6023;47
6024;43
6025;27
6026;14
6027;93
6028;37
6029;30
6030;2
6031;5
6032;57
6033;65
6034;72
6035;65
6036;35
6037;60
6038;63
6039;43
6040;19
6041;38
6042;31
6043;1
6044;4
6045;58
6046;60
6047;45
6048;19
6049;62
6050;25
6051;20
6052;48
6053;36
6054;39
6055;57
6056;67
6057;53
6058;12
6059;7
6060;19
6061;55
6062;29
6063;27
6064;2
6065;5
6066;4
6067;36
6068;42
6069;4
6070;11
6071;69
6072;58
6073;17
6074;59
6075;86
6076;38
6077;66
6078;33
6079;52
6080;34
6081;77
6082;31
6083;58
6084;64
6085;57
6086;51
6087;63
6088;40
6089;9
6090;10
6091;41
6092;23
6093;51
6094;46
6095;56
6096;39
6097;65
6098;61
6099;64
6100;24
6101;21
6102;41
6103;61
6104;34
6105;26
6106;4
6107;7
6108;64
6109;26
6110;66
6111;67
6112;70
6113;71
6114;63
6115;51
6116;14
6117;18
6118;8
6119;14
6120;79
6121;58
6122;19
6123;20
6124;46
6125;57
6126;57
6127;10
6128;8
6129;86
6130;69
6131;80
6132;48
6133;34
6134;52
6135;69
6136;25
6137;61
6138;24
6139;78
6140;44
6141;17
6142;65
6143;79
6144;62
6145;64
6146;25
6147;23
6148;5
6149;14
6150;49
6151;8
6152;53
6153;7
6154;8
6155;30
6156;20
6157;19
6158;40
6159;48
6160;10
6161;9
6162;46
6163;35
6164;3
6165;11
6166;41
6167;53
6168;55
6169;62
6170;48
6171;26
6172;5
6173;0
6174;59
6175;10
6176;13
6177;53
6178;36
6179;35
6180;60
6181;82
6182;88
6183;37
6184;43
6185;9
6186;5
6187;71
6188;29
6189;37
6190;3
6191;12
6192;50
6193;31
6194;46
6195;3
6196;9
6197;36
6198;30
6199;12
6200;0
6201;57
6202;67
6203;37
6204;43
6205;16
6206;7
6207;18
6208;44
6209;21
6210;12
6211;2
6212;5
6213;51
6214;14
6215;6
6216;47
6217;23
6218;2
6219;3
6220;23
6221;61
6222;37
6223;38
6224;11
6225;13
6226;6
6227;32
6228;37
6229;27
6230;2
6231;18
6232;60
6233;49
6234;72
6235;30
6236;37
6237;8
6238;8
6239;54
6240;29
6241;17
6242;6
6243;52
6244;94
6245;26
6246;59
6247;39
6248;17
6249;13
6250;18
6251;35
6252;70
6253;47
6254;60
6255;53
6256;35
6257;42
6258;12
6259;14
6260;26
6261;16
6262;44
6263;55
6264;55
6265;46
6266;35
6267;14
6268;48
6269;43
6270;46
6271;49
6272;39
6273;13
6274;14
6275;4
6276;51
6277;30
6278;55
6279;13
6280;39
6281;30
6282;12
6283;3
6284;35
6285;84
6286;52
6287;50
6288;71
6289;47
6290;50
6291;71
6292;24
6293;34
6294;32
6295;16
6296;10
6297;14
6298;36
6299;35
6300;13
6301;70
6302;68
6303;72
6304;81
6305;72
6306;66
6307;47
6308;75
6309;27
6310;55
6311;13
6312;91
6313;44
6314;73
6315;79
6316;86
6317;63
6318;62
6319;63
6320;12
6321;86
6322;63
6323;46
6324;51
6325;62
6326;48
6327;70
6328;25
6329;90
6330;83
6331;43
6332;45
6333;7
6334;11
6335;27
6336;49
6337;51
6338;70
6339;89
6340;38
6341;32
6342;9
6343;42
6344;53
6345;50
6346;59
6347;84
6348;36
6349;20
6350;34
6351;25
6352;71
6353;61
6354;55
6355;65
6356;72
6357;71
6358;64
6359;11
6360;70
6361;25
6362;75
6363;57
6364;30
6365;51
6366;22
6367;72
6368;56
6369;52
6370;65
6371;63
6372;53
6373;76
6374;25
6375;50
6376;22
6377;67
6378;59
6379;48
6380;57
6381;15
6382;9
6383;7
6384;51
6385;39
6386;2
6387;45
6388;58
6389;21
6390;48
6391;38
6392;46
6393;1
6394;65
6395;62
6396;21
6397;52
6398;49
6399;61
6400;80
6401;53
6402;43
6403;67
6404;20
6405;61
6406;32
6407;46
6408;12
6409;7
6410;0
6411;20
6412;63
6413;23
6414;46
6415;4
6416;33
6417;19
6418;1
6419;45
6420;5
6421;42
6422;28
6423;38
6424;36
6425;51
6426;53
6427;56
6428;70
6429;62
6430;55
6431;25
6432;63
6433;87
6434;88
6435;75
6436;26
6437;45
6438;29
6439;9
6440;13
6441;4
6442;39
6443;22
6444;30
6445;10
6446;12
6447;85
6448;45
6449;67
6450;23
6451;46
6452;69
6453;43
6454;71
6455;33
6456;35
6457;1
6458;11
6459;26
6460;42
6461;53
6462;28
6463;47
6464;87
6465;42
6466;45
6467;14
6468;6
6469;59
6470;46
6471;56
6472;28
6473;56
6474;84
6475;63
6476;88
6477;73
6478;68
6479;49
6480;54
6481;23
6482;82
6483;61
6484;37
6485;51
6486;19
6487;60
6488;54
6489;57
6490;31
6491;56
6492;25
6493;51
6494;25
6495;41
6496;27
6497;22
6498;0
6499;4
6500;60
6501;46
6502;14
6503;51
6504;46
6505;81
6506;84
6507;90
6508;32
6509;25
6510;4
6511;4
6512;18
6513;1
6514;8
6515;28
6516;33
6517;87
6518;69
6519;54
6520;64
6521;48
6522;55
6523;59
6524;19
6525;58
6526;60
6527;76
6528;59
6529;9
6530;26
6531;80
6532;56
6533;9
6534;15
6535;31
6536;35
6537;16
6538;42
6539;53
6540;30
6541;53
6542;11
6543;86
6544;19
6545;39
6546;68
6547;44
6548;49
6549;72
6550;21
6551;38
6552;86
6553;63
6554;25
6555;39
6556;23
6557;42
6558;5
6559;10
6560;21
6561;21
6562;23
6563;24
6564;57
6565;69
6566;37
6567;34
6568;47
6569;7
6570;16
6571;80
6572;39
6573;30
6574;44
6575;5
6576;5
6577;1
6578;58
6579;54
6580;11
6581;10
6582;48
6583;40
6584;25
6585;0
6586;1
6587;1
6588;22
6589;62
6590;49
6591;42
6592;6
6593;85
6594;36
6595;22
6596;4
6597;1
6598;22
6599;35
6600;55
6601;29
6602;35
6603;60
6604;47
6605;42
6606;5
6607;6
6608;36
6609;9
6610;18
6611;55
6612;61
6613;47
6614;62
6615;9
6616;86
6617;57
6618;87
6619;64
6620;46
6621;48
6622;12
6623;11
6624;36
6625;23
6626;12
6627;3
6628;60
6629;51
6630;45
6631;47
6632;27
6633;0
6634;35
6635;32
6636;11
6637;13
6638;36
6639;46
6640;14
6641;45
6642;58
6643;37
6644;32
6645;47
6646;22
6647;33
6648;3
6649;12
6650;12
6651;51
6652;35
6653;21
6654;9
6655;9
6656;62
6657;60
6658;45
6659;32
6660;42
6661;8
6662;7
6663;60
6664;68
6665;50
6666;57
6667;63
6668;64
6669;59
6670;42
6671;54
6672;57
6673;46
6674;38
6675;32
6676;6
6677;8
6678;2
6679;35
6680;31
6681;14
6682;1
6683;14
6684;40
6685;39
6686;36
6687;45
6688;18
6689;62
6690;20
6691;44
6692;37
6693;16
6694;3
6695;63
6696;25
6697;30
6698;51
6699;11
6700;9
6701;27
6702;72
6703;50
6704;35
6705;53
6706;8
6707;42
6708;30
6709;6
6710;49
6711;38
6712;6
6713;8
6714;90
6715;55
6716;34
6717;36
6718;48
6719;5
6720;3
6721;83
6722;70
6723;59
6724;77
6725;55
6726;68
6727;22
6728;66
6729;33
6730;30
6731;1
6732;15
6733;44
6734;31
6735;9
6736;7
6737;9
6738;19
6739;64
6740;45
6741;49
6742;9
6743;44
6744;21
6745;75
6746;89
6747;51
6748;74
6749;47
6750;31
6751;6
6752;19
6753;24
6754;1
6755;2
6756;10
6757;7
6758;60
6759;65
6760;65
6761;31
6762;55
6763;52
6764;62
6765;79
6766;33
6767;46
6768;58
6769;41
6770;24
6771;55
6772;40
6773;49
6774;35
6775;31
6776;31
6777;73
6778;86
6779;68
6780;70
6781;45
6782;34
6783;8
6784;0
6785;5
6786;64
6787;19
6788;56
6789;50
6790;27
6791;27
6792;8
6793;6
6794;62
6795;31
6796;13
6797;17
6798;35
6799;41
6800;15
6801;68
6802;67
6803;48
6804;79
6805;37
6806;49
6807;1
6808;8
6809;0
6810;70
6811;29
6812;47
6813;28
6814;36
6815;3
6816;1
6817;82
6818;82
6819;74
6820;19
6821;64
6822;46
6823;49
6824;7
6825;9
6826;17
6827;59
6828;70
6829;39
6830;39
6831;0
6832;5
6833;4
6834;24
6835;75
6836;64
6837;45
6838;54
6839;53
6840;62
6841;7
6842;9
6843;33
6844;56
6845;48
6846;70
6847;21
6848;71
6849;49
6850;48
6851;69
6852;63
6853;48
6854;53
6855;60
6856;64
6857;45
6858;20
6859;74
6860;50
6861;31
6862;44
6863;10
6864;11
6865;34
6866;36
6867;37
6868;5
6869;29
6870;39
6871;17
6872;5
6873;5
6874;5
6875;37
6876;50
6877;11
6878;11
6879;44
6880;36
6881;5
6882;4
6883;1
6884;63
6885;82
6886;55
6887;50
6888;67
6889;48
6890;84
6891;37
6892;48
6893;9
6894;59
6895;84
6896;43
6897;53
6898;81
6899;27
6900;39
6901;0
6902;15
6903;31
6904;19
6905;34
6906;55
6907;28
6908;66
6909;38
6910;20
6911;83
6912;59
6913;51
6914;49
6915;63
6916;62
6917;72
6918;64
6919;19
6920;40
6921;39
6922;3
6923;7
6924;69
6925;68
6926;27
6927;33
6928;6
6929;16
6930;6
6931;47
6932;15
6933;15
6934;21
6935;48
6936;81
6937;50
6938;73
6939;54
6940;66
6941;93
6942;86
6943;51
6944;64
6945;39
6946;55
6947;8
6948;61
6949;46
6950;19
6951;3
6952;5
6953;32
6954;47
6955;40
6956;17
6957;9
6958;39
6959;44
6960;30
6961;16
6962;7
6963;34
6964;39
6965;5
6966;1
6967;38
6968;60
6969;22
6970;52
6971;67
6972;72
6973;66
6974;56
6975;45
6976;33
6977;9
6978;15
6979;32
6980;68
6981;34
6982;51
6983;57
6984;42
6985;37
6986;4
6987;35
6988;56
6989;14
6990;52
6991;34
6992;15
6993;9
6994;67
6995;47
6996;74
6997;46
6998;48
6999;54
7000;83
7001;20
7002;59
7003;36
7004;7
7005;68
7006;59
7007;34
7008;34
7009;0
7010;44
7011;56
7012;38
7013;12
7014;33
7015;33
7016;14
7017;31
7018;56
7019;51
7020;76
7021;29
7022;54
7023;75
7024;70
7025;32
7026;22
7027;18
7028;34
7029;23
7030;37
7031;43
7032;39
7033;66
7034;73
7035;63
7036;45
7037;37
7038;24
7039;84
7040;62
7041;67
7042;46
7043;23
7044;20
7045;35
7046;44
7047;46
7048;36
7049;18
7050;12
7051;33
7052;32
7053;3
7054;0
7055;37
7056;36
7057;13
7058;75
7059;37
7060;4
7061;47
7062;30
7063;18
7064;18
7065;65
7066;52
7067;43
7068;50
7069;90
7070;28
7071;79
7072;49
7073;31
7074;1
7075;3
7076;57
7077;53
7078;67
7079;52
7080;59
7081;40
7082;33
7083;15
7084;7
7085;12
7086;21
7087;69
7088;54
7089;53
7090;9
7091;16
7092;16
7093;26
7094;53
7095;32
7096;55
7097;15
7098;10
7099;36
7100;32
7101;12
7102;77
7103;82
7104;66
7105;56
7106;59
7107;23
7108;20
7109;35
7110;45
7111;29
7112;48
7113;35
7114;16
7115;16
7116;32
7117;43
7118;3
7119;1
7120;29
7121;36
7122;14
7123;10
7124;12
7125;45
7126;7
7127;16
7128;80
7129;38
7130;3
7131;56
7132;6
7133;6
7134;84
7135;36
7136;19
7137;20
7138;47
7139;62
7140;40
7141;31
7142;2
7143;1
7144;66
7145;43
7146;67
7147;64
7148;57
7149;38
7150;47
7151;14
7152;76
7153;57
7154;93
7155;62
7156;30
7157;13
7158;18
7159;42
7160;44
7161;34
7162;42
7163;29
7164;17
7165;9
7166;82
7167;70
7168;67
7169;54
7170;48
7171;62
7172;45
7173;49
7174;46
7175;39
7176;42
7177;5
7178;0
7179;5
7180;0
7181;61
7182;73
7183;35
7184;22
7185;32
7186;71
7187;65
7188;20
7189;25
7190;43
7191;41
7192;4
7193;10
7194;43
7195;25
7196;44
7197;60
7198;41
7199;33
7200;32
7201;0
7202;1
7203;49
7204;41
7205;7
7206;13
7207;48
7208;74
7209;70
7210;82
7211;33
7212;50
7213;85
7214;75
7215;56
7216;62
7217;20
7218;58
7219;64
7220;15
7221;12
7222;47
7223;63
7224;57
7225;72
7226;43
7227;38
7228;2
7229;2
7230;50
7231;61
7232;46
7233;45
7234;9
7235;48
7236;50
7237;26
7238;68
7239;25
7240;24
7241;27
7242;6
7243;16
7244;44
7245;33
7246;0
7247;4
7248;42
7249;41
7250;11
7251;12
7252;31
7253;88
7254;41
7255;37
7256;20
7257;75
7258;81
7259;55
7260;50
7261;39
7262;33
7263;36
7264;21
7265;39
7266;28
7267;3
7268;3
7269;46
7270;30
7271;8
7272;32
7273;67
7274;48
7275;64
7276;88
7277;69
7278;58
7279;66
7280;80
7281;54
7282;51
7283;71
7284;61
7285;51
7286;82
7287;23
7288;49
7289;26
7290;13
7291;9
7292;29
7293;35
7294;15
7295;0
7296;9
7297;65
7298;32
7299;63
7300;35
7301;0
7302;5
7303;36
7304;7
7305;43
7306;46
7307;65
7308;47
7309;51
7310;61
7311;23
7312;21
7313;39
7314;57
7315;66
7316;74
7317;42
7318;49
7319;17
7320;0
7321;62
7322;50
7323;7
7324;7
7325;35
7326;33
7327;74
7328;53
7329;24
7330;26
7331;39
7332;43
7333;12
7334;14
7335;68
7336;59
7337;38
7338;54
7339;56
7340;11
7341;11
7342;37
7343;39
7344;5
7345;5
7346;22
7347;19
7348;38
7349;35
7350;40
7351;8
7352;13
7353;35
7354;29
7355;11
7356;55
7357;65
7358;64
7359;50
7360;24
7361;41
7362;9
7363;3
7364;5
7365;53
7366;55
7367;43
7368;36
7369;0
7370;5
7371;4
7372;46
7373;73
7374;51
7375;38
7376;20
7377;3
7378;38
7379;45
7380;17
7381;14
7382;17
7383;62
7384;30
7385;30
7386;7
7387;27
7388;48
7389;6
7390;13
7391;30
7392;25
7393;17
7394;37
7395;34
7396;26
7397;38
7398;7
7399;12
7400;60
7401;31
7402;49
7403;44
7404;33
7405;2
7406;7
7407;4
7408;64
7409;19
7410;53
7411;46
7412;49
7413;59
7414;76
7415;62
7416;21
7417;78
7418;37
7419;32
7420;37
7421;49
7422;17
7423;31
7424;48
7425;45
7426;0
7427;1
7428;29
7429;19
7430;6
7431;2
7432;0
7433;29
7434;33
7435;27
7436;8
7437;33
7438;46
7439;17
7440;14
7441;11
7442;69
7443;44
7444;77
7445;37
7446;33
7447;30
7448;1
7449;0
7450;6
7451;57
7452;23
7453;53
7454;51
7455;47
7456;30
7457;12
7458;7
7459;18
7460;18
7461;37
7462;33
7463;18
7464;1
7465;77
7466;29
7467;73
7468;28
7469;61
7470;11
7471;17
7472;33
7473;36
7474;70
7475;70
7476;59
7477;47
7478;37
7479;40
7480;7
7481;2
7482;93
7483;32
7484;43
7485;1
7486;8
7487;2
7488;70
7489;73
7490;70
7491;61
7492;64
7493;8
7494;12
7495;22
7496;20
7497;55
7498;28
7499;31
7500;11
7501;31
7502;71
7503;67
7504;90
7505;56
7506;34
7507;49
7508;13
7509;50
7510;73
7511;46
7512;37
7513;5
7514;8
7515;28
7516;33
7517;9
7518;17
7519;33
7520;21
7521;15
7522;3
7523;15
7524;47
7525;38
7526;42
7527;27
7528;15
7529;14
7530;53
7531;50
7532;37
7533;37
7534;33
7535;17
7536;18
7537;6
7538;1
7539;27
7540;75
7541;72
7542;45
7543;16
7544;10
7545;54
7546;62
7547;23
7548;34
7549;5
7550;2
7551;5
7552;44
7553;46
7554;9
7555;37
7556;54
7557;84
7558;90
7559;43
7560;38
7561;0
7562;32
7563;68
7564;59
7565;88
7566;39
7567;27
7568;9
7569;14
7570;69
7571;53
7572;19
7573;25
7574;37
7575;70
7576;38
7577;46
7578;69
7579;23
7580;31
7581;82
7582;39
7583;53
7584;38
7585;56
7586;61
7587;16
7588;10
7589;47
7590;51
7591;88
7592;50
7593;34
7594;24
7595;19
7596;52
7597;50
7598;56
7599;48
7600;33
7601;0
7602;13
7603;52
7604;36
7605;33
7606;73
7607;70
7608;25
7609;44
7610;33
7611;18
7612;15
7613;15
7614;26
7615;49
7616;14
7617;3
7618;63
7619;66
7620;33
7621;62
7622;11
7623;12
7624;82
7625;47
7626;30
7627;40
7628;5
7629;9
7630;1
7631;46
7632;70
7633;63
7634;20
7635;51
7636;63
7637;24
7638;37
7639;47
7640;42
7641;25
7642;37
7643;33
7644;0
7645;3
7646;88
7647;69
7648;42
7649;12
7650;7
7651;3
7652;35
7653;29
7654;1
7655;4
7656;67
7657;42
7658;30
7659;12
7660;14
7661;31
7662;41
7663;2
7664;14
7665;33
7666;46
7667;16
7668;17
7669;57
7670;28
7671;18
7672;15
7673;74
7674;66
7675;90
7676;34
7677;40
7678;13
7679;12
7680;66
7681;30
7682;65
7683;23
7684;46
7685;43
7686;36
7687;8
7688;7
7689;48
7690;68
7691;33
7692;16
7693;70
7694;76
7695;36
7696;37
7697;2
7698;3
7699;35
7700;22
7701;71
7702;36
7703;32
7704;9
7705;15
7706;93
7707;43
7708;38
7709;55
7710;62
7711;89
7712;56
7713;28
7714;64
7715;46
7716;69
7717;90
7718;66
7719;36
7720;44
7721;16
7722;42
7723;21
7724;31
7725;1
7726;5
7727;73
7728;24
7729;25
7730;72
7731;35
7732;39
7733;4
7734;33
7735;46
7736;13
7737;4
7738;60
7739;33
7740;12
7741;7
7742;42
7743;58
7744;10
7745;13
7746;29
7747;48
7748;46
7749;49
7750;55
7751;56
7752;36
7753;20
7754;38
7755;5
7756;4
7757;7
7758;57
7759;53
7760;51
7761;27
7762;42
7763;10
7764;20
7765;20
7766;47
7767;63
7768;60
7769;64
7770;72
7771;57
7772;35
7773;20
7774;65
7775;49
7776;61
7777;63
7778;49
7779;53
7780;17
7781;11
7782;8
7783;51
7784;53
7785;69
7786;59
7787;89
7788;26
7789;67
7790;37
7791;34
7792;3
7793;5
7794;64
7795;66
7796;37
7797;35
7798;10
7799;7
7800;43
7801;38
7802;23
7803;10
7804;3
7805;51
7806;58
7807;31
7808;25
7809;5
7810;12
7811;31
7812;31
7813;15
7814;8
7815;37
7816;60
7817;96
7818;63
7819;25
7820;44
7821;4
7822;2
7823;28
7824;47
7825;25
7826;31
7827;9
7828;3
7829;1
7830;56
7831;54
7832;74
7833;56
7834;75
7835;69
7836;44
7837;19
7838;46
7839;27
7840;14
7841;12
7842;70
7843;75
7844;48
7845;26
7846;48
7847;22
7848;65
7849;65
7850;28
7851;63
7852;59
7853;26
7854;53
7855;62
7856;54
7857;34
7858;59
7859;31
7860;59
7861;89
7862;70
7863;73
7864;52
7865;29
7866;76
7867;46
7868;91
7869;54
7870;18
7871;18
7872;89
7873;49
7874;32
7875;32
7876;2
7877;2
7878;5
7879;38
7880;31
7881;1
7882;5
7883;81
7884;36
7885;41
7886;35
7887;11
7888;8
7889;11
7890;61
7891;19
7892;56
7893;50
7894;62
7895;39
7896;23
7897;36
7898;71
7899;81
7900;28
7901;20
7902;2
7903;86
7904;21
7905;42
7906;33
7907;44
7908;7
7909;33
7910;56
7911;58
7912;74
7913;82
7914;48
7915;43
7916;10
7917;15
7918;10
7919;53
7920;30
7921;59
7922;17
7923;7
7924;9
7925;7
7926;44
7927;35
7928;45
7929;17
7930;12
7931;41
7932;43
7933;6
7934;40
7935;26
7936;2
7937;3
7938;45
7939;32
7940;8
7941;39
7942;38
7943;1
7944;1
7945;62
7946;39
7947;10
7948;17
7949;26
7950;46
7951;58
7952;21
7953;64
7954;74
7955;69
7956;32
7957;59
7958;36
7959;55
7960;61
7961;50
7962;7
7963;15
7964;11
7965;53
7966;31
7967;27
7968;5
7969;12
7970;65
7971;19
7972;28
7973;8
7974;17
7975;29
7976;63
7977;8
7978;10
7979;14
7980;37
7981;48
7982;51
7983;57
7984;44
7985;69
7986;90
7987;41
7988;59
7989;59
7990;7
7991;17
7992;34
7993;84
7994;20
7995;29
7996;33
7997;10
7998;3
7999;1
8000;23
8001;36
8002;66
8003;78
8004;66
8005;19
8006;81
8007;56
8008;75
8009;81
8010;44
8011;92
8012;54
8013;29
8014;33
8015;39
8016;18
8017;9
8018;62
8019;30
8020;16
8021;7
8022;12
8023;41
8024;49
8025;47
8026;60
8027;81
8028;47
8029;63
8030;32
8031;6
8032;16
8033;57
8034;77
8035;46
8036;56
8037;87
8038;62
8039;76
8040;20
8041;53
8042;51
8043;47
8044;13
8045;74
8046;47
8047;45
8048;40
8049;2
8050;12
8051;44
8052;26
8053;7
8054;15
8055;46
8056;32
8057;6
8058;5
8059;27
8060;39
8061;4
8062;3
8063;55
8064;74
8065;22
8066;39
8067;0
8068;15
8069;73
8070;60
8071;55
8072;77
8073;34
8074;62
8075;30
8076;15
8077;10
8078;15
8079;49
8080;52
8081;46
8082;25
8083;19
8084;32
8085;45
8086;22
8087;60
8088;46
8089;64
8090;38
8091;56
8092;13
8093;9
8094;33
8095;33
8096;0
8097;7
8098;31
8099;45
8100;3
8101;63
8102;56
8103;43
8104;9
8105;10
8106;28
8107;40
8108;41
8109;38
8110;14
8111;4
8112;1
8113;29
8114;27
8115;18
8116;4
8117;4
8118;75
8119;44
8120;25
8121;2
8122;7
8123;32
8124;20
8125;6
8126;14
8127;4
8128;60
8129;52
8130;64
8131;38
8132;64
8133;83
8134;33
8135;7
8136;8
8137;31
8138;60
8139;45
8140;54
8141;47
8142;28
8143;1
8144;5
8145;31
8146;29
8147;12
8148;6
8149;56
8150;19
8151;75
8152;57
8153;38
8154;20
8155;1
8156;10
8157;4
8158;24
8159;84
8160;22
8161;25
8162;33
8163;46
8164;30
8165;5
8166;4
8167;5
8168;74
8169;32
8170;46
8171;36
8172;17
8173;42
8174;19
8175;62
8176;45
8177;60
8178;35
8179;35
8180;57
8181;46
8182;95
8183;45
8184;27
8185;11
8186;10
8187;30
8188;25
8189;11
8190;0
8191;19
8192;88
8193;19
8194;40
8195;17
8196;49
8197;47
8198;13
8199;8
8200;8
8201;66
8202;41
8203;10
8204;90
8205;54
8206;37
8207;53
8208;15
8209;13
8210;67
8211;85
8212;30
8213;34
8214;34
8215;30
8216;2
8217;9
8218;47
8219;39
8220;15
8221;18
8222;53
8223;47
8224;67
8225;23
8226;43
8227;22
8228;37
8229;42
8230;30
8231;12
8232;89
8233;69
8234;38
8235;31
8236;3
8237;1
8238;34
8239;43
8240;1
8241;19
8242;37
8243;13
8244;16
8245;25
8246;53
8247;40
8248;61
8249;32
8250;19
8251;80
8252;84
8253;40
8254;46
8255;45
8256;25
8257;5
8258;12
8259;45
8260;29
8261;16
8262;2
8263;33
8264;56
8265;40
8266;49
8267;33
8268;2
8269;27
8270;32
8271;20
8272;32
8273;47
8274;44
8275;13
8276;7
8277;40
8278;33
8279;6
8280;13
8281;67
8282;26
8283;60
8284;56
8285;35
8286;30
8287;6
8288;0
8289;7
8290;35
8291;30
8292;0
8293;8
8294;62
8295;39
8296;10
8297;22
8298;37
8299;6
8300;0
8301;66
8302;23
8303;51
8304;49
8305;37
8306;51
8307;46
8308;75
8309;66
8310;52
8311;9
8312;29
8313;33
8314;10
8315;12
8316;47
8317;68
8318;30
8319;30
8320;65
8321;47
8322;55
8323;69
8324;74
8325;44
8326;22
8327;62
8328;27
8329;39
8330;3
8331;9
8332;53
8333;6
8334;60
8335;20
8336;46
8337;26
8338;83
8339;74
8340;46
8341;75
8342;60
8343;56
8344;17
8345;15
8346;62
8347;52
8348;47
8349;36
8350;36
8351;2
8352;0
8353;58
8354;54
8355;15
8356;7
8357;22
8358;38
8359;2
8360;2
8361;62
8362;34
8363;14
8364;15
8365;25
8366;52
8367;47
8368;50
8369;18
8370;17
8371;24
8372;58
8373;60
8374;58
8375;46
8376;41
8377;33
8378;37
8379;11
8380;34
8381;1
8382;25
8383;46
8384;60
8385;15
8386;12
8387;8
8388;15
8389;36
8390;44
8391;12
8392;11
8393;12
8394;73
8395;51
8396;32
8397;42
8398;39
8399;43
8400;8
8401;7
8402;63
8403;59
8404;26
8405;66
8406;66
8407;69
8408;74
8409;34
8410;44
8411;5
8412;54
8413;64
8414;53
8415;69
8416;37
8417;22
8418;40
8419;36
8420;10
8421;14
8422;50
8423;59
8424;49
8425;34
8426;58
8427;16
8428;6
8429;84
8430;82
8431;57
8432;43
8433;42
8434;1
8435;3
8436;1
8437;24
8438;78
8439;62
8440;46
8441;73
8442;35
8443;9
8444;5
8445;36
8446;31
8447;14
8448;35
8449;24
8450;14
8451;3
8452;70
8453;49
8454;45
8455;60
8456;44
8457;11
8458;62
8459;19
8460;54
8461;80
8462;53
8463;86
8464;46
8465;43
8466;39
8467;26
8468;4
8469;9
8470;51
8471;24
8472;36
8473;45
8474;8
8475;41
8476;12
8477;55
8478;71
8479;27
8480;45
8481;15
8482;14
8483;35
8484;32
8485;13
8486;7
8487;33
8488;41
8489;17
8490;6
8491;67
8492;28
8493;38
8494;1
8495;9
8496;14
8497;48
8498;25
8499;40
8500;50
8501;8
8502;14
8503;66
8504;72
8505;63
8506;10
8507;11
8508;54
8509;52
8510;35
8511;39
8512;46
8513;1
8514;13
8515;46
8516;59
8517;66
8518;41
8519;65
8520;52
8521;57
8522;50
8523;35
8524;49
8525;13
8526;16
8527;6
8528;58
8529;87
8530;43
8531;68
8532;66
8533;59
8534;36
8535;3
8536;38
8537;43
8538;9
8539;2
8540;29
8541;70
8542;59
8543;29
8544;33
8545;26
8546;19
8547;22
8548;21
8549;15
8550;46
8551;64
8552;32
8553;11
8554;7
8555;66
8556;51
8557;30
8558;38
8559;8
8560;1
8561;33
8562;42
8563;12
8564;16
8565;7
8566;39
8567;38
8568;36
8569;12
8570;93
8571;24
8572;52
8573;21
8574;22
8575;68
8576;46
8577;65
8578;67
8579;39
8580;79
8581;67
8582;91
8583;83
8584;89
8585;88
8586;100
8587;94
8588;101
8589;98
8590;85
8591;76
8592;85
8593;96
8594;89
8595;81
8596;77
8597;93
8598;69
8599;81
8600;67
8601;86
8602;88
8603;95
8604;88
8605;91
8606;87
8607;103
8608;89
8609;87
8610;88
8611;78
8612;86
8613;90
8614;94
8615;104
8616;80
8617;73
8618;93
8619;85
8620;95
8621;90
8622;86
8623;85
8624;99
8625;70
8626;79
8627;97
8628;70
8629;88
8630;79
8631;85
8632;92
8633;104
8634;104
8635;85
8636;101
8637;78
8638;91
8639;87
8640;94
8641;78
8642;86
8643;73
8644;85
8645;94
8646;89
8647;96
8648;95
8649;71
8650;87
8651;90
8652;83
8653;81
8654;93
8655;104
8656;90
8657;83
8658;86
8659;85
8660;85
8661;86
8662;88
8663;91
8664;88
8665;90
8666;82
8667;88
8668;101
8669;85
8670;70
8671;89
8672;95
8673;85
8674;88
8675;91
8676;87
8677;81
8678;72
8679;89
8680;72
8681;86
8682;82
8683;77
8684;80
8685;85
8686;87
8687;95
8688;96
