1;50
2;60
3;72
4;71
5;48
6;39
7;7
8;15
9;35
10;30
11;41
12;21
13;68
14;31
15;45
16;11
17;11
18;5
19;0
20;21
21;40
22;11
23;1
24;3
25;40
26;21
27;24
28;37
29;34
30;12
31;56
32;51
33;37
34;66
35;58
36;69
37;62
38;53
39;52
40;41
41;43
42;15
43;17
44;58
45;30
46;49
47;26
48;1
49;9
50;43
51;32
52;13
53;3
54;31
55;68
56;50
57;21
58;53
59;38
60;69
61;71
62;32
63;39
64;5
65;9
66;2
67;1
68;23
69;67
70;67
71;34
72;14
73;14
74;71
75;59
76;41
77;26
78;10
79;5
80;87
81;55
82;33
83;35
84;10
85;6
86;67
87;56
88;40
89;35
90;13
91;16
92;43
93;54
94;57
95;10
96;14
97;7
98;84
99;46
100;29
101;23
102;40
103;1
104;2
105;13
106;96
107;67
108;24
109;31
110;1
111;5
112;63
113;67
114;58
115;18
116;24
117;90
118;59
119;57
120;36
121;43
122;49
123;8
124;14
125;8
126;48
127;35
128;49
129;15
130;13
131;72
132;58
133;59
134;36
135;31
136;26
137;27
138;42
139;8
140;7
141;48
142;61
143;90
144;42
145;34
146;31
147;3
148;7
149;79
150;75
151;59
152;48
153;43
154;3
155;2
156;29
157;20
158;18
159;48
160;40
161;57
162;63
163;53
164;34
165;52
166;40
167;55
168;52
169;59
170;42
171;57
172;61
173;53
174;35
175;22
176;20
177;45
178;30
179;7
180;0
181;4
182;73
183;76
184;54
185;28
186;20
187;37
188;29
189;2
190;8
191;44
192;35
193;43
194;5
195;3
196;2
197;27
198;31
199;17
200;7
201;37
202;74
203;62
204;65
205;56
206;31
207;9
208;9
209;63
210;44
211;9
212;9
213;75
214;55
215;61
216;54
217;44
218;43
219;10
220;50
221;60
222;46
223;34
224;47
225;29
226;11
227;14
228;8
229;67
230;19
231;24
232;56
233;38
234;12
235;15
236;80
237;61
238;52
239;48
240;75
241;71
242;44
243;33
244;59
245;89
246;49
247;60
248;54
249;10
250;11
251;55
252;31
253;14
254;6
255;52
256;28
257;16
258;13
259;17
260;63
261;32
262;27
263;15
264;11
265;50
266;19
267;62
268;40
269;50
270;15
271;56
272;78
273;40
274;28
275;3
276;1
277;83
278;30
279;27
280;10
281;64
282;42
283;8
284;8
285;29
286;65
287;37
288;21
289;33
290;28
291;4
292;4
293;53
294;66
295;23
296;73
297;60
298;49
299;51
300;62
301;52
302;19
303;59
304;56
305;61
306;24
307;31
308;55
309;51
310;66
311;55
312;75
313;49
314;61
315;59
316;11
317;13
318;44
319;84
320;71
321;23
322;67
323;65
324;41
325;45
326;8
327;18
328;49
329;37
330;57
331;7
332;13
333;24
334;52
335;54
336;55
337;75
338;60
339;47
340;45
341;52
342;52
343;74
344;25
345;50
346;48
347;54
348;26
349;38
350;49
351;5
352;2
353;44
354;38
355;34
356;0
357;9
358;70
359;52
360;71
361;26
362;52
363;92
364;39
365;70
366;79
367;37
368;39
369;32
370;3
371;1
372;50
373;26
374;80
375;67
376;21
377;74
378;52
379;55
380;68
381;44
382;33
383;0
384;51
385;57
386;24
387;59
388;55
389;55
390;78
391;27
392;39
393;6
394;3
395;54
396;88
397;68
398;56
399;46
400;51
401;20
402;69
403;67
404;65
405;81
406;19
407;31
408;12
409;8
410;0
411;54
412;40
413;36
414;36
415;49
416;11
417;9
418;61
419;52
420;75
421;34
422;23
423;63
424;49
425;16
426;6
427;58
428;53
429;24
430;19
431;16
432;1
433;51
434;52
435;39
436;22
437;51
438;50
439;59
440;66
441;39
442;19
443;57
444;66
445;87
446;58
447;35
448;77
449;58
450;32
451;74
452;49
453;52
454;42
455;30
456;5
457;0
458;79
459;71
460;45
461;28
462;5
463;58
464;57
465;48
466;75
467;21
468;61
469;50
470;54
471;12
472;7
473;12
474;70
475;60
476;88
477;79
478;35
479;30
480;44
481;43
482;13
483;12
484;75
485;51
486;58
487;53
488;54
489;46
490;28
491;34
492;76
493;46
494;69
495;22
496;52
497;51
498;57
499;56
500;38
501;54
502;96
503;55
504;53
505;33
506;8
507;10
508;55
509;52
510;58
511;61
512;42
513;9
514;21
515;39
516;44
517;0
518;44
519;32
520;40
521;5
522;7
523;39
524;34
525;8
526;11
527;67
528;75
529;40
530;21
531;28
532;64
533;20
534;66
535;54
536;26
537;81
538;29
539;34
540;57
541;77
542;75
543;56
544;54
545;28
546;25
547;19
548;43
549;4
550;10
551;1
552;59
553;31
554;66
555;29
556;53
557;34
558;13
559;15
560;6
561;58
562;55
563;49
564;17
565;75
566;32
567;66
568;71
569;58
570;70
571;78
572;35
573;40
574;4
575;27
576;43
577;5
578;14
579;75
580;34
581;2
582;2
583;44
584;54
585;6
586;8
587;60
588;20
589;90
590;52
591;78
592;24
593;45
594;34
595;13
596;1
597;17
598;61
599;38
600;11
601;16
602;38
603;2
604;52
605;48
606;45
607;32
608;70
609;42
610;48
611;85
612;20
613;61
614;45
615;51
616;69
617;46
618;62
619;13
620;68
621;45
622;69
623;75
624;58
625;48
626;50
627;56
628;50
629;70
630;67
631;45
632;46
633;19
634;47
635;69
636;28
637;45
638;6
639;17
640;45
641;36
642;16
643;57
644;38
645;39
646;17
647;8
648;49
649;53
650;12
651;10
652;90
653;58
654;47
655;10
656;65
657;59
658;76
659;40
660;9
661;20
662;21
663;83
664;58
665;52
666;58
667;34
668;47
669;57
670;52
671;55
672;54
673;63
674;57
675;32
676;40
677;9
678;9
679;59
680;31
681;9
682;35
683;26
684;63
685;52
686;36
687;82
688;49
689;77
690;64
691;25
692;66
693;49
694;46
695;9
696;17
697;60
698;43
699;12
700;20
701;59
702;20
703;89
704;79
705;27
706;31
707;74
708;59
709;53
710;58
711;52
712;33
713;44
714;4
715;83
716;48
717;56
718;63
719;16
720;16
721;11
722;52
723;66
724;53
725;39
726;54
727;20
728;22
729;42
730;3
731;14
732;90
733;58
734;50
735;6
736;35
737;71
738;61
739;31
740;46
741;75
742;46
743;52
744;47
745;43
746;52
747;39
748;10
749;59
750;65
751;86
752;59
753;34
754;49
755;4
756;4
757;28
758;72
759;54
760;90
761;60
762;43
763;60
764;6
765;15
766;36
767;12
768;91
769;24
770;39
771;73
772;53
773;27
774;33
775;16
776;6
777;15
778;33
779;49
780;91
781;65
782;89
783;33
784;69
785;66
786;19
787;25
788;53
789;46
790;38
791;10
792;0
793;56
794;40
795;56
796;16
797;6
798;61
799;46
800;17
801;15
802;27
803;7
804;41
805;34
806;23
807;58
808;67
809;51
810;34
811;44
812;11
813;5
814;3
815;54
816;37
817;52
818;51
819;37
820;42
821;66
822;62
823;59
824;74
825;22
826;58
827;21
828;27
829;65
830;56
831;58
832;64
833;22
834;28
835;42
836;1
837;15
838;67
839;19
840;65
841;67
842;81
843;50
844;76
845;63
846;20
847;21
848;0
849;1
850;17
851;42
852;57
853;8
854;15
855;12
856;9
857;44
858;45
859;9
860;0
861;33
862;47
863;47
864;53
865;59
866;80
867;62
868;65
869;81
870;55
871;46
872;67
873;52
874;48
875;33
876;1
877;1
878;45
879;25
880;46
881;52
882;83
883;30
884;9
885;48
886;69
887;72
888;49
889;41
890;15
891;36
892;29
893;46
894;50
895;47
896;62
897;51
898;78
899;53
900;25
901;86
902;22
903;60
904;50
905;19
906;69
907;68
908;43
909;74
910;74
911;38
912;57
913;7
914;24
915;46
916;23
917;27
918;54
919;46
920;60
921;57
922;57
923;7
924;9
925;51
926;62
927;20
928;54
929;64
930;15
931;17
932;15
933;38
934;44
935;8
936;12
937;56
938;74
939;20
940;63
941;21
942;81
943;74
944;38
945;61
946;67
947;52
948;49
949;31
950;11
951;15
952;14
953;8
954;50
955;76
956;24
957;49
958;2
959;2
960;33
961;28
962;40
963;16
964;6
965;18
966;44
967;50
968;22
969;46
970;57
971;28
972;50
973;51
974;8
975;12
976;62
977;57
978;49
979;34
980;44
981;9
982;77
983;58
984;39
985;39
986;9
987;15
988;43
989;11
990;3
991;72
992;30
993;9
994;59
995;53
996;54
997;37
998;17
999;6
1000;57
1001;82
1002;59
1003;39
1004;28
1005;71
1006;29
1007;45
1008;6
1009;17
1010;40
1011;44
1012;16
1013;6
1014;58
1015;75
1016;52
1017;35
1018;31
1019;20
1020;30
1021;78
1022;80
1023;96
1024;82
1025;19
1026;56
1027;31
1028;38
1029;60
1030;54
1031;79
1032;43
1033;24
1034;5
1035;17
1036;75
1037;61
1038;28
1039;51
1040;70
1041;47
1042;81
1043;25
1044;19
1045;35
1046;93
1047;53
1048;67
1049;22
1050;23
1051;43
1052;27
1053;17
1054;15
1055;67
1056;73
1057;67
1058;77
1059;51
1060;51
1061;81
1062;45
1063;64
1064;12
1065;16
1066;55
1067;23
1068;61
1069;59
1070;13
1071;10
1072;44
1073;35
1074;7
1075;16
1076;62
1077;12
1078;15
1079;54
1080;36
1081;12
1082;7
1083;6
1084;9
1085;50
1086;67
1087;51
1088;19
1089;53
1090;40
1091;17
1092;16
1093;41
1094;80
1095;51
1096;94
1097;62
1098;86
1099;21
1100;49
1101;76
1102;86
1103;52
1104;76
1105;96
1106;88
1107;55
1108;51
1109;51
1110;87
1111;71
1112;40
1113;13
1114;62
1115;62
1116;68
1117;69
1118;71
1119;77
1120;25
1121;38
1122;49
1123;15
1124;17
1125;32
1126;44
1127;1
1128;9
1129;72
1130;44
1131;36
1132;7
1133;10
1134;43
1135;23
1136;88
1137;81
1138;80
1139;79
1140;65
1141;26
1142;19
1143;11
1144;13
1145;18
1146;65
1147;62
1148;79
1149;43
1150;33
1151;9
1152;65
1153;57
1154;37
1155;44
1156;53
1157;20
1158;26
1159;71
1160;38
1161;17
1162;13
1163;28
1164;74
1165;35
1166;62
1167;30
1168;63
1169;41
1170;94
1171;36
1172;42
1173;22
1174;1
1175;3
1176;12
1177;8
1178;27
1179;74
1180;76
1181;91
1182;62
1183;41
1184;41
1185;9
1186;5
1187;16
1188;45
1189;7
1190;34
1191;32
1192;12
1193;3
1194;79
1195;19
1196;56
1197;56
1198;29
1199;13
1200;9
1201;45
1202;59
1203;15
1204;14
1205;8
1206;64
1207;54
1208;14
1209;34
1210;20
1211;1
1212;67
1213;71
1214;75
1215;37
1216;29
1217;0
1218;2
1219;64
1220;54
1221;54
1222;32
1223;56
1224;12
1225;44
1226;36
1227;18
1228;14
1229;13
1230;40
1231;8
1232;2
1233;2
1234;53
1235;73
1236;69
1237;40
1238;30
1239;65
1240;40
1241;55
1242;32
1243;62
1244;16
1245;16
1246;60
1247;49
1248;17
1249;14
1250;30
1251;76
1252;32
1253;53
1254;14
1255;36
1256;39
1257;19
1258;12
1259;5
1260;61
1261;45
1262;42
1263;11
1264;7
1265;11
1266;14
1267;62
1268;32
1269;13
1270;16
1271;29
1272;76
1273;82
1274;43
1275;20
1276;22
1277;50
1278;36
1279;8
1280;71
1281;23
1282;31
1283;29
1284;25
1285;20
1286;85
1287;80
1288;51
1289;42
1290;18
1291;11
1292;46
1293;34
1294;52
1295;50
1296;49
1297;17
1298;50
1299;60
1300;79
1301;86
1302;24
1303;25
1304;30
1305;54
1306;66
1307;72
1308;71
1309;51
1310;64
1311;20
1312;40
1313;11
1314;7
1315;28
1316;34
1317;6
1318;9
1319;50
1320;37
1321;66
1322;30
1323;19
1324;6
1325;4
1326;33
1327;45
1328;19
1329;79
1330;46
1331;70
1332;66
1333;34
1334;31
1335;17
1336;25
1337;49
1338;85
1339;43
1340;44
1341;6
1342;5
1343;36
1344;39
1345;11
1346;16
1347;17
1348;68
1349;51
1350;32
1351;75
1352;55
1353;10
1354;48
1355;77
1356;56
1357;65
1358;55
1359;32
1360;59
1361;42
1362;52
1363;15
1364;6
1365;8
1366;7
1367;19
1368;31
1369;47
1370;43
1371;16
1372;10
1373;4
1374;56
1375;43
1376;12
1377;12
1378;55
1379;73
1380;59
1381;21
1382;34
1383;32
1384;8
1385;33
1386;43
1387;10
1388;11
1389;7
1390;19
1391;26
1392;43
1393;15
1394;44
1395;45
1396;14
1397;61
1398;7
1399;82
1400;55
1401;35
1402;22
1403;55
1404;26
1405;17
1406;12
1407;25
1408;39
1409;12
1410;13
1411;12
1412;39
1413;40
1414;6
1415;7
1416;38
1417;28
1418;6
1419;60
1420;81
1421;51
1422;63
1423;42
1424;58
1425;53
1426;41
1427;28
1428;1
1429;0
1430;3
1431;52
1432;49
1433;31
1434;14
1435;11
1436;60
1437;71
1438;19
1439;62
1440;22
1441;63
1442;64
1443;37
1444;10
1445;7
1446;18
1447;12
1448;36
1449;73
1450;57
1451;73
1452;51
1453;28
1454;7
1455;18
1456;64
1457;47
1458;50
1459;54
1460;48
1461;29
1462;11
1463;73
1464;45
1465;56
1466;63
1467;35
1468;32
1469;34
1470;13
1471;22
1472;24
1473;5
1474;2
1475;53
1476;43
1477;50
1478;18
1479;80
1480;73
1481;22
1482;21
1483;46
1484;22
1485;25
1486;69
1487;66
1488;34
1489;54
1490;50
1491;33
1492;76
1493;43
1494;49
1495;8
1496;12
1497;31
1498;37
1499;18
1500;4
1501;87
1502;54
1503;18
1504;10
1505;68
1506;49
1507;32
1508;30
1509;9
1510;18
1511;15
1512;25
1513;57
1514;46
1515;87
1516;52
1517;59
1518;25
1519;68
1520;40
1521;64
1522;46
1523;50
1524;21
1525;67
1526;22
1527;23
1528;71
1529;46
1530;54
1531;15
1532;18
1533;54
1534;33
1535;20
1536;73
1537;40
1538;20
1539;39
1540;30
1541;15
1542;26
1543;18
1544;59
1545;65
1546;58
1547;48
1548;81
1549;58
1550;30
1551;46
1552;67
1553;88
1554;71
1555;39
1556;78
1557;58
1558;34
1559;28
1560;59
1561;27
1562;44
1563;40
1564;16
1565;18
1566;45
1567;34
1568;6
1569;18
1570;80
1571;66
1572;48
1573;84
1574;46
1575;56
1576;50
1577;17
1578;16
1579;52
1580;78
1581;20
1582;52
1583;47
1584;51
1585;77
1586;54
1587;41
1588;41
1589;12
1590;51
1591;43
1592;6
1593;9
1594;62
1595;68
1596;69
1597;24
1598;81
1599;81
1600;56
1601;34
1602;27
1603;14
1604;6
1605;63
1606;78
1607;36
1608;36
1609;1
1610;37
1611;49
1612;54
1613;53
1614;74
1615;55
1616;72
1617;24
1618;45
1619;44
1620;1
1621;2
1622;3
1623;64
1624;49
1625;61
1626;66
1627;61
1628;67
1629;35
1630;9
1631;9
1632;17
1633;74
1634;42
1635;34
1636;16
1637;15
1638;34
1639;18
1640;73
1641;83
1642;74
1643;40
1644;66
1645;85
1646;40
1647;45
1648;5
1649;3
1650;34
1651;35
1652;0
1653;3
1654;22
1655;74
1656;29
1657;39
1658;17
1659;9
1660;27
1661;32
1662;1
1663;11
1664;1
1665;5
1666;57
1667;60
1668;55
1669;40
1670;22
1671;51
1672;47
1673;46
1674;67
1675;51
1676;55
1677;45
1678;45
1679;17
1680;16
1681;22
1682;77
1683;21
1684;39
1685;61
1686;25
1687;44
1688;84
1689;41
1690;31
1691;11
1692;11
1693;42
1694;43
1695;43
1696;8
1697;11
1698;8
1699;12
1700;32
1701;3
1702;27
1703;46
1704;52
1705;67
1706;80
1707;58
1708;49
1709;36
1710;78
1711;59
1712;43
1713;39
1714;5
1715;71
1716;66
1717;34
1718;45
1719;18
1720;37
1721;63
1722;17
1723;71
1724;52
1725;48
1726;37
1727;10
1728;1
1729;3
1730;18
1731;51
1732;35
1733;39
1734;68
1735;65
1736;24
1737;84
1738;95
1739;62
1740;70
1741;96
1742;78
1743;58
1744;65
1745;31
1746;44
1747;46
1748;31
1749;66
1750;62
1751;35
1752;69
1753;45
1754;32
1755;67
1756;49
1757;47
1758;22
1759;20
1760;44
1761;23
1762;22
1763;57
1764;58
1765;12
1766;6
1767;60
1768;77
1769;56
1770;86
1771;54
1772;77
1773;22
1774;45
1775;39
1776;47
1777;11
1778;8
1779;61
1780;55
1781;25
1782;36
1783;17
1784;7
1785;9
1786;21
1787;81
1788;73
1789;94
1790;35
1791;56
1792;58
1793;68
1794;42
1795;39
1796;10
1797;10
1798;13
1799;14
1800;93
1801;69
1802;29
1803;72
1804;49
1805;72
1806;72
1807;76
1808;70
1809;56
1810;75
1811;53
1812;15
1813;31
1814;67
1815;57
1816;38
1817;7
1818;49
1819;43
1820;9
1821;11
1822;15
1823;51
1824;63
1825;96
1826;31
1827;30
1828;35
1829;15
1830;4
1831;44
1832;27
1833;63
1834;7
1835;10
1836;55
1837;22
1838;64
1839;20
1840;83
1841;46
1842;13
1843;9
1844;73
1845;86
1846;55
1847;67
1848;76
1849;63
1850;71
1851;41
1852;57
1853;8
1854;9
1855;44
1856;43
1857;19
1858;4
1859;12
1860;51
1861;48
1862;39
1863;51
1864;10
1865;51
1866;77
1867;84
1868;53
1869;46
1870;57
1871;84
1872;51
1873;50
1874;53
1875;69
1876;86
1877;53
1878;70
1879;33
1880;49
1881;68
1882;67
1883;57
1884;58
1885;66
1886;69
1887;66
1888;52
1889;49
1890;49
1891;23
1892;21
1893;46
1894;33
1895;7
1896;19
1897;25
1898;70
1899;47
1900;64
1901;68
1902;84
1903;40
1904;49
1905;15
1906;10
1907;70
1908;56
1909;35
1910;44
1911;4
1912;4
1913;11
1914;33
1915;54
1916;17
1917;9
1918;27
1919;70
1920;57
1921;88
1922;42
1923;46
1924;17
1925;14
1926;14
1927;13
1928;54
1929;28
1930;27
1931;4
1932;1
1933;46
1934;33
1935;43
1936;43
1937;71
1938;28
1939;63
1940;18
1941;13
1942;43
1943;10
1944;2
1945;19
1946;65
1947;60
1948;40
1949;8
1950;41
1951;36
1952;9
1953;5
1954;30
1955;19
1956;74
1957;58
1958;29
1959;49
1960;62
1961;41
1962;14
1963;64
1964;50
1965;56
1966;38
1967;50
1968;56
1969;67
1970;87
1971;69
1972;26
1973;46
1974;38
1975;47
1976;7
1977;10
1978;37
1979;21
1980;45
1981;35
1982;15
1983;14
1984;13
1985;23
1986;39
1987;87
1988;71
1989;19
1990;78
1991;73
1992;57
1993;46
1994;57
1995;55
1996;28
1997;39
1998;17
1999;6
2000;4
2001;18
2002;3
2003;31
2004;36
2005;5
2006;1
2007;0
2008;42
2009;9
2010;59
2011;60
2012;35
2013;48
2014;46
2015;24
2016;25
2017;1
2018;6
2019;66
2020;87
2021;69
2022;66
2023;66
2024;54
2025;70
2026;55
2027;32
2028;58
2029;36
2030;25
2031;1
2032;18
2033;47
2034;45
2035;5
2036;3
2037;71
2038;78
2039;43
2040;65
2041;80
2042;59
2043;32
2044;49
2045;48
2046;43
2047;15
2048;8
2049;55
2050;56
2051;62
2052;40
2053;57
2054;9
2055;17
2056;17
2057;30
2058;43
2059;27
2060;11
2061;6
2062;76
2063;25
2064;64
2065;61
2066;68
2067;44
2068;23
2069;31
2070;4
2071;53
2072;17
2073;10
2074;48
2075;89
2076;27
2077;49
2078;0
2079;18
2080;60
2081;92
2082;38
2083;25
2084;16
2085;9
2086;53
2087;9
2088;66
2089;50
2090;54
2091;89
2092;55
2093;83
2094;86
2095;63
2096;31
2097;30
2098;68
2099;38
2100;36
2101;39
2102;1
2103;11
2104;19
2105;19
2106;33
2107;86
2108;43
2109;42
2110;8
2111;60
2112;58
2113;68
2114;38
2115;27
2116;10
2117;17
2118;32
2119;22
2120;53
2121;58
2122;55
2123;55
2124;46
2125;8
2126;8
2127;72
2128;47
2129;47
2130;18
2131;15
2132;24
2133;46
2134;7
2135;25
2136;52
2137;66
2138;26
2139;52
2140;64
2141;64
2142;66
2143;51
2144;95
2145;65
2146;52
2147;45
2148;57
2149;23
2150;20
2151;77
2152;22
2153;33
2154;5
2155;13
2156;4
2157;1
2158;19
2159;89
2160;27
2161;19
2162;49
2163;2
2164;37
2165;59
2166;45
2167;30
2168;71
2169;32
2170;54
2171;47
2172;27
2173;37
2174;15
2175;7
2176;51
2177;20
2178;40
2179;29
2180;10
2181;53
2182;57
2183;27
2184;6
2185;90
2186;38
2187;43
2188;2
2189;4
2190;50
2191;54
2192;74
2193;42
2194;31
2195;80
2196;50
2197;62
2198;17
2199;12
2200;91
2201;55
2202;45
2203;39
2204;27
2205;4
2206;3
2207;60
2208;65
2209;53
2210;45
2211;51
2212;59
2213;39
2214;86
2215;56
2216;43
2217;12
2218;74
2219;26
2220;21
2221;38
2222;29
2223;72
2224;51
2225;29
2226;22
2227;64
2228;72
2229;70
2230;55
2231;54
2232;54
2233;60
2234;59
2235;57
2236;86
2237;36
2238;54
2239;62
2240;28
2241;46
2242;16
2243;10
2244;13
2245;8
2246;29
2247;46
2248;32
2249;2
2250;73
2251;52
2252;95
2253;62
2254;27
2255;40
2256;17
2257;9
2258;30
2259;56
2260;18
2261;10
2262;9
2263;23
2264;24
2265;1
2266;2
2267;67
2268;51
2269;97
2270;42
2271;47
2272;48
2273;63
2274;18
2275;16
2276;39
2277;52
2278;7
2279;6
2280;14
2281;47
2282;45
2283;16
2284;5
2285;52
2286;50
2287;75
2288;46
2289;48
2290;9
2291;7
2292;60
2293;45
2294;36
2295;4
2296;1
2297;59
2298;56
2299;26
2300;51
2301;44
2302;44
2303;17
2304;14
2305;37
2306;74
2307;27
2308;27
2309;45
2310;37
2311;2
2312;50
2313;70
2314;53
2315;66
2316;44
2317;38
2318;38
2319;0
2320;18
2321;37
2322;35
2323;44
2324;1
2325;0
2326;58
2327;54
2328;49
2329;60
2330;36
2331;83
2332;29
2333;61
2334;57
2335;79
2336;63
2337;24
2338;32
2339;68
2340;64
2341;57
2342;59
2343;30
2344;44
2345;58
2346;18
2347;9
2348;49
2349;29
2350;27
2351;9
2352;54
2353;38
2354;13
2355;70
2356;69
2357;66
2358;27
2359;42
2360;8
2361;6
2362;21
2363;19
2364;29
2365;42
2366;22
2367;37
2368;58
2369;55
2370;18
2371;49
2372;52
2373;15
2374;13
2375;40
2376;57
2377;47
2378;41
2379;47
2380;3
2381;5
2382;20
2383;40
2384;4
2385;2
2386;59
2387;56
2388;16
2389;12
2390;64
2391;64
2392;44
2393;43
2394;37
2395;6
2396;39
2397;48
2398;27
2399;6
2400;30
2401;67
2402;66
2403;46
2404;51
2405;12
2406;42
2407;54
2408;76
2409;34
2410;18
2411;24
2412;37
2413;25
2414;26
2415;21
2416;46
2417;20
2418;22
2419;40
2420;27
2421;16
2422;14
2423;13
2424;40
2425;39
2426;17
2427;58
2428;54
2429;65
2430;83
2431;57
2432;30
2433;31
2434;4
2435;3
2436;61
2437;35
2438;38
2439;11
2440;15
2441;44
2442;33
2443;1
2444;5
2445;29
2446;56
2447;59
2448;41
2449;18
2450;13
2451;58
2452;30
2453;85
2454;48
2455;51
2456;55
2457;51
2458;79
2459;58
2460;49
2461;47
2462;17
2463;10
2464;18
2465;7
2466;32
2467;73
2468;87
2469;68
2470;57
2471;61
2472;59
2473;54
2474;70
2475;19
2476;92
2477;72
2478;72
2479;63
2480;41
2481;23
2482;19
2483;26
2484;1
2485;53
2486;58
2487;75
2488;63
2489;57
2490;21
2491;34
2492;73
2493;24
2494;48
2495;53
2496;11
2497;16
2498;19
2499;60
2500;30
2501;49
2502;29
2503;3
2504;8
2505;45
2506;50
2507;72
2508;47
2509;55
2510;41
2511;26
2512;19
2513;42
2514;39
2515;6
2516;11
2517;33
2518;67
2519;60
2520;62
2521;28
2522;15
2523;33
2524;36
2525;4
2526;14
2527;36
2528;45
2529;74
2530;37
2531;29
2532;43
2533;52
2534;71
2535;21
2536;49
2537;28
2538;24
2539;56
2540;72
2541;58
2542;64
2543;50
2544;27
2545;46
2546;27
2547;2
2548;31
2549;94
2550;28
2551;30
2552;46
2553;12
2554;6
2555;34
2556;30
2557;1
2558;1
2559;57
2560;27
2561;18
2562;53
2563;54
2564;51
2565;47
2566;71
2567;68
2568;37
2569;56
2570;14
2571;17
2572;49
2573;49
2574;13
2575;11
2576;79
2577;31
2578;31
2579;54
2580;59
2581;26
2582;92
2583;48
2584;29
2585;33
2586;4
2587;17
2588;5
2589;20
2590;29
2591;46
2592;30
2593;9
2594;16
2595;66
2596;83
2597;26
2598;41
2599;36
2600;36
2601;56
2602;7
2603;15
2604;7
2605;53
2606;43
2607;43
2608;6
2609;16
2610;73
2611;57
2612;49
2613;59
2614;49
2615;71
2616;25
2617;40
2618;15
2619;16
2620;2
2621;34
2622;60
2623;52
2624;73
2625;52
2626;37
2627;8
2628;18
2629;16
2630;84
2631;21
2632;74
2633;61
2634;64
2635;61
2636;46
2637;60
2638;51
2639;16
2640;15
2641;43
2642;35
2643;3
2644;4
2645;4
2646;36
2647;75
2648;40
2649;69
2650;42
2651;54
2652;7
2653;15
2654;17
2655;14
2656;43
2657;39
2658;6
2659;91
2660;74
2661;75
2662;23
2663;53
2664;85
2665;76
2666;44
2667;26
2668;6
2669;34
2670;59
2671;33
2672;53
2673;18
2674;64
2675;27
2676;29
2677;31
2678;14
2679;42
2680;45
2681;18
2682;6
2683;59
2684;31
2685;19
2686;10
2687;5
2688;72
2689;64
2690;59
2691;49
2692;34
2693;0
2694;3
2695;2
2696;64
2697;37
2698;78
2699;56
2700;67
2701;58
2702;83
2703;41
2704;21
2705;6
2706;5
2707;43
2708;32
2709;12
2710;4
2711;38
2712;38
2713;14
2714;8
2715;60
2716;63
2717;33
2718;73
2719;72
2720;36
2721;47
2722;58
2723;74
2724;52
2725;40
2726;58
2727;32
2728;6
2729;18
2730;20
2731;58
2732;33
2733;53
2734;50
2735;51
2736;61
2737;63
2738;37
2739;6
2740;51
2741;35
2742;63
2743;61
2744;12
2745;8
2746;42
2747;43
2748;9
2749;12
2750;52
2751;47
2752;64
2753;46
2754;33
2755;62
2756;48
2757;45
2758;3
2759;3
2760;67
2761;65
2762;32
2763;39
2764;31
2765;17
2766;11
2767;87
2768;40
2769;34
2770;9
2771;40
2772;55
2773;54
2774;63
2775;36
2776;14
2777;47
2778;6
2779;80
2780;40
2781;52
2782;57
2783;66
2784;53
2785;32
2786;35
2787;49
2788;8
2789;4
2790;42
2791;37
2792;6
2793;65
2794;71
2795;22
2796;63
2797;60
2798;24
2799;53
2800;48
2801;65
2802;36
2803;32
2804;35
2805;6
2806;13
2807;29
2808;57
2809;23
2810;20
2811;69
2812;77
2813;52
2814;43
2815;18
2816;53
2817;49
2818;7
2819;81
2820;61
2821;71
2822;46
2823;30
2824;34
2825;0
2826;0
2827;45
2828;15
2829;4
2830;3
2831;90
2832;67
2833;35
2834;27
2835;0
2836;3
2837;45
2838;29
2839;3
2840;2
2841;15
2842;57
2843;69
2844;63
2845;71
2846;62
2847;64
2848;34
2849;25
2850;25
2851;32
2852;50
2853;55
2854;42
2855;32
2856;10
2857;14
2858;34
2859;73
2860;72
2861;39
2862;43
2863;4
2864;1
2865;1
2866;64
2867;58
2868;61
2869;22
2870;20
2871;26
2872;38
2873;16
2874;59
2875;61
2876;7
2877;8
2878;9
2879;49
2880;35
2881;83
2882;72
2883;40
2884;94
2885;83
2886;48
2887;65
2888;86
2889;58
2890;51
2891;42
2892;35
2893;3
2894;55
2895;58
2896;71
2897;66
2898;67
2899;30
2900;75
2901;39
2902;43
2903;45
2904;10
2905;8
2906;9
2907;42
2908;33
2909;2
2910;12
2911;51
2912;80
2913;41
2914;59
2915;8
2916;68
2917;69
2918;56
2919;21
2920;41
2921;31
2922;35
2923;4
2924;5
2925;0
2926;33
2927;27
2928;43
2929;5
2930;17
2931;3
2932;1
2933;23
2934;55
2935;37
2936;23
2937;39
2938;46
2939;17
2940;11
2941;55
2942;79
2943;74
2944;57
2945;32
2946;24
2947;7
2948;1
2949;4
2950;54
2951;34
2952;38
2953;13
2954;18
2955;33
2956;63
2957;72
2958;45
2959;31
2960;3
2961;42
2962;84
2963;74
2964;59
2965;96
2966;93
2967;43
2968;19
2969;39
2970;44
2971;36
2972;4
2973;7
2974;40
2975;71
2976;57
2977;46
2978;41
2979;0
2980;12
2981;51
2982;28
2983;8
2984;12
2985;12
2986;55
2987;29
2988;67
2989;43
2990;20
2991;54
2992;39
2993;6
2994;49
2995;66
2996;54
2997;12
2998;10
2999;47
3000;8
3001;12
3002;78
3003;49
3004;79
3005;31
3006;18
3007;12
3008;90
3009;40
3010;54
3011;70
3012;36
3013;65
3014;51
3015;53
3016;37
3017;53
3018;74
3019;75
3020;49
3021;61
3022;47
3023;11
3024;31
3025;46
3026;57
3027;47
3028;52
3029;16
3030;9
3031;45
3032;64
3033;24
3034;90
3035;33
3036;54
3037;21
3038;40
3039;26
3040;3
3041;1
3042;43
3043;46
3044;15
3045;64
3046;60
3047;67
3048;66
3049;81
3050;49
3051;65
3052;35
3053;22
3054;67
3055;76
3056;22
3057;64
3058;60
3059;71
3060;23
3061;51
3062;69
3063;66
3064;35
3065;44
3066;7
3067;6
3068;12
3069;0
3070;39
3071;40
3072;5
3073;9
3074;24
3075;45
3076;28
3077;2
3078;18
3079;48
3080;71
3081;51
3082;58
3083;87
3084;59
3085;73
3086;24
3087;67
3088;94
3089;75
3090;51
3091;43
3092;49
3093;10
3094;17
3095;17
3096;29
3097;32
3098;30
3099;1
3100;1
3101;51
3102;54
3103;12
3104;18
3105;90
3106;69
3107;50
3108;40
3109;35
3110;29
3111;10
3112;36
3113;59
3114;24
3115;49
3116;54
3117;32
3118;47
3119;62
3120;52
3121;63
3122;74
3123;35
3124;78
3125;39
3126;21
3127;28
3128;2
3129;0
3130;66
3131;46
3132;27
3133;36
3134;17
3135;17
3136;59
3137;42
3138;74
3139;45
3140;31
3141;13
3142;35
3143;43
3144;6
3145;13
3146;13
3147;52
3148;74
3149;31
3150;40
3151;35
3152;15
3153;12
3154;71
3155;47
3156;35
3157;31
3158;8
3159;25
3160;26
3161;75
3162;66
3163;45
3164;42
3165;5
3166;59
3167;62
3168;15
3169;7
3170;69
3171;90
3172;35
3173;82
3174;22
3175;89
3176;41
3177;40
3178;38
3179;8
3180;37
3181;48
3182;15
3183;53
3184;48
3185;71
3186;70
3187;72
3188;36
3189;33
3190;0
3191;3
3192;63
3193;71
3194;54
3195;53
3196;18
3197;15
3198;11
3199;76
3200;23
3201;48
3202;58
3203;51
3204;63
3205;44
3206;40
3207;39
3208;69
3209;46
3210;68
3211;82
3212;82
3213;72
3214;72
3215;65
3216;64
3217;55
3218;44
3219;16
3220;17
3221;78
3222;71
3223;65
3224;51
3225;62
3226;55
3227;52
3228;34
3229;74
3230;35
3231;43
3232;24
3233;31
3234;23
3235;15
3236;3
3237;12
3238;69
3239;65
3240;47
3241;54
3242;59
3243;40
3244;32
3245;35
3246;14
3247;16
3248;81
3249;65
3250;78
3251;44
3252;1
3253;58
3254;11
3255;46
3256;38
3257;30
3258;10
3259;13
3260;39
3261;39
3262;51
3263;54
3264;25
3265;39
3266;52
3267;6
3268;9
3269;9
3270;61
3271;21
3272;22
3273;46
3274;56
3275;34
3276;50
3277;11
3278;9
3279;59
3280;36
3281;79
3282;51
3283;62
3284;35
3285;15
3286;61
3287;36
3288;44
3289;4
3290;40
3291;48
3292;44
3293;8
3294;18
3295;67
3296;53
3297;42
3298;47
3299;1
3300;69
3301;72
3302;88
3303;40
3304;34
3305;5
3306;7
3307;74
3308;52
3309;69
3310;49
3311;25
3312;36
3313;18
3314;17
3315;46
3316;53
3317;25
3318;33
3319;15
3320;27
3321;64
3322;59
3323;60
3324;19
3325;37
3326;3
3327;17
3328;32
3329;33
3330;11
3331;8
3332;15
3333;59
3334;32
3335;49
3336;73
3337;19
3338;67
3339;51
3340;85
3341;57
3342;75
3343;76
3344;76
3345;19
3346;71
3347;54
3348;41
3349;13
3350;15
3351;58
3352;70
3353;51
3354;20
3355;55
3356;54
3357;18
3358;13
3359;16
3360;39
3361;38
3362;4
3363;2
3364;29
3365;43
3366;2
3367;0
3368;46
3369;58
3370;28
3371;24
3372;40
3373;43
3374;61
3375;29
3376;12
3377;14
3378;19
3379;59
3380;21
3381;28
3382;57
3383;71
3384;25
3385;60
3386;36
3387;75
3388;91
3389;60
3390;48
3391;56
3392;57
3393;60
3394;90
3395;44
3396;63
3397;25
3398;27
3399;11
3400;16
3401;19
3402;30
3403;0
3404;5
3405;48
3406;21
3407;1
3408;38
3409;60
3410;7
3411;58
3412;69
3413;27
3414;23
3415;57
3416;63
3417;50
3418;71
3419;36
3420;37
3421;43
3422;6
3423;7
3424;13
3425;52
3426;44
3427;13
3428;46
3429;46
3430;55
3431;67
3432;93
3433;63
3434;56
3435;43
3436;2
3437;6
3438;15
3439;62
3440;55
3441;9
3442;63
3443;86
3444;65
3445;56
3446;68
3447;57
3448;77
3449;54
3450;48
3451;42
3452;1
3453;2
3454;28
3455;57
3456;70
3457;68
3458;32
3459;31
3460;4
3461;76
3462;58
3463;52
3464;41
3465;24
3466;37
3467;35
3468;8
3469;1
3470;57
3471;31
3472;48
3473;56
3474;40
3475;25
3476;5
3477;10
3478;1
3479;3
3480;51
3481;70
3482;44
3483;65
3484;79
3485;82
3486;73
3487;66
3488;26
3489;53
3490;17
3491;8
3492;44
3493;47
3494;6
3495;7
3496;11
3497;46
3498;47
3499;20
3500;64
3501;52
3502;22
3503;31
3504;8
3505;3
3506;66
3507;30
3508;46
3509;15
3510;7
3511;9
3512;12
3513;35
3514;29
3515;5
3516;3
3517;1
3518;2
3519;82
3520;29
3521;19
3522;4
3523;9
3524;4
3525;40
3526;11
3527;6
3528;51
3529;37
3530;55
3531;60
3532;47
3533;87
3534;80
3535;67
3536;70
3537;47
3538;76
3539;52
3540;56
3541;59
3542;51
3543;27
3544;55
3545;80
3546;78
3547;22
3548;60
3549;68
3550;81
3551;35
3552;40
3553;37
3554;30
3555;10
3556;49
3557;36
3558;42
3559;6
3560;16
3561;20
3562;20
3563;85
3564;65
3565;49
3566;72
3567;91
3568;72
3569;52
3570;73
3571;41
3572;41
3573;65
3574;51
3575;61
3576;22
3577;76
3578;27
3579;40
3580;9
3581;10
3582;75
3583;59
3584;20
3585;57
3586;43
3587;37
3588;10
3589;7
3590;67
3591;60
3592;78
3593;66
3594;34
3595;49
3596;2
3597;89
3598;52
3599;22
3600;32
3601;70
3602;46
3603;19
3604;24
3605;39
3606;42
3607;68
3608;70
3609;35
3610;34
3611;1
3612;18
3613;65
3614;25
3615;59
3616;22
3617;66
3618;19
3619;49
3620;68
3621;30
3622;35
3623;31
3624;16
3625;94
3626;70
3627;50
3628;28
3629;59
3630;15
3631;8
3632;25
3633;45
3634;49
3635;70
3636;22
3637;81
3638;59
3639;70
3640;64
3641;19
3642;55
3643;23
3644;52
3645;19
3646;33
3647;51
3648;29
3649;11
3650;11
3651;19
3652;73
3653;88
3654;60
3655;66
3656;54
3657;93
3658;42
3659;75
3660;50
3661;64
3662;70
3663;65
3664;28
3665;52
3666;45
3667;44
3668;7
3669;0
3670;55
3671;46
3672;45
3673;10
3674;4
3675;73
3676;57
3677;60
3678;74
3679;75
3680;69
3681;93
3682;68
3683;37
3684;78
3685;64
3686;46
3687;50
3688;18
3689;14
3690;76
3691;24
3692;32
3693;27
3694;38
3695;52
3696;16
3697;16
3698;27
3699;76
3700;28
3701;50
3702;19
3703;43
3704;10
3705;4
3706;3
3707;57
3708;56
3709;72
3710;84
3711;53
3712;67
3713;48
3714;73
3715;75
3716;42
3717;16
3718;46
3719;45
3720;2
3721;14
3722;16
3723;15
3724;62
3725;70
3726;63
3727;62
3728;63
3729;80
3730;40
3731;22
3732;67
3733;36
3734;6
3735;9
3736;43
3737;55
3738;72
3739;71
3740;52
3741;50
3742;56
3743;10
3744;18
3745;30
3746;69
3747;76
3748;40
3749;14
3750;0
3751;55
3752;59
3753;34
3754;29
3755;15
3756;18
3757;36
3758;56
3759;15
3760;9
3761;12
3762;24
3763;24
3764;67
3765;59
3766;79
3767;64
3768;53
3769;66
3770;73
3771;67
3772;59
3773;73
3774;40
3775;59
3776;55
3777;22
3778;37
3779;18
3780;4
3781;38
3782;49
3783;0
3784;0
3785;30
3786;36
3787;1
3788;52
3789;54
3790;11
3791;7
3792;55
3793;53
3794;59
3795;78
3796;64
3797;64
3798;78
3799;21
3800;22
3801;49
3802;63
3803;16
3804;18
3805;55
3806;23
3807;23
3808;31
3809;25
3810;64
3811;61
3812;28
3813;22
3814;47
3815;61
3816;48
3817;59
3818;42
3819;49
3820;31
3821;70
3822;25
3823;61
3824;35
3825;48
3826;6
3827;57
3828;41
3829;28
3830;57
3831;46
3832;65
3833;57
3834;34
3835;13
3836;15
3837;25
3838;22
3839;63
3840;18
3841;39
3842;34
3843;16
3844;15
3845;51
3846;56
3847;48
3848;54
3849;67
3850;26
3851;36
3852;10
3853;50
3854;48
3855;64
3856;72
3857;75
3858;37
3859;85
3860;65
3861;71
3862;22
3863;57
3864;59
3865;18
3866;80
3867;95
3868;32
3869;23
3870;0
3871;11
3872;34
3873;44
3874;13
3875;8
3876;54
3877;51
3878;46
3879;50
3880;73
3881;78
3882;54
3883;63
3884;44
3885;83
3886;20
3887;70
3888;66
3889;31
3890;34
3891;14
3892;7
3893;81
3894;61
3895;30
3896;33
3897;67
3898;27
3899;32
3900;10
3901;9
3902;42
3903;41
3904;4
3905;1
3906;1
3907;44
3908;50
3909;15
3910;82
3911;29
3912;70
3913;22
3914;29
3915;28
3916;51
3917;63
3918;30
3919;38
3920;6
3921;2
3922;66
3923;67
3924;82
3925;84
3926;37
3927;65
3928;94
3929;85
3930;46
3931;45
3932;45
3933;15
3934;76
3935;58
3936;55
3937;59
3938;55
3939;15
3940;12
3941;52
3942;7
3943;6
3944;41
3945;51
3946;49
3947;49
3948;70
3949;64
3950;85
3951;51
3952;67
3953;50
3954;50
3955;49
3956;38
3957;7
3958;61
3959;85
3960;90
3961;68
3962;46
3963;66
3964;23
3965;60
3966;20
3967;85
3968;62
3969;28
3970;39
3971;12
3972;60
3973;64
3974;37
3975;72
3976;54
3977;60
3978;33
3979;60
3980;13
3981;80
3982;32
3983;22
3984;27
3985;32
3986;53
3987;39
3988;70
3989;84
3990;44
3991;63
3992;59
3993;37
3994;28
3995;13
3996;6
3997;48
3998;31
3999;13
4000;9
4001;11
4002;82
4003;42
4004;17
4005;61
4006;6
4007;7
4008;55
4009;88
4010;76
4011;50
4012;40
4013;27
4014;48
4015;28
4016;62
4017;57
4018;54
4019;59
4020;18
4021;42
4022;22
4023;71
4024;47
4025;25
4026;25
4027;20
4028;51
4029;41
4030;53
4031;11
4032;15
4033;90
4034;52
4035;44
4036;26
4037;50
4038;10
4039;12
4040;65
4041;91
4042;44
4043;55
4044;13
4045;30
4046;37
4047;47
4048;47
4049;58
4050;47
4051;39
4052;22
4053;3
4054;78
4055;70
4056;67
4057;42
4058;62
4059;14
4060;12
4061;24
4062;19
4063;49
4064;20
4065;24
4066;20
4067;28
4068;64
4069;53
4070;51
4071;30
4072;42
4073;86
4074;70
4075;58
4076;40
4077;45
4078;39
4079;17
4080;14
4081;19
4082;28
4083;19
4084;37
4085;41
4086;4
4087;12
4088;4
4089;2
4090;9
4091;30
4092;42
4093;83
4094;33
4095;16
4096;77
4097;19
4098;27
4099;73
4100;19
4101;88
4102;47
4103;86
4104;27
4105;21
4106;32
4107;32
4108;7
4109;44
4110;32
4111;4
4112;4
4113;72
4114;70
4115;45
4116;10
4117;66
4118;58
4119;68
4120;59
4121;51
4122;79
4123;74
4124;59
4125;74
4126;62
4127;77
4128;51
4129;40
4130;32
4131;58
4132;44
4133;31
4134;80
4135;58
4136;41
4137;30
4138;15
4139;12
4140;15
4141;31
4142;41
4143;13
4144;2
4145;0
4146;62
4147;80
4148;35
4149;54
4150;51
4151;66
4152;35
4153;15
4154;0
4155;38
4156;36
4157;2
4158;3
4159;33
4160;42
4161;17
4162;9
4163;8
4164;68
4165;60
4166;59
4167;66
4168;25
4169;53
4170;48
4171;78
4172;52
4173;72
4174;59
4175;73
4176;80
4177;62
4178;77
4179;58
4180;50
4181;61
4182;89
4183;40
4184;44
4185;36
4186;16
4187;15
4188;56
4189;56
4190;62
4191;46
4192;40
4193;22
4194;9
4195;20
4196;30
4197;2
4198;3
4199;32
4200;39
4201;5
4202;3
4203;13
4204;60
4205;17
4206;40
4207;58
4208;16
4209;13
4210;53
4211;50
4212;15
4213;18
4214;12
4215;52
4216;21
4217;40
4218;47
4219;1
4220;8
4221;52
4222;27
4223;42
4224;1
4225;5
4226;16
4227;44
4228;69
4229;49
4230;41
4231;3
4232;18
4233;20
4234;73
4235;61
4236;72
4237;73
4238;23
4239;52
4240;52
4241;50
4242;13
4243;9
4244;14
4245;95
4246;64
4247;60
4248;43
4249;26
4250;18
4251;14
4252;48
4253;76
4254;47
4255;43
4256;1
4257;8
4258;11
4259;56
4260;60
4261;43
4262;79
4263;74
4264;74
4265;81
4266;21
4267;64
4268;50
4269;21
4270;62
4271;88
4272;77
4273;73
4274;49
4275;60
4276;31
4277;49
4278;4
4279;2
4280;32
4281;19
4282;78
4283;70
4284;40
4285;52
4286;37
4287;48
4288;15
4289;16
4290;36
4291;26
4292;14
4293;17
4294;74
4295;53
4296;31
4297;12
4298;18
4299;22
4300;82
4301;72
4302;47
4303;83
4304;55
4305;89
4306;39
4307;61
4308;12
4309;14
4310;26
4311;41
4312;27
4313;2
4314;7
4315;60
4316;90
4317;37
4318;2
4319;51
4320;32
4321;45
4322;2
4323;3
4324;44
4325;71
4326;58
4327;59
4328;20
4329;55
4330;52
4331;71
4332;55
4333;45
4334;41
4335;39
4336;38
4337;38
4338;14
4339;18
4340;32
4341;49
4342;9
4343;12
4344;17
4345;80
4346;76
4347;56
4348;71
4349;54
4350;44
4351;44
4352;15
4353;10
4354;34
4355;47
4356;51
4357;53
4358;63
4359;37
4360;65
4361;50
4362;25
4363;51
4364;40
4365;37
4366;12
4367;13
4368;39
4369;21
4370;61
4371;54
4372;58
4373;50
4374;14
4375;13
4376;65
4377;57
4378;58
4379;70
4380;51
4381;35
4382;12
4383;18
4384;16
4385;42
4386;53
4387;73
4388;34
4389;57
4390;61
4391;67
4392;61
4393;70
4394;43
4395;70
4396;52
4397;78
4398;50
4399;51
4400;69
4401;63
4402;27
4403;37
4404;2
4405;1
4406;4
4407;55
4408;41
4409;52
4410;61
4411;32
4412;36
4413;13
4414;52
4415;37
4416;16
4417;14
4418;6
4419;37
4420;25
4421;22
4422;35
4423;71
4424;46
4425;26
4426;50
4427;18
4428;9
4429;16
4430;8
4431;77
4432;53
4433;39
4434;39
4435;52
4436;61
4437;74
4438;25
4439;42
4440;39
4441;2
4442;4
4443;70
4444;59
4445;98
4446;52
4447;66
4448;37
4449;63
4450;18
4451;15
4452;61
4453;79
4454;58
4455;30
4456;38
4457;51
4458;74
4459;47
4460;42
4461;45
4462;3
4463;22
4464;23
4465;59
4466;71
4467;96
4468;31
4469;24
4470;4
4471;2
4472;29
4473;51
4474;52
4475;55
4476;67
4477;41
4478;63
4479;54
4480;69
4481;72
4482;60
4483;88
4484;45
4485;30
4486;7
4487;16
4488;6
4489;18
4490;45
4491;30
4492;3
4493;9
4494;3
4495;45
4496;44
4497;18
4498;15
4499;6
4500;21
4501;69
4502;47
4503;60
4504;33
4505;10
4506;6
4507;49
4508;55
4509;46
4510;68
4511;45
4512;34
4513;1
4514;4
4515;1
4516;51
4517;74
4518;62
4519;36
4520;23
4521;28
4522;45
4523;54
4524;56
4525;59
4526;26
4527;29
4528;74
4529;59
4530;81
4531;51
4532;69
4533;34
4534;63
4535;21
4536;64
4537;20
4538;83
4539;22
4540;33
4541;37
4542;47
4543;16
4544;36
4545;29
4546;1
4547;26
4548;12
4549;57
4550;34
4551;52
4552;47
4553;27
4554;72
4555;54
4556;39
4557;36
4558;36
4559;49
4560;13
4561;10
4562;61
4563;38
4564;51
4565;8
4566;75
4567;84
4568;38
4569;30
4570;40
4571;13
4572;14
4573;67
4574;81
4575;40
4576;39
4577;33
4578;56
4579;55
4580;53
4581;46
4582;29
4583;15
4584;17
4585;12
4586;53
4587;13
4588;66
4589;69
4590;24
4591;65
4592;58
4593;73
4594;30
4595;64
4596;9
4597;7
4598;55
4599;35
4600;13
4601;17
4602;50
4603;66
4604;43
4605;58
4606;6
4607;14
4608;6
4609;68
4610;72
4611;75
4612;72
4613;36
4614;28
4615;30
4616;22
4617;17
4618;5
4619;3
4620;68
4621;94
4622;81
4623;76
4624;23
4625;66
4626;24
4627;71
4628;26
4629;40
4630;12
4631;8
4632;17
4633;16
4634;42
4635;54
4636;38
4637;14
4638;6
4639;59
4640;19
4641;36
4642;26
4643;0
4644;9
4645;22
4646;53
4647;41
4648;26
4649;41
4650;63
4651;44
4652;54
4653;12
4654;7
4655;9
4656;60
4657;55
4658;52
4659;11
4660;57
4661;38
4662;36
4663;18
4664;18
4665;14
4666;35
4667;41
4668;7
4669;34
4670;70
4671;47
4672;85
4673;37
4674;23
4675;71
4676;72
4677;73
4678;56
4679;78
4680;57
4681;49
4682;49
4683;51
4684;20
4685;53
4686;52
4687;69
4688;33
4689;71
4690;43
4691;37
4692;7
4693;9
4694;11
4695;20
4696;72
4697;50
4698;66
4699;53
4700;56
4701;36
4702;16
4703;12
4704;43
4705;27
4706;36
4707;4
4708;2
4709;5
4710;17
4711;2
4712;82
4713;66
4714;54
4715;83
4716;40
4717;21
4718;23
4719;30
4720;42
4721;0
4722;1
4723;5
4724;43
4725;23
4726;18
4727;24
4728;58
4729;67
4730;31
4731;42
4732;12
4733;14
4734;75
4735;46
4736;73
4737;63
4738;35
4739;39
4740;17
4741;10
4742;95
4743;73
4744;70
4745;72
4746;59
4747;37
4748;37
4749;54
4750;41
4751;7
4752;15
4753;33
4754;37
4755;17
4756;14
4757;8
4758;55
4759;9
4760;15
4761;35
4762;40
4763;9
4764;70
4765;87
4766;75
4767;21
4768;68
4769;78
4770;20
4771;70
4772;73
4773;64
4774;59
4775;6
4776;17
4777;35
4778;60
4779;56
4780;35
4781;36
4782;14
4783;13
4784;56
4785;59
4786;20
4787;71
4788;70
4789;52
4790;87
4791;54
4792;56
4793;62
4794;52
4795;28
4796;65
4797;68
4798;28
4799;80
4800;56
4801;25
4802;74
4803;58
4804;41
4805;45
4806;1
4807;1
4808;36
4809;44
4810;27
4811;17
4812;6
4813;19
4814;31
4815;38
4816;83
4817;53
4818;66
4819;22
4820;57
4821;69
4822;35
4823;55
4824;34
4825;54
4826;14
4827;18
4828;42
4829;68
4830;36
4831;31
4832;1
4833;0
4834;35
4835;22
4836;35
4837;17
4838;2
4839;50
4840;31
4841;26
4842;2
4843;3
4844;64
4845;85
4846;34
4847;69
4848;44
4849;68
4850;80
4851;96
4852;45
4853;34
4854;12
4855;13
4856;47
4857;58
4858;15
4859;67
4860;33
4861;46
4862;14
4863;8
4864;67
4865;66
4866;63
4867;82
4868;80
4869;65
4870;33
4871;27
4872;49
4873;1
4874;0
4875;62
4876;67
4877;53
4878;16
4879;8
4880;27
4881;43
4882;20
4883;2
4884;5
4885;59
4886;39
4887;61
4888;41
4889;39
4890;4
4891;6
4892;31
4893;59
4894;11
4895;17
4896;46
4897;71
4898;41
4899;22
4900;44
4901;34
4902;30
4903;16
4904;3
4905;4
4906;43
4907;55
4908;25
4909;51
4910;55
4911;15
4912;18
4913;80
4914;60
4915;77
4916;51
4917;39
4918;25
4919;57
4920;42
4921;42
4922;19
4923;83
4924;39
4925;20
4926;19
4927;43
4928;13
4929;11
4930;48
4931;54
4932;59
4933;36
4934;36
4935;10
4936;15
4937;13
4938;64
4939;101
4940;59
4941;53
4942;46
4943;15
4944;27
4945;49
4946;22
4947;13
4948;31
4949;48
4950;0
4951;0
4952;65
4953;40
4954;60
4955;17
4956;10
4957;68
4958;60
4959;82
4960;66
4961;51
4962;55
4963;89
4964;76
4965;75
4966;20
4967;88
4968;86
4969;59
4970;56
4971;63
4972;56
4973;86
4974;43
4975;24
4976;80
4977;66
4978;20
4979;24
4980;80
4981;23
4982;56
4983;31
4984;47
4985;2
4986;2
4987;56
4988;50
4989;40
4990;62
4991;35
4992;18
4993;6
4994;52
4995;47
4996;63
4997;14
4998;11
4999;55
5000;70
5001;19
5002;53
5003;59
5004;50
5005;34
5006;9
5007;59
5008;48
5009;66
5010;34
5011;39
5012;38
5013;5
5014;9
5015;73
5016;28
5017;47
5018;25
5019;13
5020;0
5021;3
5022;50
5023;16
5024;12
5025;80
5026;57
5027;63
5028;58
5029;63
5030;18
5031;13
5032;52
5033;64
5034;39
5035;61
5036;7
5037;6
5038;50
5039;77
5040;83
5041;69
5042;59
5043;39
5044;42
5045;90
5046;80
5047;67
5048;41
5049;25
5050;59
5051;60
5052;23
5053;30
5054;20
5055;67
5056;32
5057;27
5058;31
5059;9
5060;17
5061;34
5062;19
5063;13
5064;5
5065;9
5066;55
5067;63
5068;36
5069;57
5070;30
5071;54
5072;29
5073;40
5074;65
5075;51
5076;56
5077;35
5078;43
5079;9
5080;1
5081;42
5082;34
5083;11
5084;10
5085;82
5086;49
5087;67
5088;43
5089;34
5090;8
5091;45
5092;12
5093;33
5094;31
5095;6
5096;62
5097;87
5098;84
5099;37
5100;41
5101;29
5102;8
5103;13
5104;58
5105;55
5106;43
5107;65
5108;78
5109;30
5110;35
5111;65
5112;36
5113;51
5114;36
5115;9
5116;12
5117;29
5118;46
5119;21
5120;25
5121;52
5122;49
5123;39
5124;44
5125;34
5126;15
5127;29
5128;34
5129;5
5130;9
5131;51
5132;61
5133;36
5134;67
5135;76
5136;45
5137;64
5138;53
5139;52
5140;51
5141;44
5142;52
5143;70
5144;77
5145;35
5146;36
5147;5
5148;4
5149;55
5150;47
5151;66
5152;54
5153;76
5154;76
5155;43
5156;41
5157;11
5158;25
5159;37
5160;1
5161;2
5162;1
5163;32
5164;52
5165;18
5166;17
5167;47
5168;0
5169;75
5170;51
5171;49
5172;67
5173;65
5174;95
5175;54
5176;65
5177;42
5178;25
5179;58
5180;55
5181;66
5182;61
5183;67
5184;58
5185;84
5186;58
5187;31
5188;9
5189;14
5190;33
5191;40
5192;0
5193;6
5194;59
5195;51
5196;56
5197;62
5198;71
5199;49
5200;19
5201;7
5202;7
5203;4
5204;46
5205;82
5206;53
5207;75
5208;38
5209;34
5210;52
5211;11
5212;61
5213;63
5214;69
5215;47
5216;23
5217;54
5218;48
5219;54
5220;49
5221;60
5222;46
5223;6
5224;11
5225;67
5226;63
5227;48
5228;12
5229;43
5230;54
5231;57
5232;15
5233;28
5234;39
5235;0
5236;45
5237;71
5238;55
5239;69
5240;46
5241;32
5242;17
5243;1
5244;2
5245;2
5246;29
5247;39
5248;0
5249;14
5250;3
5251;20
5252;19
5253;47
5254;40
5255;56
5256;72
5257;77
5258;47
5259;50
5260;6
5261;14
5262;54
5263;66
5264;49
5265;33
5266;10
5267;34
5268;80
5269;64
5270;70
5271;51
5272;27
5273;30
5274;30
5275;0
5276;9
5277;49
5278;48
5279;31
5280;11
5281;5
5282;62
5283;60
5284;41
5285;56
5286;47
5287;20
5288;38
5289;18
5290;15
5291;66
5292;62
5293;62
5294;49
5295;37
5296;31
5297;6
5298;16
5299;52
5300;27
5301;87
5302;74
5303;41
5304;6
5305;67
5306;90
5307;24
5308;20
5309;19
5310;62
5311;55
5312;20
5313;33
5314;11
5315;5
5316;30
5317;21
5318;0
5319;5
5320;3
5321;64
5322;21
5323;48
5324;71
5325;45
5326;36
5327;75
5328;54
5329;40
5330;41
5331;48
5332;4
5333;0
5334;62
5335;39
5336;18
5337;7
5338;25
5339;53
5340;32
5341;54
5342;36
5343;85
5344;24
5345;58
5346;41
5347;45
5348;43
5349;2
5350;47
5351;24
5352;25
5353;47
5354;80
5355;51
5356;31
5357;39
5358;52
5359;63
5360;57
5361;74
5362;68
5363;80
5364;59
5365;24
5366;59
5367;70
5368;60
5369;34
5370;16
5371;14
5372;70
5373;63
5374;58
5375;59
5376;18
5377;15
5378;63
5379;67
5380;35
5381;8
5382;63
5383;21
5384;46
5385;63
5386;57
5387;63
5388;31
5389;40
5390;3
5391;11
5392;74
5393;50
5394;49
5395;23
5396;74
5397;83
5398;72
5399;68
5400;46
5401;24
5402;67
5403;46
5404;40
5405;13
5406;27
5407;80
5408;52
5409;52
5410;40
5411;92
5412;93
5413;19
5414;35
5415;41
5416;12
5417;10
5418;8
5419;57
5420;79
5421;96
5422;72
5423;67
5424;66
5425;52
5426;30
5427;49
5428;15
5429;86
5430;51
5431;47
5432;73
5433;44
5434;53
5435;12
5436;10
5437;47
5438;64
5439;69
5440;27
5441;26
5442;75
5443;50
5444;55
5445;57
5446;7
5447;18
5448;37
5449;57
5450;48
5451;50
5452;8
5453;11
5454;18
5455;80
5456;65
5457;21
5458;31
5459;4
5460;28
5461;78
5462;30
5463;29
5464;3
5465;15
5466;24
5467;20
5468;75
5469;49
5470;25
5471;74
5472;75
5473;29
5474;46
5475;12
5476;14
5477;53
5478;29
5479;48
5480;33
5481;15
5482;11
5483;36
5484;13
5485;16
5486;90
5487;95
5488;49
5489;59
5490;26
5491;75
5492;59
5493;18
5494;9
5495;41
5496;65
5497;52
5498;22
5499;79
5500;60
5501;39
5502;39
5503;2
5504;2
5505;75
5506;31
5507;70
5508;58
5509;46
5510;59
5511;51
5512;61
5513;95
5514;51
5515;26
5516;58
5517;6
5518;7
5519;37
5520;33
5521;31
5522;56
5523;79
5524;87
5525;27
5526;25
5527;76
5528;68
5529;36
5530;52
5531;36
5532;38
5533;31
5534;2
5535;67
5536;81
5537;67
5538;63
5539;59
5540;15
5541;38
5542;56
5543;26
5544;40
5545;9
5546;72
5547;56
5548;26
5549;61
5550;77
5551;20
5552;27
5553;57
5554;63
5555;50
5556;43
5557;37
5558;54
5559;59
5560;18
5561;47
5562;48
5563;15
5564;10
5565;68
5566;32
5567;40
5568;27
5569;7
5570;2
5571;56
5572;70
5573;79
5574;87
5575;59
5576;37
5577;16
5578;18
5579;41
5580;52
5581;27
5582;41
5583;29
5584;1
5585;8
5586;70
5587;72
5588;69
5589;19
5590;27
5591;55
5592;48
5593;36
5594;52
5595;34
5596;41
5597;5
5598;3
5599;1
5600;5
5601;27
5602;60
5603;15
5604;8
5605;69
5606;31
5607;27
5608;1
5609;3
5610;61
5611;22
5612;63
5613;36
5614;63
5615;69
5616;64
5617;75
5618;49
5619;29
5620;51
5621;87
5622;70
5623;22
5624;43
5625;29
5626;1
5627;0
5628;1
5629;81
5630;58
5631;80
5632;38
5633;43
5634;37
5635;18
5636;15
5637;70
5638;70
5639;24
5640;76
5641;61
5642;63
5643;50
5644;50
5645;16
5646;15
5647;7
5648;67
5649;74
5650;71
5651;75
5652;24
5653;21
5654;83
5655;62
5656;53
5657;59
5658;28
5659;34
5660;11
5661;9
5662;19
5663;52
5664;52
5665;25
5666;37
5667;4
5668;9
5669;60
5670;60
5671;15
5672;16
5673;14
5674;36
5675;12
5676;17
5677;51
5678;25
5679;38
5680;31
5681;17
5682;15
5683;5
5684;54
5685;56
5686;67
5687;57
5688;27
5689;73
5690;63
5691;53
5692;64
5693;51
5694;57
5695;75
5696;44
5697;8
5698;15
5699;23
5700;35
5701;55
5702;75
5703;69
5704;56
5705;34
5706;33
5707;9
5708;12
5709;53
5710;51
5711;18
5712;13
5713;41
5714;13
5715;6
5716;70
5717;90
5718;66
5719;48
5720;21
5721;60
5722;21
5723;69
5724;26
5725;24
5726;73
5727;33
5728;55
5729;7
5730;18
5731;45
5732;13
5733;23
5734;76
5735;90
5736;75
5737;45
5738;17
5739;11
5740;21
5741;43
5742;6
5743;43
5744;49
5745;12
5746;6
5747;32
5748;42
5749;60
5750;74
5751;35
5752;69
5753;67
5754;61
5755;27
5756;12
5757;17
5758;46
5759;51
5760;55
5761;66
5762;56
5763;52
5764;54
5765;72
5766;94
5767;63
5768;44
5769;49
5770;18
5771;10
5772;48
5773;21
5774;36
5775;52
5776;40
5777;17
5778;9
5779;56
5780;74
5781;96
5782;77
5783;35
5784;40
5785;16
5786;18
5787;45
5788;36
5789;66
5790;75
5791;52
5792;78
5793;42
5794;40
5795;3
5796;0
5797;54
5798;62
5799;50
5800;71
5801;27
5802;29
5803;17
5804;8
5805;62
5806;54
5807;39
5808;12
5809;69
5810;42
5811;49
5812;13
5813;63
5814;80
5815;73
5816;45
5817;63
5818;77
5819;78
5820;73
5821;42
5822;34
5823;5
5824;17
5825;71
5826;62
5827;21
5828;37
5829;4
5830;6
5831;28
5832;76
5833;62
5834;73
5835;81
5836;56
5837;33
5838;33
5839;5
5840;17
5841;54
5842;55
5843;64
5844;21
5845;68
5846;49
5847;70
5848;51
5849;74
5850;72
5851;56
5852;66
5853;26
5854;39
5855;20
5856;24
5857;40
5858;51
5859;27
5860;19
5861;3
5862;4
5863;18
5864;30
5865;45
5866;3
5867;0
5868;77
5869;43
5870;31
5871;46
5872;15
5873;16
5874;50
5875;20
5876;27
5877;31
5878;51
5879;63
5880;87
5881;28
5882;44
5883;46
5884;1
5885;13
5886;39
5887;28
5888;4
5889;17
5890;28
5891;69
5892;83
5893;51
5894;62
5895;47
5896;46
5897;52
5898;22
5899;61
5900;56
5901;37
5902;44
5903;50
5904;14
5905;7
5906;30
5907;51
5908;58
5909;37
5910;14
5911;47
5912;89
5913;30
5914;23
5915;11
5916;3
5917;64
5918;25
5919;73
5920;49
5921;75
5922;59
5923;34
5924;40
5925;40
5926;9
5927;9
5928;56
5929;52
5930;60
5931;46
5932;26
5933;9
5934;43
5935;50
5936;18
5937;7
5938;6
5939;15
5940;27
5941;46
5942;44
5943;25
5944;33
5945;21
5946;68
5947;36
5948;31
5949;16
5950;15
5951;57
5952;49
5953;69
5954;61
5955;40
5956;52
5957;25
5958;69
5959;41
5960;34
5961;9
5962;15
5963;31
5964;29
5965;3
5966;0
5967;51
5968;29
5969;39
5970;40
5971;10
5972;5
5973;47
5974;12
5975;6
5976;74
5977;26
5978;54
5979;64
5980;16
5981;12
5982;71
5983;36
5984;44
5985;37
5986;3
5987;3
5988;67
5989;83
5990;30
5991;36
5992;9
5993;9
5994;61
5995;41
5996;38
5997;7
5998;5
5999;18
6000;50
6001;28
6002;14
6003;17
6004;25
6005;73
6006;72
6007;50
6008;9
6009;18
6010;35
6011;57
6012;82
6013;77
6014;39
6015;76
6016;61
6017;65
6018;44
6019;51
6020;51
6021;46
6022;72
6023;33
6024;32
6025;9
6026;6
6027;82
6028;61
6029;52
6030;22
6031;48
6032;52
6033;22
6034;53
6035;61
6036;77
6037;71
6038;30
6039;55
6040;36
6041;7
6042;18
6043;7
6044;13
6045;34
6046;49
6047;62
6048;60
6049;39
6050;15
6051;11
6052;48
6053;26
6054;18
6055;14
6056;15
6057;66
6058;89
6059;51
6060;70
6061;64
6062;46
6063;18
6064;18
6065;58
6066;65
6067;46
6068;44
6069;20
6070;35
6071;26
6072;4
6073;6
6074;34
6075;36
6076;6
6077;13
6078;76
6079;60
6080;22
6081;22
6082;19
6083;32
6084;22
6085;47
6086;40
6087;39
6088;0
6089;12
6090;72
6091;73
6092;57
6093;54
6094;13
6095;12
6096;9
6097;58
6098;35
6099;9
6100;7
6101;10
6102;66
6103;75
6104;50
6105;55
6106;19
6107;60
6108;94
6109;22
6110;34
6111;4
6112;7
6113;33
6114;10
6115;24
6116;65
6117;53
6118;88
6119;43
6120;64
6121;12
6122;9
6123;43
6124;90
6125;46
6126;53
6127;21
6128;51
6129;51
6130;26
6131;10
6132;48
6133;70
6134;70
6135;62
6136;50
6137;6
6138;7
6139;42
6140;27
6141;5
6142;9
6143;63
6144;66
6145;69
6146;33
6147;46
6148;9
6149;12
6150;30
6151;50
6152;17
6153;6
6154;53
6155;89
6156;35
6157;77
6158;55
6159;73
6160;68
6161;80
6162;24
6163;49
6164;42
6165;40
6166;11
6167;0
6168;55
6169;53
6170;70
6171;56
6172;54
6173;39
6174;18
6175;17
6176;55
6177;81
6178;49
6179;27
6180;9
6181;18
6182;18
6183;33
6184;1
6185;64
6186;56
6187;34
6188;29
6189;2
6190;2
6191;14
6192;5
6193;11
6194;0
6195;47
6196;58
6197;47
6198;57
6199;11
6200;6
6201;51
6202;86
6203;41
6204;52
6205;52
6206;31
6207;47
6208;13
6209;11
6210;44
6211;57
6212;40
6213;62
6214;20
6215;36
6216;11
6217;7
6218;74
6219;44
6220;46
6221;34
6222;12
6223;0
6224;56
6225;62
6226;79
6227;63
6228;47
6229;62
6230;11
6231;18
6232;15
6233;30
6234;73
6235;65
6236;79
6237;21
6238;52
6239;78
6240;99
6241;89
6242;87
6243;89
6244;99
6245;90
6246;94
6247;91
6248;86
6249;84
6250;87
6251;89
6252;81
6253;82
6254;68
6255;93
6256;80
6257;89
6258;81
6259;92
6260;95
6261;96
6262;86
6263;67
6264;92
6265;87
6266;85
6267;90
6268;93
6269;86
6270;83
6271;88
6272;105
6273;84
6274;70
6275;102
6276;82
6277;97
6278;100
6279;83
6280;85
6281;76
6282;99
6283;94
6284;78
6285;100
6286;91
6287;101
6288;96
6289;86
6290;98
6291;72
6292;103
6293;104
6294;86
6295;85
6296;80
6297;87
6298;76
6299;90
6300;93
6301;78
6302;100
6303;87
6304;88
6305;75
6306;96
6307;86
6308;85
6309;71
6310;101
6311;81
6312;96
6313;83
6314;105
6315;100
6316;76
6317;80
6318;70
6319;87
6320;102
6321;77
6322;68
6323;103
6324;87
6325;96
6326;89
6327;103
6328;104
