1;53
2;60
3;33
4;38
5;9
6;7
7;0
8;68
9;64
10;22
11;19
12;0
13;4
14;35
15;45
16;5
17;9
18;30
19;34
20;10
21;8
22;14
23;21
24;21
25;23
26;25
27;45
28;28
29;2
30;3
31;1
32;27
33;73
34;84
35;63
36;52
37;23
38;64
39;44
40;61
41;24
42;61
43;71
44;22
45;59
46;19
47;36
48;64
49;62
50;48
51;69
52;72
53;29
54;38
55;1
56;1
57;24
58;38
59;5
60;4
61;60
62;54
63;54
64;72
65;55
66;87
67;52
68;32
69;46
70;63
71;34
72;15
73;9
74;43
75;25
76;2
77;0
78;61
79;84
80;34
81;32
82;12
83;52
84;64
85;56
86;76
87;22
88;58
89;44
90;61
91;64
92;17
93;6
94;60
95;57
96;45
97;30
98;33
99;19
100;5
101;37
102;44
103;40
104;2
105;3
106;71
107;28
108;34
109;21
110;5
111;18
112;11
113;88
114;65
115;23
116;37
117;21
118;60
119;21
120;46
121;29
122;7
123;11
124;6
125;7
126;48
127;39
128;4
129;6
130;71
131;42
132;70
133;81
134;38
135;26
136;34
137;14
138;6
139;54
140;52
141;57
142;58
143;82
144;50
145;38
146;17
147;38
148;31
149;64
150;60
151;54
152;50
153;41
154;51
155;75
156;66
157;58
158;73
159;84
160;75
161;20
162;75
163;36
164;50
165;12
166;8
167;10
168;11
169;20
170;35
171;31
172;53
173;6
174;10
175;33
176;47
177;7
178;10
179;54
180;62
181;16
182;18
183;45
184;21
185;34
186;32
187;98
188;71
189;29
190;25
191;20
192;19
193;32
194;19
195;4
196;11
197;54
198;67
199;88
200;58
201;20
202;81
203;46
204;53
205;24
206;38
207;0
208;2
209;26
210;74
211;35
212;32
213;16
214;17
215;32
216;25
217;5
218;64
219;26
220;11
221;39
222;56
223;32
224;39
225;1
226;14
227;55
228;62
229;81
230;50
231;53
232;48
233;82
234;72
235;19
236;47
237;25
238;31
239;49
240;15
241;15
242;53
243;67
244;31
245;36
246;3
247;64
248;19
249;76
250;20
251;58
252;50
253;63
254;9
255;29
256;76
257;65
258;72
259;38
260;82
261;39
262;56
263;41
264;61
265;14
266;79
267;27
268;50
269;33
270;27
271;6
272;14
273;91
274;44
275;51
276;63
277;65
278;51
279;68
280;70
281;22
282;36
283;21
284;0
285;3
286;4
287;35
288;57
289;70
290;67
291;49
292;55
293;12
294;10
295;47
296;63
297;56
298;37
299;14
300;6
301;16
302;41
303;23
304;0
305;23
306;76
307;26
308;27
309;3
310;2
311;26
312;41
313;14
314;9
315;49
316;70
317;35
318;45
319;6
320;9
321;39
322;85
323;27
324;52
325;9
326;44
327;38
328;1
329;31
330;33
331;4
332;32
333;53
334;24
335;19
336;39
337;62
338;15
339;75
340;73
341;35
342;47
343;15
344;37
345;57
346;10
347;11
348;21
349;32
350;36
351;17
352;7
353;37
354;50
355;41
356;31
357;13
358;11
359;84
360;75
361;23
362;51
363;26
364;23
365;65
366;48
367;95
368;71
369;20
370;50
371;37
372;11
373;59
374;45
375;64
376;60
377;64
378;55
379;34
380;31
381;63
382;31
383;32
384;8
385;10
386;8
387;33
388;29
389;0
390;64
391;24
392;59
393;49
394;44
395;37
396;4
397;39
398;38
399;1
400;17
401;80
402;22
403;32
404;61
405;10
406;6
407;14
408;20
409;74
410;41
411;44
412;22
413;88
414;44
415;40
416;4
417;4
418;1
419;65
420;38
421;37
422;32
423;3
424;8
425;24
426;19
427;82
428;22
429;52
430;19
431;67
432;48
433;44
434;50
435;9
436;42
437;43
438;18
439;63
440;80
441;64
442;38
443;14
444;23
445;41
446;35
447;18
448;18
449;6
450;73
451;66
452;57
453;26
454;21
455;66
456;39
457;53
458;39
459;13
460;44
461;53
462;33
463;55
464;18
465;7
466;34
467;38
468;63
469;73
470;21
471;36
472;28
473;64
474;32
475;35
476;5
477;17
478;3
479;56
480;42
481;15
482;11
483;15
484;9
485;31
486;21
487;5
488;7
489;30
490;35
491;8
492;17
493;2
494;27
495;62
496;19
497;70
498;71
499;65
500;44
501;61
502;65
503;73
504;54
505;32
506;39
507;7
508;6
509;28
510;60
511;46
512;44
513;15
514;9
515;19
516;51
517;59
518;58
519;27
520;27
521;39
522;1
523;2
524;74
525;81
526;67
527;62
528;65
529;57
530;29
531;58
532;60
533;39
534;34
535;10
536;65
537;25
538;25
539;57
540;63
541;6
542;14
543;9
544;22
545;35
546;5
547;2
548;22
549;21
550;45
551;20
552;54
553;57
554;37
555;29
556;22
557;38
558;26
559;11
560;10
561;41
562;37
563;4
564;35
565;38
566;0
567;48
568;60
569;71
570;26
571;47
572;21
573;5
574;53
575;38
576;34
577;7
578;8
579;15
580;92
581;61
582;26
583;2
584;19
585;75
586;83
587;62
588;57
589;55
590;45
591;26
592;80
593;71
594;65
595;22
596;46
597;67
598;72
599;61
600;52
601;58
602;80
603;69
604;27
605;11
606;62
607;35
608;27
609;7
610;42
611;58
612;13
613;36
614;47
615;18
616;8
617;17
618;17
619;23
620;73
621;61
622;75
623;51
624;33
625;33
626;1
627;44
628;38
629;38
630;47
631;32
632;14
633;4
634;41
635;56
636;43
637;29
638;6
639;9
640;30
641;38
642;2
643;33
644;33
645;1
646;14
647;1
648;38
649;76
650;35
651;25
652;64
653;49
654;29
655;45
656;10
657;14
658;42
659;62
660;17
661;7
662;51
663;44
664;35
665;17
666;18
667;49
668;38
669;37
670;12
671;12
672;56
673;67
674;81
675;37
676;14
677;39
678;52
679;71
680;40
681;54
682;46
683;20
684;61
685;75
686;45
687;41
688;52
689;68
690;58
691;57
692;64
693;26
694;25
695;42
696;4
697;0
698;65
699;67
700;36
701;37
702;58
703;51
704;21
705;64
706;89
707;68
708;45
709;55
710;8
711;67
712;70
713;73
714;32
715;35
716;81
717;36
718;7
719;13
720;44
721;24
722;37
723;4
724;12
725;0
726;42
727;36
728;52
729;52
730;70
731;41
732;40
733;12
734;16
735;59
736;57
737;66
738;45
739;31
740;1
741;37
742;30
743;51
744;91
745;30
746;46
747;7
748;11
749;14
750;38
751;76
752;19
753;27
754;64
755;70
756;64
757;75
758;67
759;21
760;32
761;57
762;19
763;31
764;37
765;2
766;43
767;62
768;19
769;30
770;74
771;71
772;53
773;88
774;42
775;65
776;81
777;50
778;34
779;24
780;66
781;20
782;35
783;53
784;91
785;59
786;17
787;12
788;80
789;80
790;63
791;61
792;54
793;30
794;64
795;64
796;58
797;53
798;31
799;23
800;39
801;39
802;26
803;39
804;40
805;16
806;63
807;31
808;62
809;6
810;16
811;11
812;24
813;32
814;0
815;12
816;35
817;48
818;17
819;16
820;62
821;57
822;40
823;79
824;54
825;35
826;10
827;10
828;62
829;31
830;65
831;47
832;64
833;12
834;17
835;52
836;64
837;61
838;63
839;44
840;17
841;12
842;33
843;55
844;19
845;62
846;68
847;75
848;27
849;30
850;32
851;28
852;6
853;31
854;37
855;10
856;11
857;14
858;44
859;35
860;10
861;1
862;26
863;30
864;3
865;44
866;30
867;9
868;9
869;30
870;26
871;78
872;30
873;32
874;34
875;8
876;16
877;35
878;46
879;10
880;53
881;91
882;34
883;75
884;34
885;62
886;49
887;21
888;49
889;37
890;45
891;59
892;22
893;24
894;43
895;21
896;21
897;48
898;63
899;57
900;35
901;7
902;17
903;48
904;35
905;3
906;4
907;87
908;55
909;63
910;10
911;27
912;41
913;29
914;5
915;44
916;73
917;43
918;47
919;29
920;7
921;12
922;34
923;28
924;7
925;17
926;64
927;24
928;67
929;64
930;53
931;91
932;71
933;19
934;66
935;74
936;61
937;44
938;22
939;16
940;81
941;57
942;55
943;35
944;6
945;12
946;53
947;48
948;45
949;59
950;19
951;20
952;92
953;27
954;23
955;16
956;34
957;38
958;41
959;2
960;14
961;29
962;25
963;3
964;4
965;28
966;63
967;67
968;40
969;27
970;3
971;2
972;9
973;60
974;80
975;52
976;64
977;36
978;28
979;4
980;3
981;80
982;44
983;20
984;4
985;0
986;5
987;34
988;18
989;65
990;65
991;58
992;36
993;63
994;15
995;14
996;27
997;71
998;59
999;48
1000;21
1001;68
1002;53
1003;19
1004;80
1005;22
1006;43
1007;9
1008;72
1009;26
1010;70
1011;80
1012;34
1013;38
1014;4
1015;3
1016;50
1017;49
1018;62
1019;55
1020;31
1021;52
1022;14
1023;18
1024;76
1025;72
1026;75
1027;33
1028;35
1029;34
1030;9
1031;9
1032;22
1033;37
1034;72
1035;35
1036;32
1037;8
1038;14
1039;29
1040;30
1041;61
1042;43
1043;46
1044;1
1045;1
1046;2
1047;2
1048;85
1049;71
1050;38
1051;45
1052;6
1053;10
1054;93
1055;73
1056;81
1057;37
1058;29
1059;9
1060;1
1061;27
1062;43
1063;3
1064;3
1065;43
1066;41
1067;42
1068;2
1069;4
1070;34
1071;22
1072;43
1073;23
1074;33
1075;79
1076;54
1077;76
1078;51
1079;53
1080;71
1081;36
1082;89
1083;33
1084;31
1085;25
1086;22
1087;82
1088;51
1089;42
1090;37
1091;48
1092;14
1093;45
1094;42
1095;10
1096;62
1097;27
1098;18
1099;7
1100;15
1101;9
1102;77
1103;62
1104;39
1105;71
1106;59
1107;93
1108;60
1109;24
1110;26
1111;80
1112;48
1113;64
1114;73
1115;34
1116;48
1117;48
1118;53
1119;37
1120;59
1121;40
1122;43
1123;11
1124;17
1125;77
1126;100
1127;20
1128;36
1129;44
1130;30
1131;11
1132;16
1133;23
1134;43
1135;36
1136;29
1137;0
1138;60
1139;40
1140;14
1141;14
1142;70
1143;60
1144;43
1145;68
1146;53
1147;50
1148;38
1149;13
1150;71
1151;62
1152;42
1153;36
1154;8
1155;2
1156;50
1157;54
1158;9
1159;11
1160;22
1161;6
1162;8
1163;32
1164;24
1165;1
1166;16
1167;59
1168;34
1169;40
1170;27
1171;4
1172;1
1173;23
1174;65
1175;34
1176;46
1177;38
1178;65
1179;87
1180;87
1181;65
1182;44
1183;19
1184;45
1185;47
1186;10
1187;16
1188;18
1189;37
1190;32
1191;70
1192;88
1193;39
1194;40
1195;31
1196;14
1197;16
1198;3
1199;58
1200;19
1201;23
1202;42
1203;2
1204;10
1205;27
1206;49
1207;78
1208;45
1209;32
1210;38
1211;2
1212;3
1213;45
1214;35
1215;14
1216;11
1217;17
1218;32
1219;60
1220;15
1221;8
1222;45
1223;30
1224;8
1225;17
1226;49
1227;37
1228;15
1229;15
1230;7
1231;44
1232;33
1233;15
1234;20
1235;40
1236;1
1237;17
1238;3
1239;5
1240;6
1241;84
1242;84
1243;41
1244;49
1245;3
1246;5
1247;37
1248;59
1249;71
1250;47
1251;66
1252;54
1253;64
1254;51
1255;64
1256;25
1257;67
1258;39
1259;45
1260;7
1261;34
1262;62
1263;65
1264;79
1265;72
1266;92
1267;32
1268;37
1269;5
1270;68
1271;95
1272;25
1273;61
1274;45
1275;31
1276;1
1277;3
1278;54
1279;56
1280;15
1281;13
1282;46
1283;34
1284;19
1285;94
1286;44
1287;32
1288;37
1289;17
1290;78
1291;54
1292;21
1293;25
1294;25
1295;64
1296;20
1297;52
1298;47
1299;51
1300;52
1301;49
1302;42
1303;14
1304;13
1305;44
1306;33
1307;11
1308;2
1309;80
1310;64
1311;20
1312;51
1313;29
1314;48
1315;47
1316;4
1317;3
1318;70
1319;30
1320;23
1321;50
1322;73
1323;60
1324;53
1325;34
1326;74
1327;52
1328;76
1329;19
1330;20
1331;25
1332;39
1333;23
1334;62
1335;36
1336;43
1337;75
1338;44
1339;53
1340;62
1341;54
1342;41
1343;24
1344;19
1345;22
1346;33
1347;68
1348;31
1349;68
1350;48
1351;60
1352;28
1353;18
1354;13
1355;17
1356;72
1357;51
1358;32
1359;64
1360;11
1361;16
1362;36
1363;1
1364;78
1365;66
1366;64
1367;52
1368;28
1369;29
1370;10
1371;6
1372;27
1373;34
1374;46
1375;60
1376;17
1377;15
1378;23
1379;73
1380;31
1381;40
1382;1
1383;5
1384;34
1385;37
1386;3
1387;13
1388;5
1389;0
1390;65
1391;60
1392;57
1393;74
1394;64
1395;51
1396;38
1397;90
1398;88
1399;63
1400;62
1401;36
1402;38
1403;8
1404;6
1405;17
1406;57
1407;69
1408;52
1409;34
1410;44
1411;49
1412;36
1413;15
1414;39
1415;32
1416;14
1417;9
1418;13
1419;66
1420;74
1421;81
1422;73
1423;68
1424;24
1425;19
1426;72
1427;33
1428;39
1429;14
1430;24
1431;37
1432;42
1433;40
1434;9
1435;68
1436;39
1437;32
1438;1
1439;48
1440;18
1441;27
1442;52
1443;70
1444;58
1445;40
1446;7
1447;7
1448;54
1449;43
1450;45
1451;37
1452;36
1453;15
1454;4
1455;34
1456;58
1457;46
1458;40
1459;36
1460;86
1461;48
1462;49
1463;55
1464;42
1465;10
1466;11
1467;60
1468;65
1469;76
1470;39
1471;67
1472;76
1473;27
1474;39
1475;43
1476;1
1477;15
1478;48
1479;45
1480;3
1481;14
1482;59
1483;20
1484;64
1485;62
1486;28
1487;42
1488;5
1489;2
1490;72
1491;55
1492;51
1493;77
1494;53
1495;86
1496;70
1497;35
1498;65
1499;36
1500;30
1501;18
1502;14
1503;10
1504;7
1505;77
1506;62
1507;52
1508;62
1509;53
1510;54
1511;34
1512;80
1513;24
1514;38
1515;43
1516;1
1517;17
1518;13
1519;50
1520;39
1521;7
1522;12
1523;17
1524;53
1525;38
1526;16
1527;13
1528;90
1529;28
1530;37
1531;41
1532;14
1533;14
1534;51
1535;72
1536;37
1537;49
1538;15
1539;0
1540;42
1541;32
1542;58
1543;10
1544;14
1545;51
1546;35
1547;9
1548;18
1549;48
1550;64
1551;77
1552;37
1553;61
1554;74
1555;23
1556;24
1557;0
1558;3
1559;12
1560;72
1561;47
1562;36
1563;72
1564;62
1565;64
1566;55
1567;58
1568;51
1569;67
1570;52
1571;59
1572;12
1573;17
1574;10
1575;9
1576;35
1577;46
1578;5
1579;0
1580;27
1581;34
1582;3
1583;5
1584;57
1585;50
1586;34
1587;55
1588;14
1589;16
1590;14
1591;11
1592;42
1593;1
1594;15
1595;79
1596;64
1597;31
1598;31
1599;46
1600;9
1601;1
1602;52
1603;62
1604;7
1605;18
1606;16
1607;13
1608;72
1609;39
1610;34
1611;11
1612;14
1613;9
1614;75
1615;62
1616;66
1617;19
1618;31
1619;48
1620;16
1621;14
1622;19
1623;71
1624;47
1625;20
1626;73
1627;57
1628;31
1629;84
1630;72
1631;47
1632;68
1633;57
1634;21
1635;36
1636;25
1637;21
1638;23
1639;56
1640;63
1641;20
1642;51
1643;46
1644;59
1645;31
1646;1
1647;16
1648;28
1649;63
1650;57
1651;76
1652;52
1653;86
1654;41
1655;33
1656;41
1657;6
1658;10
1659;87
1660;49
1661;74
1662;77
1663;37
1664;55
1665;49
1666;80
1667;81
1668;67
1669;33
1670;37
1671;2
1672;16
1673;51
1674;21
1675;22
1676;9
1677;4
1678;59
1679;69
1680;41
1681;47
1682;9
1683;14
1684;18
1685;9
1686;40
1687;85
1688;55
1689;49
1690;28
1691;12
1692;75
1693;66
1694;57
1695;22
1696;63
1697;25
1698;31
1699;0
1700;5
1701;39
1702;46
1703;3
1704;15
1705;54
1706;65
1707;88
1708;22
1709;28
1710;11
1711;5
1712;64
1713;29
1714;10
1715;9
1716;6
1717;68
1718;73
1719;57
1720;51
1721;52
1722;62
1723;45
1724;45
1725;79
1726;64
1727;50
1728;49
1729;40
1730;48
1731;45
1732;11
1733;4
1734;2
1735;30
1736;59
1737;9
1738;6
1739;9
1740;43
1741;24
1742;9
1743;5
1744;82
1745;44
1746;39
1747;11
1748;0
1749;27
1750;71
1751;72
1752;25
1753;46
1754;22
1755;83
1756;40
1757;49
1758;37
1759;9
1760;7
1761;15
1762;40
1763;52
1764;19
1765;72
1766;42
1767;43
1768;39
1769;9
1770;15
1771;80
1772;61
1773;62
1774;19
1775;81
1776;89
1777;66
1778;46
1779;37
1780;11
1781;6
1782;20
1783;54
1784;39
1785;40
1786;88
1787;65
1788;27
1789;42
1790;13
1791;7
1792;34
1793;39
1794;5
1795;9
1796;5
1797;5
1798;46
1799;18
1800;7
1801;43
1802;46
1803;17
1804;64
1805;57
1806;78
1807;25
1808;53
1809;59
1810;58
1811;60
1812;21
1813;84
1814;67
1815;61
1816;67
1817;78
1818;30
1819;26
1820;63
1821;59
1822;14
1823;8
1824;14
1825;60
1826;74
1827;24
1828;49
1829;2
1830;3
1831;47
1832;37
1833;48
1834;7
1835;33
1836;18
1837;60
1838;59
1839;64
1840;28
1841;37
1842;14
1843;36
1844;76
1845;43
1846;19
1847;24
1848;55
1849;53
1850;32
1851;48
1852;44
1853;2
1854;5
1855;39
1856;77
1857;36
1858;65
1859;57
1860;47
1861;16
1862;43
1863;30
1864;14
1865;63
1866;61
1867;43
1868;12
1869;61
1870;48
1871;65
1872;50
1873;27
1874;17
1875;10
1876;65
1877;70
1878;19
1879;49
1880;2
1881;5
1882;40
1883;53
1884;65
1885;24
1886;46
1887;22
1888;44
1889;53
1890;52
1891;52
1892;64
1893;43
1894;48
1895;61
1896;77
1897;46
1898;58
1899;53
1900;37
1901;36
1902;73
1903;51
1904;33
1905;16
1906;19
1907;25
1908;73
1909;52
1910;57
1911;70
1912;29
1913;43
1914;44
1915;43
1916;38
1917;1
1918;3
1919;43
1920;26
1921;25
1922;19
1923;63
1924;68
1925;25
1926;39
1927;47
1928;0
1929;36
1930;36
1931;16
1932;15
1933;11
1934;37
1935;37
1936;52
1937;58
1938;26
1939;47
1940;12
1941;8
1942;73
1943;65
1944;57
1945;21
1946;56
1947;64
1948;8
1949;72
1950;41
1951;50
1952;10
1953;48
1954;17
1955;34
1956;35
1957;12
1958;11
1959;9
1960;24
1961;29
1962;27
1963;9
1964;58
1965;65
1966;23
1967;46
1968;26
1969;22
1970;47
1971;48
1972;10
1973;17
1974;14
1975;55
1976;48
1977;12
1978;16
1979;38
1980;33
1981;40
1982;12
1983;58
1984;56
1985;23
1986;34
1987;5
1988;17
1989;1
1990;83
1991;29
1992;47
1993;44
1994;23
1995;26
1996;36
1997;57
1998;19
1999;80
2000;70
2001;55
2002;83
2003;41
2004;34
2005;2
2006;5
2007;50
2008;47
2009;52
2010;51
2011;6
2012;17
2013;9
2014;34
2015;36
2016;13
2017;1
2018;25
2019;78
2020;91
2021;52
2022;67
2023;37
2024;38
2025;29
2026;1
2027;5
2028;28
2029;61
2030;52
2031;54
2032;60
2033;59
2034;38
2035;29
2036;44
2037;1
2038;1
2039;2
2040;6
2041;71
2042;47
2043;71
2044;48
2045;20
2046;47
2047;4
2048;35
2049;20
2050;5
2051;19
2052;52
2053;64
2054;20
2055;22
2056;63
2057;48
2058;20
2059;85
2060;27
2061;20
2062;24
2063;56
2064;34
2065;64
2066;20
2067;49
2068;37
2069;53
2070;76
2071;59
2072;25
2073;29
2074;40
2075;37
2076;11
2077;7
2078;65
2079;63
2080;45
2081;55
2082;15
2083;9
2084;65
2085;28
2086;64
2087;71
2088;24
2089;31
2090;32
2091;5
2092;45
2093;41
2094;14
2095;4
2096;85
2097;59
2098;29
2099;10
2100;17
2101;85
2102;80
2103;68
2104;70
2105;93
2106;75
2107;34
2108;20
2109;4
2110;0
2111;51
2112;48
2113;38
2114;8
2115;10
2116;64
2117;63
2118;59
2119;29
2120;11
2121;68
2122;50
2123;34
2124;40
2125;17
2126;4
2127;75
2128;46
2129;68
2130;31
2131;64
2132;44
2133;38
2134;4
2135;3
2136;0
2137;2
2138;71
2139;87
2140;74
2141;67
2142;37
2143;43
2144;4
2145;33
2146;47
2147;13
2148;13
2149;52
2150;64
2151;43
2152;67
2153;49
2154;42
2155;14
2156;16
2157;17
2158;16
2159;34
2160;80
2161;47
2162;64
2163;20
2164;78
2165;32
2166;37
2167;3
2168;3
2169;64
2170;72
2171;81
2172;46
2173;22
2174;34
2175;0
2176;11
2177;34
2178;21
2179;9
2180;5
2181;42
2182;45
2183;17
2184;4
2185;23
2186;40
2187;15
2188;11
2189;36
2190;66
2191;53
2192;57
2193;68
2194;38
2195;34
2196;1
2197;3
2198;2
2199;37
2200;42
2201;0
2202;7
2203;73
2204;47
2205;52
2206;45
2207;52
2208;30
2209;43
2210;9
2211;4
2212;7
2213;19
2214;39
2215;92
2216;46
2217;38
2218;6
2219;63
2220;28
2221;46
2222;85
2223;55
2224;50
2225;74
2226;68
2227;60
2228;51
2229;34
2230;71
2231;29
2232;44
2233;17
2234;9
2235;31
2236;34
2237;10
2238;11
2239;72
2240;55
2241;23
2242;44
2243;26
2244;43
2245;3
2246;5
2247;33
2248;35
2249;29
2250;50
2251;8
2252;37
2253;40
2254;13
2255;81
2256;35
2257;40
2258;4
2259;4
2260;34
2261;45
2262;47
2263;11
2264;70
2265;63
2266;40
2267;66
2268;75
2269;54
2270;28
2271;55
2272;48
2273;60
2274;52
2275;36
2276;48
2277;10
2278;64
2279;58
2280;29
2281;31
2282;52
2283;57
2284;50
2285;62
2286;20
2287;55
2288;43
2289;14
2290;41
2291;74
2292;59
2293;20
2294;33
2295;0
2296;53
2297;27
2298;66
2299;64
2300;27
2301;32
2302;28
2303;1
2304;6
2305;51
2306;68
2307;53
2308;79
2309;84
2310;67
2311;42
2312;44
2313;59
2314;44
2315;65
2316;72
2317;43
2318;59
2319;68
2320;50
2321;10
2322;17
2323;29
2324;42
2325;26
2326;4
2327;5
2328;62
2329;63
2330;26
2331;40
2332;80
2333;31
2334;30
2335;32
2336;2
2337;5
2338;77
2339;64
2340;80
2341;19
2342;35
2343;34
2344;57
2345;53
2346;23
2347;59
2348;40
2349;64
2350;61
2351;39
2352;19
2353;47
2354;50
2355;28
2356;9
2357;10
2358;51
2359;52
2360;52
2361;52
2362;27
2363;43
2364;5
2365;4
2366;73
2367;70
2368;45
2369;21
2370;70
2371;58
2372;66
2373;26
2374;22
2375;5
2376;50
2377;16
2378;57
2379;38
2380;64
2381;53
2382;56
2383;36
2384;52
2385;8
2386;13
2387;19
2388;30
2389;68
2390;33
2391;50
2392;61
2393;25
2394;70
2395;27
2396;24
2397;76
2398;19
2399;29
2400;37
2401;34
2402;5
2403;50
2404;51
2405;79
2406;58
2407;40
2408;19
2409;3
2410;31
2411;26
2412;15
2413;3
2414;0
2415;64
2416;60
2417;41
2418;33
2419;4
2420;53
2421;63
2422;40
2423;58
2424;75
2425;45
2426;20
2427;47
2428;39
2429;50
2430;31
2431;41
2432;18
2433;17
2434;38
2435;84
2436;46
2437;91
2438;59
2439;61
2440;30
2441;48
2442;5
2443;40
2444;35
2445;2
2446;2
2447;50
2448;56
2449;44
2450;49
2451;29
2452;7
2453;3
2454;15
2455;69
2456;49
2457;37
2458;41
2459;20
2460;38
2461;24
2462;63
2463;66
2464;37
2465;60
2466;98
2467;27
2468;48
2469;37
2470;19
2471;4
2472;70
2473;40
2474;20
2475;31
2476;69
2477;49
2478;32
2479;37
2480;0
2481;12
2482;41
2483;61
2484;32
2485;57
2486;57
2487;49
2488;6
2489;12
2490;58
2491;81
2492;64
2493;63
2494;21
2495;61
2496;53
2497;73
2498;43
2499;25
2500;0
2501;5
2502;53
2503;44
2504;37
2505;1
2506;10
2507;5
2508;35
2509;27
2510;82
2511;66
2512;54
2513;63
2514;13
2515;12
2516;26
2517;38
2518;0
2519;1
2520;61
2521;47
2522;74
2523;35
2524;86
2525;94
2526;26
2527;16
2528;59
2529;27
2530;23
2531;2
2532;74
2533;62
2534;29
2535;25
2536;53
2537;47
2538;27
2539;6
2540;84
2541;71
2542;36
2543;43
2544;3
2545;4
2546;43
2547;44
2548;18
2549;1
2550;35
2551;29
2552;2
2553;2
2554;59
2555;52
2556;50
2557;63
2558;88
2559;49
2560;72
2561;51
2562;71
2563;88
2564;19
2565;59
2566;61
2567;41
2568;2
2569;34
2570;71
2571;45
2572;45
2573;84
2574;88
2575;44
2576;44
2577;10
2578;11
2579;6
2580;31
2581;43
2582;7
2583;44
2584;30
2585;5
2586;11
2587;47
2588;32
2589;53
2590;53
2591;41
2592;11
2593;51
2594;63
2595;63
2596;24
2597;74
2598;65
2599;69
2600;30
2601;50
2602;18
2603;10
2604;58
2605;83
2606;84
2607;51
2608;51
2609;37
2610;36
2611;4
2612;4
2613;75
2614;60
2615;63
2616;23
2617;39
2618;16
2619;46
2620;37
2621;21
2622;57
2623;75
2624;25
2625;36
2626;2
2627;1
2628;30
2629;53
2630;11
2631;11
2632;16
2633;63
2634;65
2635;61
2636;11
2637;36
2638;47
2639;17
2640;41
2641;19
2642;19
2643;50
2644;44
2645;59
2646;76
2647;55
2648;75
2649;41
2650;80
2651;41
2652;47
2653;14
2654;12
2655;93
2656;54
2657;67
2658;73
2659;38
2660;59
2661;6
2662;9
2663;45
2664;38
2665;8
2666;16
2667;18
2668;27
2669;13
2670;76
2671;19
2672;36
2673;6
2674;9
2675;34
2676;32
2677;3
2678;42
2679;58
2680;9
2681;9
2682;44
2683;43
2684;13
2685;6
2686;16
2687;28
2688;36
2689;1
2690;61
2691;30
2692;54
2693;18
2694;15
2695;30
2696;41
2697;56
2698;69
2699;71
2700;81
2701;76
2702;71
2703;23
2704;38
2705;45
2706;44
2707;20
2708;32
2709;29
2710;61
2711;31
2712;36
2713;5
2714;91
2715;54
2716;71
2717;78
2718;70
2719;71
2720;34
2721;43
2722;22
2723;40
2724;63
2725;13
2726;12
2727;18
2728;34
2729;40
2730;9
2731;10
2732;50
2733;47
2734;37
2735;56
2736;27
2737;10
2738;56
2739;70
2740;49
2741;21
2742;5
2743;17
2744;3
2745;66
2746;19
2747;27
2748;19
2749;68
2750;48
2751;50
2752;47
2753;15
2754;11
2755;33
2756;47
2757;60
2758;41
2759;43
2760;4
2761;3
2762;20
2763;53
2764;46
2765;68
2766;66
2767;41
2768;39
2769;30
2770;4
2771;9
2772;53
2773;51
2774;74
2775;63
2776;48
2777;18
2778;12
2779;41
2780;38
2781;16
2782;6
2783;9
2784;28
2785;67
2786;69
2787;40
2788;50
2789;15
2790;17
2791;6
2792;37
2793;44
2794;52
2795;9
2796;9
2797;33
2798;25
2799;3
2800;5
2801;41
2802;10
2803;17
2804;42
2805;91
2806;80
2807;47
2808;36
2809;2
2810;0
2811;46
2812;34
2813;1
2814;5
2815;0
2816;55
2817;34
2818;41
2819;14
2820;9
2821;75
2822;51
2823;26
2824;32
2825;5
2826;4
2827;40
2828;60
2829;60
2830;29
2831;22
2832;3
2833;14
2834;12
2835;35
2836;35
2837;0
2838;68
2839;55
2840;40
2841;38
2842;14
2843;9
2844;35
2845;51
2846;62
2847;36
2848;7
2849;15
2850;31
2851;34
2852;3
2853;3
2854;7
2855;79
2856;71
2857;29
2858;57
2859;8
2860;8
2861;51
2862;38
2863;36
2864;47
2865;9
2866;15
2867;10
2868;20
2869;74
2870;75
2871;43
2872;26
2873;59
2874;79
2875;31
2876;80
2877;31
2878;34
2879;18
2880;28
2881;34
2882;41
2883;57
2884;37
2885;27
2886;37
2887;17
2888;14
2889;64
2890;57
2891;52
2892;22
2893;51
2894;54
2895;60
2896;70
2897;54
2898;38
2899;28
2900;12
2901;65
2902;37
2903;47
2904;54
2905;12
2906;9
2907;59
2908;22
2909;49
2910;34
2911;16
2912;15
2913;8
2914;35
2915;37
2916;54
2917;48
2918;9
2919;16
2920;71
2921;26
2922;66
2923;34
2924;47
2925;0
2926;8
2927;15
2928;81
2929;67
2930;48
2931;19
2932;82
2933;81
2934;38
2935;75
2936;76
2937;39
2938;40
2939;12
2940;16
2941;40
2942;46
2943;46
2944;54
2945;62
2946;86
2947;26
2948;4
2949;61
2950;51
2951;63
2952;63
2953;17
2954;15
2955;11
2956;51
2957;57
2958;49
2959;43
2960;62
2961;24
2962;19
2963;49
2964;42
2965;21
2966;19
2967;21
2968;39
2969;56
2970;70
2971;65
2972;46
2973;41
2974;11
2975;13
2976;58
2977;64
2978;19
2979;34
2980;4
2981;2
2982;56
2983;74
2984;23
2985;41
2986;17
2987;2
2988;58
2989;19
2990;49
2991;41
2992;2
2993;17
2994;67
2995;74
2996;31
2997;29
2998;7
2999;64
3000;49
3001;13
3002;15
3003;13
3004;24
3005;31
3006;27
3007;28
3008;1
3009;3
3010;24
3011;39
3012;91
3013;69
3014;55
3015;63
3016;29
3017;10
3018;60
3019;33
3020;18
3021;17
3022;38
3023;22
3024;56
3025;50
3026;22
3027;27
3028;46
3029;27
3030;12
3031;18
3032;7
3033;64
3034;59
3035;14
3036;12
3037;54
3038;41
3039;29
3040;46
3041;1
3042;4
3043;48
3044;5
3045;78
3046;60
3047;59
3048;57
3049;56
3050;17
3051;14
3052;7
3053;21
3054;81
3055;37
3056;19
3057;19
3058;77
3059;81
3060;47
3061;66
3062;81
3063;55
3064;95
3065;33
3066;14
3067;64
3068;27
3069;9
3070;15
3071;36
3072;34
3073;16
3074;10
3075;15
3076;61
3077;69
3078;57
3079;58
3080;64
3081;42
3082;55
3083;61
3084;6
3085;72
3086;34
3087;23
3088;75
3089;46
3090;88
3091;56
3092;73
3093;25
3094;22
3095;19
3096;72
3097;70
3098;35
3099;33
3100;7
3101;11
3102;6
3103;84
3104;41
3105;38
3106;64
3107;35
3108;43
3109;15
3110;7
3111;62
3112;38
3113;19
3114;4
3115;31
3116;53
3117;70
3118;33
3119;34
3120;10
3121;18
3122;9
3123;46
3124;8
3125;8
3126;35
3127;54
3128;11
3129;18
3130;89
3131;41
3132;39
3133;17
3134;5
3135;39
3136;22
3137;96
3138;55
3139;59
3140;46
3141;36
3142;3
3143;24
3144;72
3145;58
3146;44
3147;6
3148;14
3149;70
3150;27
3151;48
3152;5
3153;4
3154;0
3155;59
3156;32
3157;13
3158;16
3159;64
3160;45
3161;84
3162;76
3163;52
3164;39
3165;29
3166;0
3167;4
3168;2
3169;39
3170;38
3171;3
3172;53
3173;59
3174;50
3175;41
3176;33
3177;19
3178;35
3179;30
3180;2
3181;4
3182;80
3183;52
3184;73
3185;19
3186;73
3187;49
3188;60
3189;52
3190;52
3191;43
3192;56
3193;58
3194;95
3195;56
3196;61
3197;33
3198;33
3199;38
3200;14
3201;48
3202;69
3203;74
3204;81
3205;40
3206;6
3207;11
3208;58
3209;57
3210;76
3211;29
3212;21
3213;81
3214;59
3215;70
3216;58
3217;64
3218;14
3219;9
3220;31
3221;48
3222;17
3223;15
3224;44
3225;49
3226;10
3227;17
3228;71
3229;26
3230;22
3231;2
3232;7
3233;32
3234;29
3235;9
3236;2
3237;32
3238;48
3239;37
3240;19
3241;12
3242;3
3243;25
3244;69
3245;94
3246;58
3247;59
3248;68
3249;82
3250;57
3251;42
3252;11
3253;16
3254;34
3255;40
3256;12
3257;62
3258;84
3259;40
3260;72
3261;75
3262;49
3263;36
3264;44
3265;8
3266;9
3267;18
3268;21
3269;38
3270;21
3271;43
3272;34
3273;36
3274;45
3275;11
3276;14
3277;29
3278;45
3279;17
3280;1
3281;36
3282;21
3283;29
3284;25
3285;49
3286;4
3287;5
3288;61
3289;59
3290;51
3291;63
3292;46
3293;18
3294;63
3295;52
3296;57
3297;79
3298;64
3299;75
3300;19
3301;60
3302;47
3303;62
3304;52
3305;47
3306;38
3307;47
3308;7
3309;14
3310;75
3311;53
3312;48
3313;58
3314;64
3315;72
3316;38
3317;29
3318;31
3319;37
3320;4
3321;4
3322;80
3323;55
3324;26
3325;65
3326;23
3327;24
3328;55
3329;21
3330;25
3331;27
3332;42
3333;33
3334;60
3335;34
3336;48
3337;8
3338;11
3339;81
3340;76
3341;45
3342;19
3343;23
3344;73
3345;23
3346;43
3347;32
3348;6
3349;6
3350;37
3351;34
3352;17
3353;14
3354;7
3355;17
3356;32
3357;43
3358;3
3359;0
3360;59
3361;26
3362;15
3363;12
3364;62
3365;49
3366;13
3367;8
3368;46
3369;69
3370;64
3371;38
3372;44
3373;37
3374;44
3375;21
3376;51
3377;20
3378;74
3379;67
3380;79
3381;50
3382;53
3383;48
3384;52
3385;40
3386;36
3387;8
3388;4
3389;12
3390;64
3391;49
3392;73
3393;59
3394;50
3395;29
3396;15
3397;18
3398;63
3399;52
3400;66
3401;51
3402;23
3403;29
3404;32
3405;14
3406;13
3407;26
3408;53
3409;49
3410;15
3411;17
3412;11
3413;47
3414;12
3415;53
3416;73
3417;64
3418;6
3419;10
3420;64
3421;73
3422;33
3423;33
3424;7
3425;14
3426;22
3427;63
3428;81
3429;51
3430;49
3431;40
3432;14
3433;17
3434;70
3435;75
3436;27
3437;23
3438;66
3439;71
3440;65
3441;40
3442;56
3443;43
3444;7
3445;15
3446;25
3447;67
3448;26
3449;66
3450;42
3451;37
3452;42
3453;75
3454;57
3455;52
3456;42
3457;63
3458;7
3459;15
3460;49
3461;28
3462;5
3463;76
3464;54
3465;64
3466;71
3467;37
3468;57
3469;45
3470;18
3471;8
3472;45
3473;28
3474;93
3475;56
3476;44
3477;9
3478;48
3479;52
3480;33
3481;37
3482;2
3483;12
3484;74
3485;40
3486;32
3487;70
3488;65
3489;32
3490;43
3491;8
3492;18
3493;6
3494;30
3495;19
3496;44
3497;31
3498;17
3499;7
3500;57
3501;30
3502;17
3503;9
3504;49
3505;50
3506;49
3507;18
3508;10
3509;42
3510;17
3511;68
3512;52
3513;50
3514;62
3515;67
3516;21
3517;32
3518;16
3519;38
3520;64
3521;82
3522;56
3523;37
3524;47
3525;3
3526;17
3527;5
3528;1
3529;29
3530;31
3531;5
3532;7
3533;37
3534;48
3535;13
3536;87
3537;68
3538;65
3539;54
3540;58
3541;65
3542;19
3543;60
3544;68
3545;57
3546;70
3547;69
3548;38
3549;22
3550;78
3551;69
3552;70
3553;55
3554;37
3555;32
3556;46
3557;33
3558;86
3559;36
3560;45
3561;69
3562;58
3563;26
3564;41
3565;3
3566;1
3567;11
3568;72
3569;63
3570;37
3571;25
3572;5
3573;14
3574;46
3575;22
3576;36
3577;31
3578;9
3579;3
3580;32
3581;27
3582;40
3583;4
3584;3
3585;75
3586;34
3587;48
3588;0
3589;59
3590;68
3591;47
3592;50
3593;18
3594;13
3595;60
3596;46
3597;62
3598;32
3599;73
3600;57
3601;65
3602;34
3603;45
3604;64
3605;20
3606;52
3607;49
3608;50
3609;83
3610;63
3611;36
3612;32
3613;31
3614;3
3615;13
3616;95
3617;48
3618;32
3619;42
3620;8
3621;27
3622;19
3623;1
3624;8
3625;14
3626;60
3627;59
3628;46
3629;52
3630;59
3631;45
3632;8
3633;7
3634;75
3635;54
3636;75
3637;46
3638;19
3639;85
3640;19
3641;40
3642;45
3643;69
3644;19
3645;23
3646;34
3647;55
3648;37
3649;22
3650;43
3651;38
3652;2
3653;14
3654;51
3655;38
3656;51
3657;7
3658;8
3659;48
3660;26
3661;39
3662;24
3663;21
3664;20
3665;38
3666;1
3667;68
3668;70
3669;65
3670;43
3671;49
3672;34
3673;10
3674;12
3675;53
3676;60
3677;51
3678;62
3679;31
3680;53
3681;48
3682;7
3683;15
3684;70
3685;20
3686;41
3687;64
3688;74
3689;93
3690;48
3691;31
3692;32
3693;10
3694;38
3695;36
3696;17
3697;82
3698;31
3699;74
3700;61
3701;30
3702;10
3703;6
3704;26
3705;68
3706;62
3707;33
3708;17
3709;16
3710;6
3711;11
3712;85
3713;73
3714;29
3715;79
3716;81
3717;69
3718;96
3719;27
3720;30
3721;64
3722;62
3723;64
3724;42
3725;40
3726;18
3727;9
3728;21
3729;78
3730;23
3731;43
3732;35
3733;7
3734;60
3735;26
3736;40
3737;7
3738;9
3739;31
3740;63
3741;62
3742;40
3743;40
3744;7
3745;9
3746;3
3747;81
3748;34
3749;47
3750;5
3751;36
3752;32
3753;14
3754;11
3755;11
3756;33
3757;44
3758;5
3759;31
3760;30
3761;34
3762;9
3763;15
3764;74
3765;43
3766;34
3767;6
3768;9
3769;22
3770;83
3771;59
3772;38
3773;21
3774;1
3775;4
3776;6
3777;53
3778;88
3779;54
3780;66
3781;20
3782;84
3783;61
3784;77
3785;25
3786;19
3787;68
3788;37
3789;57
3790;39
3791;58
3792;22
3793;25
3794;56
3795;48
3796;67
3797;35
3798;45
3799;8
3800;16
3801;15
3802;11
3803;42
3804;27
3805;35
3806;42
3807;20
3808;38
3809;36
3810;18
3811;10
3812;65
3813;32
3814;52
3815;54
3816;30
3817;28
3818;33
3819;5
3820;4
3821;87
3822;47
3823;35
3824;47
3825;3
3826;0
3827;72
3828;57
3829;57
3830;57
3831;31
3832;26
3833;0
3834;0
3835;53
3836;46
3837;30
3838;10
3839;15
3840;6
3841;53
3842;24
3843;36
3844;19
3845;43
3846;91
3847;72
3848;28
3849;41
3850;5
3851;3
3852;10
3853;49
3854;19
3855;81
3856;82
3857;38
3858;43
3859;18
3860;11
3861;74
3862;35
3863;62
3864;9
3865;13
3866;44
3867;61
3868;14
3869;8
3870;45
3871;41
3872;7
3873;18
3874;35
3875;43
3876;4
3877;18
3878;66
3879;74
3880;76
3881;38
3882;62
3883;8
3884;7
3885;9
3886;69
3887;88
3888;39
3889;43
3890;18
3891;9
3892;34
3893;54
3894;51
3895;67
3896;67
3897;51
3898;75
3899;53
3900;44
3901;64
3902;86
3903;46
3904;16
3905;3
3906;26
3907;30
3908;13
3909;7
3910;67
3911;36
3912;33
3913;68
3914;75
3915;26
3916;71
3917;69
3918;28
3919;36
3920;34
3921;15
3922;18
3923;57
3924;58
3925;27
3926;51
3927;19
3928;52
3929;93
3930;77
3931;70
3932;52
3933;38
3934;79
3935;79
3936;21
3937;2
3938;24
3939;41
3940;14
3941;61
3942;56
3943;42
3944;6
3945;92
3946;63
3947;40
3948;45
3949;11
3950;11
3951;15
3952;45
3953;51
3954;6
3955;47
3956;58
3957;48
3958;36
3959;38
3960;2
3961;1
3962;59
3963;61
3964;67
3965;58
3966;7
3967;86
3968;85
3969;35
3970;36
3971;6
3972;8
3973;54
3974;72
3975;40
3976;41
3977;6
3978;32
3979;58
3980;7
3981;7
3982;37
3983;27
3984;4
3985;1
3986;15
3987;29
3988;34
3989;17
3990;8
3991;59
3992;37
3993;16
3994;17
3995;39
3996;72
3997;48
3998;72
3999;23
4000;54
4001;75
4002;41
4003;58
4004;31
4005;41
4006;8
4007;8
4008;18
4009;37
4010;28
4011;3
4012;0
4013;64
4014;70
4015;58
4016;51
4017;70
4018;36
4019;30
4020;9
4021;9
4022;50
4023;50
4024;14
4025;12
4026;57
4027;36
4028;15
4029;16
4030;9
4031;43
4032;74
4033;86
4034;36
4035;36
4036;37
4037;1
4038;1
4039;27
4040;33
4041;31
4042;36
4043;17
4044;11
4045;5
4046;55
4047;21
4048;70
4049;69
4050;31
4051;36
4052;9
4053;6
4054;31
4055;15
4056;41
4057;41
4058;1
4059;4
4060;5
4061;11
4062;57
4063;23
4064;30
4065;19
4066;34
4067;52
4068;21
4069;91
4070;38
4071;42
4072;4
4073;6
4074;1
4075;56
4076;62
4077;11
4078;20
4079;68
4080;52
4081;79
4082;68
4083;48
4084;59
4085;37
4086;8
4087;12
4088;25
4089;22
4090;29
4091;66
4092;50
4093;60
4094;38
4095;9
4096;10
4097;59
4098;30
4099;12
4100;8
4101;9
4102;38
4103;44
4104;3
4105;13
4106;66
4107;79
4108;48
4109;54
4110;53
4111;45
4112;31
4113;34
4114;2
4115;79
4116;57
4117;61
4118;48
4119;39
4120;17
4121;6
4122;18
4123;42
4124;42
4125;18
4126;16
4127;17
4128;87
4129;21
4130;30
4131;88
4132;49
4133;30
4134;49
4135;11
4136;51
4137;26
4138;10
4139;33
4140;15
4141;14
4142;51
4143;66
4144;53
4145;61
4146;55
4147;45
4148;32
4149;4
4150;44
4151;65
4152;77
4153;26
4154;45
4155;37
4156;11
4157;8
4158;30
4159;10
4160;29
4161;27
4162;4
4163;10
4164;45
4165;63
4166;67
4167;41
4168;38
4169;42
4170;5
4171;3
4172;69
4173;70
4174;65
4175;30
4176;23
4177;4
4178;64
4179;48
4180;63
4181;75
4182;38
4183;48
4184;3
4185;36
4186;42
4187;3
4188;2
4189;37
4190;63
4191;19
4192;58
4193;52
4194;75
4195;46
4196;57
4197;61
4198;70
4199;33
4200;55
4201;31
4202;40
4203;6
4204;2
4205;3
4206;79
4207;27
4208;45
4209;58
4210;25
4211;32
4212;50
4213;8
4214;61
4215;34
4216;20
4217;7
4218;4
4219;41
4220;13
4221;49
4222;36
4223;17
4224;18
4225;34
4226;44
4227;11
4228;25
4229;31
4230;22
4231;95
4232;38
4233;40
4234;36
4235;9
4236;6
4237;44
4238;42
4239;18
4240;21
4241;88
4242;49
4243;31
4244;38
4245;2
4246;4
4247;48
4248;73
4249;51
4250;35
4251;19
4252;44
4253;58
4254;48
4255;54
4256;48
4257;10
4258;8
4259;79
4260;35
4261;53
4262;25
4263;26
4264;48
4265;52
4266;20
4267;43
4268;26
4269;4
4270;0
4271;7
4272;52
4273;49
4274;45
4275;59
4276;79
4277;52
4278;54
4279;59
4280;88
4281;70
4282;86
4283;21
4284;58
4285;81
4286;33
4287;28
4288;17
4289;2
4290;61
4291;58
4292;28
4293;27
4294;16
4295;45
4296;38
4297;15
4298;12
4299;30
4300;41
4301;14
4302;9
4303;45
4304;48
4305;31
4306;38
4307;11
4308;5
4309;11
4310;2
4311;53
4312;72
4313;70
4314;60
4315;71
4316;55
4317;42
4318;37
4319;6
4320;6
4321;49
4322;68
4323;73
4324;71
4325;32
4326;50
4327;93
4328;33
4329;70
4330;64
4331;69
4332;78
4333;58
4334;63
4335;26
4336;44
4337;51
4338;39
4339;75
4340;20
4341;31
4342;4
4343;0
4344;1
4345;53
4346;71
4347;72
4348;52
4349;53
4350;29
4351;39
4352;41
4353;13
4354;12
4355;3
4356;34
4357;62
4358;15
4359;18
4360;12
4361;22
4362;58
4363;52
4364;31
4365;44
4366;2
4367;5
4368;4
4369;72
4370;46
4371;33
4372;49
4373;3
4374;5
4375;53
4376;63
4377;28
4378;19
4379;14
4380;3
4381;8
4382;5
4383;43
4384;44
4385;52
4386;48
4387;57
4388;50
4389;8
4390;7
4391;17
4392;61
4393;32
4394;34
4395;31
4396;21
4397;20
4398;22
4399;72
4400;29
4401;60
4402;11
4403;52
4404;31
4405;44
4406;24
4407;38
4408;13
4409;35
4410;80
4411;60
4412;47
4413;42
4414;4
4415;9
4416;2
4417;0
4418;0
4419;52
4420;68
4421;19
4422;22
4423;23
4424;19
4425;57
4426;51
4427;13
4428;17
4429;59
4430;26
4431;37
4432;10
4433;2
4434;3
4435;55
4436;20
4437;48
4438;43
4439;14
4440;86
4441;79
4442;32
4443;32
4444;4
4445;5
4446;2
4447;44
4448;69
4449;52
4450;27
4451;87
4452;49
4453;59
4454;53
4455;53
4456;46
4457;33
4458;7
4459;11
4460;13
4461;16
4462;62
4463;70
4464;58
4465;65
4466;84
4467;68
4468;65
4469;21
4470;59
4471;53
4472;28
4473;2
4474;2
4475;36
4476;0
4477;44
4478;35
4479;6
4480;15
4481;58
4482;88
4483;39
4484;3
4485;60
4486;71
4487;39
4488;26
4489;43
4490;62
4491;17
4492;45
4493;61
4494;77
4495;60
4496;31
4497;17
4498;7
4499;48
4500;63
4501;77
4502;38
4503;34
4504;10
4505;6
4506;16
4507;46
4508;35
4509;30
4510;28
4511;68
4512;48
4513;56
4514;42
4515;53
4516;54
4517;83
4518;62
4519;40
4520;59
4521;33
4522;59
4523;26
4524;63
4525;48
4526;47
4527;6
4528;48
4529;67
4530;55
4531;35
4532;8
4533;45
4534;1
4535;43
4536;22
4537;63
4538;20
4539;52
4540;64
4541;37
4542;22
4543;49
4544;10
4545;12
4546;32
4547;35
4548;1
4549;7
4550;36
4551;60
4552;38
4553;48
4554;8
4555;15
4556;41
4557;46
4558;7
4559;7
4560;61
4561;79
4562;58
4563;58
4564;38
4565;9
4566;7
4567;17
4568;44
4569;47
4570;9
4571;29
4572;22
4573;24
4574;27
4575;1
4576;4
4577;28
4578;83
4579;58
4580;39
4581;7
4582;18
4583;42
4584;27
4585;28
4586;8
4587;16
4588;36
4589;20
4590;1
4591;1
4592;25
4593;27
4594;22
4595;64
4596;83
4597;41
4598;56
4599;16
4600;6
4601;83
4602;73
4603;57
4604;44
4605;12
4606;56
4607;64
4608;65
4609;76
4610;61
4611;21
4612;35
4613;33
4614;3
4615;1
4616;1
4617;23
4618;49
4619;2
4620;2
4621;76
4622;73
4623;65
4624;70
4625;56
4626;33
4627;64
4628;85
4629;48
4630;28
4631;80
4632;59
4633;51
4634;15
4635;17
4636;37
4637;67
4638;37
4639;30
4640;38
4641;36
4642;2
4643;4
4644;42
4645;25
4646;72
4647;41
4648;5
4649;26
4650;32
4651;0
4652;1
4653;57
4654;31
4655;10
4656;8
4657;59
4658;85
4659;38
4660;45
4661;1
4662;2
4663;16
4664;36
4665;35
4666;12
4667;3
4668;2
4669;72
4670;28
4671;34
4672;4
4673;2
4674;53
4675;27
4676;46
4677;73
4678;52
4679;66
4680;28
4681;29
4682;28
4683;1
4684;10
4685;0
4686;5
4687;62
4688;71
4689;64
4690;19
4691;52
4692;32
4693;30
4694;6
4695;7
4696;45
4697;53
4698;63
