1;41
2;28
3;5
4;0
5;39
6;44
7;5
8;60
9;73
10;77
11;56
12;29
13;52
14;11
15;45
16;50
17;34
18;55
19;47
20;19
21;33
22;0
23;0
24;28
25;67
26;51
27;83
28;46
29;30
30;56
31;6
32;14
33;65
34;56
35;68
36;33
37;27
38;13
39;45
40;14
41;13
42;53
43;56
44;57
45;63
46;9
47;8
48;39
49;60
50;24
51;31
52;14
53;7
54;46
55;81
56;46
57;33
58;54
59;60
60;20
61;35
62;38
63;12
64;17
65;14
66;61
67;76
68;53
69;23
70;57
71;46
72;37
73;15
74;12
75;24
76;63
77;61
78;85
79;43
80;45
81;33
82;16
83;48
84;46
85;34
86;2
87;1
88;18
89;30
90;41
91;43
92;38
93;53
94;33
95;34
96;3
97;13
98;45
99;58
100;78
101;41
102;54
103;8
104;49
105;48
106;30
107;51
108;47
109;50
110;89
111;65
112;39
113;31
114;37
115;8
116;31
117;38
118;60
119;55
120;51
121;44
122;15
123;45
124;64
125;63
126;35
127;56
128;12
129;12
130;77
131;56
132;23
133;21
134;0
135;1
136;27
137;28
138;56
139;8
140;16
141;16
142;8
143;40
144;37
145;8
146;10
147;16
148;22
149;44
150;60
151;75
152;46
153;47
154;31
155;1
156;58
157;60
158;14
159;54
160;59
161;74
162;48
163;67
164;60
165;17
166;52
167;55
168;53
169;26
170;54
171;20
172;58
173;38
174;72
175;77
176;23
177;56
178;51
179;27
180;18
181;8
182;75
183;53
184;58
185;79
186;42
187;58
188;56
189;43
190;25
191;63
192;53
193;9
194;7
195;67
196;22
197;56
198;28
199;17
200;12
201;42
202;8
203;22
204;52
205;34
206;37
207;16
208;5
209;7
210;43
211;2
212;0
213;5
214;83
215;51
216;84
217;35
218;15
219;13
220;44
221;24
222;15
223;16
224;52
225;39
226;15
227;70
228;61
229;27
230;52
231;66
232;82
233;28
234;54
235;58
236;48
237;59
238;30
239;74
240;56
241;52
242;59
243;26
244;47
245;11
246;15
247;22
248;48
249;55
250;38
251;7
252;8
253;17
254;74
255;62
256;38
257;31
258;11
259;11
260;9
261;13
262;37
263;37
264;10
265;15
266;21
267;23
268;3
269;2
270;62
271;15
272;50
273;46
274;76
275;45
276;19
277;7
278;2
279;26
280;22
281;7
282;0
283;53
284;63
285;27
286;88
287;54
288;60
289;35
290;18
291;11
292;17
293;11
294;74
295;48
296;49
297;47
298;10
299;6
300;40
301;49
302;29
303;13
304;79
305;78
306;59
307;21
308;45
309;50
310;43
311;24
312;15
313;48
314;12
315;6
316;43
317;30
318;6
319;6
320;52
321;50
322;63
323;7
324;24
325;36
326;0
327;8
328;61
329;67
330;62
331;29
332;16
333;51
334;62
335;40
336;37
337;1
338;6
339;48
340;49
341;27
342;11
343;15
344;43
345;37
346;2
347;10
348;4
349;32
350;45
351;3
352;1
353;34
354;32
355;13
356;14
357;51
358;60
359;25
360;80
361;40
362;60
363;14
364;44
365;41
366;17
367;7
368;51
369;68
370;26
371;50
372;75
373;62
374;44
375;45
376;2
377;11
378;46
379;46
380;32
381;7
382;58
383;71
384;40
385;3
386;56
387;60
388;58
389;52
390;12
391;30
392;58
393;87
394;54
395;83
396;82
397;46
398;22
399;58
400;67
401;78
402;19
403;24
404;23
405;9
406;3
407;14
408;56
409;83
410;61
411;62
412;62
413;46
414;49
415;53
416;18
417;6
418;15
419;47
420;48
421;74
422;36
423;42
424;0
425;1
426;35
427;48
428;9
429;6
430;17
431;30
432;32
433;12
434;16
435;60
436;76
437;49
438;48
439;10
440;16
441;29
442;40
443;10
444;14
445;13
446;52
447;62
448;46
449;12
450;17
451;64
452;71
453;60
454;19
455;43
456;28
457;61
458;89
459;40
460;49
461;41
462;17
463;13
464;6
465;44
466;39
467;6
468;4
469;15
470;50
471;60
472;6
473;6
474;21
475;48
476;40
477;8
478;53
479;53
480;22
481;60
482;25
483;31
484;32
485;55
486;35
487;66
488;38
489;19
490;30
491;60
492;61
493;26
494;62
495;18
496;10
497;8
498;32
499;57
500;34
501;18
502;15
503;60
504;22
505;68
506;29
507;31
508;8
509;7
510;11
511;13
512;20
513;69
514;85
515;59
516;51
517;19
518;42
519;38
520;33
521;17
522;2
523;2
524;30
525;24
526;1
527;3
528;26
529;63
530;15
531;16
532;8
533;36
534;19
535;68
536;61
537;29
538;16
539;76
540;71
541;55
542;71
543;21
544;12
545;3
546;23
547;50
548;6
549;86
550;29
551;47
552;37
553;46
554;7
555;8
556;4
557;66
558;39
559;35
560;24
561;53
562;48
563;48
564;31
565;12
566;7
567;47
568;33
569;7
570;18
571;15
572;32
573;36
574;47
575;12
576;8
577;39
578;38
579;12
580;11
581;41
582;50
583;57
584;9
585;35
586;52
587;42
588;53
589;49
590;23
591;22
592;14
593;0
594;24
595;36
596;0
597;0
598;18
599;61
600;39
601;30
602;4
603;2
604;31
605;76
606;35
607;38
608;42
609;5
610;11
611;15
612;28
613;76
614;46
615;47
616;77
617;32
618;38
619;12
620;57
621;21
622;53
623;83
624;94
625;28
626;55
627;79
628;72
629;80
630;56
631;31
632;52
633;6
634;18
635;66
636;50
637;20
638;58
639;53
640;74
641;25
642;30
643;32
644;18
645;11
646;51
647;22
648;69
649;44
650;38
651;13
652;7
653;3
654;3
655;48
656;56
657;82
658;36
659;34
660;22
661;6
662;0
663;2
664;43
665;47
666;34
667;65
668;53
669;74
670;39
671;62
672;23
673;49
674;59
675;28
676;38
677;35
678;16
679;17
680;27
681;39
682;0
683;14
684;28
685;56
686;50
687;20
688;38
689;20
690;14
691;5
692;1
693;19
694;23
695;55
696;35
697;52
698;16
699;8
700;23
701;45
702;21
703;22
704;46
705;38
706;34
707;52
708;35
709;10
710;6
711;17
712;61
713;49
714;16
715;43
716;49
717;1
718;18
719;60
720;66
721;47
722;59
723;53
724;45
725;17
726;12
727;22
728;28
729;3
730;8
731;66
732;78
733;48
734;55
735;17
736;8
737;49
738;45
739;12
740;9
741;41
742;42
743;47
744;5
745;37
746;27
747;6
748;14
749;91
750;27
751;31
752;3
753;62
754;53
755;55
756;53
757;75
758;58
759;51
760;55
761;37
762;44
763;13
764;2
765;30
766;53
767;58
768;59
769;49
770;69
771;53
772;80
773;76
774;22
775;37
776;19
777;64
778;22
779;61
780;30
781;36
782;2
783;6
784;60
785;32
786;6
787;32
788;40
789;18
790;7
791;6
792;64
793;59
794;65
795;36
796;63
797;23
798;46
799;23
800;25
801;2
802;4
803;58
804;57
805;44
806;18
807;14
808;29
809;30
810;27
811;13
812;9
813;59
814;41
815;12
816;48
817;27
818;16
819;18
820;56
821;48
822;74
823;65
824;36
825;33
826;15
827;11
828;44
829;44
830;2
831;34
832;64
833;36
834;41
835;11
836;10
837;38
838;48
839;21
840;54
841;57
842;9
843;10
844;32
845;55
846;14
847;7
848;7
849;19
850;33
851;5
852;13
853;40
854;5
855;5
856;53
857;66
858;43
859;27
860;3
861;17
862;4
863;4
864;33
865;49
866;11
867;18
868;30
869;50
870;18
871;12
872;63
873;30
874;7
875;18
876;10
877;55
878;52
879;23
880;38
881;1
882;46
883;37
884;38
885;16
886;1
887;50
888;39
889;44
890;49
891;15
892;11
893;22
894;41
895;34
896;5
897;42
898;42
899;9
900;45
901;59
902;18
903;13
904;27
905;27
906;41
907;6
908;9
909;14
910;56
911;23
912;42
913;39
914;0
915;3
916;64
917;49
918;82
919;38
920;31
921;33
922;9
923;10
924;17
925;13
926;36
927;44
928;10
929;9
930;34
931;28
932;10
933;15
934;39
935;44
936;10
937;15
938;0
939;18
940;8
941;60
942;67
943;39
944;57
945;75
946;60
947;86
948;54
949;54
950;29
951;57
952;33
953;30
954;72
955;19
956;53
957;39
958;7
959;11
960;65
961;41
962;84
963;47
964;19
965;22
966;63
967;76
968;87
969;30
970;28
971;38
972;11
973;8
974;52
975;7
976;22
977;36
978;74
979;46
980;27
981;63
982;69
983;47
984;28
985;31
986;14
987;2
988;2
989;49
990;55
991;50
992;34
993;19
994;26
995;2
996;14
997;56
998;51
999;60
1000;52
1001;46
1002;24
1003;34
1004;50
1005;89
1006;46
1007;27
1008;9
1009;15
1010;60
1011;55
1012;54
1013;30
1014;35
1015;63
1016;13
1017;18
1018;58
1019;54
1020;67
1021;68
1022;50
1023;50
1024;17
1025;8
1026;82
1027;47
1028;97
1029;27
1030;75
1031;62
1032;52
1033;48
1034;48
1035;70
1036;73
1037;27
1038;69
1039;57
1040;29
1041;40
1042;32
1043;48
1044;39
1045;53
1046;8
1047;17
1048;6
1049;44
1050;54
1051;52
1052;57
1053;24
1054;49
1055;49
1056;5
1057;3
1058;2
1059;55
1060;47
1061;13
1062;16
1063;13
1064;36
1065;56
1066;13
1067;16
1068;38
1069;65
1070;28
1071;42
1072;22
1073;48
1074;48
1075;15
1076;39
1077;22
1078;34
1079;46
1080;2
1081;14
1082;20
1083;35
1084;3
1085;1
1086;46
1087;33
1088;4
1089;5
1090;33
1091;40
1092;18
1093;0
1094;42
1095;31
1096;15
1097;51
1098;36
1099;34
1100;57
1101;18
1102;6
1103;49
1104;52
1105;21
1106;43
1107;4
1108;0
1109;18
1110;25
1111;24
1112;42
1113;33
1114;35
1115;7
1116;5
1117;13
1118;37
1119;56
1120;71
1121;87
1122;79
1123;32
1124;64
1125;17
1126;7
1127;26
1128;48
1129;3
1130;3
1131;31
1132;30
1133;14
1134;17
1135;22
1136;44
1137;0
1138;14
1139;22
1140;19
1141;3
1142;8
1143;8
1144;61
1145;12
1146;76
1147;53
1148;43
1149;20
1150;5
1151;17
1152;22
1153;34
1154;4
1155;11
1156;52
1157;50
1158;50
1159;85
1160;27
1161;29
1162;23
1163;5
1164;4
1165;31
1166;56
1167;11
1168;59
1169;58
1170;21
1171;29
1172;56
1173;64
1174;48
1175;62
1176;7
1177;18
1178;74
1179;27
1180;85
1181;80
1182;33
1183;26
1184;15
1185;11
1186;49
1187;50
1188;7
1189;8
1190;55
1191;47
1192;17
1193;12
1194;79
1195;78
1196;70
1197;52
1198;20
1199;36
1200;47
1201;4
1202;2
1203;5
1204;50
1205;36
1206;12
1207;7
1208;53
1209;47
1210;17
1211;29
1212;56
1213;25
1214;22
1215;70
1216;71
1217;94
1218;80
1219;46
1220;54
1221;63
1222;46
1223;27
1224;27
1225;31
1226;24
1227;23
1228;2
1229;3
1230;60
1231;42
1232;9
1233;6
1234;61
1235;28
1236;40
1237;47
1238;43
1239;31
1240;16
1241;9
1242;68
1243;84
1244;26
1245;29
1246;55
1247;64
1248;23
1249;35
1250;65
1251;21
1252;54
1253;36
1254;51
1255;76
1256;63
1257;81
1258;58
1259;55
1260;67
1261;23
1262;60
1263;72
1264;30
1265;43
1266;1
1267;2
1268;47
1269;58
1270;21
1271;29
1272;39
1273;1
1274;14
1275;41
1276;21
1277;35
1278;11
1279;4
1280;44
1281;54
1282;56
1283;9
1284;18
1285;33
1286;40
1287;0
1288;24
1289;34
1290;3
1291;49
1292;54
1293;8
1294;12
1295;51
1296;60
1297;41
1298;31
1299;10
1300;13
1301;2
1302;3
1303;19
1304;45
1305;18
1306;6
1307;3
1308;90
1309;35
1310;44
1311;3
1312;9
1313;79
1314;64
1315;70
1316;70
1317;47
1318;85
1319;32
1320;20
1321;58
1322;62
1323;10
1324;23
1325;20
1326;21
1327;19
1328;53
1329;13
1330;12
1331;35
1332;29
1333;1
1334;21
1335;63
1336;34
1337;51
1338;89
1339;24
1340;36
1341;37
1342;29
1343;12
1344;56
1345;94
1346;38
1347;34
1348;39
1349;1
1350;11
1351;53
1352;19
1353;54
1354;34
1355;44
1356;33
1357;13
1358;17
1359;26
1360;31
1361;36
1362;2
1363;45
1364;60
1365;9
1366;17
1367;10
1368;47
1369;45
1370;33
1371;10
1372;8
1373;78
1374;92
1375;77
1376;53
1377;35
1378;29
1379;14
1380;13
1381;49
1382;54
1383;18
1384;12
1385;21
1386;41
1387;5
1388;17
1389;41
1390;50
1391;6
1392;68
1393;59
1394;40
1395;12
1396;14
1397;42
1398;53
1399;48
1400;96
1401;58
1402;41
1403;17
1404;56
1405;46
1406;66
1407;30
1408;48
1409;33
1410;14
1411;65
1412;83
1413;22
1414;48
1415;43
1416;12
1417;63
1418;59
1419;24
1420;21
1421;42
1422;4
1423;3
1424;78
1425;53
1426;63
1427;92
1428;42
1429;64
1430;18
1431;10
1432;29
1433;73
1434;21
1435;45
1436;34
1437;63
1438;78
1439;27
1440;71
1441;49
1442;54
1443;85
1444;33
1445;50
1446;7
1447;7
1448;30
1449;43
1450;3
1451;5
1452;5
1453;43
1454;27
1455;29
1456;50
1457;16
1458;18
1459;44
1460;32
1461;9
1462;14
1463;41
1464;47
1465;6
1466;17
1467;77
1468;26
1469;88
1470;45
1471;25
1472;19
1473;61
1474;66
1475;42
1476;21
1477;21
1478;36
1479;74
1480;28
1481;62
1482;57
1483;67
1484;25
1485;48
1486;18
1487;41
1488;49
1489;7
1490;38
1491;62
1492;68
1493;28
1494;29
1495;10
1496;18
1497;57
1498;53
1499;51
1500;21
1501;28
1502;8
1503;6
1504;65
1505;36
1506;50
1507;59
1508;13
1509;13
1510;32
1511;42
1512;12
1513;1
1514;4
1515;30
1516;49
1517;3
1518;13
1519;47
1520;24
1521;8
1522;33
1523;58
1524;6
1525;8
1526;54
1527;47
1528;10
1529;13
1530;32
1531;60
1532;12
1533;10
1534;61
1535;36
1536;26
1537;10
1538;11
1539;49
1540;19
1541;58
1542;29
1543;22
1544;60
1545;43
1546;78
1547;22
1548;63
1549;51
1550;14
1551;11
1552;51
1553;53
1554;44
1555;43
1556;2
1557;5
1558;8
1559;27
1560;47
1561;16
1562;8
1563;86
1564;39
1565;61
1566;51
1567;25
1568;46
1569;39
1570;6
1571;0
1572;22
1573;20
1574;51
1575;28
1576;35
1577;9
1578;17
1579;18
1580;25
1581;88
1582;64
1583;53
1584;50
1585;54
1586;13
1587;7
1588;90
1589;52
1590;22
1591;37
1592;5
1593;0
1594;30
1595;19
1596;2
1597;0
1598;13
1599;40
1600;42
1601;36
1602;41
1603;68
1604;48
1605;67
1606;28
1607;53
1608;46
1609;34
1610;37
1611;62
1612;37
1613;15
1614;56
1615;63
1616;79
1617;67
1618;58
1619;61
1620;14
1621;69
1622;44
1623;34
1624;73
1625;19
1626;42
1627;34
1628;14
1629;29
1630;58
1631;56
1632;67
1633;23
1634;58
1635;58
1636;44
1637;26
1638;4
1639;50
1640;19
1641;51
1642;20
1643;22
1644;55
1645;29
1646;10
1647;18
1648;11
1649;40
1650;62
1651;6
1652;6
1653;67
1654;43
1655;29
1656;49
1657;59
1658;69
1659;35
1660;43
1661;8
1662;4
1663;26
1664;54
1665;40
1666;59
1667;16
1668;8
1669;27
1670;42
1671;6
1672;45
1673;27
1674;14
1675;12
1676;88
1677;43
1678;62
1679;77
1680;38
1681;25
1682;19
1683;50
1684;54
1685;71
1686;40
1687;87
1688;27
1689;21
1690;58
1691;63
1692;24
1693;51
1694;62
1695;47
1696;51
1697;62
1698;31
1699;30
1700;4
1701;18
1702;55
1703;56
1704;28
1705;40
1706;43
1707;10
1708;16
1709;13
1710;57
1711;67
1712;65
1713;65
1714;41
1715;15
1716;17
1717;47
1718;51
1719;7
1720;15
1721;45
1722;27
1723;12
1724;14
1725;70
1726;64
1727;28
1728;52
1729;68
1730;36
1731;43
1732;18
1733;6
1734;32
1735;19
1736;3
1737;2
1738;43
1739;7
1740;17
1741;35
1742;39
1743;2
1744;78
1745;49
1746;42
1747;46
1748;14
1749;16
1750;76
1751;48
1752;19
1753;4
1754;42
1755;41
1756;8
1757;13
1758;27
1759;30
1760;1
1761;3
1762;4
1763;58
1764;58
1765;40
1766;33
1767;4
1768;16
1769;10
1770;44
1771;26
1772;13
1773;10
1774;23
1775;23
1776;38
1777;22
1778;63
1779;70
1780;49
1781;27
1782;4
1783;3
1784;37
1785;50
1786;14
1787;18
1788;52
1789;40
1790;18
1791;6
1792;43
1793;40
1794;9
1795;1
1796;61
1797;44
1798;50
1799;40
1800;60
1801;15
1802;16
1803;50
1804;36
1805;40
1806;35
1807;18
1808;2
1809;7
1810;61
1811;60
1812;62
1813;40
1814;14
1815;18
1816;56
1817;72
1818;20
1819;60
1820;7
1821;45
1822;46
1823;3
1824;17
1825;75
1826;49
1827;43
1828;7
1829;18
1830;10
1831;45
1832;29
1833;20
1834;36
1835;41
1836;32
1837;13
1838;3
1839;44
1840;40
1841;13
1842;9
1843;7
1844;19
1845;30
1846;18
1847;0
1848;36
1849;42
1850;3
1851;0
1852;5
1853;35
1854;21
1855;7
1856;23
1857;78
1858;48
1859;27
1860;38
1861;27
1862;7
1863;4
1864;56
1865;45
1866;39
1867;11
1868;16
1869;55
1870;18
1871;48
1872;75
1873;46
1874;77
1875;51
1876;23
1877;27
1878;36
1879;10
1880;5
1881;58
1882;71
1883;68
1884;35
1885;55
1886;14
1887;13
1888;53
1889;58
1890;69
1891;43
1892;34
1893;10
1894;16
1895;76
1896;53
1897;56
1898;66
1899;26
1900;67
1901;43
1902;18
1903;79
1904;53
1905;82
1906;48
1907;67
1908;52
1909;20
1910;67
1911;45
1912;57
1913;47
1914;42
1915;4
1916;45
1917;64
1918;7
1919;12
1920;66
1921;19
1922;49
1923;78
1924;69
1925;37
1926;37
1927;62
1928;56
1929;54
1930;36
1931;42
1932;33
1933;7
1934;38
1935;43
1936;15
1937;47
1938;47
1939;60
1940;59
1941;29
1942;16
1943;35
1944;42
1945;2
1946;2
1947;1
1948;44
1949;48
1950;50
1951;26
1952;54
1953;49
1954;29
1955;7
1956;50
1957;35
1958;15
1959;16
1960;6
1961;60
1962;37
1963;20
1964;29
1965;5
1966;1
1967;60
1968;47
1969;42
1970;12
1971;4
1972;4
1973;3
1974;53
1975;55
1976;48
1977;60
1978;48
1979;54
1980;67
1981;73
1982;41
1983;31
1984;16
1985;0
1986;5
1987;19
1988;36
1989;3
1990;19
1991;53
1992;28
1993;44
1994;4
1995;9
1996;2
1997;38
1998;37
1999;11
2000;6
2001;12
2002;1
2003;13
2004;55
2005;37
2006;12
2007;18
2008;12
2009;29
2010;30
2011;4
2012;2
2013;39
2014;25
2015;31
2016;2
2017;2
2018;8
2019;42
2020;43
2021;28
2022;49
2023;43
2024;25
2025;54
2026;50
2027;24
2028;38
2029;3
2030;11
2031;67
2032;66
2033;34
2034;42
2035;43
2036;2
2037;77
2038;75
2039;65
2040;59
2041;44
2042;48
2043;53
2044;36
2045;49
2046;5
2047;1
2048;65
2049;89
2050;77
2051;44
2052;76
2053;48
2054;68
2055;23
2056;77
2057;36
2058;22
2059;52
2060;61
2061;45
2062;33
2063;24
2064;62
2065;74
2066;73
2067;64
2068;47
2069;44
2070;18
2071;8
2072;75
2073;39
2074;37
2075;40
2076;11
2077;14
2078;30
2079;59
2080;9
2081;7
2082;49
2083;37
2084;43
2085;6
2086;77
2087;22
2088;54
2089;46
2090;8
2091;12
2092;60
2093;61
2094;66
2095;81
2096;31
2097;54
2098;19
2099;19
2100;68
2101;47
2102;56
2103;8
2104;12
2105;7
2106;8
2107;39
2108;31
2109;14
2110;16
2111;16
2112;61
2113;54
2114;17
2115;8
2116;17
2117;12
2118;71
2119;50
2120;83
2121;56
2122;61
2123;47
2124;57
2125;73
2126;57
2127;34
2128;48
2129;25
2130;64
2131;34
2132;9
2133;61
2134;55
2135;47
2136;70
2137;83
2138;74
2139;96
2140;27
2141;30
2142;4
2143;0
2144;70
2145;47
2146;34
2147;49
2148;9
2149;9
2150;58
2151;31
2152;9
2153;29
2154;66
2155;63
2156;20
2157;73
2158;61
2159;69
2160;55
2161;87
2162;75
2163;61
2164;57
2165;38
2166;44
2167;54
2168;45
2169;37
2170;18
2171;6
2172;25
2173;79
2174;58
2175;61
2176;60
2177;57
2178;71
2179;52
2180;51
2181;56
2182;35
2183;88
2184;36
2185;27
2186;5
2187;1
2188;52
2189;84
2190;27
2191;33
2192;4
2193;2
2194;42
2195;35
2196;83
2197;26
2198;22
2199;36
2200;27
2201;8
2202;17
2203;5
2204;45
2205;46
2206;73
2207;34
2208;27
2209;1
2210;11
2211;46
2212;40
2213;7
2214;5
2215;22
2216;26
2217;35
2218;45
2219;7
2220;39
2221;35
2222;10
2223;55
2224;36
2225;17
2226;13
2227;11
2228;54
2229;49
2230;10
2231;8
2232;23
2233;21
2234;2
2235;16
2236;82
2237;57
2238;52
2239;61
2240;52
2241;32
2242;27
2243;12
2244;47
2245;64
2246;15
2247;18
2248;66
2249;72
2250;43
2251;20
2252;16
2253;13
2254;27
2255;16
2256;10
2257;31
2258;35
2259;12
2260;14
2261;76
2262;31
2263;56
2264;60
2265;39
2266;13
2267;13
2268;66
2269;31
2270;87
2271;73
2272;43
2273;37
2274;0
2275;27
2276;40
2277;18
2278;11
2279;12
2280;55
2281;28
2282;79
2283;34
2284;43
2285;14
2286;11
2287;43
2288;16
2289;16
2290;37
2291;36
2292;24
2293;19
2294;23
2295;35
2296;64
2297;42
2298;45
2299;18
2300;6
2301;51
2302;37
2303;37
2304;9
2305;10
2306;74
2307;62
2308;27
2309;28
2310;5
2311;3
2312;43
2313;57
2314;11
2315;11
2316;60
2317;46
2318;41
2319;18
2320;35
2321;29
2322;35
2323;17
2324;7
2325;62
2326;57
2327;49
2328;28
2329;0
2330;16
2331;4
2332;52
2333;69
2334;32
2335;60
2336;37
2337;64
2338;56
2339;47
2340;48
2341;18
2342;15
2343;26
2344;56
2345;13
2346;6
2347;49
2348;14
2349;9
2350;64
2351;76
2352;51
2353;39
2354;65
2355;58
2356;52
2357;17
2358;7
2359;62
2360;78
2361;74
2362;73
2363;82
2364;63
2365;49
2366;61
2367;38
2368;6
2369;11
2370;11
2371;22
2372;88
2373;51
2374;65
2375;22
2376;27
2377;0
2378;14
2379;39
2380;40
2381;38
2382;17
2383;16
2384;61
2385;48
2386;51
2387;32
2388;62
2389;74
2390;48
2391;2
2392;56
2393;51
2394;68
2395;61
2396;62
2397;36
2398;40
2399;44
2400;9
2401;7
2402;5
2403;60
2404;56
2405;13
2406;13
2407;50
2408;73
2409;49
2410;78
2411;29
2412;54
2413;28
2414;36
2415;5
2416;16
2417;12
2418;48
2419;33
2420;0
2421;43
2422;47
2423;14
2424;5
2425;89
2426;55
2427;46
2428;60
2429;39
2430;43
2431;5
2432;1
2433;2
2434;34
2435;50
2436;23
2437;19
2438;65
2439;48
2440;85
2441;75
2442;82
2443;52
2444;74
2445;56
2446;44
2447;42
2448;7
2449;1
2450;31
2451;64
2452;10
2453;11
2454;18
2455;42
2456;50
2457;6
2458;49
2459;34
2460;29
2461;13
2462;6
2463;9
2464;54
2465;27
2466;10
2467;6
2468;23
2469;56
2470;69
2471;20
2472;47
2473;26
2474;0
2475;3
2476;56
2477;39
2478;37
2479;3
2480;12
2481;44
2482;41
2483;13
2484;50
2485;48
2486;36
2487;8
2488;6
2489;55
2490;27
2491;67
2492;71
2493;57
2494;46
2495;10
2496;7
2497;50
2498;61
2499;36
2500;40
2501;5
2502;13
2503;12
2504;6
2505;74
2506;64
2507;35
2508;88
2509;63
2510;67
2511;49
2512;76
2513;47
2514;42
2515;85
2516;54
2517;21
2518;23
2519;29
2520;39
2521;10
2522;5
2523;64
2524;58
2525;13
2526;13
2527;10
2528;60
2529;50
2530;36
2531;40
2532;30
2533;81
2534;67
2535;73
2536;37
2537;2
2538;3
2539;5
2540;74
2541;30
2542;32
2543;69
2544;71
2545;52
2546;51
2547;64
2548;47
2549;54
2550;24
2551;26
2552;2
2553;27
2554;64
2555;47
2556;82
2557;23
2558;32
2559;35
2560;7
2561;9
2562;2
2563;46
2564;70
2565;34
2566;33
2567;3
2568;5
2569;7
2570;0
2571;52
2572;65
2573;68
2574;55
2575;50
2576;66
2577;57
2578;40
2579;19
2580;36
2581;10
2582;51
2583;57
2584;40
2585;12
2586;16
2587;13
2588;33
2589;35
2590;0
2591;51
2592;50
2593;14
2594;14
2595;23
2596;80
2597;45
2598;40
2599;27
2600;45
2601;48
2602;37
2603;18
2604;14
2605;27
2606;62
2607;72
2608;46
2609;51
2610;57
2611;22
2612;29
2613;26
2614;35
2615;56
2616;22
2617;24
2618;58
2619;52
2620;80
2621;88
2622;61
2623;48
2624;76
2625;56
2626;43
2627;85
2628;91
2629;48
2630;90
2631;54
2632;51
2633;36
2634;27
2635;63
2636;46
2637;53
2638;43
2639;54
2640;52
2641;51
2642;32
2643;17
2644;11
2645;12
2646;34
2647;37
2648;4
2649;61
2650;87
2651;34
2652;47
2653;35
2654;6
2655;33
2656;21
2657;62
2658;24
2659;25
2660;92
2661;21
2662;70
2663;31
2664;33
2665;10
2666;5
2667;52
2668;37
2669;69
2670;50
2671;75
2672;53
2673;48
2674;16
2675;66
2676;63
2677;28
2678;15
2679;9
2680;49
2681;56
2682;56
2683;56
2684;44
2685;61
2686;22
2687;26
2688;51
2689;61
2690;50
2691;18
2692;17
2693;48
2694;63
2695;61
2696;56
2697;18
2698;24
2699;42
2700;0
2701;18
2702;44
2703;24
2704;22
2705;27
2706;31
2707;51
2708;57
2709;83
2710;23
2711;45
2712;52
2713;38
2714;8
2715;14
2716;50
2717;44
2718;15
2719;12
2720;33
2721;26
2722;4
2723;2
2724;2
2725;38
2726;12
2727;49
2728;43
2729;6
2730;13
2731;35
2732;47
2733;6
2734;11
2735;36
2736;38
2737;7
2738;56
2739;53
2740;71
2741;56
2742;20
2743;67
2744;66
2745;22
2746;60
2747;41
2748;64
2749;12
2750;17
2751;54
2752;77
2753;30
2754;71
2755;50
2756;60
2757;51
2758;21
2759;37
2760;5
2761;51
2762;50
2763;11
2764;13
2765;36
2766;49
2767;4
2768;28
2769;47
2770;59
2771;81
2772;20
2773;38
2774;0
2775;5
2776;5
2777;46
2778;48
2779;52
2780;42
2781;43
2782;67
2783;74
2784;83
2785;55
2786;45
2787;0
2788;8
2789;1
2790;49
2791;24
2792;78
2793;83
2794;77
2795;67
2796;84
2797;49
2798;21
2799;31
2800;62
2801;92
2802;44
2803;45
2804;17
2805;2
2806;69
2807;22
2808;43
2809;26
2810;42
2811;4
2812;8
2813;2
2814;32
2815;41
2816;7
2817;9
2818;12
2819;58
2820;41
2821;44
2822;22
2823;55
2824;34
2825;18
2826;18
2827;40
2828;48
2829;12
2830;25
2831;37
2832;3
2833;52
2834;19
2835;49
2836;63
2837;75
2838;40
2839;8
2840;13
2841;45
2842;48
2843;57
2844;17
2845;15
2846;82
2847;38
2848;48
2849;30
2850;42
2851;7
2852;7
2853;45
2854;31
2855;14
2856;15
2857;31
2858;33
2859;3
2860;48
2861;57
2862;33
2863;21
2864;11
2865;2
2866;40
2867;33
2868;13
2869;18
2870;24
2871;70
2872;51
2873;34
2874;53
2875;9
2876;7
2877;23
2878;38
2879;8
2880;43
2881;1
2882;16
2883;2
2884;55
2885;76
2886;78
2887;22
2888;51
2889;22
2890;21
2891;52
2892;58
2893;32
2894;8
2895;40
2896;35
2897;8
2898;18
2899;72
2900;42
2901;28
2902;60
2903;13
2904;16
2905;45
2906;58
2907;21
2908;77
2909;55
2910;55
2911;9
2912;7
2913;40
2914;27
2915;45
2916;10
2917;8
2918;23
2919;26
2920;2
2921;5
2922;21
2923;43
2924;3
2925;5
2926;15
2927;82
2928;58
2929;25
2930;56
2931;31
2932;18
2933;57
2934;72
2935;50
2936;19
2937;26
2938;30
2939;13
2940;10
2941;37
2942;41
2943;16
2944;11
2945;20
2946;41
2947;44
2948;35
2949;25
2950;0
2951;60
2952;58
2953;50
2954;55
2955;18
2956;18
2957;46
2958;58
2959;43
2960;20
2961;4
2962;68
2963;52
2964;63
2965;62
2966;78
2967;58
2968;58
2969;73
2970;37
2971;33
2972;3
2973;11
2974;27
2975;46
2976;23
2977;4
2978;0
2979;51
2980;32
2981;77
2982;33
2983;40
2984;10
2985;57
2986;41
2987;29
2988;44
2989;53
2990;35
2991;11
2992;71
2993;22
2994;85
2995;82
2996;57
2997;36
2998;17
2999;46
3000;36
3001;7
3002;7
3003;25
3004;27
3005;14
3006;70
3007;63
3008;32
3009;39
3010;13
3011;42
3012;35
3013;2
3014;0
3015;27
3016;39
3017;17
3018;27
3019;52
3020;54
3021;49
3022;46
3023;18
3024;21
3025;59
3026;74
3027;54
3028;68
3029;46
3030;44
3031;41
3032;42
3033;26
3034;33
3035;0
3036;83
3037;55
3038;48
3039;48
3040;38
3041;5
3042;0
3043;15
3044;17
3045;8
3046;45
3047;37
3048;8
3049;2
3050;47
3051;17
3052;10
3053;45
3054;32
3055;11
3056;96
3057;55
3058;20
3059;19
3060;25
3061;72
3062;74
3063;24
3064;21
3065;54
3066;49
3067;17
3068;12
3069;19
3070;53
3071;61
3072;33
3073;40
3074;11
3075;16
3076;12
3077;44
3078;69
3079;51
3080;54
3081;59
3082;27
3083;40
3084;43
3085;28
3086;22
3087;24
3088;57
3089;26
3090;40
3091;40
3092;6
3093;4
3094;53
3095;50
3096;60
3097;78
3098;55
3099;39
3100;39
3101;0
3102;5
3103;48
3104;34
3105;17
3106;13
3107;46
3108;61
3109;23
3110;25
3111;0
3112;3
3113;15
3114;36
3115;30
3116;11
3117;10
3118;10
3119;60
3120;56
3121;43
3122;17
3123;53
3124;30
3125;36
3126;10
3127;6
3128;33
3129;34
3130;3
3131;3
3132;2
3133;68
3134;52
3135;70
3136;26
3137;17
3138;11
3139;76
3140;50
3141;53
3142;76
3143;95
3144;58
3145;56
3146;6
3147;13
3148;62
3149;37
3150;39
3151;44
3152;39
3153;13
3154;14
3155;39
3156;55
3157;17
3158;16
3159;38
3160;58
3161;34
3162;39
3163;47
3164;14
3165;0
3166;57
3167;60
3168;69
3169;61
3170;25
3171;52
3172;62
3173;59
3174;75
3175;76
3176;20
3177;58
3178;38
3179;15
3180;52
3181;74
3182;41
3183;54
3184;25
3185;50
3186;19
3187;26
3188;32
3189;19
3190;47
3191;54
3192;68
3193;33
3194;82
3195;56
3196;53
3197;29
3198;23
3199;22
3200;6
3201;59
3202;31
3203;15
3204;15
3205;47
3206;48
3207;1
3208;0
3209;4
3210;43
3211;26
3212;4
3213;10
3214;26
3215;57
3216;46
3217;27
3218;11
3219;12
3220;80
3221;77
3222;53
3223;40
3224;9
3225;15
3226;34
3227;83
3228;40
3229;47
3230;53
3231;11
3232;6
3233;41
3234;91
3235;68
3236;69
3237;23
3238;44
3239;41
3240;6
3241;63
3242;44
3243;59
3244;11
3245;32
3246;53
3247;51
3248;43
3249;27
3250;41
3251;5
3252;9
3253;48
3254;68
3255;64
3256;27
3257;60
3258;12
3259;26
3260;40
3261;8
3262;14
3263;15
3264;34
3265;41
3266;10
3267;10
3268;37
3269;39
3270;30
3271;8
3272;13
3273;62
3274;46
3275;35
3276;49
3277;22
3278;59
3279;54
3280;53
3281;31
3282;31
3283;20
3284;74
3285;48
3286;16
3287;6
3288;39
3289;63
3290;16
3291;9
3292;28
3293;59
3294;59
3295;67
3296;39
3297;15
3298;84
3299;23
3300;62
3301;77
3302;27
3303;37
3304;51
3305;11
3306;78
3307;51
3308;22
3309;52
3310;71
3311;19
3312;70
3313;41
3314;55
3315;61
3316;18
3317;7
3318;29
3319;51
3320;10
3321;10
3322;40
3323;28
3324;47
3325;0
3326;66
3327;45
3328;58
3329;23
3330;42
3331;40
3332;27
3333;35
3334;5
3335;53
3336;7
3337;9
3338;24
3339;20
3340;29
3341;49
3342;9
3343;13
3344;41
3345;11
3346;37
3347;39
3348;83
3349;49
3350;73
3351;48
3352;23
3353;47
3354;4
3355;11
3356;23
3357;48
3358;11
3359;13
3360;33
3361;20
3362;2
3363;34
3364;31
3365;4
3366;15
3367;5
3368;72
3369;96
3370;50
3371;66
3372;49
3373;21
3374;70
3375;63
3376;38
3377;45
3378;2
3379;13
3380;53
3381;45
3382;46
3383;60
3384;58
3385;62
3386;82
3387;43
3388;62
3389;59
3390;78
3391;67
3392;43
3393;12
3394;9
3395;68
3396;33
3397;83
3398;57
3399;57
3400;38
3401;11
3402;7
3403;27
3404;48
3405;33
3406;10
3407;50
3408;63
3409;15
3410;28
3411;49
3412;57
3413;84
3414;31
3415;63
3416;53
3417;63
3418;51
3419;19
3420;49
3421;52
3422;33
3423;25
3424;5
3425;5
3426;1
3427;38
3428;12
3429;33
3430;43
3431;9
3432;52
3433;67
3434;21
3435;64
3436;52
3437;86
3438;59
3439;83
3440;56
3441;21
3442;64
3443;25
3444;54
3445;50
3446;60
3447;76
3448;48
3449;51
3450;19
3451;68
3452;60
3453;45
3454;6
3455;7
3456;16
3457;8
3458;24
3459;60
3460;21
3461;21
3462;19
3463;47
3464;57
3465;51
3466;30
3467;8
3468;18
3469;52
3470;48
3471;52
3472;27
3473;28
3474;47
3475;82
3476;22
3477;23
3478;20
3479;19
3480;88
3481;48
3482;50
3483;31
3484;60
3485;43
3486;8
3487;6
3488;21
3489;33
3490;14
3491;2
3492;7
3493;44
3494;48
3495;28
3496;1
3497;50
3498;77
3499;66
3500;60
3501;85
3502;78
3503;66
3504;21
3505;27
3506;0
3507;11
3508;5
3509;66
3510;58
3511;33
3512;24
3513;23
3514;43
3515;30
3516;12
3517;56
3518;74
3519;68
3520;55
3521;57
3522;19
3523;23
3524;55
3525;52
3526;29
3527;22
3528;1
3529;8
3530;64
3531;13
3532;9
3533;53
3534;62
3535;55
3536;56
3537;72
3538;30
3539;14
3540;9
3541;58
3542;73
3543;53
3544;81
3545;71
3546;58
3547;30
3548;22
3549;70
3550;74
3551;47
3552;48
3553;9
3554;17
3555;16
3556;40
3557;45
3558;33
3559;11
3560;12
3561;13
3562;62
3563;87
3564;68
3565;80
3566;40
3567;39
3568;67
3569;35
3570;12
3571;45
3572;64
3573;12
3574;6
3575;17
3576;18
3577;35
3578;37
3579;15
3580;18
3581;15
3582;82
3583;48
3584;44
3585;32
3586;36
3587;29
3588;2
3589;2
3590;1
3591;45
3592;58
3593;59
3594;13
3595;17
3596;41
3597;33
3598;5
3599;0
3600;21
3601;54
3602;24
3603;25
3604;48
3605;71
3606;23
3607;76
3608;27
3609;51
3610;7
3611;27
3612;59
3613;57
3614;53
3615;67
3616;61
3617;36
3618;13
3619;25
3620;19
3621;70
3622;66
3623;31
3624;40
3625;5
3626;18
3627;66
3628;67
3629;66
3630;49
3631;55
3632;48
3633;14
3634;9
3635;77
3636;21
3637;40
3638;56
3639;78
3640;31
3641;14
3642;30
3643;64
3644;42
3645;64
3646;16
3647;11
3648;26
3649;58
3650;54
3651;24
3652;82
3653;93
3654;33
3655;45
3656;9
3657;77
3658;58
3659;48
3660;40
3661;13
3662;7
3663;52
3664;24
3665;25
3666;3
3667;3
3668;59
3669;69
3670;64
3671;84
3672;78
3673;81
3674;26
3675;59
3676;49
3677;36
3678;59
3679;49
3680;21
3681;32
3682;52
3683;22
3684;53
3685;29
3686;91
3687;76
3688;22
3689;25
3690;51
3691;26
3692;30
3693;54
3694;67
3695;87
3696;65
3697;32
3698;80
3699;53
3700;62
3701;51
3702;40
3703;42
3704;14
3705;7
3706;7
3707;83
3708;38
3709;43
3710;41
3711;13
3712;38
3713;12
3714;24
3715;24
3716;56
3717;53
3718;51
3719;64
3720;56
3721;35
3722;46
3723;16
3724;17
3725;64
3726;45
3727;11
3728;11
3729;36
3730;33
3731;10
3732;10
3733;14
3734;40
3735;40
3736;9
3737;18
3738;39
3739;60
3740;57
3741;31
3742;18
3743;9
3744;74
3745;63
3746;38
3747;10
3748;28
3749;34
3750;7
3751;13
3752;55
3753;34
3754;32
3755;9
3756;12
3757;3
3758;0
3759;76
3760;21
3761;65
3762;52
3763;77
3764;72
3765;47
3766;49
3767;16
3768;10
3769;34
3770;64
3771;72
3772;62
3773;29
3774;63
3775;35
3776;13
3777;10
3778;64
3779;55
3780;64
3781;44
3782;24
3783;3
3784;52
3785;59
3786;43
3787;30
3788;56
3789;46
3790;63
3791;6
3792;47
3793;42
3794;3
3795;2
3796;43
3797;31
3798;14
3799;1
3800;46
3801;31
3802;10
3803;4
3804;50
3805;29
3806;55
3807;7
3808;22
3809;34
3810;28
3811;48
3812;15
3813;13
3814;55
3815;19
3816;30
3817;5
3818;5
3819;51
3820;45
3821;64
3822;10
3823;44
3824;40
3825;5
3826;10
3827;31
3828;34
3829;32
3830;16
3831;7
3832;34
3833;80
3834;32
3835;64
3836;40
3837;46
3838;15
3839;10
3840;44
3841;35
3842;8
3843;0
3844;14
3845;75
3846;72
3847;24
3848;29
3849;9
3850;18
3851;84
3852;21
3853;51
3854;33
3855;48
3856;2
3857;5
3858;71
3859;53
3860;49
3861;9
3862;56
3863;56
3864;61
3865;33
3866;62
3867;67
3868;43
3869;34
3870;32
3871;8
3872;9
3873;2
3874;48
3875;46
3876;15
3877;14
3878;13
3879;30
3880;44
3881;16
3882;33
3883;40
3884;8
3885;70
3886;63
3887;66
3888;53
3889;22
3890;26
3891;36
3892;13
3893;11
3894;49
3895;26
3896;17
3897;14
3898;44
3899;53
3900;20
3901;46
3902;51
3903;53
3904;51
3905;47
3906;57
3907;43
3908;63
3909;48
3910;49
3911;12
3912;44
3913;38
3914;9
3915;13
3916;17
3917;10
3918;40
3919;15
3920;13
3921;20
3922;20
3923;61
3924;23
3925;53
3926;34
3927;49
3928;64
3929;46
3930;10
3931;34
3932;37
3933;58
3934;16
3935;67
3936;55
3937;50
3938;46
3939;54
3940;75
3941;65
3942;36
3943;54
3944;52
3945;29
3946;62
3947;53
3948;53
3949;61
3950;60
3951;46
3952;46
3953;40
3954;17
3955;16
3956;18
3957;66
3958;49
3959;34
3960;79
3961;68
3962;57
3963;40
3964;61
3965;79
3966;51
3967;56
3968;38
3969;7
3970;32
3971;68
3972;49
3973;69
3974;61
3975;72
3976;82
3977;28
3978;48
3979;52
3980;53
3981;53
3982;18
3983;38
3984;34
3985;60
3986;48
3987;17
3988;16
3989;40
3990;45
3991;10
3992;15
3993;42
3994;52
3995;44
3996;57
3997;10
3998;7
3999;54
4000;56
4001;36
4002;28
4003;6
4004;13
4005;0
4006;24
4007;19
4008;30
4009;35
4010;13
4011;13
4012;33
4013;74
4014;50
4015;41
4016;74
4017;58
4018;28
4019;27
4020;21
4021;56
4022;75
4023;22
4024;25
4025;39
4026;42
4027;13
4028;56
4029;50
4030;31
4031;48
4032;56
4033;10
4034;6
4035;15
4036;67
4037;37
4038;75
4039;80
4040;81
4041;88
4042;54
4043;59
4044;31
4045;42
4046;9
4047;67
4048;84
4049;63
4050;53
4051;49
4052;31
4053;44
4054;8
4055;45
4056;30
4057;51
4058;21
4059;50
4060;34
4061;42
4062;24
4063;33
4064;36
4065;18
4066;12
4067;8
4068;66
4069;56
4070;26
4071;9
4072;39
4073;47
4074;7
4075;7
4076;35
4077;34
4078;3
4079;16
4080;41
4081;22
4082;2
4083;2
4084;47
4085;38
4086;11
4087;16
4088;35
4089;35
4090;15
4091;8
4092;20
4093;24
4094;55
4095;64
4096;47
4097;24
4098;32
4099;25
4100;11
4101;4
4102;4
4103;25
4104;21
4105;53
4106;46
4107;24
4108;8
4109;7
4110;39
4111;44
4112;5
4113;15
4114;73
4115;59
4116;35
4117;7
4118;7
4119;7
4120;65
4121;46
4122;59
4123;72
4124;60
4125;75
4126;74
4127;44
4128;0
4129;8
4130;32
4131;19
4132;3
4133;0
4134;36
4135;47
4136;7
4137;11
4138;59
4139;57
4140;51
4141;56
4142;80
4143;71
4144;51
4145;55
4146;81
4147;57
4148;63
4149;49
4150;15
4151;31
4152;37
4153;10
4154;7
4155;38
4156;58
4157;14
4158;14
4159;8
4160;7
4161;28
4162;54
4163;51
4164;39
4165;53
4166;85
4167;20
4168;22
4169;9
4170;0
4171;80
4172;64
4173;62
4174;56
4175;45
4176;12
4177;69
4178;31
4179;45
4180;36
4181;9
4182;7
4183;53
4184;47
4185;52
4186;69
4187;73
4188;56
4189;48
4190;56
4191;79
4192;56
4193;29
4194;6
4195;7
4196;36
4197;28
4198;40
4199;4
4200;3
4201;29
4202;32
4203;11
4204;4
4205;22
4206;81
4207;23
4208;36
4209;9
4210;9
4211;51
4212;51
4213;67
4214;38
4215;47
4216;11
4217;18
4218;44
4219;67
4220;52
4221;50
4222;49
4223;63
4224;48
4225;34
4226;55
4227;58
4228;85
4229;55
4230;33
4231;48
4232;13
4233;18
4234;39
4235;57
4236;98
4237;30
4238;58
4239;47
4240;65
4241;78
4242;24
4243;50
4244;20
4245;55
4246;55
4247;51
4248;25
4249;64
4250;49
4251;12
4252;17
4253;16
4254;73
4255;19
4256;31
4257;50
4258;15
4259;18
4260;52
4261;50
4262;37
4263;12
4264;10
4265;52
4266;23
4267;22
4268;37
4269;26
4270;26
4271;2
4272;2
4273;53
4274;58
4275;33
4276;35
4277;47
4278;58
4279;45
4280;63
4281;9
4282;16
4283;17
4284;38
4285;33
4286;7
4287;11
4288;13
4289;39
4290;45
4291;16
4292;5
4293;3
4294;57
4295;77
4296;30
4297;34
4298;29
4299;17
4300;39
4301;1
4302;66
4303;94
4304;37
4305;56
4306;41
4307;15
4308;9
4309;36
4310;47
4311;23
4312;68
4313;20
4314;61
4315;34
4316;15
4317;47
4318;58
4319;41
4320;39
4321;50
4322;7
4323;15
4324;51
4325;21
4326;59
4327;71
4328;54
4329;48
4330;8
4331;13
4332;75
4333;41
4334;35
4335;58
4336;74
4337;62
4338;32
4339;60
4340;67
4341;66
4342;19
4343;26
4344;53
4345;62
4346;49
4347;48
4348;48
4349;49
4350;1
4351;2
4352;19
4353;29
4354;2
4355;3
4356;46
4357;32
4358;5
4359;16
4360;1
4361;83
4362;31
4363;65
4364;21
4365;24
4366;13
4367;56
4368;21
4369;40
4370;49
4371;11
4372;58
4373;22
4374;64
4375;28
4376;47
4377;13
4378;16
4379;27
4380;30
4381;47
4382;51
4383;15
4384;10
4385;15
4386;48
4387;57
4388;6
4389;25
4390;38
4391;48
4392;8
4393;7
4394;10
4395;33
4396;44
4397;12
4398;47
4399;48
4400;9
4401;56
4402;21
4403;26
4404;1
4405;5
4406;53
4407;36
4408;36
4409;18
4410;0
4411;47
4412;61
4413;31
4414;7
4415;10
4416;15
4417;64
4418;52
4419;50
4420;20
4421;39
4422;2
4423;2
4424;4
4425;6
4426;28
4427;33
4428;4
4429;5
4430;21
4431;24
4432;76
4433;23
4434;25
4435;61
4436;51
4437;50
4438;42
4439;34
4440;21
4441;85
4442;72
4443;62
4444;51
4445;43
4446;42
4447;5
4448;0
4449;36
4450;50
4451;45
4452;19
4453;0
4454;2
4455;51
4456;22
4457;34
4458;41
4459;9
4460;34
4461;51
4462;51
4463;18
4464;7
4465;17
4466;17
4467;62
4468;70
4469;50
4470;27
4471;56
4472;57
4473;30
4474;18
4475;6
4476;43
4477;32
4478;5
4479;23
4480;69
4481;53
4482;46
4483;17
4484;55
4485;34
4486;7
4487;18
4488;45
4489;13
4490;41
4491;24
4492;44
4493;89
4494;42
4495;41
4496;36
4497;10
4498;11
4499;11
4500;25
4501;43
4502;24
4503;54
4504;72
4505;90
4506;57
4507;56
4508;38
4509;59
4510;55
4511;76
4512;65
4513;42
4514;56
4515;13
4516;47
4517;20
4518;12
4519;1
4520;6
4521;52
4522;69
4523;30
4524;34
4525;77
4526;69
4527;54
4528;51
4529;44
4530;41
4531;57
4532;6
4533;55
4534;25
4535;49
4536;20
4537;3
4538;47
4539;47
4540;39
4541;59
4542;45
4543;32
4544;11
4545;6
4546;20
4547;20
4548;41
4549;46
4550;74
4551;56
4552;36
4553;56
4554;13
4555;75
4556;49
4557;37
4558;12
4559;14
4560;42
4561;38
4562;7
4563;7
4564;15
4565;80
4566;61
4567;52
4568;88
4569;44
4570;31
4571;51
4572;6
4573;13
4574;29
4575;36
4576;4
4577;5
4578;78
4579;26
4580;67
4581;26
4582;49
4583;57
4584;49
4585;46
4586;3
4587;11
4588;5
4589;55
4590;79
4591;47
4592;29
4593;53
4594;58
4595;53
4596;38
4597;51
4598;86
4599;34
4600;53
4601;12
4602;14
4603;69
4604;54
4605;20
4606;25
4607;3
4608;0
4609;12
4610;25
4611;19
4612;1
4613;5
4614;43
4615;23
4616;18
4617;5
4618;25
4619;64
4620;45
4621;55
4622;54
4623;12
4624;10
4625;25
4626;69
4627;58
4628;58
4629;8
4630;17
4631;13
4632;62
4633;40
4634;13
4635;37
4636;37
4637;7
4638;15
4639;59
4640;55
4641;10
4642;7
4643;17
4644;53
4645;28
4646;60
4647;76
4648;42
4649;62
4650;63
4651;73
4652;83
4653;21
4654;20
4655;20
4656;25
4657;81
4658;34
4659;66
4660;74
4661;38
4662;33
4663;6
4664;14
4665;17
4666;26
4667;21
4668;77
4669;19
4670;56
4671;52
4672;75
4673;22
4674;38
4675;21
4676;87
4677;33
4678;31
4679;10
4680;18
4681;9
4682;48
4683;36
4684;11
4685;16
4686;42
4687;46
4688;22
4689;34
4690;36
4691;54
4692;24
4693;19
4694;76
4695;88
4696;68
4697;48
4698;53
4699;15
4700;42
4701;18
4702;55
4703;35
4704;67
4705;49
4706;38
4707;43
4708;1
4709;5
4710;75
4711;48
4712;57
4713;47
4714;16
4715;63
4716;49
4717;67
4718;51
4719;55
4720;94
4721;66
4722;59
4723;59
4724;50
4725;8
4726;34
4727;49
4728;17
4729;16
4730;58
4731;47
4732;35
4733;14
4734;5
4735;84
4736;23
4737;43
4738;15
4739;4
4740;14
4741;74
4742;59
4743;30
4744;44
4745;11
4746;18
4747;41
4748;19
4749;5
4750;11
4751;51
4752;69
4753;49
4754;7
4755;19
4756;34
4757;7
4758;4
4759;3
4760;2
4761;62
4762;61
4763;74
4764;20
4765;49
4766;17
4767;2
4768;3
4769;32
4770;57
4771;31
4772;49
4773;7
4774;13
4775;60
4776;67
4777;55
4778;45
4779;56
4780;33
4781;20
4782;37
4783;26
4784;48
4785;72
4786;39
4787;39
4788;16
4789;12
4790;45
4791;11
4792;54
4793;59
4794;12
4795;11
4796;25
4797;20
4798;16
4799;15
4800;60
4801;39
4802;13
4803;7
4804;10
4805;80
4806;35
4807;40
4808;3
4809;25
4810;40
4811;4
4812;4
4813;8
4814;19
4815;37
4816;1
4817;3
4818;4
4819;4
4820;58
4821;67
4822;78
4823;19
4824;52
4825;69
4826;20
4827;90
4828;48
4829;29
4830;14
4831;9
4832;46
4833;61
4834;69
4835;43
4836;45
4837;16
4838;18
4839;8
4840;39
4841;69
4842;65
4843;35
4844;43
4845;5
4846;3
4847;27
4848;56
4849;35
4850;38
4851;10
4852;3
4853;19
4854;81
4855;43
4856;24
4857;57
4858;41
4859;68
4860;74
4861;34
4862;43
4863;17
4864;1
4865;2
4866;1
4867;68
4868;19
4869;49
4870;54
4871;49
4872;42
4873;4
4874;6
4875;37
4876;14
4877;12
4878;55
4879;55
4880;94
4881;21
4882;85
4883;67
4884;59
4885;27
4886;9
4887;29
4888;47
4889;53
4890;50
4891;41
4892;6
4893;18
4894;18
4895;70
4896;19
4897;55
4898;82
4899;51
4900;34
4901;16
4902;53
4903;56
4904;62
4905;41
4906;49
4907;8
4908;13
4909;13
4910;69
4911;62
4912;30
4913;58
4914;54
4915;85
4916;51
4917;58
4918;34
4919;25
4920;51
4921;49
4922;16
4923;64
4924;60
4925;35
4926;56
4927;16
4928;18
4929;12
4930;17
4931;49
4932;46
4933;13
4934;35
4935;39
4936;17
4937;9
4938;45
4939;16
4940;57
4941;34
4942;13
4943;6
4944;7
4945;56
4946;65
4947;61
4948;19
4949;37
4950;45
4951;14
4952;5
4953;2
4954;30
4955;44
4956;1
4957;6
4958;47
4959;50
4960;63
4961;31
4962;58
4963;16
4964;9
4965;23
4966;44
4967;36
4968;45
4969;18
4970;11
4971;6
4972;48
4973;48
4974;14
4975;9
4976;17
4977;31
4978;33
4979;16
4980;6
4981;29
4982;37
4983;4
4984;4
4985;22
4986;35
4987;2
4988;3
4989;32
4990;38
4991;6
4992;19
4993;25
4994;27
4995;52
4996;29
4997;39
4998;18
4999;9
5000;17
5001;64
5002;49
5003;61
5004;50
5005;29
5006;38
5007;4
5008;1
5009;2
5010;14
5011;2
5012;32
5013;31
5014;5
5015;3
5016;23
5017;76
5018;81
5019;31
5020;17
5021;61
5022;78
5023;34
5024;38
5025;2
5026;63
5027;49
5028;10
5029;12
5030;9
5031;26
5032;23
5033;43
5034;55
5035;17
5036;18
5037;49
5038;25
5039;35
5040;38
5041;0
5042;7
5043;2
5044;38
5045;30
5046;4
5047;3
5048;0
5049;25
5050;36
5051;2
5052;1
5053;32
5054;14
5055;55
5056;84
5057;50
5058;45
5059;49
5060;53
5061;26
5062;45
5063;14
5064;17
5065;30
5066;43
5067;26
5068;0
5069;8
5070;36
5071;51
5072;33
5073;46
5074;85
5075;31
5076;57
5077;25
5078;24
5079;10
5080;15
5081;1
5082;69
5083;51
5084;54
5085;42
5086;48
5087;55
5088;24
5089;72
5090;26
5091;58
5092;33
5093;43
5094;5
5095;15
5096;7
5097;48
5098;18
5099;31
5100;45
5101;24
5102;24
5103;28
5104;62
5105;39
5106;91
5107;57
5108;24
5109;24
5110;53
5111;23
5112;51
5113;71
5114;44
5115;45
5116;44
5117;6
5118;10
5119;6
5120;44
5121;21
5122;5
5123;68
5124;75
5125;43
5126;34
5127;59
5128;22
5129;19
5130;22
5131;45
5132;54
5133;11
5134;11
5135;6
5136;27
5137;28
5138;1
5139;0
5140;58
5141;49
5142;16
5143;13
5144;25
5145;47
5146;53
5147;7
5148;6
5149;20
5150;14
5151;44
5152;51
5153;76
5154;31
5155;30
5156;50
5157;57
5158;20
5159;58
5160;43
5161;62
5162;57
5163;57
5164;26
5165;57
5166;70
5167;46
5168;59
5169;7
5170;7
5171;66
5172;88
5173;78
5174;51
5175;65
5176;49
5177;42
5178;13
5179;61
5180;44
5181;39
5182;5
5183;10
5184;35
5185;32
5186;12
5187;7
5188;85
5189;53
5190;59
5191;58
5192;62
5193;31
5194;10
5195;17
5196;33
5197;31
5198;18
5199;13
5200;3
5201;7
5202;52
5203;54
5204;45
5205;43
5206;8
5207;10
5208;39
5209;24
5210;16
5211;14
5212;13
5213;1
5214;4
5215;43
5216;21
5217;42
5218;24
5219;23
5220;21
5221;30
5222;1
5223;9
5224;3
5225;26
5226;61
5227;10
5228;8
5229;8
5230;59
5231;72
5232;31
5233;40
5234;22
5235;59
5236;35
5237;25
5238;83
5239;56
5240;19
5241;37
5242;28
5243;0
5244;5
5245;23
5246;22
5247;0
5248;10
5249;1
5250;29
5251;34
5252;4
5253;8
5254;43
5255;28
5256;0
5257;11
5258;65
5259;69
5260;32
5261;59
5262;34
5263;42
5264;8
5265;11
5266;39
5267;49
5268;7
5269;16
5270;58
5271;56
5272;42
5273;27
5274;2
5275;6
5276;36
5277;26
5278;3
5279;5
5280;4
5281;5
5282;39
5283;48
5284;13
5285;18
5286;49
5287;83
5288;35
5289;58
5290;49
5291;33
5292;44
5293;15
5294;7
5295;7
5296;44
5297;42
5298;37
5299;7
5300;8
5301;43
5302;34
5303;11
5304;35
5305;42
5306;27
5307;39
5308;9
5309;17
5310;13
5311;25
5312;53
5313;21
5314;22
5315;19
5316;59
5317;32
5318;74
5319;45
5320;29
5321;23
5322;30
5323;61
5324;48
5325;23
5326;33
5327;39
5328;29
5329;32
5330;6
5331;2
5332;22
5333;67
5334;62
5335;85
5336;46
5337;40
5338;30
5339;1
5340;5
5341;25
5342;33
5343;56
5344;38
5345;78
5346;28
5347;41
5348;10
5349;5
5350;32
5351;19
5352;14
5353;2
5354;41
5355;12
5356;13
5357;34
5358;54
5359;41
5360;43
5361;17
5362;3
5363;21
5364;6
5365;8
5366;4
5367;31
5368;61
5369;49
5370;32
5371;13
5372;2
5373;25
5374;29
5375;11
5376;46
5377;53
5378;61
5379;58
5380;22
5381;69
5382;53
5383;85
5384;22
5385;56
5386;46
5387;56
5388;75
5389;35
5390;44
5391;33
5392;11
5393;9
5394;13
5395;54
5396;65
5397;34
5398;28
5399;18
5400;60
5401;21
5402;52
5403;33
5404;3
5405;47
5406;36
5407;9
5408;8
5409;10
5410;23
5411;47
5412;66
5413;48
5414;38
5415;15
5416;7
5417;51
5418;48
5419;15
5420;9
5421;66
5422;27
5423;30
5424;59
5425;14
5426;18
5427;48
5428;24
5429;3
5430;1
5431;57
5432;20
5433;49
5434;8
5435;75
5436;54
5437;38
5438;19
5439;8
5440;3
5441;51
5442;44
5443;21
5444;2
5445;0
5446;19
5447;87
5448;78
5449;58
5450;21
5451;23
5452;3
5453;21
5454;45
5455;40
5456;10
5457;12
5458;61
5459;20
5460;67
5461;69
5462;41
5463;51
5464;68
5465;26
5466;33
5467;40
5468;13
5469;44
5470;34
5471;12
5472;8
5473;26
5474;19
5475;32
5476;31
5477;0
5478;6
5479;62
5480;51
5481;83
5482;43
5483;56
5484;7
5485;10
5486;39
5487;32
5488;16
5489;11
5490;7
5491;31
5492;11
5493;46
5494;65
5495;35
5496;16
5497;38
5498;39
5499;15
5500;15
5501;44
5502;35
5503;18
5504;83
5505;27
5506;21
5507;29
5508;24
5509;48
5510;50
5511;38
5512;49
5513;0
5514;3
5515;50
5516;41
5517;17
5518;57
5519;54
5520;40
5521;32
5522;3
5523;59
5524;55
5525;12
5526;33
5527;27
5528;2
5529;49
5530;74
5531;31
5532;51
5533;21
5534;57
5535;53
5536;23
5537;80
5538;33
5539;26
5540;31
5541;17
5542;14
5543;32
5544;46
5545;18
5546;3
5547;98
5548;57
5549;47
5550;23
5551;22
5552;45
5553;3
5554;4
5555;0
5556;43
5557;59
5558;77
5559;60
5560;27
5561;27
5562;3
5563;4
5564;56
5565;21
5566;33
5567;1
5568;17
5569;66
5570;76
5571;20
5572;81
5573;50
5574;53
5575;51
5576;80
5577;62
5578;32
5579;47
5580;3
5581;11
5582;49
5583;37
5584;30
5585;47
5586;9
5587;8
5588;56
5589;60
5590;50
5591;53
5592;13
5593;17
5594;8
5595;53
5596;46
5597;68
5598;45
5599;63
5600;20
5601;52
5602;40
5603;11
5604;76
5605;89
5606;50
5607;57
5608;81
5609;76
5610;26
5611;34
5612;16
5613;2
5614;56
5615;48
5616;51
5617;52
5618;88
5619;31
5620;55
5621;29
5622;79
5623;30
5624;27
5625;2
5626;9
5627;3
5628;0
5629;1
5630;4
5631;51
5632;36
5633;38
5634;0
5635;3
5636;62
5637;45
5638;13
5639;18
5640;18
5641;32
5642;48
5643;48
5644;32
5645;2
5646;18
5647;34
5648;59
5649;12
5650;34
5651;47
5652;71
5653;37
5654;37
5655;16
5656;16
5657;12
5658;8
5659;53
5660;36
5661;47
5662;57
5663;15
5664;30
5665;45
5666;1
5667;3
5668;22
5669;39
5670;13
5671;1
5672;45
5673;65
5674;41
5675;75
5676;48
5677;60
5678;64
5679;17
5680;32
5681;46
5682;7
5683;13
5684;8
5685;12
5686;70
5687;49
5688;65
5689;54
5690;44
5691;9
5692;12
5693;18
5694;52
5695;34
5696;45
5697;3
5698;59
5699;30
5700;63
5701;44
5702;39
5703;18
5704;61
5705;43
5706;18
5707;74
5708;37
5709;50
5710;6
5711;17
5712;71
5713;45
5714;27
5715;7
5716;7
5717;48
5718;19
5719;2
5720;3
5721;6
5722;37
5723;43
5724;3
5725;6
5726;32
5727;41
5728;11
5729;12
5730;79
5731;71
5732;34
5733;33
5734;1
5735;4
5736;55
5737;36
5738;9
5739;14
5740;78
5741;64
5742;24
5743;50
5744;29
5745;41
5746;11
5747;8
5748;11
5749;52
5750;45
5751;43
5752;5
5753;2
5754;39
5755;43
5756;7
5757;65
5758;21
5759;31
5760;10
5761;44
5762;44
5763;4
5764;3
5765;3
5766;59
5767;34
5768;51
5769;41
5770;32
5771;4
5772;11
5773;39
5774;73
5775;63
5776;71
5777;48
5778;22
5779;17
5780;2
5781;35
5782;29
5783;38
5784;5
5785;1
5786;18
5787;43
5788;11
5789;49
5790;30
5791;8
5792;10
5793;46
5794;51
5795;45
5796;83
5797;51
5798;81
5799;46
5800;25
5801;27
5802;38
5803;40
5804;17
5805;9
5806;6
5807;38
5808;47
5809;7
5810;33
5811;49
5812;0
5813;0
5814;40
5815;23
5816;4
5817;53
5818;28
5819;25
5820;60
5821;61
5822;47
5823;56
5824;25
5825;52
5826;56
5827;39
5828;19
5829;70
5830;58
5831;31
5832;49
5833;4
5834;16
5835;31
5836;43
5837;2
5838;5
5839;35
5840;51
5841;61
5842;20
5843;30
5844;31
5845;45
5846;50
5847;40
5848;48
5849;73
5850;41
5851;27
5852;64
5853;22
5854;27
5855;20
5856;1
5857;1
5858;58
5859;43
5860;32
5861;16
5862;63
5863;65
5864;60
5865;62
5866;34
5867;5
5868;6
5869;48
5870;50
5871;58
5872;46
5873;13
5874;8
5875;55
5876;80
5877;53
5878;65
5879;53
5880;39
5881;65
5882;27
5883;33
5884;2
5885;10
5886;77
5887;38
5888;49
5889;55
5890;8
5891;15
5892;16
5893;51
5894;50
5895;12
5896;19
5897;36
5898;5
5899;0
5900;18
5901;76
5902;56
5903;23
5904;46
5905;22
5906;17
5907;1
5908;61
5909;55
5910;65
5911;57
5912;19
5913;40
5914;61
5915;65
5916;76
5917;74
5918;37
5919;64
5920;60
5921;35
5922;27
5923;87
5924;52
5925;54
5926;39
5927;30
5928;29
5929;2
5930;30
5931;54
5932;21
5933;25
5934;46
5935;61
5936;6
5937;13
5938;44
5939;28
5940;3
5941;2
5942;50
5943;77
5944;32
5945;50
5946;73
5947;45
5948;27
5949;42
5950;10
5951;7
5952;8
5953;84
5954;71
5955;84
5956;51
5957;34
5958;27
5959;62
5960;29
5961;52
5962;81
5963;21
5964;20
5965;22
5966;56
5967;37
5968;32
5969;63
5970;8
5971;9
5972;29
5973;36
5974;0
5975;8
5976;2
5977;36
5978;36
5979;9
5980;16
5981;59
5982;31
5983;11
5984;12
5985;13
5986;18
5987;23
5988;69
5989;39
5990;34
5991;3
5992;5
5993;19
5994;27
5995;62
5996;49
5997;28
5998;5
5999;49
6000;55
6001;10
6002;55
6003;33
6004;25
6005;14
6006;17
6007;41
6008;47
6009;18
6010;15
6011;21
6012;34
6013;5
6014;31
6015;41
6016;11
6017;16
6018;50
6019;39
6020;6
6021;18
6022;60
6023;51
6024;25
6025;27
6026;36
6027;18
6028;12
6029;54
6030;6
6031;13
6032;43
6033;57
6034;25
6035;56
6036;57
6037;29
6038;43
6039;5
6040;0
6041;5
6042;32
6043;59
6044;7
6045;11
6046;51
6047;74
6048;39
6049;27
6050;12
6051;1
6052;54
6053;28
6054;17
6055;15
6056;11
6057;74
6058;63
6059;56
6060;44
6061;6
6062;18
6063;27
6064;46
6065;67
6066;31
6067;56
6068;78
6069;78
6070;54
6071;62
6072;52
6073;64
6074;74
6075;36
6076;11
6077;17
6078;28
6079;42
6080;76
6081;30
6082;38
6083;2
6084;5
6085;8
6086;58
6087;26
6088;48
6089;29
6090;36
6091;12
6092;15
6093;21
6094;35
6095;1
6096;3
6097;31
6098;59
6099;53
6100;69
6101;77
6102;61
6103;46
6104;52
6105;51
6106;25
6107;22
6108;3
6109;4
6110;16
6111;50
6112;51
6113;23
6114;63
6115;30
6116;71
6117;42
6118;48
6119;47
6120;3
6121;11
6122;46
6123;33
6124;44
6125;57
6126;56
6127;70
6128;75
6129;36
6130;72
6131;30
6132;25
6133;44
6134;33
6135;31
6136;9
6137;5
6138;45
6139;1
6140;70
6141;37
6142;47
6143;2
6144;13
6145;66
6146;49
6147;53
6148;52
6149;37
6150;33
6151;30
6152;5
6153;42
6154;39
6155;11
6156;12
6157;67
6158;58
6159;47
6160;37
6161;15
6162;14
6163;12
6164;43
6165;49
6166;76
6167;62
6168;30
6169;10
6170;12
6171;27
6172;43
6173;2
6174;3
6175;24
6176;41
6177;26
6178;69
6179;21
6180;46
6181;30
6182;60
6183;19
6184;28
6185;42
6186;2
6187;4
6188;49
6189;42
6190;58
6191;45
6192;43
6193;31
6194;1
6195;24
6196;34
6197;16
6198;8
6199;61
6200;73
6201;54
6202;56
6203;75
6204;52
6205;35
6206;27
6207;4
6208;1
6209;47
6210;64
6211;55
6212;50
6213;13
6214;19
6215;23
6216;22
6217;32
6218;40
6219;66
6220;51
6221;78
6222;54
6223;31
6224;48
6225;45
6226;0
6227;4
6228;17
6229;2
6230;65
6231;62
6232;26
6233;60
6234;84
6235;66
6236;31
6237;24
6238;1
6239;3
6240;4
6241;50
6242;35
6243;18
6244;17
6245;51
6246;64
6247;27
6248;7
6249;14
6250;51
6251;75
6252;53
6253;30
6254;16
6255;44
6256;78
6257;61
6258;38
6259;40
6260;8
6261;83
6262;44
6263;49
6264;21
6265;38
6266;0
6267;16
6268;63
6269;54
6270;32
6271;72
6272;33
6273;41
6274;5
6275;5
6276;37
6277;26
6278;10
6279;11
6280;11
6281;49
6282;10
6283;56
6284;6
6285;52
6286;24
6287;34
6288;3
6289;8
6290;58
6291;44
6292;59
6293;50
6294;35
6295;46
6296;63
6297;36
6298;74
6299;81
6300;47
6301;33
6302;16
6303;64
6304;56
6305;60
6306;74
6307;21
6308;37
6309;42
6310;27
6311;25
6312;52
6313;46
6314;41
6315;41
6316;18
6317;10
6318;18
6319;53
6320;38
6321;42
6322;15
6323;12
6324;41
6325;46
6326;14
6327;9
6328;46
6329;59
6330;6
6331;7
6332;15
6333;26
6334;26
6335;29
6336;33
6337;6
6338;56
6339;40
6340;15
6341;8
6342;44
6343;48
6344;14
6345;6
6346;50
6347;11
6348;47
6349;54
6350;37
6351;13
6352;10
6353;67
6354;48
6355;31
6356;35
6357;7
6358;11
6359;21
6360;39
6361;8
6362;15
6363;49
6364;52
6365;10
6366;17
6367;51
6368;48
6369;42
6370;5
6371;0
6372;7
6373;19
6374;78
6375;59
6376;71
6377;40
6378;46
6379;9
6380;49
6381;49
6382;15
6383;53
6384;43
6385;14
6386;11
6387;27
6388;12
6389;39
6390;31
6391;11
6392;12
6393;19
6394;37
6395;29
6396;33
6397;55
6398;38
6399;38
6400;34
6401;18
6402;7
6403;16
6404;27
6405;24
6406;43
6407;27
6408;16
6409;58
6410;61
6411;23
6412;24
6413;60
6414;72
6415;52
6416;77
6417;66
6418;37
6419;36
6420;16
6421;0
6422;0
6423;30
6424;39
6425;0
6426;5
6427;44
6428;14
6429;47
6430;37
6431;6
6432;14
6433;7
6434;50
6435;87
6436;46
6437;44
6438;15
6439;30
6440;27
6441;20
6442;34
6443;38
6444;79
6445;23
6446;27
6447;21
6448;3
6449;47
6450;38
6451;12
6452;18
6453;46
6454;36
6455;36
6456;3
6457;6
6458;78
6459;56
6460;74
6461;30
6462;38
6463;5
6464;50
6465;45
6466;82
6467;68
6468;62
6469;33
6470;56
6471;65
6472;58
6473;35
6474;42
6475;12
6476;1
6477;25
6478;23
6479;31
6480;32
6481;74
6482;41
6483;63
6484;32
6485;58
6486;38
6487;28
6488;7
6489;16
6490;10
6491;56
6492;65
6493;59
6494;83
6495;49
6496;43
6497;6
6498;19
6499;22
6500;64
6501;75
6502;30
6503;47
6504;9
6505;8
6506;69
6507;52
6508;32
6509;78
6510;33
6511;54
6512;84
6513;65
6514;63
6515;54
6516;31
6517;64
6518;49
6519;16
6520;73
6521;56
6522;30
6523;13
6524;47
6525;34
6526;44
6527;58
6528;54
6529;34
6530;45
6531;4
6532;14
6533;58
6534;84
6535;19
6536;54
6537;13
6538;23
6539;66
6540;19
6541;41
6542;69
6543;46
6544;33
6545;39
6546;3
6547;14
6548;35
6549;21
6550;32
6551;34
6552;13
6553;18
6554;52
6555;47
6556;13
6557;7
6558;9
6559;38
6560;48
6561;18
6562;14
6563;6
6564;19
6565;22
6566;47
6567;67
6568;60
6569;57
6570;47
6571;31
6572;9
6573;0
6574;10
6575;44
6576;11
6577;18
6578;36
6579;39
6580;1
6581;2
6582;20
6583;20
6584;15
6585;2
6586;6
6587;58
6588;41
6589;8
6590;14
6591;90
6592;53
6593;38
6594;33
6595;6
6596;6
6597;42
6598;13
6599;7
6600;27
6601;57
6602;38
6603;10
6604;16
6605;10
6606;15
6607;52
6608;26
6609;28
6610;32
6611;16
6612;14
6613;61
6614;49
6615;26
6616;29
6617;37
6618;7
6619;11
6620;29
6621;27
6622;32
6623;41
6624;11
6625;12
6626;60
6627;73
6628;62
6629;83
6630;26
6631;49
6632;36
6633;12
6634;39
6635;24
6636;69
6637;26
6638;46
6639;18
6640;15
6641;31
6642;42
6643;43
6644;26
6645;52
6646;47
6647;16
6648;52
6649;51
6650;8
6651;12
6652;16
6653;10
6654;46
6655;35
6656;94
6657;74
6658;62
6659;34
6660;32
6661;22
6662;26
6663;56
6664;64
6665;32
6666;19
6667;5
6668;70
6669;19
6670;60
6671;59
6672;38
6673;10
6674;73
6675;71
6676;30
6677;69
6678;55
6679;56
6680;33
6681;79
6682;88
6683;42
6684;62
6685;6
6686;15
6687;16
6688;10
6689;35
6690;69
6691;61
6692;65
6693;67
6694;23
6695;49
6696;33
6697;35
6698;56
6699;59
6700;51
6701;59
6702;29
6703;40
6704;11
6705;17
6706;51
6707;43
6708;58
6709;48
6710;62
6711;51
6712;64
6713;61
6714;40
6715;9
6716;66
6717;55
6718;22
6719;24
6720;23
6721;49
6722;56
6723;60
6724;55
6725;28
6726;22
6727;17
6728;18
6729;33
6730;38
6731;38
6732;7
6733;17
6734;4
6735;56
6736;69
6737;30
6738;13
6739;6
6740;35
6741;86
6742;38
6743;59
6744;27
6745;37
6746;8
6747;12
6748;63
6749;34
6750;51
6751;54
6752;25
6753;21
6754;20
6755;4
6756;30
6757;19
6758;5
6759;1
6760;31
6761;49
6762;49
6763;18
6764;7
6765;55
6766;48
6767;39
6768;6
6769;57
6770;50
6771;16
6772;34
6773;49
6774;59
6775;13
6776;15
6777;17
6778;59
6779;59
6780;35
6781;74
6782;31
6783;31
6784;0
6785;91
6786;47
6787;49
6788;55
6789;21
6790;25
6791;81
6792;55
6793;70
6794;43
6795;81
6796;50
6797;46
6798;12
6799;33
6800;61
6801;44
6802;57
6803;42
6804;43
6805;0
6806;14
6807;0
6808;52
6809;57
6810;32
6811;31
6812;11
6813;14
6814;8
6815;78
6816;59
6817;36
6818;13
6819;4
6820;53
6821;37
6822;18
6823;6
6824;30
6825;38
6826;68
6827;63
6828;58
6829;53
6830;96
6831;49
6832;35
6833;40
6834;4
6835;26
6836;53
6837;6
6838;10
6839;13
6840;80
6841;68
6842;54
6843;39
6844;25
6845;27
6846;3
6847;5
6848;1
6849;38
6850;53
6851;9
6852;18
6853;23
6854;45
6855;62
6856;55
6857;34
6858;39
6859;0
6860;17
6861;31
6862;9
6863;9
6864;66
6865;60
6866;34
6867;44
6868;3
6869;12
6870;43
6871;37
6872;14
6873;3
6874;7
6875;2
6876;69
6877;47
6878;29
6879;49
6880;16
6881;14
6882;47
6883;48
6884;9
6885;84
6886;59
6887;36
6888;10
6889;8
6890;57
6891;54
6892;22
6893;58
6894;47
6895;26
6896;70
6897;46
6898;51
6899;77
6900;55
6901;65
6902;47
6903;44
6904;10
6905;7
6906;13
6907;46
6908;50
6909;17
6910;15
6911;63
6912;54
6913;37
6914;30
6915;10
6916;7
6917;76
6918;24
6919;40
6920;44
6921;2
6922;3
6923;19
6924;28
6925;9
6926;5
6927;1
6928;5
6929;39
6930;45
6931;22
6932;42
6933;42
6934;56
6935;74
6936;60
6937;53
6938;41
6939;6
6940;20
6941;47
6942;40
6943;76
6944;76
6945;47
6946;63
6947;69
6948;63
6949;74
6950;51
6951;58
6952;26
6953;62
6954;12
6955;6
6956;83
6957;85
6958;79
6959;31
6960;50
6961;69
6962;54
6963;50
6964;8
6965;18
6966;54
6967;75
6968;55
6969;43
6970;53
6971;25
6972;50
6973;36
6974;75
6975;31
6976;46
6977;54
6978;16
6979;16
6980;8
6981;6
6982;51
6983;50
6984;10
6985;8
6986;50
6987;46
6988;15
6989;16
6990;43
6991;45
6992;48
6993;21
6994;36
6995;28
6996;29
6997;12
6998;6
6999;6
7000;21
7001;61
7002;54
7003;23
7004;22
7005;36
7006;53
7007;53
7008;16
7009;15
7010;26
7011;32
7012;12
7013;7
7014;54
7015;35
7016;97
7017;77
7018;32
7019;61
7020;58
7021;62
7022;10
7023;13
7024;17
7025;52
7026;47
7027;24
7028;32
7029;98
7030;22
7031;55
7032;21
7033;43
7034;5
7035;5
7036;12
7037;54
7038;63
7039;16
7040;9
7041;59
7042;74
7043;66
7044;82
7045;22
7046;19
7047;9
7048;0
7049;40
7050;73
7051;66
7052;48
7053;25
7054;90
7055;24
7056;55
7057;30
7058;78
7059;68
7060;33
7061;30
7062;45
7063;2
7064;5
7065;32
7066;74
7067;91
7068;43
7069;71
7070;28
7071;85
7072;20
7073;43
7074;69
7075;21
7076;61
7077;52
7078;41
7079;13
7080;6
7081;63
7082;72
7083;33
7084;45
7085;15
7086;13
7087;11
7088;24
7089;45
7090;2
7091;5
7092;40
7093;51
7094;50
7095;34
7096;7
7097;64
7098;55
7099;30
7100;59
7101;76
7102;57
7103;29
7104;6
7105;4
7106;66
7107;34
7108;29
7109;3
7110;10
7111;0
7112;85
7113;22
7114;46
7115;46
7116;16
7117;9
7118;54
7119;43
7120;49
7121;58
7122;21
7123;26
7124;31
7125;31
7126;0
7127;12
7128;1
7129;46
7130;2
7131;14
7132;24
7133;64
7134;13
7135;9
7136;33
7137;42
7138;78
7139;38
7140;42
7141;38
7142;5
7143;4
7144;34
7145;26
7146;62
7147;35
7148;41
7149;0
7150;46
7151;40
7152;18
7153;9
7154;59
7155;30
7156;77
7157;22
7158;46
7159;14
7160;54
7161;85
7162;47
7163;75
7164;57
7165;90
7166;40
7167;45
7168;5
7169;66
7170;27
7171;64
7172;63
7173;46
7174;50
7175;47
7176;11
7177;24
7178;36
7179;0
7180;0
7181;58
7182;45
7183;66
7184;55
7185;60
7186;48
7187;40
7188;18
7189;60
7190;26
7191;58
7192;50
7193;47
7194;36
7195;29
7196;3
7197;2
7198;4
7199;73
7200;65
7201;60
7202;51
7203;18
7204;9
7205;34
7206;58
7207;15
7208;22
7209;84
7210;34
7211;37
7212;31
7213;6
7214;11
7215;49
7216;13
7217;60
7218;49
7219;54
7220;40
7221;48
7222;3
7223;0
7224;34
7225;31
7226;14
7227;82
7228;21
7229;35
7230;61
7231;64
7232;81
7233;74
7234;26
7235;57
7236;18
7237;8
7238;7
7239;73
7240;70
7241;54
7242;49
7243;76
7244;51
7245;43
7246;43
7247;7
7248;2
7249;24
7250;24
7251;65
7252;22
7253;47
7254;47
7255;15
7256;20
7257;36
7258;0
7259;0
7260;54
7261;60
7262;58
7263;48
7264;22
7265;58
7266;27
7267;22
7268;25
7269;34
7270;28
7271;8
7272;0
7273;0
7274;41
7275;22
7276;4
7277;43
7278;14
7279;11
7280;34
7281;30
7282;44
7283;30
7284;13
7285;17
7286;15
7287;56
7288;48
7289;77
7290;67
7291;30
7292;60
7293;10
7294;17
7295;25
7296;25
7297;63
7298;25
7299;53
7300;26
7301;32
7302;14
7303;6
7304;60
7305;13
7306;13
7307;82
7308;28
7309;50
7310;60
7311;33
7312;45
7313;8
7314;15
7315;8
7316;46
7317;51
7318;16
7319;9
7320;51
7321;37
7322;58
7323;18
7324;11
7325;47
7326;15
7327;20
7328;35
7329;7
7330;17
7331;32
7332;52
7333;74
7334;31
7335;59
7336;77
7337;47
7338;64
7339;7
7340;11
7341;11
7342;31
7343;55
7344;58
7345;56
7346;81
7347;58
7348;63
7349;84
7350;49
7351;53
7352;16
7353;43
7354;24
7355;3
7356;8
7357;24
7358;58
7359;62
7360;45
7361;26
7362;38
7363;0
7364;4
7365;16
7366;5
7367;71
7368;92
7369;68
7370;79
7371;57
7372;35
7373;24
7374;3
7375;4
7376;70
7377;42
7378;33
7379;36
7380;62
7381;75
7382;44
7383;14
7384;62
7385;60
7386;41
7387;36
7388;35
7389;2
7390;8
7391;51
7392;49
7393;88
7394;43
7395;36
7396;40
7397;21
7398;4
7399;4
7400;49
7401;44
7402;2
7403;27
7404;57
7405;14
7406;16
7407;10
7408;57
7409;54
7410;61
7411;66
7412;56
7413;36
7414;24
7415;58
7416;51
7417;85
7418;49
7419;57
7420;53
7421;68
7422;62
7423;52
7424;62
7425;32
7426;46
7427;13
7428;27
7429;60
7430;71
7431;45
7432;29
7433;5
7434;3
7435;6
7436;14
7437;5
7438;58
7439;8
7440;18
7441;82
7442;80
7443;37
7444;47
7445;14
7446;21
7447;30
7448;55
7449;14
7450;34
7451;48
7452;32
7453;19
7454;8
7455;6
7456;4
7457;62
7458;54
7459;53
7460;33
7461;44
7462;8
7463;16
7464;21
7465;33
7466;2
7467;15
7468;60
7469;23
7470;48
7471;19
7472;52
7473;79
7474;42
7475;28
7476;7
7477;0
7478;52
7479;56
7480;44
7481;14
7482;9
7483;38
7484;34
7485;3
7486;58
7487;52
7488;50
7489;70
7490;48
7491;43
7492;6
7493;12
7494;37
7495;42
7496;40
7497;11
7498;43
7499;55
7500;47
7501;18
7502;17
7503;41
7504;24
7505;4
7506;1
7507;12
7508;47
7509;50
7510;50
7511;39
7512;10
7513;10
7514;89
7515;67
7516;76
7517;26
7518;17
7519;11
7520;20
7521;58
7522;22
7523;31
7524;3
7525;10
7526;57
7527;58
7528;26
7529;33
7530;49
7531;37
7532;15
7533;17
7534;70
7535;26
7536;39
7537;30
7538;26
7539;73
7540;29
7541;54
7542;52
7543;67
7544;21
7545;30
7546;46
7547;11
7548;8
7549;6
7550;17
7551;50
7552;64
7553;15
7554;37
7555;48
7556;12
7557;9
7558;73
7559;21
7560;56
7561;82
7562;75
7563;65
7564;67
7565;38
7566;30
7567;12
7568;17
7569;32
7570;51
7571;9
7572;13
7573;39
7574;8
7575;9
7576;59
7577;30
7578;10
7579;12
7580;64
7581;51
7582;47
7583;13
7584;14
7585;82
7586;25
7587;52
7588;50
7589;11
7590;17
7591;12
7592;15
7593;71
7594;74
7595;58
7596;56
7597;41
7598;46
7599;1
7600;4
7601;51
7602;54
7603;7
7604;16
7605;56
7606;73
7607;52
7608;46
7609;32
7610;35
7611;4
7612;28
7613;45
7614;32
7615;4
7616;0
7617;7
7618;27
7619;8
7620;18
7621;49
7622;26
7623;12
7624;14
7625;29
7626;51
7627;53
7628;55
7629;85
7630;59
7631;39
7632;6
7633;7
7634;79
7635;23
7636;48
7637;82
7638;42
7639;24
7640;49
7641;14
7642;15
7643;28
7644;50
7645;60
7646;60
7647;32
7648;38
7649;32
7650;6
7651;6
7652;43
7653;48
7654;53
7655;48
7656;55
7657;12
7658;12
7659;15
7660;63
7661;79
7662;53
7663;27
7664;46
7665;9
7666;0
7667;54
7668;49
7669;10
7670;26
7671;32
7672;6
7673;31
7674;55
7675;48
7676;77
7677;52
7678;85
7679;61
7680;42
7681;3
7682;57
7683;26
7684;16
7685;10
7686;71
7687;58
7688;74
7689;29
7690;50
7691;68
7692;29
7693;37
7694;9
7695;12
7696;31
7697;42
7698;4
7699;4
7700;26
7701;47
7702;7
7703;10
7704;13
7705;9
7706;26
7707;8
7708;1
7709;2
7710;66
7711;87
7712;75
7713;64
7714;35
7715;27
7716;33
7717;13
7718;12
7719;70
7720;55
7721;26
7722;83
7723;39
7724;34
7725;11
7726;6
7727;15
7728;37
7729;55
7730;11
7731;14
7732;48
7733;43
7734;6
7735;6
7736;29
7737;48
7738;1
7739;65
7740;25
7741;50
7742;23
7743;83
7744;52
7745;51
7746;20
7747;51
7748;58
7749;53
7750;35
7751;50
7752;46
7753;6
7754;9
7755;10
7756;13
7757;39
7758;29
7759;10
7760;44
7761;53
7762;65
7763;37
7764;57
7765;26
7766;39
7767;54
7768;67
7769;27
7770;65
7771;43
7772;44
7773;11
7774;0
7775;31
7776;57
7777;16
7778;34
7779;35
7780;45
7781;10
7782;16
7783;53
7784;41
7785;50
7786;57
7787;39
7788;36
7789;15
7790;18
7791;51
7792;20
7793;60
7794;58
7795;32
7796;44
7797;9
7798;2
7799;21
7800;36
7801;25
7802;54
7803;80
7804;49
7805;39
7806;14
7807;3
7808;51
7809;83
7810;61
7811;27
7812;36
7813;63
7814;83
7815;22
7816;43
7817;37
7818;59
7819;41
7820;75
7821;52
7822;32
7823;65
7824;71
7825;31
7826;18
7827;17
7828;33
7829;43
7830;0
7831;3
7832;55
7833;30
7834;8
7835;13
7836;10
7837;72
7838;56
7839;48
7840;63
7841;51
7842;35
7843;48
7844;8
7845;12
7846;49
7847;34
7848;8
7849;37
7850;25
7851;76
7852;55
7853;35
7854;38
7855;13
7856;6
7857;51
7858;55
7859;63
7860;49
7861;47
7862;44
7863;0
7864;14
7865;2
7866;52
7867;77
7868;72
7869;56
7870;26
7871;40
7872;15
7873;1
7874;4
7875;52
7876;78
7877;44
7878;45
7879;4
7880;1
7881;56
7882;66
7883;48
7884;52
7885;43
7886;25
7887;15
7888;3
7889;82
7890;60
7891;64
7892;28
7893;12
7894;18
7895;39
7896;41
7897;6
7898;1
7899;60
7900;53
7901;9
7902;15
7903;15
7904;44
7905;40
7906;13
7907;27
7908;22
7909;3
7910;40
7911;35
7912;1
7913;4
7914;2
7915;31
7916;76
7917;64
7918;36
7919;53
7920;35
7921;66
7922;57
7923;25
7924;45
7925;45
7926;36
7927;9
7928;4
7929;6
7930;53
7931;20
7932;44
7933;30
7934;3
7935;5
7936;44
7937;79
7938;45
7939;46
7940;6
7941;1
7942;28
7943;34
7944;1
7945;3
7946;79
7947;75
7948;74
7949;40
7950;42
7951;17
7952;4
7953;31
7954;26
7955;6
7956;12
7957;27
7958;45
7959;34
7960;15
7961;16
7962;46
7963;29
7964;15
7965;69
7966;77
7967;58
7968;50
7969;20
7970;20
7971;54
7972;35
7973;21
7974;8
7975;0
7976;13
7977;64
7978;51
7979;9
7980;65
7981;33
7982;49
7983;30
7984;15
7985;16
7986;59
7987;55
7988;39
7989;32
7990;8
7991;68
7992;60
7993;78
7994;60
7995;32
7996;39
7997;23
7998;3
7999;5
8000;1
8001;29
8002;60
8003;27
8004;29
8005;4
8006;5
8007;34
8008;55
8009;17
8010;54
8011;43
8012;21
8013;41
8014;50
8015;11
8016;6
8017;30
8018;48
8019;38
8020;10
8021;53
8022;37
8023;43
8024;10
8025;60
8026;42
8027;31
8028;12
8029;34
8030;56
8031;6
8032;15
8033;49
8034;56
8035;6
8036;14
8037;51
8038;15
8039;41
8040;45
8041;12
8042;49
8043;61
8044;33
8045;13
8046;17
8047;82
8048;51
8049;32
8050;32
8051;12
8052;37
8053;49
8054;34
8055;1
8056;3
8057;3
8058;32
8059;46
8060;2
8061;34
8062;24
8063;25
8064;44
8065;58
8066;7
8067;17
8068;7
8069;86
8070;58
8071;44
8072;24
8073;8
8074;3
8075;31
8076;34
8077;6
8078;6
8079;23
8080;43
8081;47
8082;21
8083;25
8084;23
8085;35
8086;44
8087;0
8088;55
8089;19
8090;55
8091;53
8092;71
8093;28
8094;39
8095;18
8096;17
8097;9
8098;46
8099;9
8100;40
8101;40
8102;16
8103;54
8104;63
8105;21
8106;42
8107;24
8108;0
8109;39
8110;19
8111;20
8112;64
8113;48
8114;54
8115;46
8116;24
8117;22
8118;65
8119;57
8120;38
8121;35
8122;3
8123;0
8124;81
8125;70
8126;47
8127;58
8128;11
8129;12
8130;38
8131;40
8132;7
8133;76
8134;61
8135;68
8136;64
8137;50
8138;44
8139;69
8140;55
8141;34
8142;8
8143;7
8144;36
8145;28
8146;10
8147;12
8148;16
8149;30
8150;38
8151;72
8152;44
8153;51
8154;7
8155;49
8156;45
8157;33
8158;9
8159;40
8160;34
8161;47
8162;9
8163;16
8164;49
8165;57
8166;54
8167;50
8168;46
8169;72
8170;46
8171;59
8172;71
8173;32
8174;51
8175;37
8176;11
8177;9
8178;50
8179;59
8180;13
8181;12
8182;25
8183;76
8184;55
8185;84
8186;58
8187;58
8188;51
8189;24
8190;80
8191;41
8192;19
8193;4
8194;35
8195;31
8196;10
8197;50
8198;67
8199;52
8200;58
8201;30
8202;6
8203;9
8204;43
8205;7
8206;43
8207;21
8208;1
8209;48
8210;53
8211;58
8212;71
8213;58
8214;69
8215;60
8216;83
8217;50
8218;35
8219;45
8220;2
8221;9
8222;67
8223;68
8224;22
8225;30
8226;13
8227;0
8228;70
8229;55
8230;40
8231;49
8232;58
8233;38
8234;40
8235;16
8236;14
8237;28
8238;34
8239;11
8240;2
8241;0
8242;32
8243;43
8244;25
8245;5
8246;5
8247;0
8248;64
8249;51
8250;42
8251;56
8252;15
8253;21
8254;54
8255;8
8256;77
8257;22
8258;81
8259;69
8260;51
8261;80
8262;59
8263;23
8264;53
8265;51
8266;55
8267;80
8268;32
8269;20
8270;64
8271;75
8272;41
8273;51
8274;63
8275;70
8276;39
8277;31
8278;10
8279;3
8280;59
8281;74
8282;60
8283;50
8284;25
8285;84
8286;70
8287;73
8288;37
8289;52
8290;28
8291;21
8292;2
8293;12
8294;53
8295;25
8296;21
8297;32
8298;18
8299;14
8300;27
8301;54
8302;32
8303;32
8304;43
8305;14
8306;10
8307;8
8308;70
8309;54
8310;59
8311;31
8312;17
8313;16
8314;28
8315;21
8316;16
8317;14
8318;60
8319;63
8320;25
8321;31
8322;21
8323;46
8324;21
8325;56
8326;30
8327;55
8328;28
8329;20
8330;38
8331;3
8332;4
8333;2
8334;56
8335;47
8336;50
8337;75
8338;63
8339;45
8340;36
8341;40
8342;34
8343;36
8344;38
8345;15
8346;11
8347;65
8348;25
8349;22
8350;58
8351;85
8352;30
8353;15
8354;40
8355;47
8356;25
8357;57
8358;44
8359;12
8360;16
8361;63
8362;58
8363;26
8364;58
8365;61
8366;31
8367;37
8368;17
8369;2
8370;30
8371;42
8372;11
8373;9
8374;2
8375;54
8376;67
8377;19
8378;76
8379;31
8380;33
8381;42
8382;4
8383;15
8384;26
8385;28
8386;43
8387;17
8388;0
8389;44
8390;69
8391;31
8392;37
8393;20
8394;22
8395;32
8396;48
8397;79
8398;45
8399;12
8400;28
8401;57
8402;47
8403;20
8404;66
8405;55
8406;48
8407;52
8408;53
8409;55
8410;46
8411;69
8412;73
8413;29
8414;33
8415;17
8416;4
8417;5
8418;62
8419;78
8420;20
8421;27
8422;38
8423;7
8424;10
8425;9
8426;43
8427;49
8428;16
8429;16
8430;70
8431;22
8432;29
8433;34
8434;69
8435;89
8436;50
8437;22
8438;51
8439;24
8440;22
8441;59
8442;43
8443;94
8444;53
8445;82
8446;82
8447;31
8448;23
8449;78
8450;34
8451;85
8452;25
8453;76
8454;62
8455;85
8456;67
8457;35
8458;22
8459;52
8460;42
8461;74
8462;23
8463;68
8464;49
8465;72
8466;23
8467;24
8468;35
8469;13
8470;44
8471;46
8472;7
8473;9
8474;10
8475;12
8476;31
8477;68
8478;53
8479;70
8480;47
8481;32
8482;13
8483;43
8484;69
8485;52
8486;68
8487;34
8488;28
8489;88
8490;77
8491;49
8492;33
8493;31
8494;51
8495;42
8496;36
8497;58
8498;10
8499;8
8500;59
8501;28
8502;7
8503;15
8504;68
8505;20
8506;25
8507;36
8508;53
8509;13
8510;17
8511;24
8512;40
8513;75
8514;24
8515;54
8516;72
8517;74
8518;20
8519;26
8520;51
8521;71
8522;70
8523;20
8524;71
8525;77
8526;61
8527;53
8528;50
8529;7
8530;13
8531;57
8532;55
8533;51
8534;26
8535;59
8536;59
8537;10
8538;15
8539;35
8540;30
8541;47
8542;9
8543;7
8544;8
8545;55
8546;91
8547;90
8548;31
8549;65
8550;45
8551;38
8552;56
8553;38
8554;29
8555;17
8556;4
8557;61
8558;53
8559;44
8560;29
8561;40
8562;42
8563;20
8564;5
8565;7
8566;3
8567;47
8568;72
8569;64
8570;33
8571;52
8572;60
8573;59
8574;37
8575;32
8576;5
8577;16
8578;32
8579;68
8580;26
8581;24
8582;73
8583;56
8584;21
8585;81
8586;89
8587;70
8588;31
8589;22
8590;50
8591;79
8592;72
8593;72
8594;66
8595;72
8596;71
8597;47
8598;39
8599;46
8600;39
8601;13
8602;9
8603;58
8604;48
8605;43
8606;69
8607;52
8608;48
8609;63
8610;60
8611;17
8612;12
8613;27
8614;43
8615;24
8616;36
8617;2
8618;4
8619;77
8620;51
8621;51
8622;60
8623;21
8624;59
8625;23
8626;50
8627;21
8628;51
8629;39
8630;27
8631;15
8632;49
8633;31
8634;6
8635;12
8636;56
8637;25
8638;38
8639;28
8640;5
8641;10
8642;53
8643;23
8644;64
8645;70
8646;35
8647;32
8648;6
8649;53
8650;53
8651;48
8652;36
8653;82
8654;65
8655;47
8656;22
8657;20
8658;19
8659;61
8660;20
8661;24
8662;64
8663;90
8664;62
8665;50
8666;54
8667;28
8668;85
8669;77
8670;46
8671;46
8672;36
8673;9
8674;10
8675;48
8676;86
8677;59
8678;29
8679;41
8680;76
8681;89
8682;93
8683;83
8684;48
8685;57
8686;11
8687;10
8688;13
8689;92
8690;38
8691;55
8692;68
8693;49
8694;67
8695;41
8696;30
8697;12
8698;0
8699;78
8700;51
8701;52
8702;23
8703;63
8704;45
8705;64
8706;17
8707;18
8708;65
8709;60
8710;35
8711;14
8712;59
8713;42
8714;12
8715;16
8716;23
8717;68
8718;78
8719;21
8720;55
8721;43
8722;44
8723;0
8724;5
8725;27
8726;25
8727;2
8728;18
8729;45
8730;35
8731;14
8732;92
8733;57
8734;70
8735;65
8736;52
8737;32
8738;77
8739;35
8740;48
8741;30
8742;19
8743;4
8744;3
8745;60
8746;41
8747;14
8748;36
8749;67
8750;58
8751;65
8752;59
8753;46
8754;30
8755;50
8756;89
8757;54
8758;31
8759;42
8760;5
8761;10
8762;1
8763;1
8764;41
8765;47
8766;16
8767;7
8768;57
8769;77
8770;77
8771;54
8772;72
8773;86
8774;51
8775;33
8776;6
8777;16
8778;13
8779;51
8780;27
8781;30
8782;49
8783;7
8784;18
8785;93
8786;71
8787;41
8788;19
8789;1
8790;47
8791;34
8792;12
8793;49
8794;29
8795;3
8796;73
8797;46
8798;60
8799;57
8800;47
8801;41
8802;49
8803;5
8804;1
8805;62
8806;19
8807;5
8808;27
8809;31
8810;11
8811;7
8812;26
8813;60
8814;27
8815;24
8816;4
8817;51
8818;53
8819;55
8820;24
8821;30
8822;4
8823;7
8824;26
8825;49
8826;35
8827;6
8828;18
8829;56
8830;48
8831;30
8832;0
8833;7
8834;0
8835;32
8836;25
8837;32
8838;57
8839;58
8840;71
8841;20
8842;30
8843;0
8844;2
8845;1
8846;5
8847;52
8848;61
8849;48
8850;11
8851;69
8852;19
8853;83
8854;52
8855;63
8856;30
8857;53
8858;53
8859;47
8860;10
8861;8
8862;66
8863;62
8864;37
8865;32
8866;48
8867;4
8868;4
8869;2
8870;14
8871;57
8872;52
8873;37
8874;59
8875;10
8876;17
8877;31
8878;43
8879;10
8880;44
8881;31
8882;11
8883;12
8884;52
8885;39
8886;60
8887;76
8888;63
8889;48
8890;62
8891;52
8892;74
8893;61
8894;52
8895;74
8896;52
8897;26
8898;34
8899;38
8900;4
8901;0
8902;7
8903;78
8904;79
8905;41
8906;77
8907;56
8908;48
8909;73
8910;59
8911;48
8912;51
8913;27
8914;24
8915;51
8916;60
8917;23
8918;60
8919;63
8920;61
8921;40
8922;61
8923;12
8924;11
8925;78
8926;45
8927;54
8928;68
8929;67
8930;24
8931;24
8932;24
8933;27
8934;32
8935;16
8936;2
8937;33
8938;41
8939;50
8940;14
8941;30
8942;10
8943;68
8944;96
8945;88
8946;61
8947;60
8948;32
8949;8
8950;7
8951;32
8952;63
8953;16
8954;28
8955;13
8956;6
8957;25
8958;59
8959;53
8960;89
8961;31
8962;66
8963;50
8964;42
8965;42
8966;14
8967;14
8968;59
8969;66
8970;83
8971;25
8972;40
8973;76
8974;29
8975;46
8976;58
8977;16
8978;15
8979;31
8980;21
8981;1
8982;4
8983;36
8984;58
8985;37
8986;39
8987;49
8988;5
8989;8
8990;2
8991;37
8992;1
8993;23
8994;44
8995;65
8996;71
8997;37
8998;50
8999;29
9000;71
9001;55
9002;56
9003;28
9004;96
9005;39
9006;29
9007;2
9008;30
9009;52
9010;34
9011;22
9012;20
9013;67
9014;61
9015;64
9016;20
9017;19
9018;52
9019;45
9020;9
9021;31
9022;42
9023;15
9024;13
9025;70
9026;35
9027;35
9028;0
9029;14
9030;42
9031;84
9032;59
9033;39
9034;75
9035;26
9036;78
9037;47
9038;61
9039;84
9040;51
9041;74
9042;84
9043;52
9044;51
9045;82
9046;88
9047;49
9048;30
9049;18
9050;6
9051;8
9052;66
9053;64
9054;82
9055;73
9056;87
9057;54
9058;37
9059;95
9060;20
9061;32
9062;44
9063;2
9064;5
9065;67
9066;28
9067;32
9068;5
9069;1
9070;35
9071;24
9072;6
9073;74
9074;69
9075;36
9076;62
9077;83
9078;53
9079;40
9080;15
9081;12
9082;12
9083;40
9084;39
9085;14
9086;27
9087;24
9088;22
9089;20
9090;40
9091;44
9092;16
9093;17
9094;50
9095;41
9096;32
9097;2
9098;40
9099;33
9100;9
9101;50
9102;70
9103;71
9104;63
9105;64
9106;48
9107;68
9108;72
9109;79
9110;21
9111;45
9112;25
9113;11
9114;2
9115;5
9116;48
9117;36
9118;16
9119;5
9120;57
9121;26
9122;60
9123;41
9124;50
9125;6
9126;42
9127;49
9128;8
9129;18
9130;81
9131;74
9132;65
9133;60
9134;69
9135;24
9136;70
9137;40
9138;42
9139;6
9140;3
9141;3
9142;4
9143;64
9144;43
9145;24
9146;18
9147;0
9148;4
9149;52
9150;13
9151;72
9152;52
9153;22
9154;59
9155;44
9156;30
9157;26
9158;15
9159;7
9160;36
9161;0
9162;75
9163;52
9164;60
9165;27
9166;37
9167;9
9168;14
9169;55
9170;85
9171;55
9172;66
9173;63
9174;39
9175;41
9176;40
9177;8
9178;14
9179;57
9180;58
9181;57
9182;19
9183;70
9184;47
9185;64
9186;98
9187;27
9188;66
9189;65
9190;42
9191;24
9192;39
9193;25
9194;34
9195;22
9196;13
9197;46
9198;34
9199;11
9200;59
9201;51
9202;51
9203;33
9204;92
9205;77
9206;43
9207;48
9208;5
9209;36
9210;50
9211;41
9212;48
9213;16
9214;4
9215;1
9216;31
9217;31
9218;18
9219;24
9220;82
9221;49
9222;29
9223;2
9224;32
9225;36
9226;8
9227;9
9228;43
9229;21
9230;49
9231;1
9232;12
9233;33
9234;21
9235;39
9236;3
9237;3
9238;8
9239;26
9240;63
9241;15
9242;9
9243;32
9244;45
9245;3
9246;2
9247;31
9248;25
9249;13
9250;1
9251;52
9252;27
9253;16
9254;54
9255;60
9256;45
9257;62
9258;26
9259;36
9260;34
9261;44
9262;18
9263;5
9264;64
9265;39
9266;27
9267;70
9268;68
9269;58
9270;83
9271;54
9272;53
9273;61
9274;61
9275;46
9276;70
9277;51
9278;62
9279;25
9280;55
9281;59
9282;13
9283;7
9284;11
9285;18
9286;24
9287;44
9288;4
9289;64
9290;81
9291;66
9292;44
9293;28
9294;39
9295;50
9296;37
9297;10
9298;18
9299;38
9300;27
9301;8
9302;39
9303;51
9304;14
9305;16
9306;14
9307;54
9308;19
9309;43
9310;40
9311;7
9312;26
9313;40
9314;1
9315;56
9316;28
9317;18
9318;11
9319;43
9320;44
9321;1
9322;11
9323;3
9324;58
9325;56
9326;63
9327;47
9328;69
9329;34
9330;35
9331;4
9332;15
9333;20
9334;48
9335;3
9336;1
9337;51
9338;67
9339;52
9340;25
9341;48
9342;35
9343;43
9344;22
9345;19
9346;41
9347;1
9348;15
9349;54
9350;42
9351;39
9352;43
9353;16
9354;9
9355;4
9356;62
9357;74
9358;62
9359;41
9360;35
9361;3
9362;23
9363;68
9364;50
9365;49
9366;43
9367;38
9368;3
9369;0
9370;57
9371;36
9372;72
9373;79
9374;86
9375;75
9376;31
9377;84
9378;45
9379;55
9380;63
9381;67
9382;59
9383;61
9384;59
9385;53
9386;26
9387;67
9388;59
9389;48
9390;48
9391;33
9392;75
9393;76
9394;55
9395;7
9396;9
9397;54
9398;51
9399;30
9400;24
9401;0
9402;8
9403;25
9404;20
9405;7
9406;14
9407;2
9408;41
9409;17
9410;23
9411;42
9412;35
9413;55
9414;75
9415;30
9416;32
9417;16
9418;14
9419;26
9420;80
9421;49
9422;49
9423;68
9424;26
9425;86
9426;60
9427;51
9428;17
9429;16
9430;8
9431;76
9432;61
9433;81
9434;35
9435;28
9436;9
9437;90
9438;72
9439;64
9440;53
9441;34
9442;25
9443;7
9444;11
9445;3
9446;42
9447;28
9448;17
9449;10
9450;24
9451;50
9452;19
9453;19
9454;63
9455;38
9456;22
9457;6
9458;1
9459;9
9460;27
9461;7
9462;7
9463;60
9464;53
9465;16
9466;21
9467;49
9468;28
9469;5
9470;1
9471;13
9472;26
9473;57
9474;43
9475;24
9476;1
9477;2
9478;2
9479;6
9480;83
9481;54
9482;72
9483;83
9484;78
9485;19
9486;21
9487;42
9488;40
9489;9
9490;0
9491;1
9492;49
9493;57
9494;41
9495;45
9496;4
9497;2
9498;27
9499;33
9500;6
9501;35
9502;31
9503;70
9504;38
9505;55
9506;71
9507;49
9508;72
9509;65
9510;60
9511;67
9512;80
9513;84
9514;19
9515;59
9516;62
9517;26
9518;92
9519;67
9520;35
9521;14
9522;15
9523;87
9524;28
9525;24
9526;39
9527;34
9528;40
9529;12
9530;5
9531;67
9532;25
9533;58
9534;64
9535;62
9536;65
9537;38
9538;48
9539;0
9540;2
9541;54
9542;69
9543;29
9544;60
9545;60
9546;61
9547;17
9548;26
9549;60
9550;16
9551;18
9552;46
9553;32
9554;7
9555;17
9556;46
9557;18
9558;18
9559;28
9560;28
9561;13
9562;39
9563;36
9564;78
9565;67
9566;64
9567;76
9568;82
9569;43
9570;11
9571;25
9572;57
9573;49
9574;66
9575;57
9576;38
9577;46
9578;24
9579;66
9580;69
9581;26
9582;19
9583;25
9584;21
9585;29
9586;56
9587;59
9588;36
9589;60
9590;38
9591;6
9592;15
9593;31
9594;89
9595;27
9596;39
9597;6
9598;16
9599;44
9600;82
9601;33
9602;42
9603;1
9604;23
9605;22
9606;73
9607;71
9608;22
9609;66
9610;60
9611;24
9612;54
9613;55
9614;56
9615;43
9616;33
9617;23
9618;56
9619;61
9620;32
9621;13
9622;18
9623;6
9624;40
9625;29
9626;28
9627;45
9628;9
9629;30
9630;35
9631;9
9632;9
9633;46
9634;72
9635;64
9636;53
9637;32
9638;48
9639;26
9640;64
9641;18
9642;13
9643;12
9644;43
9645;35
9646;12
9647;8
9648;12
9649;10
9650;77
9651;50
9652;64
9653;43
9654;9
9655;39
9656;39
9657;18
9658;3
9659;57
9660;46
9661;34
9662;13
9663;33
9664;33
9665;5
9666;16
9667;44
9668;59
9669;7
9670;12
9671;81
9672;62
9673;49
9674;34
9675;35
9676;31
9677;10
9678;6
9679;72
9680;66
9681;48
9682;50
9683;74
9684;69
9685;40
9686;54
9687;16
9688;6
9689;42
9690;63
9691;81
9692;49
9693;71
9694;72
9695;84
9696;43
9697;36
9698;5
9699;1
9700;30
9701;32
9702;12
9703;4
9704;32
9705;61
9706;47
9707;27
9708;13
9709;11
9710;64
9711;59
9712;50
9713;13
9714;18
9715;35
9716;36
9717;2
9718;1
9719;4
9720;50
9721;14
9722;22
9723;22
9724;62
9725;16
9726;8
9727;49
9728;7
9729;18
9730;30
9731;49
9732;18
9733;6
9734;13
9735;13
9736;53
9737;69
9738;76
9739;26
9740;83
9741;50
9742;64
9743;13
9744;13
9745;7
9746;8
9747;60
9748;79
9749;34
9750;27
9751;4
9752;43
9753;54
9754;49
9755;6
9756;18
9757;83
9758;64
9759;36
9760;49
9761;60
9762;11
9763;10
9764;51
9765;48
9766;44
9767;63
9768;54
9769;24
9770;22
9771;80
9772;77
9773;62
9774;53
9775;64
9776;19
9777;69
9778;45
9779;33
9780;6
9781;9
9782;80
9783;53
9784;48
9785;53
9786;59
9787;19
9788;76
9789;24
9790;62
9791;48
9792;60
9793;79
9794;48
9795;42
9796;16
9797;10
9798;49
9799;59
9800;50
9801;51
9802;22
9803;20
9804;2
9805;6
9806;8
9807;3
9808;54
9809;65
9810;66
9811;68
9812;23
9813;58
9814;41
9815;33
9816;20
9817;45
9818;62
9819;37
9820;43
9821;15
9822;7
9823;57
9824;48
9825;6
9826;6
9827;55
9828;77
9829;27
9830;45
9831;10
9832;6
9833;11
9834;59
9835;50
9836;67
9837;57
9838;63
9839;8
9840;51
9841;51
9842;43
9843;27
9844;52
9845;49
9846;13
9847;12
9848;59
9849;49
9850;9
9851;12
9852;66
9853;69
9854;30
9855;58
9856;67
9857;49
9858;49
9859;30
9860;18
9861;26
9862;57
9863;44
9864;50
9865;94
9866;31
9867;48
9868;57
9869;13
9870;18
9871;54
9872;68
9873;32
9874;39
9875;3
9876;4
9877;68
9878;54
9879;73
9880;24
9881;34
9882;17
9883;2
9884;14
9885;52
9886;55
9887;54
9888;55
9889;46
9890;6
9891;13
9892;50
9893;66
9894;64
9895;69
9896;46
9897;18
9898;86
9899;74
9900;26
9901;38
9902;17
9903;8
9904;31
9905;51
9906;44
9907;46
9908;3
9909;9
9910;52
9911;39
9912;37
9913;11
9914;11
9915;26
9916;63
9917;36
9918;26
9919;22
9920;57
9921;21
9922;51
9923;52
9924;53
9925;74
9926;44
9927;70
9928;55
9929;19
9930;22
9931;35
9932;4
9933;7
9934;2
9935;20
9936;54
9937;44
9938;44
9939;7
9940;7
9941;74
9942;91
9943;60
9944;51
9945;40
9946;48
9947;56
9948;13
9949;9
9950;72
9951;77
9952;39
9953;51
9954;73
9955;48
9956;46
9957;35
9958;7
9959;15
9960;46
9961;38
9962;15
9963;29
9964;38
9965;11
9966;12
9967;13
9968;33
9969;47
9970;0
9971;6
9972;56
9973;34
9974;49
9975;18
9976;54
9977;54
9978;29
9979;36
9980;1
9981;20
9982;87
9983;21
9984;76
9985;20
9986;56
9987;54
9988;78
9989;57
9990;45
9991;13
9992;47
9993;42
9994;16
9995;15
9996;79
9997;58
9998;48
9999;15
10000;14
10001;38
10002;62
10003;13
10004;66
10005;92
10006;38
10007;37
10008;0
10009;13
10010;66
10011;54
10012;49
10013;47
10014;11
10015;15
10016;34
10017;20
10018;4
10019;10
10020;54
10021;65
10022;28
10023;45
10024;3
10025;2
10026;62
10027;76
10028;28
10029;29
10030;14
10031;12
10032;53
10033;49
10034;56
10035;12
10036;41
10037;80
10038;44
10039;2
10040;9
10041;12
10042;73
10043;50
10044;49
10045;51
10046;20
10047;46
10048;32
10049;0
10050;4
10051;46
10052;49
10053;11
10054;35
10055;42
10056;7
10057;48
10058;58
10059;24
10060;30
10061;51
10062;15
10063;18
10064;44
10065;48
10066;43
10067;13
10068;16
10069;74
10070;65
10071;57
10072;60
10073;41
10074;22
10075;15
10076;4
10077;33
10078;37
10079;5
10080;14
10081;51
10082;39
10083;39
10084;47
10085;5
10086;0
10087;3
10088;40
10089;81
10090;88
10091;62
10092;44
10093;41
10094;24
10095;41
10096;16
10097;4
10098;29
10099;39
10100;17
10101;12
10102;51
10103;49
10104;54
10105;52
10106;45
10107;21
10108;1
10109;23
10110;69
10111;30
10112;21
10113;2
10114;56
10115;56
10116;24
10117;26
10118;24
10119;30
10120;5
10121;16
10122;12
10123;37
10124;21
10125;0
10126;3
10127;46
10128;50
10129;52
10130;8
10131;13
10132;17
10133;8
10134;36
10135;7
10136;2
10137;25
10138;7
10139;8
10140;81
10141;49
10142;66
10143;29
10144;48
10145;35
10146;54
10147;21
10148;23
10149;34
10150;21
10151;48
10152;40
10153;24
10154;58
10155;22
10156;79
10157;66
10158;29
10159;61
10160;60
10161;11
10162;18
10163;22
10164;19
10165;45
10166;42
10167;8
10168;3
10169;60
10170;24
10171;66
10172;31
10173;38
10174;55
10175;51
10176;67
10177;72
10178;58
10179;62
10180;11
10181;12
10182;62
10183;10
10184;17
10185;55
10186;78
10187;65
10188;30
10189;26
10190;54
10191;23
10192;19
10193;48
10194;53
10195;18
10196;13
10197;42
10198;20
10199;1
10200;5
10201;52
10202;65
10203;44
10204;47
10205;10
10206;17
10207;48
10208;44
10209;15
10210;16
10211;20
10212;28
10213;4
10214;18
10215;38
10216;49
10217;2
10218;5
10219;43
10220;8
10221;40
10222;74
10223;46
10224;73
10225;72
10226;63
10227;34
10228;39
10229;12
10230;11
10231;18
10232;78
10233;25
10234;79
10235;52
10236;37
10237;39
10238;3
10239;1
10240;32
10241;40
10242;37
10243;58
10244;6
10245;16
10246;27
10247;100
10248;57
10249;47
10250;29
10251;40
10252;4
10253;1
10254;50
10255;73
10256;21
10257;54
10258;51
10259;8
10260;14
10261;46
10262;47
10263;26
10264;50
10265;6
10266;16
10267;25
10268;23
10269;77
10270;41
10271;34
10272;13
10273;13
10274;53
10275;55
10276;59
10277;54
10278;14
10279;9
10280;89
10281;74
10282;42
10283;76
10284;40
10285;25
10286;79
10287;76
10288;41
10289;60
10290;68
10291;63
10292;34
10293;73
10294;83
10295;67
10296;56
10297;49
10298;40
10299;49
10300;0
10301;3
10302;101
10303;85
10304;75
10305;87
10306;84
10307;93
10308;84
10309;105
10310;82
10311;75
10312;85
10313;76
10314;80
10315;101
10316;83
10317;102
10318;85
10319;91
10320;67
10321;77
10322;85
10323;79
10324;95
10325;70
10326;81
10327;81
10328;98
10329;89
10330;79
10331;90
10332;96
10333;86
10334;89
10335;87
10336;88
10337;67
10338;76
10339;82
10340;87
