1;45
2;53
3;17
4;41
5;51
6;6
7;16
8;66
9;74
10;72
11;52
12;43
13;9
14;17
15;24
16;19
17;73
18;59
19;85
20;40
21;63
22;54
23;17
24;66
25;76
26;67
27;35
28;37
29;25
30;6
31;64
32;40
33;18
34;9
35;52
36;57
37;10
38;10
39;8
40;22
41;76
42;60
43;67
44;62
45;58
46;75
47;58
48;39
49;62
50;80
51;72
52;23
53;19
54;17
55;3
56;11
57;52
58;80
59;56
60;21
61;28
62;50
63;17
64;17
65;29
66;47
67;66
68;66
69;25
70;32
71;63
72;63
73;64
74;70
75;35
76;70
77;19
78;22
79;22
80;61
81;46
82;52
83;60
84;31
85;18
86;11
87;28
88;66
89;34
90;31
91;70
92;38
93;44
94;58
95;57
96;60
97;41
98;10
99;11
100;85
101;51
102;87
103;48
104;47
105;71
106;68
107;59
108;31
109;52
110;8
111;9
112;27
113;67
114;55
115;47
116;27
117;48
118;96
119;53
120;62
121;86
122;46
123;50
124;42
125;38
126;8
127;9
128;18
129;36
130;57
131;16
132;7
133;28
134;63
135;36
136;42
137;8
138;47
139;41
140;53
141;72
142;43
143;12
144;54
145;69
146;49
147;42
148;59
149;23
150;22
151;2
152;6
153;56
154;62
155;55
156;55
157;62
158;64
159;60
160;64
161;30
162;31
163;19
164;5
165;4
166;4
167;3
168;39
169;20
170;1
171;17
172;4
173;62
174;20
175;69
176;40
177;40
178;1
179;1
180;48
181;2
182;69
183;68
184;35
185;46
186;12
187;17
188;61
189;58
190;83
191;77
192;69
193;55
194;34
195;64
196;33
197;21
198;48
199;59
200;65
201;43
202;50
203;29
204;13
205;7
206;35
207;69
208;66
209;58
210;27
211;39
212;77
213;65
214;36
215;59
216;57
217;59
218;53
219;53
220;55
221;49
222;54
223;43
224;51
225;17
226;10
227;10
228;46
229;74
230;42
231;66
232;100
233;19
234;21
235;77
236;43
237;41
238;37
239;4
240;18
241;62
242;99
243;57
244;63
245;63
246;55
247;79
248;19
249;45
250;67
251;66
252;35
253;58
254;58
255;47
256;61
257;49
258;4
259;15
260;72
261;82
262;51
263;62
264;7
265;11
266;41
267;48
268;84
269;77
270;59
271;34
272;14
273;6
274;13
275;35
276;54
277;37
278;16
279;18
280;34
281;20
282;38
283;46
284;23
285;99
286;44
287;56
288;56
289;54
290;37
291;22
292;3
293;22
294;47
295;61
296;11
297;17
298;51
299;59
300;35
301;27
302;7
303;13
304;44
305;27
306;41
307;2
308;61
309;59
310;67
311;38
312;29
313;18
314;10
315;14
316;25
317;22
318;68
319;24
320;21
321;22
322;23
323;63
324;47
325;55
326;69
327;31
328;41
329;51
330;8
331;13
332;45
333;45
334;2
335;10
336;19
337;39
338;44
339;61
340;68
341;24
342;20
343;12
344;0
345;9
346;45
347;39
348;5
349;38
350;57
351;63
352;50
353;33
354;8
355;17
356;18
357;75
358;60
359;66
360;78
361;79
362;69
363;32
364;72
365;65
366;55
367;60
368;51
369;47
370;60
371;18
372;9
373;79
374;65
375;59
376;61
377;67
378;66
379;62
380;27
381;45
382;10
383;48
384;95
385;79
386;92
387;29
388;56
389;14
390;10
391;66
392;30
393;54
394;42
395;18
396;15
397;82
398;78
399;62
400;36
401;9
402;17
403;72
404;37
405;71
406;24
407;37
408;1
409;68
410;47
411;62
412;15
413;60
414;22
415;60
416;40
417;33
418;40
419;16
420;84
421;60
422;38
423;30
424;6
425;10
426;83
427;68
428;25
429;43
430;31
431;10
432;15
433;44
434;48
435;43
436;57
437;79
438;72
439;48
440;61
441;60
442;71
443;78
444;85
445;49
446;50
447;18
448;10
449;56
450;64
451;61
452;41
453;51
454;69
455;29
456;31
457;2
458;18
459;27
460;22
461;82
462;62
463;70
464;55
465;93
466;44
467;59
468;14
469;16
470;58
471;12
472;40
473;38
474;23
475;40
476;4
477;0
478;12
479;35
480;30
481;24
482;15
483;59
484;56
485;18
486;15
487;39
488;37
489;8
490;7
491;35
492;25
493;6
494;4
495;68
496;42
497;44
498;9
499;12
500;47
501;60
502;55
503;51
504;62
505;36
506;3
507;1
508;69
509;86
510;61
511;47
512;63
513;87
514;73
515;53
516;62
517;49
518;44
519;15
520;6
521;55
522;81
523;37
524;62
525;65
526;57
527;36
528;14
529;9
530;31
531;63
532;15
533;15
534;45
535;31
536;3
537;51
538;29
539;80
540;73
541;77
542;52
543;40
544;36
545;14
546;18
547;18
548;40
549;37
550;1
551;67
552;59
553;67
554;67
555;72
556;58
557;27
558;6
559;17
560;60
561;66
562;56
563;69
564;61
565;79
566;51
567;43
568;30
569;37
570;26
571;15
572;11
573;37
574;66
575;63
576;31
577;57
578;37
579;58
580;61
581;59
582;66
583;83
584;65
585;87
586;68
587;56
588;95
589;54
590;30
591;34
592;42
593;7
594;37
595;38
596;6
597;10
598;13
599;37
600;35
601;5
602;4
603;10
604;10
605;76
606;20
607;23
608;53
609;19
610;21
611;59
612;59
613;72
614;77
615;25
616;20
617;22
618;25
619;19
620;85
621;50
622;70
623;30
624;43
625;17
626;13
627;6
628;11
629;45
630;31
631;7
632;91
633;39
634;58
635;50
636;76
637;54
638;54
639;18
640;18
641;16
642;26
643;45
644;22
645;52
646;33
647;20
648;48
649;47
650;6
651;17
652;36
653;52
654;12
655;13
656;14
657;61
658;15
659;9
660;33
661;50
662;27
663;6
664;69
665;33
666;19
667;37
668;1
669;15
670;38
671;49
672;66
673;83
674;20
675;32
676;87
677;53
678;58
679;66
680;26
681;26
682;23
683;15
684;10
685;64
686;76
687;62
688;82
689;38
690;73
691;62
692;41
693;53
694;8
695;17
696;50
697;28
698;45
699;77
700;74
701;36
702;48
703;60
704;36
705;45
706;18
707;6
708;6
709;82
710;55
711;75
712;29
713;61
714;71
715;47
716;67
717;95
718;70
719;71
720;78
721;67
722;47
723;39
724;36
725;3
726;13
727;55
728;43
729;26
730;49
731;10
732;4
733;14
734;67
735;66
736;79
737;81
738;71
739;55
740;54
741;39
742;36
743;3
744;4
745;38
746;46
747;9
748;22
749;57
750;20
751;37
752;2
753;5
754;37
755;71
756;22
757;61
758;32
759;25
760;5
761;16
762;32
763;85
764;30
765;49
766;79
767;41
768;7
769;9
770;38
771;43
772;10
773;7
774;37
775;48
776;2
777;1
778;36
779;41
780;11
781;76
782;59
783;68
784;74
785;40
786;26
787;17
788;13
789;22
790;31
791;20
792;61
793;72
794;80
795;45
796;45
797;16
798;57
799;41
800;6
801;15
802;6
803;8
804;65
805;63
806;51
807;93
808;23
809;44
810;5
811;4
812;3
813;33
814;48
815;32
816;36
817;3
818;26
819;54
820;54
821;58
822;29
823;63
824;49
825;61
826;35
827;33
828;48
829;56
830;70
831;67
832;38
833;24
834;66
835;26
836;51
837;55
838;21
839;28
840;71
841;72
842;66
843;23
844;42
845;61
846;26
847;65
848;61
849;20
850;92
851;36
852;73
853;55
854;53
855;60
856;12
857;10
858;12
859;28
860;49
861;17
862;8
863;10
864;63
865;51
866;37
867;86
868;23
869;42
870;38
871;1
872;1
873;82
874;49
875;55
876;84
877;55
878;61
879;42
880;57
881;50
882;39
883;89
884;89
885;59
886;22
887;68
888;22
889;73
890;48
891;28
892;9
893;16
894;15
895;32
896;37
897;5
898;2
899;14
900;47
901;47
902;47
903;15
904;18
905;59
906;48
907;50
908;20
909;22
910;64
911;90
912;55
913;25
914;34
915;41
916;0
917;5
918;49
919;71
920;73
921;63
922;60
923;53
924;50
925;65
926;73
927;28
928;34
929;39
930;71
931;62
932;54
933;49
934;6
935;11
936;10
937;36
938;25
939;27
940;38
941;55
942;57
943;93
944;46
945;54
946;42
947;45
948;24
949;21
950;66
951;24
952;56
953;58
954;43
955;45
956;9
957;13
958;43
959;89
960;41
961;33
962;3
963;63
964;79
965;55
966;63
967;61
968;21
969;43
970;47
971;80
972;47
973;12
974;34
975;56
976;13
977;16
978;11
979;53
980;93
981;22
982;30
983;5
984;0
985;13
986;65
987;85
988;60
989;83
990;96
991;74
992;53
993;68
994;28
995;86
996;63
997;49
998;36
999;4
1000;1
1001;58
1002;53
1003;75
1004;33
1005;36
1006;9
1007;11
1008;56
1009;22
1010;35
1011;26
1012;1
1013;2
1014;50
1015;65
1016;72
1017;48
1018;9
1019;51
1020;49
1021;38
1022;15
1023;11
1024;13
1025;29
1026;95
1027;32
1028;48
1029;5
1030;36
1031;53
1032;70
1033;49
1034;85
1035;39
1036;52
1037;48
1038;68
1039;68
1040;70
1041;22
1042;36
1043;66
1044;21
1045;60
1046;56
1047;54
1048;61
1049;53
1050;18
1051;16
1052;57
1053;65
1054;78
1055;46
1056;81
1057;79
1058;69
1059;71
1060;51
1061;61
1062;63
1063;73
1064;78
1065;64
1066;38
1067;59
1068;40
1069;54
1070;76
1071;48
1072;75
1073;68
1074;53
1075;63
1076;70
1077;26
1078;80
1079;73
1080;84
1081;54
1082;63
1083;47
1084;26
1085;24
1086;22
1087;29
1088;31
1089;5
1090;46
1091;53
1092;67
1093;37
1094;26
1095;12
1096;10
1097;38
1098;71
1099;32
1100;67
1101;45
1102;21
1103;6
1104;72
1105;82
1106;65
1107;67
1108;29
1109;77
1110;73
1111;26
1112;34
1113;18
1114;13
1115;50
1116;76
1117;31
1118;33
1119;18
1120;3
1121;2
1122;65
1123;67
1124;55
1125;65
1126;72
1127;75
1128;76
1129;25
1130;25
1131;68
1132;64
1133;69
1134;62
1135;33
1136;36
1137;35
1138;49
1139;5
1140;9
1141;58
1142;70
1143;57
1144;42
1145;11
1146;10
1147;12
1148;45
1149;45
1150;54
1151;21
1152;50
1153;59
1154;6
1155;8
1156;10
1157;55
1158;27
1159;14
1160;17
1161;8
1162;52
1163;29
1164;72
1165;84
1166;78
1167;61
1168;48
1169;55
1170;72
1171;47
1172;26
1173;42
1174;62
1175;18
1176;17
1177;25
1178;82
1179;21
1180;19
1181;25
1182;3
1183;47
1184;76
1185;62
1186;36
1187;49
1188;0
1189;16
1190;60
1191;70
1192;82
1193;26
1194;76
1195;58
1196;49
1197;46
1198;10
1199;16
1200;31
1201;45
1202;5
1203;8
1204;53
1205;39
1206;79
1207;51
1208;60
1209;31
1210;14
1211;9
1212;74
1213;78
1214;68
1215;72
1216;85
1217;53
1218;87
1219;77
1220;81
1221;35
1222;28
1223;27
1224;15
1225;19
1226;71
1227;55
1228;57
1229;18
1230;43
1231;79
1232;73
1233;24
1234;34
1235;25
1236;30
1237;18
1238;11
1239;58
1240;71
1241;22
1242;24
1243;22
1244;34
1245;64
1246;64
1247;46
1248;64
1249;35
1250;17
1251;18
1252;69
1253;87
1254;71
1255;55
1256;90
1257;33
1258;49
1259;18
1260;17
1261;27
1262;35
1263;28
1264;30
1265;4
1266;11
1267;49
1268;31
1269;4
1270;1
1271;51
1272;22
1273;45
1274;79
1275;56
1276;32
1277;64
1278;25
1279;66
1280;65
1281;46
1282;25
1283;70
1284;63
1285;23
1286;57
1287;23
1288;20
1289;35
1290;74
1291;25
1292;38
1293;29
1294;0
1295;4
1296;45
1297;62
1298;87
1299;70
1300;54
1301;24
1302;46
1303;74
1304;28
1305;35
1306;5
1307;18
1308;48
1309;38
1310;43
1311;17
1312;7
1313;17
1314;51
1315;49
1316;15
1317;17
1318;48
1319;46
1320;30
1321;17
1322;43
1323;7
1324;1
1325;10
1326;36
1327;56
1328;8
1329;11
1330;51
1331;80
1332;60
1333;26
1334;32
1335;52
1336;32
1337;10
1338;6
1339;10
1340;35
1341;11
1342;48
1343;25
1344;24
1345;21
1346;36
1347;81
1348;50
1349;39
1350;17
1351;16
1352;60
1353;87
1354;49
1355;45
1356;17
1357;2
1358;1
1359;61
1360;22
1361;42
1362;34
1363;0
1364;70
1365;55
1366;42
1367;35
1368;2
1369;9
1370;4
1371;1
1372;14
1373;0
1374;65
1375;67
1376;87
1377;38
1378;20
1379;5
1380;4
1381;51
1382;63
1383;79
1384;19
1385;61
1386;49
1387;14
1388;74
1389;46
1390;49
1391;69
1392;40
1393;47
1394;3
1395;16
1396;42
1397;61
1398;69
1399;25
1400;29
1401;4
1402;9
1403;5
1404;56
1405;58
1406;41
1407;49
1408;12
1409;10
1410;33
1411;33
1412;16
1413;12
1414;8
1415;14
1416;73
1417;20
1418;30
1419;6
1420;15
1421;34
1422;48
1423;67
1424;27
1425;22
1426;60
1427;71
1428;52
1429;45
1430;21
1431;28
1432;23
1433;76
1434;32
1435;51
1436;6
1437;14
1438;13
1439;36
1440;87
1441;72
1442;63
1443;77
1444;25
1445;75
1446;27
1447;28
1448;58
1449;54
1450;48
1451;54
1452;46
1453;71
1454;34
1455;47
1456;17
1457;45
1458;40
1459;58
1460;48
1461;24
1462;48
1463;28
1464;95
1465;70
1466;66
1467;70
1468;39
1469;28
1470;58
1471;59
1472;14
1473;18
1474;25
1475;56
1476;68
1477;53
1478;45
1479;4
1480;8
1481;3
1482;1
1483;19
1484;45
1485;0
1486;3
1487;1
1488;35
1489;48
1490;90
1491;79
1492;37
1493;47
1494;60
1495;11
1496;10
1497;33
1498;74
1499;30
1500;49
1501;38
1502;18
1503;2
1504;59
1505;49
1506;75
1507;70
1508;89
1509;58
1510;54
1511;32
1512;46
1513;16
1514;70
1515;52
1516;26
1517;41
1518;57
1519;54
1520;33
1521;49
1522;5
1523;39
1524;23
1525;63
1526;37
1527;33
1528;48
1529;9
1530;2
1531;20
1532;59
1533;84
1534;43
1535;65
1536;70
1537;43
1538;51
1539;53
1540;52
1541;40
1542;18
1543;53
1544;84
1545;65
1546;49
1547;31
1548;41
1549;3
1550;49
1551;16
1552;11
1553;52
1554;27
1555;18
1556;11
1557;14
1558;71
1559;61
1560;58
1561;69
1562;57
1563;39
1564;31
1565;1
1566;1
1567;21
1568;60
1569;67
1570;58
1571;60
1572;35
1573;21
1574;25
1575;25
1576;49
1577;58
1578;51
1579;23
1580;61
1581;58
1582;71
1583;47
1584;19
1585;14
1586;4
1587;51
1588;52
1589;47
1590;43
1591;14
1592;15
1593;53
1594;28
1595;12
1596;15
1597;60
1598;48
1599;23
1600;2
1601;17
1602;56
1603;10
1604;18
1605;100
1606;87
1607;40
1608;30
1609;61
1610;11
1611;7
1612;8
1613;45
1614;78
1615;68
1616;92
1617;55
1618;48
1619;65
1620;31
1621;41
1622;7
1623;33
1624;28
1625;9
1626;11
1627;40
1628;38
1629;59
1630;81
1631;85
1632;47
1633;42
1634;70
1635;48
1636;73
1637;88
1638;51
1639;70
1640;46
1641;60
1642;59
1643;23
1644;93
1645;20
1646;0
1647;0
1648;3
1649;33
1650;88
1651;69
1652;53
1653;62
1654;37
1655;53
1656;64
1657;28
1658;35
1659;0
1660;4
1661;15
1662;56
1663;37
1664;35
1665;52
1666;35
1667;22
1668;23
1669;41
1670;18
1671;18
1672;76
1673;46
1674;1
1675;5
1676;2
1677;22
1678;25
1679;59
1680;75
1681;63
1682;19
1683;71
1684;52
1685;46
1686;41
1687;34
1688;14
1689;8
1690;54
1691;73
1692;61
1693;67
1694;54
1695;74
1696;38
1697;37
1698;84
1699;42
1700;50
1701;10
1702;17
1703;42
1704;40
1705;18
1706;14
1707;15
1708;7
1709;38
1710;60
1711;68
1712;94
1713;29
1714;81
1715;62
1716;43
1717;71
1718;21
1719;47
1720;25
1721;75
1722;48
1723;31
1724;72
1725;50
1726;22
1727;26
1728;50
1729;11
1730;12
1731;67
1732;72
1733;73
1734;74
1735;80
1736;25
1737;21
1738;0
1739;5
1740;7
1741;5
1742;68
1743;33
1744;22
1745;23
1746;2
1747;40
1748;60
1749;20
1750;24
1751;68
1752;54
1753;37
1754;40
1755;17
1756;6
1757;46
1758;31
1759;3
1760;18
1761;66
1762;19
1763;34
1764;47
1765;9
1766;8
1767;18
1768;45
1769;14
1770;19
1771;44
1772;10
1773;3
1774;1
1775;61
1776;45
1777;11
1778;52
1779;43
1780;63
1781;70
1782;19
1783;38
1784;44
1785;6
1786;2
1787;53
1788;30
1789;23
1790;47
1791;45
1792;30
1793;73
1794;30
1795;68
1796;92
1797;20
1798;58
1799;61
1800;29
1801;41
1802;9
1803;16
1804;6
1805;91
1806;63
1807;64
1808;70
1809;74
1810;63
1811;22
1812;39
1813;4
1814;1
1815;66
1816;31
1817;50
1818;64
1819;68
1820;80
1821;24
1822;59
1823;47
1824;31
1825;7
1826;27
1827;50
1828;18
1829;60
1830;63
1831;15
1832;8
1833;6
1834;47
1835;47
1836;43
1837;0
1838;14
1839;17
1840;46
1841;51
1842;88
1843;20
1844;72
1845;48
1846;14
1847;62
1848;60
1849;11
1850;10
1851;70
1852;54
1853;64
1854;35
1855;32
1856;49
1857;2
1858;11
1859;82
1860;77
1861;20
1862;59
1863;79
1864;47
1865;30
1866;15
1867;10
1868;58
1869;38
1870;48
1871;14
1872;7
1873;41
1874;50
1875;7
1876;17
1877;20
1878;44
1879;7
1880;12
1881;33
1882;25
1883;16
1884;7
1885;65
1886;19
1887;38
1888;30
1889;32
1890;17
1891;5
1892;30
1893;40
1894;15
1895;42
1896;51
1897;11
1898;8
1899;69
1900;31
1901;43
1902;23
1903;14
1904;45
1905;47
1906;13
1907;31
1908;69
1909;90
1910;49
1911;57
1912;42
1913;5
1914;1
1915;2
1916;52
1917;30
1918;47
1919;17
1920;78
1921;60
1922;47
1923;59
1924;20
1925;39
1926;5
1927;5
1928;34
1929;46
1930;12
1931;11
1932;65
1933;35
1934;40
1935;88
1936;62
1937;48
1938;21
1939;70
1940;24
1941;80
1942;93
1943;56
1944;20
1945;47
1946;67
1947;20
1948;54
1949;53
1950;75
1951;26
1952;67
1953;62
1954;57
1955;49
1956;25
1957;22
1958;23
1959;91
1960;19
1961;34
1962;23
1963;32
1964;34
1965;87
1966;59
1967;23
1968;45
1969;48
1970;77
1971;28
1972;60
1973;6
1974;35
1975;65
1976;52
1977;54
1978;22
1979;58
1980;30
1981;93
1982;69
1983;49
1984;56
1985;19
1986;30
1987;0
1988;3
1989;55
1990;51
1991;75
1992;38
1993;35
1994;3
1995;10
1996;4
1997;59
1998;77
1999;83
2000;80
2001;39
2002;25
2003;1
2004;1
2005;52
2006;30
2007;9
2008;10
2009;36
2010;49
2011;62
2012;6
2013;9
2014;45
2015;34
2016;38
2017;15
2018;10
2019;28
2020;34
2021;10
2022;12
2023;57
2024;68
2025;65
2026;68
2027;89
2028;73
2029;60
2030;39
2031;6
2032;12
2033;49
2034;6
2035;42
2036;43
2037;13
2038;14
2039;63
2040;54
2041;76
2042;30
2043;31
2044;6
2045;19
2046;24
2047;27
2048;33
2049;20
2050;39
2051;42
2052;20
2053;73
2054;60
2055;20
2056;42
2057;36
2058;33
2059;5
2060;5
2061;39
2062;60
2063;8
2064;8
2065;74
2066;58
2067;23
2068;42
2069;26
2070;2
2071;13
2072;0
2073;77
2074;63
2075;51
2076;31
2077;48
2078;43
2079;16
2080;6
2081;64
2082;73
2083;53
2084;56
2085;66
2086;24
2087;58
2088;80
2089;23
2090;22
2091;61
2092;96
2093;21
2094;89
2095;45
2096;67
2097;38
2098;76
2099;62
2100;62
2101;45
2102;61
2103;23
2104;71
2105;29
2106;27
2107;88
2108;35
2109;45
2110;40
2111;57
2112;43
2113;9
2114;12
2115;58
2116;62
2117;47
2118;45
2119;18
2120;4
2121;15
2122;90
2123;39
2124;42
2125;25
2126;76
2127;53
2128;60
2129;43
2130;37
2131;29
2132;63
2133;11
2134;14
2135;30
2136;71
2137;42
2138;44
2139;48
2140;2
2141;33
2142;43
2143;8
2144;18
2145;29
2146;37
2147;5
2148;10
2149;66
2150;50
2151;50
2152;72
2153;53
2154;22
2155;42
2156;70
2157;19
2158;55
2159;27
2160;55
2161;63
2162;62
2163;29
2164;46
2165;64
2166;62
2167;31
2168;20
2169;39
2170;5
2171;14
2172;12
2173;81
2174;62
2175;88
2176;69
2177;41
2178;53
2179;12
2180;18
2181;57
2182;32
2183;15
2184;10
2185;40
2186;45
2187;10
2188;18
2189;35
2190;44
2191;61
2192;12
2193;13
2194;63
2195;23
2196;48
2197;44
2198;52
2199;23
2200;30
2201;66
2202;60
2203;57
2204;29
2205;40
2206;35
2207;4
2208;5
2209;30
2210;42
2211;9
2212;90
2213;40
2214;51
2215;16
2216;10
2217;14
2218;30
2219;34
2220;22
2221;4
2222;13
2223;45
2224;69
2225;42
2226;54
2227;73
2228;67
2229;41
2230;19
2231;4
2232;10
2233;25
2234;60
2235;20
2236;25
2237;41
2238;19
2239;73
2240;41
2241;60
2242;29
2243;24
2244;19
2245;4
2246;8
2247;48
2248;51
2249;26
2250;37
2251;0
2252;3
2253;22
2254;41
2255;10
2256;7
2257;57
2258;60
2259;66
2260;68
2261;29
2262;48
2263;2
2264;23
2265;46
2266;22
2267;63
2268;33
2269;17
2270;15
2271;39
2272;32
2273;1
2274;1
2275;65
2276;74
2277;62
2278;33
2279;23
2280;89
2281;47
2282;22
2283;5
2284;0
2285;70
2286;85
2287;61
2288;47
2289;87
2290;73
2291;73
2292;81
2293;33
2294;26
2295;45
2296;17
2297;73
2298;46
2299;57
2300;88
2301;70
2302;56
2303;71
2304;80
2305;64
2306;40
2307;19
2308;54
2309;69
2310;85
2311;75
2312;51
2313;63
2314;80
2315;54
2316;34
2317;18
2318;57
2319;57
2320;77
2321;35
2322;48
2323;43
2324;19
2325;77
2326;63
2327;75
2328;53
2329;29
2330;65
2331;61
2332;51
2333;100
2334;29
2335;79
2336;42
2337;34
2338;1
2339;3
2340;24
2341;59
2342;24
2343;63
2344;81
2345;66
2346;78
2347;44
2348;44
2349;7
2350;12
2351;37
2352;36
2353;16
2354;7
2355;74
2356;47
2357;72
2358;20
2359;40
2360;96
2361;57
2362;44
2363;87
2364;60
2365;78
2366;55
2367;68
2368;49
2369;57
2370;51
2371;62
2372;48
2373;33
2374;0
2375;14
2376;59
2377;59
2378;58
2379;44
2380;54
2381;61
2382;30
2383;2
2384;4
2385;20
2386;37
2387;5
2388;0
2389;4
2390;9
2391;49
2392;42
2393;6
2394;11
2395;55
2396;62
2397;53
2398;51
2399;92
2400;34
2401;39
2402;17
2403;47
2404;53
2405;67
2406;37
2407;86
2408;85
2409;60
2410;45
2411;39
2412;29
2413;33
2414;45
2415;8
2416;12
2417;45
2418;37
2419;2
2420;3
2421;74
2422;48
2423;32
2424;30
2425;2
2426;69
2427;75
2428;53
2429;34
2430;16
2431;6
2432;79
2433;44
2434;56
2435;13
2436;79
2437;71
2438;60
2439;33
2440;17
2441;53
2442;74
2443;31
2444;41
2445;56
2446;52
2447;27
2448;57
2449;36
2450;48
2451;34
2452;17
2453;18
2454;88
2455;66
2456;52
2457;19
2458;85
2459;52
2460;24
2461;44
2462;31
2463;59
2464;79
2465;19
2466;49
2467;32
2468;1
2469;81
2470;53
2471;39
2472;64
2473;77
2474;71
2475;57
2476;63
2477;14
2478;71
2479;62
2480;68
2481;35
2482;37
2483;43
2484;53
2485;60
2486;76
2487;62
2488;43
2489;42
2490;39
2491;38
2492;29
2493;3
2494;6
2495;12
2496;14
2497;85
2498;83
2499;21
2500;31
2501;16
2502;53
2503;35
2504;32
2505;47
2506;63
2507;23
2508;52
2509;65
2510;65
2511;23
2512;44
2513;87
2514;61
2515;23
2516;73
2517;31
2518;19
2519;2
2520;9
2521;20
2522;35
2523;16
2524;3
2525;63
2526;31
2527;7
2528;56
2529;52
2530;17
2531;55
2532;53
2533;61
2534;52
2535;34
2536;22
2537;98
2538;26
2539;34
2540;11
2541;9
2542;16
2543;74
2544;91
2545;85
2546;68
2547;60
2548;86
2549;79
2550;59
2551;51
2552;29
2553;31
2554;48
2555;17
2556;17
2557;48
2558;64
2559;19
2560;56
2561;31
2562;22
2563;51
2564;43
2565;17
2566;35
2567;60
2568;17
2569;9
2570;18
2571;47
2572;59
2573;76
2574;29
2575;63
2576;75
2577;55
2578;59
2579;41
2580;61
2581;15
2582;15
2583;13
2584;77
2585;68
2586;47
2587;60
2588;53
2589;78
2590;20
2591;63
2592;28
2593;22
2594;1
2595;4
2596;15
2597;56
2598;48
2599;43
2600;11
2601;10
2602;39
2603;57
2604;18
2605;11
2606;43
2607;55
2608;55
2609;26
2610;55
2611;27
2612;67
2613;72
2614;38
2615;37
2616;1
2617;4
2618;61
2619;74
2620;82
2621;25
2622;23
2623;23
2624;43
2625;67
2626;86
2627;66
2628;36
2629;43
2630;13
2631;57
2632;77
2633;25
2634;36
2635;23
2636;5
2637;5
2638;15
2639;44
2640;79
2641;99
2642;32
2643;40
2644;4
2645;9
2646;22
2647;33
2648;37
2649;2
2650;5
2651;63
2652;71
2653;49
2654;46
2655;13
2656;6
2657;39
2658;62
2659;37
2660;61
2661;63
2662;54
2663;12
2664;8
2665;16
2666;47
2667;58
2668;61
2669;68
2670;64
2671;76
2672;48
2673;10
2674;2
2675;11
2676;53
2677;74
2678;31
2679;39
2680;9
2681;49
2682;0
2683;29
2684;57
2685;52
2686;79
2687;71
2688;70
2689;21
2690;54
2691;81
2692;58
2693;89
2694;70
2695;25
2696;55
2697;58
2698;84
2699;30
2700;85
2701;58
2702;63
2703;65
2704;45
2705;14
2706;44
2707;87
2708;61
2709;65
2710;27
2711;13
2712;64
2713;42
2714;16
2715;17
2716;66
2717;95
2718;60
2719;47
2720;18
2721;54
2722;70
2723;49
2724;47
2725;63
2726;12
2727;63
2728;30
2729;64
2730;75
2731;53
2732;21
2733;70
2734;27
2735;41
2736;12
2737;1
2738;81
2739;48
2740;53
2741;6
2742;17
2743;26
2744;23
2745;1
2746;14
2747;22
2748;22
2749;59
2750;62
2751;60
2752;6
2753;69
2754;40
2755;34
2756;1
2757;38
2758;41
2759;0
2760;2
2761;77
2762;33
2763;35
2764;15
2765;9
2766;42
2767;29
2768;83
2769;39
2770;25
2771;66
2772;70
2773;87
2774;39
2775;56
2776;13
2777;14
2778;52
2779;69
2780;35
2781;44
2782;15
2783;44
2784;64
2785;11
2786;13
2787;82
2788;58
2789;80
2790;86
2791;23
2792;78
2793;54
2794;44
2795;8
2796;18
2797;44
2798;43
2799;0
2800;1
2801;39
2802;5
2803;53
2804;71
2805;69
2806;40
2807;72
2808;61
2809;87
2810;36
2811;49
2812;31
2813;3
2814;35
2815;82
2816;53
2817;43
2818;61
2819;56
2820;18
2821;15
2822;70
2823;33
2824;67
2825;52
2826;60
2827;64
2828;56
2829;13
2830;15
2831;17
2832;55
2833;40
2834;24
2835;25
2836;27
2837;37
2838;3
2839;0
2840;18
2841;30
2842;15
2843;24
2844;30
2845;16
2846;1
2847;63
2848;46
2849;63
2850;84
2851;70
2852;66
2853;21
2854;26
2855;44
2856;71
2857;27
2858;36
2859;28
2860;13
2861;63
2862;78
2863;71
2864;77
2865;62
2866;66
2867;50
2868;49
2869;49
2870;67
2871;68
2872;31
2873;19
2874;20
2875;63
2876;32
2877;29
2878;3
2879;1
2880;15
2881;64
2882;67
2883;59
2884;47
2885;24
2886;41
2887;78
2888;27
2889;20
2890;31
2891;17
2892;66
2893;94
2894;55
2895;24
2896;37
2897;29
2898;9
2899;15
2900;79
2901;24
2902;90
2903;47
2904;87
2905;48
2906;53
2907;76
2908;58
2909;28
2910;43
2911;2
2912;14
2913;26
2914;10
2915;13
2916;36
2917;44
2918;13
2919;13
2920;87
2921;77
2922;43
2923;43
2924;10
2925;12
2926;13
2927;31
2928;68
2929;38
2930;63
2931;59
2932;13
2933;7
2934;11
2935;6
2936;52
2937;60
2938;17
2939;17
2940;69
2941;25
2942;55
2943;67
2944;37
2945;85
2946;34
2947;47
2948;6
2949;7
2950;68
2951;30
2952;19
2953;87
2954;47
2955;54
2956;35
2957;24
2958;47
2959;25
2960;20
2961;99
2962;66
2963;61
2964;21
2965;44
2966;4
2967;9
2968;31
2969;50
2970;15
2971;16
2972;81
2973;73
2974;83
2975;60
2976;70
2977;88
2978;58
2979;60
2980;34
2981;18
2982;15
2983;34
2984;27
2985;12
2986;57
2987;49
2988;87
2989;48
2990;42
2991;18
2992;11
2993;50
2994;58
2995;15
2996;17
2997;59
2998;58
2999;77
3000;30
3001;69
3002;39
3003;33
3004;5
3005;12
3006;57
3007;50
3008;90
3009;45
3010;42
3011;16
3012;17
3013;68
3014;26
3015;62
3016;50
3017;55
3018;21
3019;75
3020;55
3021;50
3022;76
3023;62
3024;46
3025;47
3026;60
3027;56
3028;49
3029;52
3030;67
3031;77
3032;42
3033;22
3034;6
3035;43
3036;41
3037;31
3038;33
3039;5
3040;78
3041;30
3042;42
3043;4
3044;40
3045;47
3046;1
3047;5
3048;67
3049;67
3050;34
3051;49
3052;18
3053;16
3054;41
3055;43
3056;63
3057;87
3058;46
3059;47
3060;22
3061;85
3062;31
3063;29
3064;13
3065;7
3066;61
3067;54
3068;88
3069;85
3070;47
3071;37
3072;29
3073;50
3074;18
3075;7
3076;15
3077;30
3078;44
3079;15
3080;3
3081;39
3082;54
3083;17
3084;6
3085;82
3086;82
3087;62
3088;81
3089;51
3090;45
3091;16
3092;9
3093;9
3094;67
3095;54
3096;84
3097;22
3098;42
3099;53
3100;8
3101;49
3102;36
3103;7
3104;4
3105;44
3106;45
3107;0
3108;41
3109;27
3110;18
3111;4
3112;82
3113;92
3114;31
3115;49
3116;43
3117;32
3118;2
3119;1
3120;11
3121;34
3122;49
3123;14
3124;16
3125;14
3126;35
3127;27
3128;27
3129;36
3130;4
3131;11
3132;2
3133;86
3134;45
3135;48
3136;61
3137;84
3138;45
3139;34
3140;7
3141;12
3142;18
3143;60
3144;26
3145;37
3146;38
3147;14
3148;16
3149;50
3150;83
3151;63
3152;68
3153;51
3154;49
3155;57
3156;64
3157;65
3158;63
3159;38
3160;61
3161;63
3162;59
3163;58
3164;53
3165;52
3166;45
3167;29
3168;2
3169;14
3170;53
3171;24
3172;53
3173;22
3174;27
3175;4
3176;2
3177;0
3178;86
3179;60
3180;52
3181;20
3182;50
3183;45
3184;20
3185;11
3186;5
3187;15
3188;75
3189;59
3190;60
3191;11
3192;13
3193;13
3194;49
3195;67
3196;49
3197;30
3198;0
3199;4
3200;54
3201;58
3202;51
3203;67
3204;60
3205;64
3206;7
3207;10
3208;41
3209;39
3210;16
3211;4
3212;46
3213;27
3214;6
3215;7
3216;29
3217;44
3218;9
3219;38
3220;57
3221;15
3222;66
3223;47
3224;41
3225;25
3226;4
3227;0
3228;22
3229;70
3230;72
3231;47
3232;37
3233;58
3234;24
3235;40
3236;12
3237;13
3238;73
3239;60
3240;24
3241;59
3242;32
3243;26
3244;2
3245;33
3246;8
3247;62
3248;54
3249;73
3250;25
3251;23
3252;4
3253;0
3254;22
3255;61
3256;38
3257;59
3258;6
3259;12
3260;83
3261;58
3262;88
3263;50
3264;30
3265;18
3266;11
3267;17
3268;39
3269;77
3270;19
3271;79
3272;28
3273;29
3274;9
3275;1
3276;39
3277;42
3278;9
3279;11
3280;57
3281;62
3282;40
3283;14
3284;11
3285;42
3286;32
3287;9
3288;1
3289;64
3290;49
3291;10
3292;8
3293;16
3294;10
3295;31
3296;64
3297;61
3298;31
3299;62
3300;31
3301;88
3302;52
3303;43
3304;18
3305;6
3306;63
3307;64
3308;93
3309;30
3310;22
3311;2
3312;29
3313;44
3314;23
3315;23
3316;3
3317;5
3318;37
3319;63
3320;77
3321;27
3322;92
3323;75
3324;66
3325;55
3326;71
3327;68
3328;63
3329;65
3330;54
3331;61
3332;10
3333;15
3334;70
3335;51
3336;40
3337;45
3338;4
3339;2
3340;43
3341;12
3342;51
3343;9
3344;53
3345;72
3346;39
3347;18
3348;59
3349;27
3350;46
3351;26
3352;46
3353;78
3354;25
3355;58
3356;35
3357;49
3358;56
3359;14
3360;7
3361;92
3362;92
3363;83
3364;68
3365;75
3366;55
3367;55
3368;57
3369;71
3370;45
3371;50
3372;66
3373;58
3374;53
3375;61
3376;30
3377;56
3378;52
3379;49
3380;46
3381;9
3382;58
3383;73
3384;19
3385;61
3386;88
3387;20
3388;20
3389;75
3390;72
3391;53
3392;34
3393;69
3394;46
3395;9
3396;22
3397;48
3398;53
3399;60
3400;80
3401;72
3402;72
3403;24
3404;64
3405;63
3406;69
3407;30
3408;74
3409;49
3410;48
3411;77
3412;77
3413;61
3414;29
3415;87
3416;64
3417;55
3418;38
3419;59
3420;15
3421;13
3422;64
3423;48
3424;26
3425;17
3426;17
3427;34
3428;52
3429;50
3430;66
3431;83
3432;27
3433;22
3434;4
3435;46
3436;50
3437;6
3438;6
3439;74
3440;47
3441;29
3442;29
3443;14
3444;11
3445;7
3446;45
3447;35
3448;9
3449;54
3450;48
3451;67
3452;54
3453;57
3454;75
3455;46
3456;75
3457;26
3458;7
3459;72
3460;65
3461;82
3462;23
3463;52
3464;73
3465;63
3466;17
3467;18
3468;65
3469;44
3470;30
3471;27
3472;47
3473;9
3474;13
3475;1
3476;44
3477;42
3478;5
3479;15
3480;76
3481;48
3482;49
3483;53
3484;23
3485;62
3486;57
3487;78
3488;89
3489;64
3490;31
3491;8
3492;18
3493;24
3494;26
3495;54
3496;60
3497;55
3498;77
3499;21
3500;37
3501;26
3502;76
3503;20
3504;68
3505;53
3506;31
3507;33
3508;4
3509;8
3510;47
3511;69
3512;43
3513;74
3514;94
3515;26
3516;73
3517;19
3518;62
3519;64
3520;62
3521;8
3522;8
3523;62
3524;50
3525;12
3526;19
3527;81
3528;24
3529;35
3530;18
3531;5
3532;81
3533;63
3534;35
3535;24
3536;5
3537;0
3538;68
3539;65
3540;55
3541;86
3542;69
3543;62
3544;31
3545;28
3546;6
3547;13
3548;12
3549;53
3550;61
3551;19
3552;68
3553;37
3554;44
3555;7
3556;76
3557;47
3558;37
3559;31
3560;5
3561;48
3562;49
3563;17
3564;4
3565;24
3566;41
3567;26
3568;74
3569;56
3570;47
3571;29
3572;55
3573;23
3574;28
3575;20
3576;1
3577;1
3578;2
3579;48
3580;55
3581;67
3582;48
3583;38
3584;1
3585;0
3586;84
3587;74
3588;22
3589;100
3590;42
3591;59
3592;18
3593;15
3594;8
3595;35
3596;22
3597;38
3598;1
3599;80
3600;46
3601;22
3602;3
3603;2
3604;74
3605;61
3606;89
3607;49
3608;51
3609;28
3610;35
3611;47
3612;53
3613;54
3614;31
3615;56
3616;59
3617;92
3618;21
3619;19
3620;26
3621;52
3622;40
3623;11
3624;18
3625;27
3626;44
3627;0
3628;4
3629;5
3630;64
3631;32
3632;17
3633;4
3634;30
3635;65
3636;53
3637;7
3638;38
3639;49
3640;18
3641;78
3642;42
3643;49
3644;3
3645;2
3646;45
3647;59
3648;75
3649;64
3650;20
3651;82
3652;55
3653;76
3654;69
3655;64
3656;29
3657;10
3658;93
3659;54
3660;55
3661;65
3662;19
3663;68
3664;47
3665;63
3666;13
3667;13
3668;7
3669;70
3670;54
3671;21
3672;48
3673;69
3674;60
3675;56
3676;23
3677;22
3678;78
3679;48
3680;60
3681;62
3682;70
3683;68
3684;36
3685;35
3686;17
3687;14
3688;74
3689;52
3690;72
3691;23
3692;20
3693;47
3694;28
3695;36
3696;1
3697;18
3698;50
3699;88
3700;22
3701;64
3702;63
3703;40
3704;11
3705;55
3706;54
3707;34
3708;37
3709;40
3710;20
3711;13
3712;3
3713;60
3714;39
3715;60
3716;80
3717;48
3718;32
3719;66
3720;64
3721;75
3722;47
3723;57
3724;81
3725;20
3726;19
3727;52
3728;25
3729;57
3730;64
3731;46
3732;24
3733;62
3734;66
3735;31
3736;33
3737;4
3738;4
3739;36
3740;53
3741;15
3742;16
3743;65
3744;66
3745;19
3746;19
3747;23
3748;26
3749;50
3750;17
3751;62
3752;39
3753;80
3754;92
3755;52
3756;36
3757;53
3758;6
3759;14
3760;53
3761;81
3762;69
3763;51
3764;82
3765;77
3766;22
3767;55
3768;35
3769;49
3770;63
3771;68
3772;87
3773;53
3774;15
3775;17
3776;72
3777;31
3778;31
3779;22
3780;73
3781;67
3782;66
3783;78
3784;63
3785;71
3786;45
3787;29
3788;3
3789;9
3790;45
3791;43
3792;14
3793;17
3794;32
3795;53
3796;49
3797;74
3798;19
3799;74
3800;72
3801;58
3802;76
3803;22
3804;38
3805;32
3806;14
3807;5
3808;32
3809;52
3810;54
3811;28
3812;62
3813;77
3814;69
3815;40
3816;15
3817;10
3818;67
3819;58
3820;37
3821;46
3822;6
3823;2
3824;64
3825;78
3826;59
3827;87
3828;19
3829;64
3830;80
3831;51
3832;23
3833;51
3834;58
3835;20
3836;36
3837;76
3838;46
3839;44
3840;34
3841;75
3842;74
3843;81
3844;44
3845;54
3846;58
3847;9
3848;18
3849;88
3850;19
3851;71
3852;47
3853;61
3854;51
3855;37
3856;19
3857;3
3858;11
3859;86
3860;60
3861;38
3862;24
3863;0
3864;1
3865;68
3866;56
3867;67
3868;48
3869;46
3870;47
3871;48
3872;48
3873;10
3874;6
3875;42
3876;33
3877;7
3878;18
3879;9
3880;42
3881;40
3882;5
3883;31
3884;47
3885;62
3886;51
3887;30
3888;46
3889;12
3890;8
3891;15
3892;57
3893;53
3894;42
3895;11
3896;14
3897;12
3898;34
3899;51
3900;68
3901;26
3902;58
3903;76
3904;79
3905;42
3906;52
3907;7
3908;9
3909;65
3910;60
3911;50
3912;73
3913;48
3914;27
3915;34
3916;35
3917;10
3918;10
3919;19
3920;60
3921;54
3922;52
3923;34
3924;4
3925;2
3926;28
3927;25
3928;81
3929;24
3930;20
3931;60
3932;29
3933;18
3934;17
3935;70
3936;56
3937;83
3938;53
3939;66
3940;55
3941;70
3942;47
3943;35
3944;15
3945;12
3946;14
3947;47
3948;93
3949;34
3950;43
3951;5
3952;1
3953;55
3954;58
3955;11
3956;8
3957;72
3958;56
3959;69
3960;66
3961;53
3962;64
3963;53
3964;7
3965;17
3966;29
3967;63
3968;50
3969;49
3970;6
3971;15
3972;11
3973;79
3974;65
3975;72
3976;70
3977;69
3978;74
3979;53
3980;31
3981;4
3982;5
3983;89
3984;72
3985;22
3986;78
3987;23
3988;55
3989;58
3990;52
3991;74
3992;38
3993;82
3994;21
3995;52
3996;29
3997;63
3998;51
3999;62
4000;53
4001;69
4002;75
4003;46
4004;37
4005;5
4006;4
4007;59
4008;76
4009;36
4010;40
4011;11
4012;18
4013;7
4014;60
4015;65
4016;51
4017;57
4018;73
4019;28
4020;34
4021;4
4022;14
4023;22
4024;86
4025;82
4026;28
4027;11
4028;62
4029;56
4030;9
4031;9
4032;12
4033;57
4034;89
4035;58
4036;43
4037;44
4038;74
4039;52
4040;50
4041;14
4042;14
4043;16
4044;47
4045;32
4046;8
4047;17
4048;32
4049;38
4050;49
4051;48
4052;44
4053;89
4054;73
4055;69
4056;36
4057;51
4058;25
4059;64
4060;30
4061;36
4062;3
4063;1
4064;27
4065;57
4066;14
4067;54
4068;32
4069;36
4070;33
4071;85
4072;62
4073;22
4074;49
4075;60
4076;63
4077;61
4078;79
4079;21
4080;61
4081;92
4082;63
4083;47
4084;17
4085;10
4086;35
4087;31
4088;14
4089;13
4090;76
4091;22
4092;34
4093;5
4094;0
4095;18
4096;19
4097;64
4098;56
4099;28
4100;51
4101;23
4102;33
4103;43
4104;50
4105;7
4106;10
4107;10
4108;63
4109;71
4110;51
4111;55
4112;76
4113;74
4114;61
4115;46
4116;15
4117;15
4118;48
4119;29
4120;1
4121;14
4122;30
4123;48
4124;16
4125;13
4126;48
4127;84
4128;25
4129;52
4130;31
4131;13
4132;13
4133;29
4134;49
4135;10
4136;0
4137;24
4138;33
4139;9
4140;35
4141;38
4142;46
4143;18
4144;27
4145;38
4146;14
4147;11
4148;84
4149;71
4150;92
4151;70
4152;46
4153;52
4154;78
4155;65
4156;46
4157;78
4158;67
4159;75
4160;58
4161;92
4162;23
4163;92
4164;49
4165;64
4166;65
4167;82
4168;84
4169;33
4170;33
4171;30
4172;14
4173;11
4174;65
4175;66
4176;47
4177;40
4178;1
4179;53
4180;44
4181;36
4182;10
4183;37
4184;28
4185;2
4186;48
4187;42
4188;57
4189;59
4190;75
4191;60
4192;42
4193;22
4194;35
4195;0
4196;5
4197;63
4198;57
4199;54
4200;51
4201;26
4202;18
4203;17
4204;30
4205;31
4206;2
4207;10
4208;73
4209;61
4210;67
4211;48
4212;68
4213;60
4214;37
4215;26
4216;0
4217;20
4218;30
4219;29
4220;24
4221;72
4222;40
4223;32
4224;4
4225;2
4226;50
4227;54
4228;62
4229;79
4230;26
4231;21
4232;12
4233;4
4234;50
4235;33
4236;48
4237;3
4238;15
4239;72
4240;37
4241;47
4242;41
4243;56
4244;10
4245;13
4246;62
4247;39
4248;69
4249;61
4250;35
4251;12
4252;16
4253;14
4254;12
4255;59
4256;41
4257;12
4258;9
4259;60
4260;73
4261;59
4262;48
4263;36
4264;34
4265;6
4266;47
4267;46
4268;6
4269;47
4270;21
4271;52
4272;27
4273;80
4274;81
4275;47
4276;63
4277;25
4278;72
4279;66
4280;77
4281;57
4282;59
4283;46
4284;21
4285;61
4286;24
4287;21
4288;66
4289;83
4290;50
4291;40
4292;27
4293;22
4294;32
4295;59
4296;89
4297;74
4298;60
4299;42
4300;85
4301;55
4302;26
4303;57
4304;47
4305;30
4306;63
4307;13
4308;11
4309;66
4310;56
4311;78
4312;22
4313;71
4314;58
4315;41
4316;58
4317;34
4318;30
4319;18
4320;8
4321;10
4322;64
4323;49
4324;20
4325;23
4326;19
4327;35
4328;46
4329;21
4330;2
4331;2
4332;72
4333;45
4334;66
4335;80
4336;70
4337;41
4338;49
4339;29
4340;6
4341;18
4342;57
4343;47
4344;73
4345;44
4346;90
4347;34
4348;40
4349;61
4350;48
4351;17
4352;8
4353;13
4354;33
4355;62
4356;80
4357;54
4358;59
4359;51
4360;6
4361;13
4362;20
4363;63
4364;33
4365;42
4366;8
4367;27
4368;41
4369;52
4370;52
4371;38
4372;59
4373;58
4374;68
4375;30
4376;93
4377;63
4378;7
4379;8
4380;51
4381;48
4382;79
4383;74
4384;19
4385;56
4386;49
4387;69
4388;55
4389;67
4390;92
4391;56
4392;74
4393;27
4394;40
4395;4
4396;7
4397;23
4398;56
4399;32
4400;51
4401;58
4402;7
4403;78
4404;96
4405;37
4406;28
4407;34
4408;0
4409;12
4410;82
4411;52
4412;28
4413;43
4414;2
4415;1
4416;73
4417;70
4418;63
4419;49
4420;52
4421;17
4422;80
4423;31
4424;81
4425;23
4426;27
4427;36
4428;11
4429;13
4430;16
4431;76
4432;62
4433;42
4434;60
4435;87
4436;30
4437;32
4438;64
4439;30
4440;18
4441;70
4442;43
4443;77
4444;31
4445;63
4446;11
4447;18
4448;61
4449;26
4450;28
4451;45
4452;3
4453;6
4454;13
4455;68
4456;64
4457;43
4458;45
4459;18
4460;7
4461;59
4462;87
4463;41
4464;85
4465;25
4466;63
4467;27
4468;23
4469;31
4470;12
4471;56
4472;62
4473;23
4474;72
4475;57
4476;34
4477;12
4478;64
4479;60
4480;26
4481;47
4482;69
4483;43
4484;33
4485;17
4486;17
4487;82
4488;45
4489;55
4490;44
4491;13
4492;17
4493;40
4494;73
4495;52
4496;50
4497;32
4498;18
4499;77
4500;78
4501;60
4502;25
4503;37
4504;38
4505;10
4506;15
4507;74
4508;50
4509;36
4510;59
4511;19
4512;20
4513;6
4514;9
4515;1
4516;22
4517;43
4518;0
4519;54
4520;39
4521;46
4522;35
4523;67
4524;48
4525;34
4526;4
4527;41
4528;90
4529;63
4530;78
4531;32
4532;33
4533;3
4534;4
4535;57
4536;31
4537;12
4538;18
4539;14
4540;29
4541;76
4542;33
4543;55
4544;52
4545;60
4546;56
4547;32
4548;29
4549;57
4550;9
4551;29
4552;54
4553;40
4554;30
4555;6
4556;13
4557;65
4558;43
4559;54
4560;18
4561;13
4562;15
4563;70
4564;31
4565;61
4566;29
4567;43
4568;2
4569;2
4570;46
4571;50
4572;63
4573;7
4574;96
4575;85
4576;59
4577;40
4578;13
4579;11
4580;6
4581;83
4582;56
4583;61
4584;63
4585;35
4586;64
4587;8
4588;74
4589;51
4590;30
4591;13
4592;65
4593;47
4594;64
4595;22
4596;61
4597;49
4598;56
4599;58
4600;42
4601;57
4602;9
4603;11
4604;63
4605;60
4606;56
4607;47
4608;54
4609;36
4610;43
4611;54
4612;32
4613;29
4614;50
4615;83
4616;56
4617;29
4618;76
4619;50
4620;62
4621;11
4622;8
4623;9
4624;44
4625;63
4626;10
4627;12
4628;82
4629;26
4630;50
4631;9
4632;6
4633;25
4634;68
4635;79
4636;54
4637;45
4638;45
4639;1
4640;4
4641;16
4642;35
4643;70
4644;87
4645;58
4646;82
4647;65
4648;62
4649;24
4650;72
4651;91
4652;63
4653;52
4654;63
4655;10
4656;10
4657;12
