1;63
2;54
3;67
4;78
5;85
6;53
7;85
8;67
9;79
10;56
11;45
12;85
13;85
14;81
15;24
16;59
17;57
18;31
19;51
20;53
21;29
22;26
23;34
24;55
25;69
26;67
27;65
28;26
29;19
30;76
31;73
32;29
33;37
34;52
35;48
36;32
37;14
38;49
39;15
40;66
41;68
42;48
43;48
44;81
45;87
46;66
47;40
48;35
49;31
50;4
51;7
52;54
53;55
54;48
55;25
56;43
57;2
58;40
59;31
60;4
61;7
62;3
63;69
64;59
65;66
66;53
67;65
68;70
69;80
70;55
71;47
72;71
73;86
74;30
75;32
76;32
77;49
78;18
79;15
80;18
81;49
82;62
83;12
84;6
85;35
86;27
87;11
88;18
89;53
90;52
91;8
92;12
93;57
94;61
95;54
96;39
97;14
98;18
99;30
100;35
101;45
102;16
103;1
104;8
105;72
106;87
107;65
108;61
109;42
110;22
111;21
112;24
113;87
114;25
115;62
116;43
117;19
118;5
119;7
120;59
121;44
122;7
123;52
124;43
125;81
126;44
127;58
128;25
129;61
130;83
131;59
132;58
133;50
134;31
135;15
136;82
137;72
138;63
139;24
140;41
141;8
142;0
143;3
144;9
145;31
146;47
147;52
148;52
149;89
150;46
151;69
152;72
153;41
154;61
155;10
156;12
157;52
158;69
159;75
160;65
161;87
162;51
163;19
164;22
165;68
166;51
167;25
168;22
169;41
170;2
171;6
172;65
173;49
174;45
175;23
176;20
177;64
178;22
179;45
180;39
181;10
182;12
183;10
184;45
185;23
186;32
187;41
188;74
189;45
190;28
191;5
192;5
193;33
194;64
195;77
196;28
197;39
198;4
199;29
200;43
201;3
202;5
203;15
204;74
205;36
206;27
207;51
208;19
209;26
210;56
211;21
212;32
213;49
214;2
215;2
216;5
217;93
218;64
219;46
220;42
221;6
222;8
223;18
224;26
225;75
226;53
227;23
228;65
229;69
230;22
231;50
232;24
233;21
234;0
235;0
236;18
237;68
238;25
239;61
240;63
241;20
242;37
243;25
244;19
245;35
246;61
247;47
248;80
249;77
250;57
251;51
252;31
253;31
254;1
255;12
256;42
257;34
258;17
259;10
260;69
261;47
262;45
263;29
264;8
265;31
266;21
267;5
268;5
269;65
270;51
271;36
272;44
273;3
274;11
275;2
276;39
277;87
278;58
279;68
280;82
281;54
282;42
283;28
284;62
285;10
286;6
287;89
288;57
289;81
290;48
291;49
292;62
293;46
294;38
295;22
296;85
297;77
298;49
299;34
300;79
301;75
302;51
303;65
304;62
305;47
306;15
307;14
308;10
309;41
310;47
311;10
312;37
313;30
314;2
315;5
316;20
317;60
318;42
319;57
320;46
321;60
322;68
323;49
324;49
325;30
326;46
327;7
328;12
329;89
330;48
331;36
332;17
333;17
334;16
335;27
336;34
337;68
338;46
339;24
340;66
341;64
342;66
343;25
344;57
345;64
346;54
347;58
348;50
349;12
350;12
351;72
352;59
353;27
354;25
355;2
356;2
357;75
358;33
359;38
360;11
361;14
362;66
363;20
364;51
365;24
366;23
367;19
368;23
369;69
370;36
371;42
372;18
373;61
374;24
375;48
376;12
377;2
378;49
379;21
380;71
381;57
382;22
383;65
384;34
385;72
386;59
387;24
388;40
389;29
390;56
391;24
392;36
393;48
394;17
395;72
396;63
397;46
398;54
399;11
400;14
401;72
402;78
403;74
404;88
405;22
406;19
407;46
408;41
409;12
410;45
411;75
412;54
413;31
414;55
415;87
416;74
417;50
418;31
419;26
420;74
421;66
422;59
423;23
424;73
425;36
426;10
427;54
428;65
429;63
430;33
431;31
432;8
433;2
434;31
435;40
436;15
437;15
438;61
439;79
440;91
441;62
442;27
443;17
444;18
445;37
446;29
447;13
448;54
449;39
450;27
451;37
452;3
453;16
454;1
455;42
456;50
457;73
458;62
459;47
460;49
461;62
462;82
463;20
464;68
465;45
466;51
467;29
468;16
469;14
470;32
471;50
472;15
473;10
474;52
475;26
476;33
477;17
478;41
479;48
480;5
481;15
482;51
483;54
484;37
485;37
486;13
487;9
488;77
489;76
490;77
491;36
492;19
493;31
494;68
495;38
496;31
497;8
498;5
499;86
500;58
501;46
502;76
503;21
504;32
505;44
506;6
507;14
508;19
509;75
510;57
511;87
512;54
513;47
514;9
515;37
516;46
517;31
518;35
519;68
520;70
521;56
522;61
523;22
524;76
525;24
526;73
527;52
528;69
529;50
530;50
531;11
532;40
533;21
534;62
535;68
536;20
537;58
538;60
539;88
540;89
541;82
542;19
543;23
544;46
545;50
546;9
547;64
548;63
549;26
550;47
551;57
552;13
553;76
554;75
555;36
556;48
557;30
558;62
559;15
560;13
561;11
562;93
563;62
564;90
565;76
566;24
567;20
568;67
569;33
570;73
571;60
572;45
573;68
574;54
575;65
576;60
577;84
578;63
579;18
580;69
581;75
582;76
583;70
584;84
585;37
586;44
587;0
588;13
589;86
590;55
591;68
592;22
593;66
594;80
595;40
596;31
597;51
598;60
599;29
600;28
601;38
602;18
603;42
604;43
605;7
606;42
607;57
608;15
609;16
610;16
611;49
612;51
613;85
614;42
615;56
616;15
617;6
618;9
619;22
620;30
621;55
622;75
623;19
624;56
625;42
626;10
627;18
628;90
629;52
630;78
631;70
632;64
633;29
634;24
635;39
636;55
637;63
638;43
639;34
640;10
641;14
642;39
643;85
644;59
645;50
646;49
647;70
648;62
649;19
650;22
651;8
652;42
653;7
654;83
655;50
656;45
657;47
658;4
659;4
660;46
661;70
662;24
663;53
664;54
665;15
666;7
667;23
668;59
669;21
670;22
671;59
672;58
673;76
674;81
675;54
676;76
677;84
678;72
679;38
680;31
681;4
682;3
683;56
684;26
685;41
686;26
687;14
688;10
689;30
690;32
691;3
692;17
693;75
694;31
695;47
696;7
697;88
698;19
699;23
700;59
701;57
702;16
703;7
704;55
705;67
706;25
707;75
708;29
709;32
710;39
711;10
712;8
713;38
714;52
715;34
716;8
717;17
718;73
719;86
720;71
721;47
722;39
723;4
724;13
725;1
726;28
727;36
728;15
729;0
730;4
731;46
732;59
733;52
734;62
735;73
736;55
737;57
738;74
739;80
740;67
741;62
742;29
743;35
744;13
745;18
746;21
747;35
748;76
749;20
750;38
751;2
752;79
753;64
754;53
755;62
756;10
757;11
758;26
759;9
760;24
761;62
762;55
763;6
764;55
765;73
766;33
767;41
768;5
769;15
770;50
771;40
772;9
773;15
774;97
775;58
776;61
777;41
778;49
779;57
780;25
781;28
782;23
783;21
784;56
785;37
786;73
787;32
788;85
789;42
790;58
791;7
792;11
793;7
794;52
795;19
796;42
797;50
798;14
799;36
800;44
801;10
802;13
803;87
804;31
805;40
806;17
807;9
808;17
809;35
810;41
811;6
812;17
813;35
814;34
815;13
816;1
817;5
818;74
819;25
820;64
821;65
822;78
823;39
824;48
825;54
826;23
827;58
828;67
829;70
830;71
831;58
832;27
833;7
834;7
835;12
836;57
837;53
838;9
839;16
840;66
841;44
842;67
843;69
844;47
845;26
846;17
847;8
848;48
849;43
850;15
851;34
852;41
853;16
854;11
855;1
856;82
857;52
858;33
859;8
860;15
861;53
862;31
863;67
864;57
865;59
866;19
867;45
868;35
869;4
870;62
871;27
872;77
873;21
874;46
875;10
876;37
877;57
878;55
879;64
880;47
881;10
882;16
883;64
884;24
885;70
886;68
887;52
888;93
889;24
890;35
891;37
892;49
893;18
894;13
895;25
896;39
897;15
898;5
899;2
900;65
901;70
902;68
903;37
904;26
905;52
906;52
907;39
908;61
909;23
910;62
911;30
912;41
913;3
914;5
915;60
916;9
917;73
918;72
919;97
920;63
921;25
922;22
923;23
924;59
925;54
926;21
927;93
928;89
929;52
930;22
931;30
932;2
933;8
934;15
935;3
936;71
937;35
938;66
939;91
940;49
941;31
942;8
943;6
944;68
945;49
946;33
947;8
948;38
949;15
950;85
951;77
952;72
953;22
954;52
955;22
956;21
957;41
958;4
959;7
960;76
961;69
962;35
963;33
964;56
965;88
966;71
967;82
968;54
969;63
970;79
971;70
972;73
973;49
974;43
975;1
976;15
977;29
978;43
979;36
980;39
981;45
982;59
983;15
984;12
985;10
986;93
987;23
988;61
989;63
990;31
991;7
992;17
993;6
994;8
995;69
996;74
997;50
998;68
999;44
1000;58
1001;69
1002;68
1003;86
1004;70
1005;21
1006;30
1007;7
1008;4
1009;2
1010;50
1011;37
1012;4
1013;63
1014;34
1015;49
1016;20
1017;12
1018;12
1019;52
1020;47
1021;22
1022;76
1023;92
1024;71
1025;35
1026;31
1027;12
1028;46
1029;43
1030;43
1031;2
1032;4
1033;20
1034;55
1035;19
1036;27
1037;5
1038;14
1039;30
1040;54
1041;28
1042;45
1043;16
1044;48
1045;54
1046;8
1047;15
1048;61
1049;65
1050;51
1051;49
1052;68
1053;47
1054;40
1055;61
1056;26
1057;22
1058;31
1059;20
1060;31
1061;2
1062;4
1063;43
1064;69
1065;93
1066;68
1067;25
1068;70
1069;58
1070;28
1071;44
1072;3
1073;2
1074;4
1075;10
1076;38
1077;53
1078;35
1079;13
1080;6
1081;11
1082;40
1083;54
1084;16
1085;7
1086;42
1087;49
1088;6
1089;9
1090;67
1091;62
1092;21
1093;21
1094;33
1095;20
1096;21
1097;52
1098;74
1099;58
1100;63
1101;51
1102;57
1103;62
1104;25
1105;76
1106;40
1107;72
1108;50
1109;78
1110;65
1111;74
1112;87
1113;40
1114;50
1115;55
1116;17
1117;7
1118;50
1119;9
1120;14
1121;61
1122;49
1123;14
1124;10
1125;33
1126;39
1127;47
1128;10
1129;11
1130;35
1131;49
1132;35
1133;10
1134;44
1135;7
1136;72
1137;63
1138;34
1139;71
1140;64
1141;50
1142;73
1143;66
1144;61
1145;46
1146;64
1147;14
1148;14
1149;44
1150;30
1151;67
1152;42
1153;21
1154;79
1155;24
1156;72
1157;58
1158;30
1159;11
1160;6
1161;52
1162;71
1163;35
1164;41
1165;2
1166;4
1167;48
1168;51
1169;26
1170;57
1171;17
1172;12
1173;24
1174;22
1175;59
1176;57
1177;51
1178;26
1179;45
1180;27
1181;3
1182;6
1183;45
1184;33
1185;8
1186;70
1187;50
1188;39
1189;6
1190;8
1191;39
1192;71
1193;62
1194;46
1195;51
1196;12
1197;11
1198;26
1199;55
1200;15
1201;16
1202;63
1203;47
1204;57
1205;56
1206;20
1207;51
1208;52
1209;47
1210;21
1211;42
1212;81
1213;71
1214;48
1215;21
1216;34
1217;78
1218;84
1219;59
1220;66
1221;54
1222;40
1223;46
1224;33
1225;15
1226;15
1227;30
1228;48
1229;13
1230;9
1231;14
1232;62
1233;27
1234;12
1235;67
1236;40
1237;71
1238;54
1239;51
1240;25
1241;74
1242;59
1243;30
1244;39
1245;11
1246;10
1247;77
1248;88
1249;45
1250;61
1251;43
1252;9
1253;13
1254;29
1255;26
1256;39
1257;58
1258;27
1259;37
1260;1
1261;4
1262;9
1263;52
1264;56
1265;47
1266;70
1267;56
1268;93
1269;50
1270;91
1271;45
1272;48
1273;3
1274;0
1275;41
1276;75
1277;55
1278;28
1279;42
1280;65
1281;53
1282;48
1283;59
1284;8
1285;27
1286;42
1287;8
1288;8
1289;10
1290;87
1291;62
1292;21
1293;20
1294;46
1295;34
1296;8
1297;15
1298;8
1299;73
1300;58
1301;61
1302;79
1303;76
1304;63
1305;46
1306;69
1307;26
1308;49
1309;58
1310;16
1311;11
1312;11
1313;40
1314;79
1315;52
1316;52
1317;28
1318;11
1319;18
1320;59
1321;64
1322;28
1323;49
1324;4
1325;2
1326;63
1327;91
1328;59
1329;71
1330;40
1331;38
1332;59
1333;37
1334;46
1335;74
1336;43
1337;34
1338;60
1339;7
1340;13
1341;18
1342;30
1343;59
1344;58
1345;81
1346;49
1347;37
1348;0
1349;45
1350;56
1351;75
1352;70
1353;76
1354;27
1355;27
1356;15
1357;12
1358;45
1359;31
1360;10
1361;7
1362;48
1363;85
1364;45
1365;86
1366;20
1367;56
1368;46
1369;8
1370;26
1371;61
1372;82
1373;46
1374;61
1375;47
1376;10
1377;12
1378;71
1379;76
1380;28
1381;64
1382;14
1383;15
1384;87
1385;26
1386;69
1387;22
1388;23
1389;63
1390;79
1391;67
1392;59
1393;72
1394;69
1395;69
1396;44
1397;21
1398;51
1399;93
1400;65
1401;36
1402;40
1403;39
1404;58
1405;72
1406;33
1407;38
1408;5
1409;13
1410;52
1411;52
1412;85
1413;25
1414;26
1415;2
1416;49
1417;39
1418;11
1419;9
1420;45
1421;57
1422;47
1423;45
1424;14
1425;7
1426;53
1427;55
1428;56
1429;69
1430;35
1431;37
1432;12
1433;63
1434;47
1435;36
1436;34
1437;10
1438;15
1439;70
1440;31
1441;54
1442;8
1443;7
1444;67
1445;39
1446;36
1447;7
1448;14
1449;37
1450;74
1451;28
1452;24
1453;33
1454;46
1455;65
1456;61
1457;77
1458;64
1459;80
1460;71
1461;71
1462;49
1463;49
1464;15
1465;1
1466;49
1467;77
1468;66
1469;53
1470;87
1471;70
1472;59
1473;28
1474;73
1475;46
1476;68
1477;78
1478;80
1479;67
1480;48
1481;33
1482;14
1483;18
1484;46
1485;34
1486;17
1487;42
1488;57
1489;89
1490;67
1491;40
1492;43
1493;12
1494;10
1495;36
1496;20
1497;4
1498;15
1499;44
1500;24
1501;36
1502;25
1503;50
1504;38
1505;10
1506;10
1507;54
1508;66
1509;28
1510;70
1511;40
1512;62
1513;45
1514;60
1515;21
1516;19
1517;29
1518;32
1519;4
1520;9
1521;5
1522;90
1523;52
1524;76
1525;66
1526;29
1527;54
1528;16
1529;7
1530;51
1531;45
1532;25
1533;53
1534;73
1535;20
1536;66
1537;39
1538;23
1539;54
1540;71
1541;48
1542;22
1543;21
1544;65
1545;44
1546;78
1547;47
1548;58
1549;48
1550;17
1551;9
1552;51
1553;63
1554;30
1555;38
1556;6
1557;13
1558;27
1559;45
1560;32
1561;6
1562;3
1563;57
1564;32
1565;72
1566;23
1567;20
1568;89
1569;19
1570;31
1571;31
1572;1
1573;0
1574;35
1575;66
1576;57
1577;29
1578;54
1579;6
1580;17
1581;52
1582;55
1583;7
1584;75
1585;70
1586;50
1587;34
1588;16
1589;16
1590;37
1591;45
1592;90
1593;54
1594;51
1595;52
1596;74
1597;56
1598;76
1599;24
1600;52
1601;62
1602;37
1603;15
1604;15
1605;26
1606;32
1607;5
1608;6
1609;49
1610;69
1611;28
1612;79
1613;70
1614;63
1615;28
1616;58
1617;49
1618;19
1619;87
1620;38
1621;41
1622;46
1623;12
1624;11
1625;9
1626;70
1627;20
1628;22
1629;63
1630;60
1631;20
1632;35
1633;40
1634;0
1635;59
1636;10
1637;41
1638;51
1639;56
1640;10
1641;11
1642;74
1643;46
1644;24
1645;25
1646;30
1647;11
1648;53
1649;53
1650;48
1651;61
1652;39
1653;56
1654;52
1655;47
1656;30
1657;71
1658;61
1659;43
1660;32
1661;5
1662;2
1663;46
1664;47
1665;42
1666;5
1667;12
1668;41
1669;26
1670;7
1671;14
1672;11
1673;40
1674;84
1675;59
1676;51
1677;20
1678;97
1679;57
1680;33
1681;56
1682;75
1683;19
1684;34
1685;0
1686;16
1687;15
1688;54
1689;53
1690;33
1691;76
1692;56
1693;58
1694;32
1695;49
1696;85
1697;61
1698;21
1699;26
1700;4
1701;16
1702;51
1703;21
1704;28
1705;17
1706;10
1707;52
1708;72
1709;54
1710;19
1711;31
1712;11
1713;21
1714;40
1715;41
1716;4
1717;0
1718;39
1719;38
1720;14
1721;8
1722;55
1723;42
1724;57
1725;66
1726;73
1727;52
1728;38
1729;39
1730;27
1731;16
1732;7
1733;88
1734;81
1735;44
1736;30
1737;6
1738;20
1739;45
1740;68
1741;19
1742;51
1743;86
1744;40
1745;23
1746;5
1747;4
1748;83
1749;82
1750;47
1751;59
1752;8
1753;48
1754;51
1755;14
1756;15
1757;26
1758;44
1759;33
1760;34
1761;10
1762;16
1763;11
1764;58
1765;46
1766;11
1767;13
1768;37
1769;29
1770;56
1771;56
1772;45
1773;35
1774;7
1775;52
1776;21
1777;53
1778;27
1779;39
1780;56
1781;15
1782;11
1783;40
1784;87
1785;25
1786;71
1787;72
1788;75
1789;23
1790;39
1791;33
1792;64
1793;33
1794;45
1795;62
1796;33
1797;19
1798;69
1799;19
1800;20
1801;22
1802;49
1803;7
1804;63
1805;59
1806;47
1807;38
1808;10
1809;8
1810;29
1811;58
1812;26
1813;18
1814;17
1815;49
1816;31
1817;21
1818;69
1819;54
1820;55
1821;82
1822;84
1823;44
1824;54
1825;61
1826;52
1827;19
1828;56
1829;31
1830;9
1831;29
1832;70
1833;65
1834;86
1835;59
1836;24
1837;71
1838;51
1839;67
1840;54
1841;81
1842;39
1843;44
1844;34
1845;16
1846;0
1847;86
1848;23
1849;62
1850;75
1851;36
1852;21
1853;2
1854;5
1855;73
1856;45
1857;31
1858;37
1859;10
1860;15
1861;60
1862;77
1863;30
1864;23
1865;32
1866;66
1867;41
1868;36
1869;81
1870;65
1871;74
1872;67
1873;80
1874;73
1875;45
1876;66
1877;41
1878;44
1879;45
1880;17
1881;66
1882;83
1883;64
1884;47
1885;36
1886;36
1887;1
1888;7
1889;66
1890;82
1891;24
1892;76
1893;58
1894;71
1895;51
1896;62
1897;67
1898;69
1899;42
1900;45
1901;15
1902;8
1903;40
1904;8
1905;31
1906;43
1907;37
1908;42
1909;53
1910;15
1911;57
1912;74
1913;82
1914;48
1915;47
1916;10
1917;5
1918;25
1919;76
1920;34
1921;38
1922;56
1923;42
1924;9
1925;8
1926;53
1927;51
1928;49
1929;27
1930;46
1931;6
1932;37
1933;79
1934;31
1935;24
1936;45
1937;46
1938;13
1939;18
1940;28
1941;32
1942;4
1943;2
1944;18
1945;63
1946;58
1947;63
1948;42
1949;6
1950;8
1951;23
1952;68
1953;61
1954;69
1955;30
1956;40
1957;75
1958;63
1959;48
1960;68
1961;28
1962;93
1963;82
1964;81
1965;60
1966;77
1967;35
1968;40
1969;8
1970;5
1971;85
1972;53
1973;29
1974;18
1975;18
1976;8
1977;35
1978;47
1979;12
1980;16
1981;50
1982;76
1983;57
1984;6
1985;83
1986;71
1987;67
1988;33
1989;33
1990;32
1991;64
1992;70
1993;66
1994;34
1995;58
1996;17
1997;14
1998;21
1999;45
2000;3
2001;3
2002;1
2003;58
2004;67
2005;46
2006;72
2007;54
2008;22
2009;37
2010;50
2011;62
2012;52
2013;47
2014;47
2015;56
2016;57
2017;62
2018;47
2019;28
2020;10
2021;14
2022;17
2023;33
2024;28
2025;24
2026;11
2027;72
2028;80
2029;40
2030;39
2031;8
2032;8
2033;78
2034;55
2035;31
2036;55
2037;10
2038;8
2039;6
2040;49
2041;10
2042;14
2043;54
2044;29
2045;46
2046;41
2047;7
2048;30
2049;62
2050;65
2051;20
2052;40
2053;79
2054;76
2055;61
2056;35
2057;89
2058;65
2059;73
2060;68
2061;63
2062;81
2063;37
2064;42
2065;7
2066;37
2067;26
2068;66
2069;31
2070;30
2071;0
2072;15
2073;46
2074;53
2075;55
2076;33
2077;33
2078;0
2079;70
2080;82
2081;45
2082;45
2083;15
2084;5
2085;2
2086;25
2087;33
2088;3
2089;2
2090;28
2091;48
2092;11
2093;7
2094;30
2095;27
2096;15
2097;39
2098;28
2099;24
2100;64
2101;60
2102;63
2103;34
2104;19
2105;0
2106;47
2107;40
2108;2
2109;3
2110;71
2111;52
2112;79
2113;87
2114;74
2115;54
2116;22
2117;42
2118;46
2119;74
2120;85
2121;33
2122;9
2123;31
2124;30
2125;15
2126;18
2127;12
2128;31
2129;43
2130;14
2131;10
2132;73
2133;55
2134;58
2135;64
2136;74
2137;42
2138;19
2139;34
2140;33
2141;18
2142;5
2143;65
2144;26
2145;52
2146;61
2147;72
2148;81
2149;52
2150;20
2151;25
2152;62
2153;87
2154;54
2155;49
2156;78
2157;57
2158;60
2159;49
2160;11
2161;12
2162;52
2163;62
2164;18
2165;18
2166;69
2167;93
2168;23
2169;59
2170;26
2171;8
2172;6
2173;55
2174;11
2175;14
2176;72
2177;68
2178;76
2179;53
2180;70
2181;53
2182;74
2183;31
2184;38
2185;18
2186;10
2187;62
2188;58
2189;14
2190;13
2191;66
2192;20
2193;20
2194;12
2195;4
2196;21
2197;54
2198;62
2199;57
2200;15
2201;9
2202;57
2203;17
2204;25
2205;28
2206;3
2207;3
2208;29
2209;14
2210;27
2211;88
2212;84
2213;54
2214;59
2215;57
2216;29
2217;14
2218;14
2219;16
2220;60
2221;57
2222;51
2223;24
2224;59
2225;57
2226;57
2227;66
2228;51
2229;49
2230;36
2231;18
2232;12
2233;16
2234;52
2235;65
2236;67
2237;91
2238;35
2239;54
2240;10
2241;16
2242;40
2243;33
2244;16
2245;15
2246;73
2247;63
2248;68
2249;22
2250;57
2251;71
2252;28
2253;70
2254;20
2255;58
2256;53
2257;35
2258;21
2259;33
2260;2
2261;17
2262;43
2263;42
2264;15
2265;54
2266;69
2267;75
2268;69
2269;39
2270;24
2271;67
2272;40
2273;36
2274;5
2275;30
2276;60
2277;60
2278;27
2279;47
2280;61
2281;52
2282;37
2283;19
2284;5
2285;16
2286;33
2287;15
2288;15
2289;59
2290;85
2291;39
2292;73
2293;47
2294;37
2295;69
2296;55
2297;38
2298;45
2299;14
2300;13
2301;54
2302;37
2303;35
2304;7
2305;4
2306;86
2307;49
2308;73
2309;75
2310;30
2311;36
2312;5
2313;4
2314;74
2315;71
2316;32
2317;76
2318;49
2319;17
2320;11
2321;41
2322;28
2323;15
2324;9
2325;58
2326;59
2327;18
2328;57
2329;21
2330;63
2331;55
2332;52
2333;63
2334;47
2335;74
2336;42
2337;57
2338;74
2339;66
2340;57
2341;28
2342;54
2343;64
2344;14
2345;9
2346;27
2347;40
2348;26
2349;2
2350;3
2351;81
2352;23
2353;53
2354;39
2355;16
2356;48
2357;41
2358;48
2359;39
2360;35
2361;4
2362;33
2363;60
2364;48
2365;74
2366;28
2367;80
2368;68
2369;21
2370;22
2371;69
2372;82
2373;82
2374;68
2375;92
2376;84
2377;39
2378;53
2379;34
2380;52
2381;63
2382;68
2383;23
2384;93
2385;59
2386;25
2387;30
2388;38
2389;37
2390;10
2391;59
2392;40
2393;8
2394;18
2395;60
2396;59
2397;26
2398;46
2399;10
2400;15
2401;53
2402;42
2403;15
2404;35
2405;76
2406;39
2407;84
2408;56
2409;47
2410;16
2411;8
2412;34
2413;59
2414;11
2415;65
2416;32
2417;27
2418;31
2419;39
2420;74
2421;46
2422;28
2423;47
2424;11
2425;12
2426;7
2427;30
2428;70
2429;49
2430;76
2431;63
2432;57
2433;32
2434;47
2435;3
2436;7
2437;11
2438;35
2439;18
2440;7
2441;52
2442;53
2443;37
2444;33
2445;4
2446;0
2447;2
2448;60
2449;36
2450;7
2451;18
2452;49
2453;62
2454;8
2455;67
2456;51
2457;66
2458;75
2459;60
2460;57
2461;68
2462;62
2463;24
2464;54
2465;62
2466;49
2467;69
2468;67
2469;60
2470;20
2471;74
2472;60
2473;55
2474;47
2475;61
2476;37
2477;22
2478;78
2479;50
2480;37
2481;11
2482;13
2483;16
2484;73
2485;25
2486;45
2487;9
2488;50
2489;55
2490;13
2491;65
2492;62
2493;33
2494;49
2495;3
2496;17
2497;50
2498;30
2499;16
2500;13
2501;12
2502;31
2503;45
2504;7
2505;17
2506;13
2507;44
2508;83
2509;62
2510;26
2511;66
2512;44
2513;0
2514;1
2515;17
2516;61
2517;58
2518;85
2519;52
2520;63
2521;68
2522;85
2523;30
2524;28
2525;9
2526;63
2527;40
2528;11
2529;17
2530;17
2531;69
2532;52
2533;67
2534;54
2535;69
2536;24
2537;59
2538;6
2539;26
2540;32
2541;9
2542;15
2543;47
2544;19
2545;18
2546;3
2547;29
2548;25
2549;5
2550;14
2551;80
2552;68
2553;22
2554;53
2555;31
2556;10
2557;16
2558;26
2559;57
2560;93
2561;88
2562;34
2563;53
2564;14
2565;15
2566;23
2567;44
2568;8
2569;15
2570;52
2571;62
2572;67
2573;30
2574;47
2575;9
2576;6
2577;72
2578;46
2579;38
2580;57
2581;70
2582;44
2583;84
2584;67
2585;37
2586;34
2587;17
2588;9
2589;22
2590;22
2591;9
2592;0
2593;49
2594;58
2595;61
2596;42
2597;20
2598;2
2599;5
2600;87
2601;34
2602;84
2603;75
2604;22
2605;33
2606;6
2607;1
2608;63
2609;64
2610;62
2611;47
2612;13
2613;10
2614;46
2615;45
2616;28
2617;16
2618;9
2619;34
2620;65
2621;47
2622;35
2623;37
2624;34
2625;15
2626;10
2627;9
2628;67
2629;30
2630;10
2631;16
2632;23
2633;63
2634;38
2635;35
2636;16
2637;23
2638;43
2639;9
2640;16
2641;39
2642;61
2643;55
2644;76
2645;49
2646;48
2647;11
2648;6
2649;10
2650;19
2651;71
2652;28
2653;22
2654;86
2655;62
2656;41
2657;27
2658;2
2659;16
2660;72
2661;35
2662;78
2663;38
2664;36
2665;28
2666;13
2667;23
2668;26
2669;48
2670;78
2671;67
2672;49
2673;38
2674;5
2675;4
2676;64
2677;59
2678;62
2679;63
2680;62
2681;62
2682;51
2683;56
2684;43
2685;44
2686;24
2687;5
2688;1
2689;55
2690;51
2691;68
2692;27
2693;62
2694;68
2695;55
2696;51
2697;49
2698;41
2699;0
2700;0
2701;5
2702;60
2703;56
2704;75
2705;49
2706;33
2707;34
2708;33
2709;10
2710;48
2711;63
2712;6
2713;13
2714;16
2715;59
2716;57
2717;39
2718;81
2719;61
2720;53
2721;60
2722;56
2723;69
2724;86
2725;41
2726;45
2727;7
2728;9
2729;39
2730;54
2731;37
2732;86
2733;54
2734;68
2735;70
2736;40
2737;65
2738;54
2739;46
2740;76
2741;25
2742;20
2743;25
2744;55
2745;6
2746;32
2747;87
2748;43
2749;31
2750;25
2751;10
2752;1
2753;58
2754;6
2755;25
2756;55
2757;63
2758;34
2759;61
2760;54
2761;40
2762;42
2763;13
2764;1
2765;4
2766;38
2767;24
2768;53
2769;52
2770;58
2771;89
2772;51
2773;65
2774;41
2775;15
2776;60
2777;64
2778;35
2779;56
2780;15
2781;15
2782;11
2783;60
2784;54
2785;21
2786;68
2787;23
2788;32
2789;6
2790;60
2791;38
2792;18
2793;12
2794;40
2795;44
2796;17
2797;10
2798;89
2799;49
2800;57
2801;73
2802;66
2803;67
2804;59
2805;21
2806;21
2807;64
2808;58
2809;32
2810;43
2811;18
2812;14
2813;28
2814;54
2815;8
2816;8
2817;21
2818;21
2819;40
2820;43
2821;17
2822;15
2823;54
2824;75
2825;46
2826;49
2827;45
2828;10
2829;14
2830;64
2831;55
2832;43
2833;32
2834;39
2835;13
2836;11
2837;25
2838;53
2839;78
2840;24
2841;81
2842;49
2843;59
2844;15
2845;7
2846;21
2847;74
2848;60
2849;53
2850;64
2851;29
2852;52
2853;76
2854;61
2855;56
2856;54
2857;55
2858;14
2859;6
2860;41
2861;57
2862;83
2863;21
2864;73
2865;67
2866;52
2867;34
2868;12
2869;44
2870;45
2871;26
2872;20
2873;34
2874;74
2875;33
2876;53
2877;46
2878;26
2879;10
2880;9
2881;43
2882;52
2883;27
2884;65
2885;68
2886;57
2887;65
2888;76
2889;52
2890;54
2891;64
2892;71
2893;21
2894;60
2895;52
2896;45
2897;13
2898;17
2899;60
2900;24
2901;87
2902;45
2903;79
2904;33
2905;49
2906;15
2907;9
2908;7
2909;54
2910;64
2911;12
2912;6
2913;75
2914;70
2915;36
2916;83
2917;74
2918;69
2919;59
2920;70
2921;52
2922;85
2923;59
2924;78
2925;35
2926;31
2927;52
2928;38
2929;40
2930;25
2931;62
2932;79
2933;24
2934;46
2935;85
2936;72
2937;73
2938;60
2939;82
2940;57
2941;53
2942;26
2943;16
2944;1
2945;91
2946;41
2947;35
2948;15
2949;0
2950;57
2951;44
2952;39
2953;49
2954;17
2955;8
2956;9
2957;55
2958;72
2959;88
2960;71
2961;67
2962;39
2963;31
2964;10
2965;18
2966;78
2967;49
2968;47
2969;86
2970;43
2971;53
2972;13
2973;8
2974;57
2975;32
2976;32
2977;33
2978;1
2979;51
2980;23
2981;21
2982;22
2983;71
2984;64
2985;33
2986;38
2987;11
2988;14
2989;65
2990;31
2991;22
2992;32
2993;3
2994;4
2995;74
2996;19
2997;28
2998;45
2999;33
3000;9
3001;9
3002;58
3003;62
3004;48
3005;18
3006;6
3007;54
3008;30
3009;21
3010;74
3011;47
3012;46
3013;17
3014;18
3015;10
3016;61
3017;39
3018;82
3019;35
3020;46
3021;16
3022;9
3023;55
3024;65
3025;41
3026;75
3027;86
3028;62
3029;88
3030;64
3031;26
3032;9
3033;54
3034;31
3035;46
3036;62
3037;12
3038;15
3039;63
3040;72
3041;47
3042;32
3043;41
3044;11
3045;10
3046;5
3047;77
3048;31
3049;48
3050;10
3051;34
3052;60
3053;6
3054;52
3055;45
3056;17
3057;16
3058;7
3059;28
3060;41
3061;1
3062;3
3063;58
3064;31
3065;24
3066;13
3067;1
3068;13
3069;47
3070;35
3071;3
3072;5
3073;54
3074;30
3075;6
3076;17
3077;67
3078;38
3079;31
3080;9
3081;13
3082;56
3083;52
3084;12
3085;15
3086;50
3087;25
3088;29
3089;12
3090;46
3091;33
3092;7
3093;9
3094;14
3095;25
3096;56
3097;61
3098;68
3099;58
3100;38
3101;83
3102;56
3103;57
3104;68
3105;77
3106;53
3107;64
3108;23
3109;71
3110;42
3111;3
3112;2
3113;26
3114;20
3115;71
3116;43
3117;47
3118;16
3119;1
3120;23
3121;63
3122;45
3123;62
3124;13
3125;12
3126;42
3127;34
3128;12
3129;11
3130;10
3131;49
3132;59
3133;24
3134;41
3135;19
3136;60
3137;20
3138;19
3139;46
3140;32
3141;35
3142;2
3143;7
3144;60
3145;59
3146;43
3147;32
3148;17
3149;9
3150;70
3151;28
3152;74
3153;40
3154;57
3155;12
3156;16
3157;62
3158;26
3159;63
3160;35
3161;5
3162;3
3163;5
3164;32
3165;38
3166;59
3167;19
3168;69
3169;62
3170;19
3171;66
3172;67
3173;55
3174;49
3175;79
3176;54
3177;38
3178;49
3179;16
3180;4
3181;42
3182;48
3183;4
3184;2
3185;80
3186;22
3187;41
3188;5
3189;55
3190;22
3191;73
3192;53
3193;45
3194;43
3195;9
3196;13
3197;59
3198;70
3199;43
3200;33
3201;6
3202;14
3203;37
3204;27
3205;6
3206;1
3207;13
3208;42
3209;41
3210;60
3211;54
3212;71
3213;32
3214;44
3215;18
3216;9
3217;57
3218;42
3219;53
3220;72
3221;75
3222;26
3223;77
3224;53
3225;40
3226;89
3227;91
3228;55
3229;78
3230;36
3231;59
3232;70
3233;72
3234;57
3235;70
3236;85
3237;45
3238;80
3239;41
3240;28
3241;3
3242;3
3243;57
3244;60
3245;53
3246;12
3247;32
3248;23
3249;3
3250;2
3251;43
3252;54
3253;79
3254;65
3255;49
3256;71
3257;54
3258;42
3259;91
3260;19
3261;60
3262;56
3263;24
3264;66
3265;64
3266;21
3267;51
3268;35
3269;56
3270;40
3271;47
3272;76
3273;81
3274;54
3275;69
3276;29
3277;47
3278;36
3279;0
3280;50
3281;73
3282;31
3283;35
3284;15
3285;27
3286;73
3287;19
3288;78
3289;67
3290;47
3291;81
3292;55
3293;19
3294;28
3295;69
3296;60
3297;25
3298;34
3299;17
3300;12
3301;81
3302;27
3303;78
3304;41
3305;70
3306;48
3307;53
3308;21
3309;81
3310;75
3311;21
3312;63
3313;73
3314;47
3315;36
3316;32
3317;7
3318;12
3319;2
3320;32
3321;56
3322;53
3323;19
3324;32
3325;21
3326;15
3327;55
3328;54
3329;75
3330;31
3331;20
3332;60
3333;58
3334;25
3335;22
3336;86
3337;35
3338;50
3339;8
3340;91
3341;65
3342;36
3343;21
3344;45
3345;7
3346;5
3347;11
3348;6
3349;78
3350;52
3351;55
3352;12
3353;40
3354;32
3355;9
3356;6
3357;49
3358;77
3359;48
3360;27
3361;87
3362;75
3363;64
3364;60
3365;77
3366;29
3367;34
3368;66
3369;79
3370;69
3371;30
3372;33
3373;17
3374;2
3375;39
3376;60
3377;7
3378;15
3379;13
3380;66
3381;79
3382;50
3383;52
3384;76
3385;36
3386;32
3387;2
3388;2
3389;59
3390;80
3391;48
3392;9
3393;16
3394;84
3395;70
3396;32
3397;28
3398;62
3399;66
3400;73
3401;65
3402;42
3403;41
3404;14
3405;12
3406;37
3407;60
3408;22
3409;45
3410;54
3411;10
3412;13
3413;57
3414;64
3415;64
3416;48
3417;41
3418;16
3419;17
3420;13
3421;24
3422;72
3423;45
3424;73
3425;57
3426;13
3427;10
3428;96
3429;30
3430;24
3431;54
3432;75
3433;58
3434;40
3435;11
3436;36
3437;60
3438;8
3439;18
3440;17
3441;39
3442;57
3443;6
3444;13
3445;18
3446;83
3447;72
3448;66
3449;62
3450;59
3451;21
3452;20
3453;52
3454;41
3455;36
3456;7
3457;10
3458;10
3459;51
3460;60
3461;8
3462;9
3463;70
3464;54
3465;49
3466;45
3467;51
3468;71
3469;32
3470;37
3471;3
3472;1
3473;89
3474;27
3475;69
3476;73
3477;48
3478;42
3479;31
3480;6
3481;22
3482;44
3483;3
3484;50
3485;27
3486;49
3487;11
3488;59
3489;30
3490;16
3491;13
3492;73
3493;57
3494;32
3495;9
3496;17
3497;70
3498;51
3499;89
3500;21
3501;34
3502;56
3503;34
3504;59
3505;43
3506;95
3507;68
3508;94
3509;45
3510;79
3511;23
3512;70
3513;46
3514;23
3515;30
3516;61
3517;55
3518;58
3519;24
3520;74
3521;50
3522;31
3523;15
3524;13
3525;15
3526;45
3527;37
3528;13
3529;11
3530;48
3531;40
3532;17
3533;38
3534;60
3535;54
3536;64
3537;30
3538;30
3539;71
3540;31
3541;63
3542;15
3543;13
3544;52
3545;83
3546;37
3547;56
3548;98
3549;55
3550;52
3551;58
3552;60
3553;87
3554;67
3555;63
3556;43
3557;85
3558;55
3559;28
3560;89
3561;45
3562;55
3563;48
3564;76
3565;45
3566;39
3567;55
3568;54
3569;44
3570;7
3571;7
3572;33
3573;13
3574;6
3575;72
3576;57
3577;40
3578;29
3579;39
3580;16
3581;24
3582;55
3583;75
3584;29
3585;0
3586;11
3587;60
3588;33
3589;34
3590;14
3591;14
3592;10
3593;9
3594;51
3595;39
3596;43
3597;43
3598;2
3599;1
3600;46
3601;62
3602;19
3603;35
3604;42
3605;18
3606;47
3607;46
3608;12
3609;30
3610;59
3611;20
3612;76
3613;58
3614;82
3615;70
3616;71
3617;69
3618;32
3619;46
3620;18
3621;10
3622;51
3623;33
3624;13
3625;9
3626;6
3627;46
3628;34
3629;13
3630;15
3631;87
3632;62
3633;54
3634;31
3635;72
3636;50
3637;36
3638;25
3639;75
3640;53
3641;63
3642;55
3643;80
3644;76
3645;58
3646;44
3647;51
3648;6
3649;11
3650;51
3651;76
3652;58
3653;60
3654;16
3655;15
3656;37
3657;60
3658;10
3659;87
3660;56
3661;55
3662;71
3663;78
3664;91
3665;37
3666;24
3667;23
3668;74
3669;66
3670;57
3671;54
3672;66
3673;20
3674;51
3675;57
3676;9
3677;7
3678;33
3679;34
3680;16
3681;73
3682;66
3683;62
3684;59
3685;30
3686;20
3687;27
3688;68
3689;36
3690;54
3691;60
3692;63
3693;53
3694;33
3695;27
3696;27
3697;11
3698;3
3699;8
3700;37
3701;41
3702;15
3703;7
3704;84
3705;29
3706;78
3707;27
3708;49
3709;51
3710;18
3711;45
3712;66
3713;71
3714;54
3715;41
3716;74
3717;85
3718;76
3719;62
3720;71
3721;76
3722;52
3723;38
3724;14
3725;9
3726;23
3727;19
3728;64
3729;60
3730;17
3731;51
3732;50
3733;34
3734;41
3735;6
3736;10
3737;71
3738;64
3739;61
3740;75
3741;35
3742;43
3743;63
3744;17
3745;6
3746;9
3747;12
3748;52
3749;51
3750;29
3751;39
3752;2
3753;72
3754;23
3755;71
3756;24
3757;32
3758;73
3759;87
3760;65
3761;37
3762;44
3763;10
3764;2
3765;5
3766;64
3767;55
3768;54
3769;75
3770;76
3771;57
3772;30
3773;59
3774;30
3775;73
3776;75
3777;38
3778;26
3779;60
3780;57
3781;81
3782;62
3783;37
3784;56
3785;63
3786;57
3787;27
3788;31
3789;5
3790;5
3791;23
3792;54
3793;61
3794;63
3795;80
3796;73
3797;68
3798;72
3799;46
3800;50
3801;78
3802;40
3803;49
3804;14
3805;8
3806;50
3807;42
3808;52
3809;17
3810;12
3811;27
3812;37
3813;53
3814;41
3815;10
3816;54
3817;48
3818;9
3819;18
3820;50
3821;84
3822;33
3823;48
3824;69
3825;50
3826;34
3827;8
3828;58
3829;26
3830;42
3831;15
3832;5
3833;78
3834;72
3835;33
3836;72
3837;70
3838;22
3839;52
3840;53
3841;71
3842;27
3843;33
3844;12
3845;16
3846;10
3847;30
3848;48
3849;20
3850;90
3851;38
3852;47
3853;9
3854;18
3855;17
3856;73
3857;24
3858;77
3859;60
3860;73
3861;70
3862;57
3863;46
3864;72
3865;74
3866;62
3867;71
3868;51
3869;83
3870;45
3871;50
3872;49
3873;6
3874;18
3875;14
3876;20
3877;41
3878;25
3879;21
3880;75
3881;57
3882;63
3883;18
3884;11
3885;6
3886;27
3887;44
3888;30
3889;0
3890;14
3891;39
3892;49
3893;80
3894;58
3895;19
3896;22
3897;24
3898;38
3899;21
3900;62
3901;63
3902;25
3903;85
3904;25
3905;38
3906;0
3907;28
3908;0
3909;5
3910;30
3911;35
3912;1
3913;0
3914;56
3915;67
3916;71
3917;27
3918;46
3919;25
3920;67
3921;19
3922;41
3923;72
3924;65
3925;67
3926;30
3927;57
3928;79
3929;65
3930;26
3931;29
3932;65
3933;53
3934;30
3935;18
3936;17
3937;48
3938;60
3939;90
3940;66
3941;58
3942;37
3943;65
3944;24
3945;45
3946;58
3947;12
3948;6
3949;50
3950;55
3951;8
3952;79
3953;66
3954;49
3955;20
3956;43
3957;72
3958;64
3959;8
3960;53
3961;63
3962;10
3963;6
3964;14
3965;58
3966;54
3967;38
3968;35
3969;9
3970;8
3971;28
3972;36
3973;2
3974;0
3975;52
3976;52
3977;35
3978;5
3979;25
3980;34
3981;5
3982;12
3983;65
3984;47
3985;38
3986;60
3987;12
3988;13
3989;47
3990;72
3991;51
3992;46
3993;35
3994;26
3995;71
3996;33
3997;93
3998;85
3999;24
4000;84
4001;25
4002;37
4003;89
4004;63
4005;38
4006;42
4007;15
4008;39
4009;9
4010;7
4011;52
4012;53
4013;68
4014;33
4015;11
4016;18
4017;61
4018;49
4019;7
4020;17
4021;49
4022;47
4023;56
4024;61
4025;62
4026;20
4027;20
4028;20
4029;32
4030;24
4031;43
4032;45
4033;60
4034;74
4035;45
4036;50
4037;64
4038;18
4039;14
4040;95
4041;44
4042;57
4043;57
4044;69
4045;23
4046;38
4047;37
4048;79
4049;31
4050;39
4051;8
4052;18
4053;69
4054;27
4055;34
4056;14
4057;12
4058;51
4059;21
4060;24
4061;62
4062;70
4063;23
4064;69
4065;22
4066;19
4067;20
4068;19
4069;47
4070;39
4071;84
4072;65
4073;85
4074;52
4075;33
4076;13
4077;12
4078;30
4079;57
4080;45
4081;12
4082;15
4083;18
4084;85
4085;91
4086;53
4087;28
4088;1
4089;40
4090;61
4091;21
4092;63
4093;80
4094;40
4095;38
4096;15
4097;17
4098;8
4099;46
4100;59
4101;33
4102;37
4103;40
4104;23
4105;3
4106;18
4107;30
4108;25
4109;28
4110;49
4111;58
4112;44
4113;16
4114;12
4115;58
4116;81
4117;73
4118;34
4119;61
4120;11
4121;44
4122;37
4123;17
4124;42
4125;38
4126;32
4127;62
4128;20
4129;27
4130;29
4131;39
4132;3
4133;5
4134;53
4135;63
4136;23
4137;70
4138;74
4139;64
4140;39
4141;60
4142;6
4143;37
4144;32
4145;58
4146;55
4147;73
4148;32
4149;42
4150;12
4151;8
4152;9
4153;41
4154;42
4155;1
4156;1
4157;74
4158;22
4159;32
4160;16
4161;18
4162;56
4163;35
4164;37
4165;18
4166;41
4167;43
4168;40
4169;0
4170;0
4171;73
4172;46
4173;37
4174;71
4175;47
4176;22
4177;71
4178;67
4179;36
4180;38
4181;47
4182;9
4183;6
4184;26
4185;30
4186;5
4187;5
4188;2
4189;38
4190;40
4191;0
4192;3
4193;1
4194;56
4195;48
4196;21
4197;44
4198;17
4199;48
4200;27
4201;72
4202;69
4203;54
4204;55
4205;41
4206;31
4207;10
4208;62
4209;42
4210;10
4211;15
4212;16
4213;48
4214;35
4215;11
4216;17
4217;78
4218;70
4219;62
4220;43
4221;52
4222;36
4223;13
4224;12
4225;65
4226;36
4227;31
4228;57
4229;7
4230;74
4231;54
4232;64
4233;60
4234;53
4235;90
4236;55
4237;67
4238;57
4239;58
4240;70
4241;80
4242;66
4243;66
4244;32
4245;50
4246;38
4247;35
4248;33
4249;42
4250;24
4251;55
4252;23
4253;67
4254;60
4255;91
4256;44
4257;38
4258;0
4259;2
4260;21
4261;66
4262;45
4263;50
4264;13
4265;14
4266;45
4267;46
4268;0
4269;49
4270;67
4271;70
4272;97
4273;50
4274;65
4275;81
4276;76
4277;87
4278;30
4279;13
4280;64
4281;53
4282;31
4283;23
4284;23
4285;19
4286;45
4287;33
4288;93
4289;28
4290;30
4291;8
4292;2
4293;43
4294;48
4295;18
4296;8
4297;9
4298;64
4299;35
4300;34
4301;36
4302;30
4303;0
4304;4
4305;71
4306;54
4307;34
4308;75
4309;49
4310;59
4311;55
4312;48
4313;72
4314;31
4315;46
4316;13
4317;12
4318;42
4319;45
4320;36
4321;45
4322;13
4323;45
4324;64
4325;62
4326;46
4327;68
4328;21
4329;76
4330;37
4331;35
4332;2
4333;66
4334;36
4335;40
4336;40
4337;11
4338;13
4339;34
4340;64
4341;66
4342;33
4343;43
4344;12
4345;16
4346;61
4347;37
4348;62
4349;46
4350;46
4351;3
4352;89
4353;30
4354;31
4355;0
4356;16
4357;38
4358;34
4359;32
4360;21
4361;15
4362;7
4363;5
4364;58
4365;81
4366;57
4367;48
4368;31
4369;35
4370;6
4371;37
4372;24
4373;2
4374;18
4375;44
4376;45
4377;58
4378;50
4379;53
4380;35
4381;46
4382;73
4383;85
4384;72
4385;72
4386;62
4387;24
4388;26
4389;30
4390;74
4391;64
4392;22
4393;57
4394;49
4395;78
4396;69
4397;49
4398;56
4399;12
4400;51
4401;52
4402;41
4403;45
4404;3
4405;16
4406;5
4407;2
4408;34
4409;15
4410;17
4411;78
4412;55
4413;53
4414;39
4415;59
4416;6
4417;6
4418;64
4419;68
4420;85
4421;70
4422;40
4423;72
4424;32
4425;22
4426;58
4427;43
4428;31
4429;11
4430;26
4431;30
4432;4
4433;82
4434;81
4435;64
4436;25
4437;55
4438;71
4439;73
4440;53
4441;21
4442;44
4443;5
4444;5
4445;1
4446;13
4447;26
4448;45
4449;8
4450;9
4451;15
4452;63
4453;26
4454;59
4455;57
4456;59
4457;32
4458;26
4459;39
4460;33
4461;3
4462;11
4463;68
4464;63
4465;83
4466;77
4467;35
4468;26
4469;51
4470;10
4471;18
4472;44
4473;26
4474;0
4475;3
4476;6
4477;4
4478;62
4479;81
4480;40
4481;89
4482;70
4483;40
4484;54
4485;33
4486;58
4487;47
4488;46
4489;37
4490;11
4491;10
4492;65
4493;43
4494;13
4495;10
4496;44
4497;19
4498;19
4499;26
4500;57
4501;31
4502;12
4503;13
4504;77
4505;54
4506;49
4507;51
4508;75
4509;65
4510;23
4511;3
4512;77
4513;85
4514;32
4515;64
4516;7
4517;11
4518;25
4519;61
4520;58
4521;15
4522;15
4523;34
4524;41
4525;5
4526;0
4527;53
4528;27
4529;9
4530;6
4531;6
4532;61
4533;44
4534;65
4535;54
4536;52
4537;90
4538;62
4539;70
4540;49
4541;14
4542;87
4543;22
4544;29
4545;47
4546;11
4547;11
4548;17
4549;14
4550;21
4551;30
4552;0
4553;17
4554;32
4555;37
4556;17
4557;11
4558;47
4559;47
4560;7
4561;17
4562;22
4563;28
4564;46
4565;35
4566;9
4567;16
4568;15
4569;47
4570;21
4571;83
4572;85
4573;67
4574;63
4575;20
4576;21
4577;45
4578;42
4579;44
4580;2
4581;1
4582;18
4583;28
4584;71
4585;22
4586;35
4587;5
4588;3
4589;35
4590;37
4591;5
4592;4
4593;75
4594;78
4595;22
4596;79
4597;38
4598;71
4599;63
4600;72
4601;56
4602;83
4603;75
4604;49
4605;39
4606;42
4607;18
4608;0
4609;83
4610;49
4611;26
4612;14
4613;12
4614;54
4615;46
4616;57
4617;53
4618;86
4619;81
4620;54
4621;51
4622;64
4623;53
4624;60
4625;27
4626;30
4627;5
4628;35
4629;51
4630;86
4631;61
4632;65
4633;50
4634;67
4635;19
4636;19
4637;61
4638;31
4639;36
4640;10
4641;11
4642;21
4643;41
4644;42
4645;73
4646;75
4647;23
4648;74
4649;58
4650;67
4651;23
4652;39
4653;7
4654;57
4655;33
4656;33
4657;40
4658;7
4659;18
4660;70
4661;19
4662;83
4663;42
4664;38
4665;49
4666;76
4667;28
4668;29
4669;70
4670;40
4671;44
4672;50
4673;59
4674;55
4675;55
4676;64
4677;15
4678;75
4679;32
4680;37
4681;46
4682;20
4683;47
4684;63
4685;40
4686;35
4687;45
4688;6
4689;40
4690;62
4691;16
4692;8
4693;57
4694;53
4695;36
4696;73
4697;52
4698;41
4699;53
4700;69
4701;24
4702;79
4703;31
4704;38
4705;32
4706;15
4707;2
4708;3
4709;70
4710;35
4711;76
4712;23
4713;39
4714;17
4715;71
4716;64
4717;21
4718;30
4719;28
4720;3
4721;6
4722;7
4723;10
4724;35
4725;37
4726;30
4727;4
4728;46
4729;43
4730;71
4731;56
4732;59
4733;75
4734;77
4735;49
4736;66
4737;92
4738;54
4739;38
4740;87
4741;51
4742;21
4743;35
4744;24
4745;49
4746;74
4747;19
4748;49
4749;37
4750;54
4751;17
4752;16
4753;39
4754;38
4755;39
4756;0
4757;4
4758;65
4759;73
4760;35
4761;49
4762;63
4763;28
4764;62
4765;24
4766;25
4767;74
4768;22
4769;66
4770;83
4771;33
4772;86
4773;64
4774;60
4775;37
4776;54
4777;62
4778;61
4779;19
4780;68
4781;71
4782;44
4783;39
4784;11
4785;15
4786;37
4787;47
4788;5
4789;3
4790;7
4791;55
4792;36
4793;38
4794;6
4795;1
4796;2
4797;52
4798;32
4799;11
4800;9
4801;58
4802;36
4803;9
4804;84
4805;61
4806;45
4807;43
4808;59
4809;9
4810;13
4811;46
4812;84
4813;32
4814;58
4815;66
4816;58
4817;37
4818;71
4819;20
4820;51
4821;31
4822;29
4823;2
4824;4
4825;26
4826;38
4827;40
4828;2
4829;0
4830;54
4831;59
4832;19
4833;81
4834;49
4835;63
4836;8
4837;7
4838;52
4839;42
4840;19
4841;2
4842;3
4843;2
4844;59
4845;7
4846;62
4847;38
4848;12
4849;16
4850;41
4851;51
4852;60
4853;9
4854;6
4855;87
4856;68
4857;90
4858;42
4859;74
4860;63
4861;41
4862;49
4863;54
4864;36
4865;4
4866;58
4867;41
4868;13
4869;6
4870;81
4871;76
4872;54
4873;60
4874;36
4875;46
4876;76
4877;71
4878;24
4879;28
4880;44
4881;20
4882;84
4883;67
4884;32
4885;25
4886;37
4887;23
4888;48
4889;52
4890;55
4891;45
4892;76
4893;71
4894;48
4895;11
4896;62
4897;20
4898;56
4899;57
4900;44
4901;11
4902;22
4903;91
4904;20
4905;57
4906;33
4907;49
4908;44
4909;27
4910;56
4911;9
4912;17
4913;35
4914;25
4915;19
4916;68
4917;21
4918;21
4919;87
4920;40
4921;17
4922;0
4923;26
4924;29
4925;45
4926;48
4927;9
4928;8
4929;20
4930;55
4931;23
4932;21
4933;55
4934;59
4935;19
4936;51
4937;86
4938;76
4939;69
4940;51
4941;53
4942;81
4943;48
4944;56
4945;12
4946;6
4947;47
4948;82
4949;90
4950;34
4951;88
4952;74
4953;39
4954;53
4955;77
4956;67
4957;64
4958;37
4959;11
4960;12
4961;52
4962;30
4963;3
4964;76
4965;78
4966;76
4967;90
4968;40
4969;22
4970;72
4971;72
4972;74
4973;60
4974;20
4975;19
4976;19
4977;52
4978;77
4979;74
4980;30
4981;12
4982;32
4983;45
4984;24
4985;69
4986;19
4987;21
4988;63
4989;91
4990;22
4991;33
4992;17
4993;5
4994;5
4995;47
4996;50
4997;61
4998;18
4999;13
5000;17
5001;32
5002;32
5003;11
5004;4
5005;65
5006;38
5007;58
5008;26
5009;6
5010;15
5011;20
5012;28
5013;35
5014;24
5015;45
5016;25
5017;64
5018;50
5019;16
5020;12
5021;45
5022;36
5023;10
5024;14
5025;16
5026;78
5027;33
5028;64
5029;6
5030;17
5031;40
5032;39
5033;12
5034;18
5035;25
5036;47
5037;60
5038;30
5039;10
5040;9
5041;75
5042;74
5043;77
5044;50
5045;45
5046;68
5047;24
5048;25
5049;36
5050;25
5051;59
5052;22
5053;49
5054;74
5055;63
5056;30
5057;61
5058;30
5059;12
5060;15
5061;67
5062;49
5063;34
5064;17
5065;12
5066;67
5067;43
5068;21
5069;36
5070;17
5071;61
5072;50
5073;54
5074;25
5075;20
5076;74
5077;89
5078;74
5079;22
5080;52
5081;31
5082;39
5083;7
5084;15
5085;49
5086;62
5087;59
5088;17
5089;49
5090;6
5091;86
5092;34
5093;57
5094;68
5095;66
5096;70
5097;73
5098;61
5099;81
5100;61
5101;31
5102;47
5103;23
5104;39
5105;29
5106;26
5107;46
5108;14
5109;6
5110;18
5111;32
5112;0
5113;7
5114;12
5115;68
5116;22
5117;31
5118;55
5119;6
5120;17
5121;75
5122;65
5123;51
5124;27
5125;9
5126;63
5127;52
5128;24
5129;22
5130;36
5131;39
5132;5
5133;16
5134;45
5135;24
5136;2
5137;6
5138;38
5139;29
5140;33
5141;53
5142;73
5143;36
5144;11
5145;11
5146;20
5147;39
5148;2
5149;3
5150;65
5151;71
5152;20
5153;58
5154;80
5155;48
5156;25
5157;69
5158;32
5159;34
5160;62
5161;74
5162;28
5163;69
5164;54
5165;73
5166;59
5167;65
5168;70
5169;29
5170;49
5171;4
5172;20
5173;90
5174;57
5175;53
5176;29
5177;78
5178;70
5179;32
5180;21
5181;6
5182;55
5183;56
5184;36
5185;21
5186;5
5187;15
5188;53
5189;33
5190;46
5191;54
5192;16
5193;13
5194;11
5195;56
5196;21
5197;77
5198;21
5199;40
5200;18
5201;10
5202;10
5203;80
5204;51
5205;44
5206;45
5207;37
5208;70
5209;69
5210;30
5211;70
5212;51
5213;67
5214;63
5215;47
5216;45
5217;37
5218;6
5219;61
5220;71
5221;75
5222;75
5223;55
5224;70
5225;29
5226;30
5227;35
5228;20
5229;4
5230;42
5231;69
5232;63
5233;41
5234;40
5235;45
5236;0
5237;2
5238;30
5239;64
5240;20
5241;23
5242;63
5243;67
5244;23
5245;63
5246;57
5247;23
5248;48
5249;29
5250;33
5251;16
5252;6
5253;72
5254;31
5255;93
5256;63
5257;70
5258;55
5259;50
5260;9
5261;64
5262;60
5263;15
5264;31
5265;65
5266;83
5267;58
5268;8
5269;53
5270;61
5271;55
5272;69
5273;21
5274;29
5275;14
5276;68
5277;20
5278;50
5279;58
5280;57
5281;51
5282;14
5283;15
5284;52
5285;54
5286;12
5287;9
5288;52
5289;27
5290;42
5291;8
5292;3
5293;1
5294;48
5295;46
5296;11
5297;11
5298;35
5299;63
5300;17
5301;12
5302;20
5303;39
5304;3
5305;14
5306;43
5307;75
5308;25
5309;70
5310;60
5311;19
5312;84
5313;25
5314;59
5315;52
5316;52
5317;66
5318;64
5319;61
5320;13
5321;13
5322;9
5323;47
5324;27
5325;8
5326;59
5327;73
5328;56
5329;51
5330;17
5331;6
5332;67
5333;75
5334;73
5335;48
5336;41
5337;18
5338;4
5339;46
5340;80
5341;77
5342;38
5343;61
5344;55
5345;36
5346;23
5347;55
5348;76
5349;57
5350;66
5351;57
5352;64
5353;61
5354;10
5355;14
5356;63
5357;49
5358;45
5359;11
5360;15
5361;14
5362;49
5363;71
5364;42
5365;11
5366;53
5367;24
5368;34
5369;46
5370;9
5371;10
5372;42
5373;23
5374;44
5375;49
5376;37
5377;44
5378;10
5379;9
5380;17
5381;72
5382;86
5383;53
5384;34
5385;10
5386;10
5387;50
5388;35
5389;18
5390;12
5391;49
5392;42
5393;15
5394;17
5395;47
5396;71
5397;26
5398;59
5399;12
5400;18
5401;54
5402;42
5403;59
5404;14
5405;13
5406;21
5407;39
5408;2
5409;1
5410;46
5411;49
5412;62
5413;30
5414;32
5415;4
5416;23
5417;71
5418;69
5419;64
5420;68
5421;63
5422;62
5423;22
5424;62
5425;41
5426;45
5427;13
5428;12
5429;48
5430;38
5431;37
5432;0
5433;18
5434;4
5435;27
5436;39
5437;33
5438;2
5439;12
5440;33
5441;56
5442;15
5443;23
5444;43
5445;4
5446;0
5447;44
5448;1
5449;17
5450;31
5451;43
5452;4
5453;4
5454;47
5455;20
5456;0
5457;4
5458;39
5459;44
5460;10
5461;12
5462;86
5463;46
5464;20
5465;35
5466;59
5467;48
5468;18
5469;6
5470;12
5471;42
5472;48
5473;25
5474;13
5475;72
5476;41
5477;63
5478;49
5479;34
5480;5
5481;11
5482;25
5483;9
5484;3
5485;49
5486;43
5487;65
5488;34
5489;50
5490;36
5491;8
5492;7
5493;56
5494;62
5495;11
5496;13
5497;62
5498;20
5499;51
5500;81
5501;21
5502;35
5503;59
5504;9
5505;48
5506;93
5507;92
5508;51
5509;74
5510;45
5511;55
5512;20
5513;73
5514;80
5515;81
5516;26
5517;24
5518;55
5519;20
5520;91
5521;87
5522;37
5523;39
5524;2
5525;16
5526;71
5527;35
5528;50
5529;10
5530;40
5531;62
5532;50
5533;41
5534;10
5535;17
5536;21
5537;91
5538;41
5539;81
5540;31
5541;55
5542;22
5543;29
5544;63
5545;30
5546;40
5547;72
5548;49
5549;32
5550;36
5551;10
5552;1
5553;13
5554;33
5555;30
5556;2
5557;3
5558;74
5559;61
5560;47
5561;53
5562;36
5563;74
5564;48
5565;33
5566;6
5567;8
5568;29
5569;31
5570;5
5571;40
5572;36
5573;2
5574;1
5575;49
5576;13
5577;81
5578;48
5579;81
5580;35
5581;21
5582;6
5583;6
5584;13
5585;74
5586;50
5587;88
5588;91
5589;54
5590;44
5591;55
5592;66
5593;68
5594;78
5595;50
5596;55
5597;10
5598;9
5599;22
5600;51
5601;20
5602;19
5603;59
5604;70
5605;32
5606;49
5607;6
5608;32
5609;48
5610;11
5611;5
5612;49
5613;60
5614;24
5615;27
5616;71
5617;74
5618;37
5619;27
5620;70
5621;54
5622;25
5623;26
5624;28
5625;21
5626;34
5627;64
5628;50
5629;11
5630;8
5631;6
5632;68
5633;49
5634;75
5635;86
5636;71
5637;64
5638;50
5639;14
5640;63
5641;88
5642;20
5643;30
5644;58
5645;31
5646;34
5647;7
5648;69
5649;73
5650;71
5651;60
5652;26
5653;2
5654;49
5655;6
5656;40
5657;86
5658;59
5659;70
5660;40
5661;34
5662;19
5663;0
5664;23
5665;65
5666;46
5667;74
5668;72
5669;19
5670;46
5671;49
5672;23
5673;42
5674;21
5675;63
5676;69
5677;79
5678;33
5679;68
5680;53
5681;38
5682;46
5683;70
5684;23
5685;11
5686;38
5687;33
5688;16
5689;10
5690;0
5691;62
5692;93
5693;43
5694;51
5695;59
5696;49
5697;36
5698;26
5699;33
5700;17
5701;33
5702;73
5703;24
5704;76
5705;58
5706;10
5707;67
5708;47
5709;73
5710;86
5711;21
5712;91
5713;31
5714;40
5715;37
5716;8
5717;8
5718;46
5719;35
5720;16
5721;10
5722;27
5723;60
5724;9
5725;60
5726;49
5727;12
5728;13
5729;46
5730;61
5731;72
5732;31
5733;56
5734;81
5735;72
5736;20
5737;64
5738;67
5739;58
5740;71
5741;65
5742;49
5743;20
5744;25
5745;21
5746;20
5747;24
5748;58
5749;38
5750;48
5751;17
5752;18
5753;65
5754;21
5755;40
5756;16
5757;33
5758;38
5759;6
5760;0
5761;1
5762;12
5763;5
5764;50
5765;69
5766;55
5767;27
5768;77
5769;79
5770;73
5771;75
5772;44
5773;49
5774;30
5775;3
5776;1
5777;4
5778;81
5779;66
5780;75
5781;65
5782;76
5783;69
5784;58
5785;77
5786;26
5787;66
5788;67
5789;36
5790;53
5791;44
5792;55
5793;65
5794;29
5795;26
5796;48
5797;15
5798;9
5799;64
5800;32
5801;61
5802;36
5803;68
5804;28
5805;33
5806;6
5807;64
5808;67
5809;58
5810;58
5811;75
5812;48
5813;19
5814;6
5815;3
5816;5
5817;10
5818;31
5819;22
5820;26
5821;40
5822;5
5823;3
5824;5
5825;15
5826;7
5827;14
5828;59
5829;59
5830;40
5831;21
5832;59
5833;35
5834;53
5835;60
5836;51
5837;51
5838;33
5839;21
5840;35
5841;51
5842;13
5843;12
5844;54
5845;73
5846;66
5847;46
5848;89
5849;71
5850;73
5851;60
5852;74
5853;62
5854;20
5855;84
5856;27
5857;42
5858;18
5859;8
5860;16
5861;25
5862;30
5863;21
5864;25
5865;57
5866;21
5867;29
5868;30
5869;55
5870;22
5871;27
5872;47
5873;13
5874;12
5875;47
5876;44
5877;64
5878;12
5879;24
5880;41
5881;6
5882;42
5883;22
5884;66
5885;62
5886;13
5887;6
5888;30
5889;40
5890;40
5891;13
5892;72
5893;42
5894;43
5895;3
5896;13
5897;56
5898;55
5899;52
5900;17
5901;16
5902;85
5903;53
5904;34
5905;37
5906;16
5907;3
5908;52
5909;55
5910;54
5911;59
5912;60
5913;48
5914;81
5915;78
5916;61
5917;49
5918;73
5919;88
5920;52
5921;63
5922;57
5923;55
5924;70
5925;26
5926;57
5927;21
5928;25
5929;23
5930;85
5931;56
5932;75
5933;53
5934;82
5935;39
5936;17
5937;16
5938;64
5939;45
5940;59
5941;59
5942;33
5943;5
5944;3
5945;51
5946;44
5947;35
5948;11
5949;15
5950;76
5951;28
5952;21
5953;65
5954;79
5955;37
5956;52
5957;44
5958;64
5959;43
5960;10
5961;17
5962;48
5963;45
5964;14
5965;6
5966;61
5967;76
5968;45
5969;77
5970;37
5971;52
5972;54
5973;62
5974;13
5975;14
5976;89
5977;64
5978;44
5979;40
5980;16
5981;5
5982;0
5983;19
5984;42
5985;32
5986;11
5987;12
5988;31
5989;31
5990;1
5991;3
5992;26
5993;57
5994;61
5995;47
5996;29
5997;41
5998;12
5999;8
6000;60
6001;65
6002;38
6003;55
6004;15
6005;13
6006;65
6007;96
6008;23
6009;64
6010;78
6011;48
6012;46
6013;44
6014;41
6015;16
6016;50
6017;63
6018;45
6019;58
6020;38
6021;60
6022;27
6023;22
6024;30
6025;49
6026;51
6027;46
6028;11
6029;7
6030;25
6031;72
6032;54
6033;28
6034;26
6035;12
6036;57
6037;66
6038;72
6039;21
6040;59
6041;91
6042;42
6043;25
6044;4
6045;5
6046;46
6047;50
6048;13
6049;61
6050;63
6051;9
6052;59
6053;30
6054;42
6055;4
6056;3
6057;17
6058;84
6059;32
6060;39
6061;29
6062;12
6063;3
6064;5
6065;57
6066;26
6067;10
6068;18
6069;41
6070;33
6071;17
6072;4
6073;21
6074;38
6075;13
6076;14
6077;78
6078;62
6079;22
6080;76
6081;43
6082;60
6083;24
6084;83
6085;53
6086;20
6087;21
6088;21
6089;22
6090;72
6091;58
6092;29
6093;35
6094;88
6095;45
6096;64
6097;20
6098;43
6099;41
6100;18
6101;16
6102;43
6103;52
6104;67
6105;58
6106;26
6107;19
6108;30
6109;38
6110;7
6111;11
6112;43
6113;39
6114;34
6115;38
6116;60
6117;16
6118;9
6119;70
6120;69
6121;59
6122;64
6123;17
6124;29
6125;45
6126;15
6127;11
6128;85
6129;79
6130;44
6131;41
6132;0
6133;15
6134;2
6135;63
6136;30
6137;17
6138;64
6139;72
6140;74
6141;62
6142;59
6143;26
6144;90
6145;37
6146;90
6147;52
6148;48
6149;51
6150;15
6151;17
6152;48
6153;59
6154;28
6155;28
6156;55
6157;43
6158;8
6159;61
6160;51
6161;12
6162;8
6163;34
6164;23
6165;24
6166;20
6167;23
6168;54
6169;79
6170;73
6171;41
6172;72
6173;23
6174;84
6175;51
6176;67
6177;22
6178;61
6179;30
6180;55
6181;30
6182;62
6183;32
6184;66
6185;70
6186;27
6187;20
6188;44
6189;91
6190;47
6191;32
6192;27
6193;5
6194;3
6195;28
6196;50
6197;8
6198;8
6199;7
6200;7
6201;20
6202;36
6203;56
6204;79
6205;75
6206;79
6207;68
6208;55
6209;68
6210;63
6211;37
6212;13
6213;17
6214;15
6215;32
6216;38
6217;8
6218;4
6219;4
6220;49
6221;37
6222;22
6223;45
6224;55
6225;30
6226;10
6227;17
6228;84
6229;61
6230;20
6231;19
6232;1
6233;0
6234;49
6235;69
6236;79
6237;37
6238;45
6239;7
6240;19
6241;60
6242;40
6243;20
6244;33
6245;16
6246;3
6247;71
6248;60
6249;70
6250;53
6251;46
6252;51
6253;67
6254;52
6255;76
6256;76
6257;59
6258;41
6259;53
6260;74
6261;28
6262;34
6263;23
6264;1
6265;1
6266;75
6267;63
6268;47
6269;65
6270;39
6271;45
6272;2
6273;4
6274;18
6275;80
6276;75
6277;42
6278;28
6279;78
6280;33
6281;71
6282;22
6283;59
6284;23
6285;47
6286;78
6287;53
6288;36
6289;36
6290;23
6291;30
6292;28
6293;0
6294;11
6295;69
6296;90
6297;58
6298;22
6299;24
6300;3
6301;5
6302;54
6303;54
6304;7
6305;10
6306;77
6307;22
6308;94
6309;56
6310;23
6311;62
6312;32
6313;52
6314;50
6315;62
6316;14
6317;8
6318;27
6319;36
6320;18
6321;8
6322;40
6323;20
6324;68
6325;21
6326;74
6327;19
6328;21
6329;75
6330;67
6331;62
6332;30
6333;14
6334;12
6335;13
6336;62
6337;64
6338;20
6339;84
6340;25
6341;65
6342;47
6343;64
6344;15
6345;21
6346;34
6347;50
6348;10
6349;39
6350;36
6351;16
6352;12
6353;12
6354;46
6355;80
6356;64
6357;28
6358;76
6359;21
6360;15
6361;57
6362;6
6363;68
6364;60
6365;83
6366;73
6367;86
6368;49
6369;33
6370;71
6371;24
6372;49
6373;62
6374;11
6375;25
6376;31
6377;32
6378;45
6379;31
6380;40
6381;65
6382;62
6383;35
6384;59
6385;55
6386;79
6387;60
6388;29
6389;16
6390;12
6391;17
6392;26
6393;49
6394;49
6395;0
6396;44
6397;30
6398;16
6399;63
6400;55
6401;31
6402;76
6403;56
6404;24
6405;45
6406;2
6407;57
6408;49
6409;31
6410;43
6411;6
6412;9
6413;50
6414;22
6415;39
6416;15
6417;51
6418;23
6419;56
6420;72
6421;33
6422;52
6423;15
6424;16
6425;8
6426;68
6427;84
6428;57
6429;75
6430;72
6431;31
6432;32
6433;4
6434;0
6435;35
6436;35
6437;8
6438;1
6439;73
6440;40
6441;35
6442;34
6443;69
6444;28
6445;38
6446;11
6447;16
6448;29
6449;25
6450;4
6451;0
6452;57
6453;44
6454;11
6455;10
6456;20
6457;72
6458;50
6459;11
6460;81
6461;64
6462;33
6463;40
6464;8
6465;6
6466;50
6467;39
6468;54
6469;49
6470;45
6471;68
6472;25
6473;48
6474;79
6475;40
6476;7
6477;1
6478;64
6479;44
6480;14
6481;67
6482;62
6483;47
6484;33
6485;18
6486;9
6487;72
6488;67
6489;46
6490;38
6491;57
6492;24
6493;50
6494;55
6495;51
6496;38
6497;50
6498;31
6499;4
6500;4
6501;14
6502;53
6503;21
6504;75
6505;59
6506;42
6507;49
6508;2
6509;5
6510;41
6511;37
6512;15
6513;43
6514;25
6515;51
6516;59
6517;84
6518;88
6519;46
6520;47
6521;57
6522;49
6523;70
6524;49
6525;22
6526;14
6527;5
6528;62
6529;91
6530;69
6531;61
6532;58
6533;46
6534;64
6535;24
6536;58
6537;39
6538;9
6539;20
6540;31
6541;0
6542;14
6543;52
6544;56
6545;76
6546;41
6547;54
6548;83
6549;45
6550;40
6551;27
6552;48
6553;25
6554;23
6555;35
6556;27
6557;13
6558;17
6559;13
6560;57
6561;24
6562;22
6563;77
6564;34
6565;21
6566;6
6567;32
6568;94
6569;34
6570;21
6571;68
6572;46
6573;25
6574;48
6575;60
6576;48
6577;19
6578;71
6579;68
6580;70
6581;80
6582;53
6583;26
6584;46
6585;45
6586;39
6587;4
6588;11
6589;63
6590;55
6591;43
6592;87
6593;22
6594;87
6595;87
6596;51
6597;49
6598;30
6599;40
6600;84
6601;72
6602;60
6603;20
6604;74
6605;70
6606;43
6607;39
6608;11
6609;12
6610;70
6611;52
6612;39
6613;62
6614;6
6615;9
6616;17
6617;30
6618;56
6619;55
6620;86
6621;29
6622;52
6623;63
6624;33
6625;15
6626;25
6627;69
6628;65
6629;46
6630;36
6631;24
6632;3
6633;16
6634;28
6635;34
6636;38
6637;3
6638;11
6639;54
6640;51
6641;44
6642;18
6643;17
6644;46
6645;72
6646;49
6647;61
6648;75
6649;42
6650;60
6651;74
6652;58
6653;51
6654;68
6655;46
6656;93
6657;74
6658;19
6659;57
6660;52
6661;77
6662;21
6663;27
6664;58
6665;15
6666;13
6667;54
6668;52
6669;56
6670;50
6671;29
6672;47
6673;18
6674;14
6675;27
6676;1
6677;16
6678;56
6679;73
6680;55
6681;61
6682;94
6683;54
6684;40
6685;38
6686;33
6687;36
6688;16
6689;6
6690;61
6691;7
6692;47
6693;32
6694;40
6695;10
6696;1
6697;56
6698;46
6699;27
6700;56
6701;64
6702;51
6703;14
6704;64
6705;40
6706;73
6707;79
6708;69
6709;74
6710;29
6711;44
6712;5
6713;2
6714;49
6715;41
6716;13
6717;72
6718;79
6719;22
6720;25
6721;64
6722;57
6723;37
6724;23
6725;8
6726;17
6727;44
6728;31
6729;13
6730;8
6731;11
6732;58
6733;53
6734;45
6735;44
6736;12
6737;75
6738;72
6739;54
6740;42
6741;17
6742;13
6743;17
6744;72
6745;71
6746;29
6747;37
6748;6
6749;3
6750;2
6751;71
6752;22
6753;53
6754;29
6755;33
6756;62
6757;82
6758;49
6759;26
6760;14
6761;49
6762;25
6763;25
6764;5
6765;59
6766;19
6767;75
6768;50
6769;34
6770;14
6771;13
6772;57
6773;49
6774;25
6775;52
6776;51
6777;88
6778;77
6779;55
6780;41
6781;13
6782;7
6783;38
6784;54
6785;37
6786;20
6787;52
6788;85
6789;60
6790;20
6791;78
6792;34
6793;31
6794;85
6795;49
6796;47
6797;7
6798;47
6799;19
6800;62
6801;32
6802;7
6803;9
6804;71
6805;68
6806;60
6807;58
6808;39
6809;16
6810;7
6811;28
6812;9
6813;49
6814;22
6815;46
6816;30
6817;26
6818;37
6819;13
6820;12
6821;55
6822;53
6823;88
6824;28
6825;29
6826;63
6827;29
6828;29
6829;3
6830;14
6831;0
6832;20
6833;40
6834;1
6835;2
6836;14
6837;4
6838;63
6839;66
6840;62
6841;58
6842;54
6843;53
6844;41
6845;34
6846;53
6847;17
6848;16
6849;31
6850;42
6851;6
6852;8
6853;39
6854;44
6855;11
6856;2
6857;5
6858;59
6859;25
6860;78
6861;31
6862;24
6863;15
6864;2
6865;48
6866;39
6867;25
6868;57
6869;33
6870;34
6871;43
6872;7
6873;9
6874;19
6875;20
6876;79
6877;62
6878;61
6879;61
6880;35
6881;65
6882;21
6883;27
6884;6
6885;3
6886;5
6887;14
6888;77
6889;32
6890;69
6891;79
6892;63
6893;77
6894;22
6895;22
6896;35
6897;44
6898;32
6899;58
6900;52
6901;70
6902;58
6903;65
6904;64
6905;89
6906;45
6907;80
6908;33
6909;74
6910;68
6911;59
6912;40
6913;66
6914;59
6915;31
6916;28
6917;5
6918;5
6919;33
6920;28
6921;8
6922;9
6923;52
6924;35
6925;57
6926;76
6927;85
6928;52
6929;44
6930;18
6931;65
6932;57
6933;40
6934;28
6935;8
6936;16
6937;39
6938;73
6939;71
6940;36
6941;43
6942;39
6943;10
6944;3
6945;2
6946;78
6947;66
6948;85
6949;32
6950;30
6951;58
6952;53
6953;77
6954;58
6955;91
6956;61
6957;35
6958;39
6959;12
6960;13
6961;65
6962;83
6963;82
6964;58
6965;66
6966;68
6967;37
6968;59
6969;59
6970;72
6971;81
6972;51
6973;66
6974;36
6975;45
6976;5
6977;4
6978;5
6979;79
6980;49
6981;54
6982;32
6983;55
6984;50
6985;50
6986;56
6987;51
6988;70
6989;78
6990;78
6991;81
6992;44
6993;31
6994;39
6995;30
6996;12
6997;10
6998;42
6999;13
7000;42
7001;42
7002;13
7003;11
7004;24
7005;65
7006;29
7007;23
7008;31
7009;5
7010;3
7011;0
7012;52
7013;34
7014;13
7015;6
7016;54
7017;80
7018;84
7019;23
7020;76
7021;36
7022;44
7023;4
7024;2
7025;46
7026;57
7027;37
7028;41
7029;7
7030;18
7031;6
7032;24
7033;12
7034;13
7035;15
7036;55
7037;57
7038;35
7039;34
7040;3
7041;15
7042;32
7043;47
7044;3
7045;24
7046;53
7047;30
7048;50
7049;13
7050;15
7051;54
7052;53
7053;34
7054;47
7055;12
7056;84
7057;34
7058;41
7059;20
7060;62
7061;62
7062;60
7063;43
7064;8
7065;19
7066;21
7067;85
7068;26
7069;45
7070;68
7071;40
7072;67
7073;39
7074;40
7075;72
7076;76
7077;33
7078;52
7079;29
7080;45
7081;38
7082;32
7083;33
7084;3
7085;15
7086;5
7087;89
7088;23
7089;35
7090;42
7091;28
7092;16
7093;44
7094;50
7095;13
7096;12
7097;17
7098;8
7099;30
7100;27
7101;5
7102;16
7103;2
7104;31
7105;78
7106;59
7107;71
7108;60
7109;28
7110;52
7111;73
7112;67
7113;46
7114;76
7115;20
7116;82
7117;58
7118;58
7119;72
7120;59
7121;78
7122;31
7123;22
7124;8
7125;49
7126;40
7127;45
7128;57
7129;11
7130;17
7131;43
7132;37
7133;9
7134;62
7135;57
7136;8
7137;29
7138;8
7139;29
7140;45
7141;2
7142;10
7143;12
7144;53
7145;52
7146;19
7147;29
7148;57
7149;57
7150;31
7151;60
7152;30
7153;47
7154;67
7155;73
7156;61
7157;63
7158;47
7159;36
7160;50
7161;14
7162;9
7163;45
7164;23
7165;11
7166;1
7167;48
7168;19
7169;68
7170;56
7171;54
7172;60
7173;28
7174;41
7175;19
7176;22
7177;53
7178;19
7179;25
7180;21
7181;58
7182;51
7183;12
7184;11
7185;55
7186;64
7187;55
7188;12
7189;18
7190;10
7191;12
7192;65
7193;38
7194;59
7195;65
7196;72
7197;33
7198;70
7199;25
7200;50
7201;77
7202;45
7203;41
7204;45
7205;1
7206;0
7207;6
7208;13
7209;2
7210;49
7211;62
7212;10
7213;34
7214;46
7215;49
7216;34
7217;40
7218;9
7219;13
7220;22
7221;46
7222;61
7223;28
7224;18
7225;23
7226;80
7227;60
7228;61
7229;58
7230;56
7231;10
7232;16
7233;76
7234;73
7235;60
7236;25
7237;49
7238;29
7239;51
7240;13
7241;15
7242;52
7243;54
7244;43
7245;30
7246;2
7247;2
7248;37
7249;52
7250;8
7251;11
7252;59
7253;81
7254;75
7255;87
7256;26
7257;19
7258;34
7259;15
7260;13
7261;78
7262;24
7263;66
7264;23
7265;61
7266;74
7267;45
7268;19
7269;68
7270;53
7271;27
7272;36
7273;22
7274;4
7275;0
7276;50
7277;15
7278;52
7279;66
7280;60
7281;44
7282;40
7283;71
7284;29
7285;21
7286;39
7287;77
7288;60
7289;55
7290;69
7291;28
7292;43
7293;0
7294;5
7295;2
7296;2
7297;47
7298;46
7299;40
7300;48
7301;69
7302;45
7303;27
7304;14
7305;0
7306;67
7307;61
7308;35
7309;45
7310;6
7311;6
7312;62
7313;46
7314;39
7315;17
7316;16
7317;40
7318;66
7319;48
7320;57
7321;40
7322;37
7323;41
7324;9
7325;83
7326;20
7327;31
7328;12
7329;4
7330;3
7331;38
7332;49
7333;41
7334;0
7335;4
7336;54
7337;43
7338;20
7339;4
7340;0
7341;8
7342;44
7343;67
7344;85
7345;30
7346;35
7347;11
7348;14
7349;52
7350;42
7351;82
7352;40
7353;1
7354;62
7355;28
7356;54
7357;74
7358;64
7359;72
7360;26
7361;27
7362;39
7363;49
7364;8
7365;6
7366;30
7367;38
7368;55
7369;42
7370;79
7371;54
7372;34
7373;45
7374;0
7375;2
7376;22
7377;78
7378;55
7379;65
7380;53
7381;28
7382;41
7383;7
7384;18
7385;37
7386;28
7387;4
7388;3
7389;3
7390;49
7391;47
7392;29
7393;15
7394;12
7395;41
7396;18
7397;9
7398;48
7399;36
7400;60
7401;40
7402;30
7403;15
7404;6
7405;69
7406;67
7407;64
7408;70
7409;78
7410;62
7411;37
7412;43
7413;23
7414;81
7415;43
7416;45
7417;31
7418;52
7419;61
7420;24
7421;20
7422;55
7423;76
7424;33
7425;29
7426;2
7427;3
7428;34
7429;19
7430;51
7431;31
7432;46
7433;7
7434;6
7435;12
7436;68
7437;37
7438;27
7439;37
7440;12
7441;15
7442;62
7443;48
7444;10
7445;41
7446;37
7447;63
7448;18
7449;13
7450;7
7451;41
7452;30
7453;1
7454;0
7455;36
7456;49
7457;49
7458;12
7459;18
7460;23
7461;52
7462;71
7463;78
7464;71
7465;40
7466;67
7467;60
7468;35
7469;6
7470;7
7471;47
7472;53
7473;57
7474;6
7475;16
7476;24
7477;79
7478;23
7479;46
7480;29
7481;15
7482;13
7483;45
7484;49
7485;17
7486;0
7487;38
7488;50
7489;11
7490;39
7491;63
7492;60
7493;8
7494;9
7495;54
7496;51
7497;75
7498;42
7499;39
7500;5
7501;11
7502;4
7503;69
7504;25
7505;55
7506;28
7507;21
7508;62
7509;19
7510;49
7511;37
7512;13
7513;12
7514;18
7515;53
7516;50
7517;38
7518;49
7519;3
7520;11
7521;2
7522;21
7523;82
7524;57
7525;35
7526;45
7527;42
7528;15
7529;4
7530;33
7531;40
7532;85
7533;51
7534;38
7535;20
7536;70
7537;66
7538;22
7539;34
7540;31
7541;2
7542;5
7543;44
7544;22
7545;2
7546;2
7547;44
7548;60
7549;15
7550;55
7551;79
7552;21
7553;63
7554;72
7555;27
7556;63
7557;11
7558;33
7559;1
7560;9
7561;36
7562;44
7563;38
7564;23
7565;39
7566;4
7567;16
7568;25
7569;22
7570;21
7571;48
7572;49
7573;19
7574;41
7575;13
7576;6
7577;5
7578;58
7579;29
7580;20
7581;19
7582;79
7583;67
7584;28
7585;49
7586;55
7587;76
7588;56
7589;63
7590;57
7591;71
7592;64
7593;66
7594;52
7595;79
7596;63
7597;82
7598;36
7599;4
7600;4
7601;1
7602;53
7603;38
7604;28
7605;0
7606;2
7607;58
7608;69
7609;50
7610;69
7611;36
7612;49
7613;14
7614;10
7615;2
7616;86
7617;84
7618;66
7619;85
7620;54
7621;25
7622;66
7623;55
7624;27
7625;46
7626;17
7627;27
7628;31
7629;16
7630;13
7631;23
7632;71
7633;24
7634;34
7635;5
7636;0
7637;2
7638;75
7639;84
7640;57
7641;25
7642;59
7643;53
7644;65
7645;38
7646;72
7647;55
7648;51
7649;51
7650;28
7651;57
7652;66
7653;50
7654;51
7655;51
7656;58
7657;45
7658;15
7659;12
7660;55
7661;54
7662;87
7663;38
7664;44
7665;18
7666;4
7667;23
7668;25
7669;44
7670;82
7671;21
7672;49
7673;54
7674;30
7675;21
7676;8
7677;12
7678;0
7679;29
7680;51
7681;59
7682;82
7683;44
7684;67
7685;26
7686;78
7687;72
7688;19
7689;53
7690;39
7691;15
7692;78
7693;54
7694;29
7695;73
7696;38
7697;27
7698;0
7699;68
7700;28
7701;35
7702;13
7703;5
7704;37
7705;40
7706;84
7707;36
7708;27
7709;23
7710;2
7711;0
7712;72
7713;31
7714;77
7715;83
7716;37
7717;61
7718;45
7719;30
7720;10
7721;13
7722;5
7723;72
7724;75
7725;73
7726;36
7727;70
7728;46
7729;50
7730;47
7731;49
7732;10
7733;11
7734;81
7735;59
7736;76
7737;46
7738;75
7739;67
7740;62
7741;59
7742;22
7743;30
7744;76
7745;86
7746;53
7747;38
7748;10
7749;21
7750;72
7751;63
7752;86
7753;51
7754;31
7755;32
7756;8
7757;11
7758;77
7759;68
7760;27
7761;41
7762;18
7763;30
7764;35
7765;8
7766;8
7767;7
7768;64
7769;60
7770;59
7771;22
7772;26
7773;78
7774;22
7775;30
7776;67
7777;46
7778;18
7779;10
7780;30
7781;44
7782;20
7783;31
7784;1
7785;16
7786;77
7787;76
7788;62
7789;28
7790;29
7791;25
7792;30
7793;19
7794;25
7795;24
7796;43
7797;65
7798;37
7799;10
7800;76
7801;77
7802;97
7803;35
7804;51
7805;61
7806;53
7807;78
7808;56
7809;76
7810;53
7811;71
7812;64
7813;61
7814;61
7815;35
7816;54
7817;49
7818;33
7819;3
7820;18
7821;35
7822;33
7823;8
7824;11
7825;25
7826;42
7827;27
7828;32
7829;15
7830;64
7831;52
7832;34
7833;67
7834;52
7835;65
7836;62
7837;82
7838;67
7839;42
7840;6
7841;30
7842;26
7843;57
7844;53
7845;13
7846;16
7847;43
7848;57
7849;15
7850;16
7851;58
7852;57
7853;81
7854;38
7855;43
7856;31
7857;17
7858;9
7859;56
7860;52
7861;38
7862;13
7863;11
7864;90
7865;77
7866;70
7867;37
7868;30
7869;27
7870;7
7871;16
7872;41
7873;2
7874;3
7875;31
7876;60
7877;88
7878;53
7879;60
7880;37
7881;43
7882;85
7883;70
7884;78
7885;31
7886;64
7887;52
7888;7
7889;9
7890;74
7891;50
7892;19
7893;34
7894;53
7895;68
7896;51
7897;64
7898;65
7899;83
7900;23
7901;74
7902;24
7903;20
7904;55
7905;66
7906;71
7907;50
7908;54
7909;34
7910;27
7911;27
7912;17
7913;8
7914;46
7915;56
7916;54
7917;24
7918;64
7919;27
7920;15
7921;8
7922;53
7923;31
7924;65
7925;39
7926;50
7927;24
7928;27
7929;42
7930;33
7931;70
7932;54
7933;50
7934;46
7935;18
7936;13
7937;83
7938;88
7939;51
7940;57
7941;49
7942;49
7943;55
7944;14
7945;25
7946;54
7947;33
7948;59
7949;45
7950;41
7951;38
7952;20
7953;61
7954;45
7955;0
7956;2
7957;20
7958;85
7959;76
7960;42
7961;22
7962;5
7963;4
7964;3
7965;58
7966;61
7967;45
7968;63
7969;7
7970;13
7971;22
7972;34
7973;43
7974;9
7975;63
7976;73
7977;47
7978;49
7979;4
7980;17
7981;26
7982;8
7983;0
7984;72
7985;77
7986;63
7987;67
7988;54
7989;31
7990;7
7991;15
7992;29
7993;28
7994;18
7995;0
7996;57
7997;30
7998;56
7999;15
8000;8
8001;58
8002;21
8003;73
8004;63
8005;55
8006;67
8007;50
8008;37
8009;88
8010;64
8011;28
8012;71
8013;85
8014;63
8015;25
8016;61
8017;51
8018;46
8019;9
8020;16
8021;18
8022;45
8023;37
8024;51
8025;14
8026;17
8027;14
8028;53
8029;24
8030;22
8031;23
8032;67
8033;27
8034;21
8035;22
8036;62
8037;49
8038;49
8039;12
8040;60
8041;63
8042;13
8043;7
8044;9
8045;61
8046;80
8047;60
8048;46
8049;58
8050;61
8051;62
8052;44
8053;32
8054;15
8055;5
8056;48
8057;48
8058;13
8059;4
8060;5
8061;32
8062;41
8063;1
8064;18
8065;5
8066;58
8067;19
8068;55
8069;66
8070;19
8071;38
8072;33
8073;30
8074;54
8075;23
8076;61
8077;30
8078;39
8079;12
8080;10
8081;83
8082;56
8083;32
8084;26
8085;17
8086;8
8087;30
8088;45
8089;11
8090;12
8091;13
8092;10
8093;22
8094;61
8095;56
8096;50
8097;55
8098;59
8099;25
8100;30
8101;72
8102;51
8103;66
8104;69
8105;73
8106;21
8107;22
8108;63
8109;25
8110;56
8111;13
8112;18
8113;59
8114;45
8115;51
8116;12
8117;29
8118;50
8119;29
8120;30
8121;5
8122;14
8123;15
8124;86
8125;69
8126;39
8127;29
8128;15
8129;50
8130;39
8131;42
8132;7
8133;9
8134;10
8135;9
8136;68
8137;66
8138;47
8139;19
8140;2
8141;13
8142;2
8143;4
8144;38
8145;18
8146;7
8147;92
8148;67
8149;63
8150;45
8151;39
8152;54
8153;52
8154;50
8155;57
8156;79
8157;40
8158;46
8159;12
8160;8
8161;7
8162;51
8163;74
8164;30
8165;40
8166;48
8167;41
8168;64
8169;6
8170;21
8171;22
8172;19
8173;29
8174;65
8175;70
8176;45
8177;0
8178;9
8179;65
8180;70
8181;55
8182;72
8183;59
8184;64
8185;46
8186;46
8187;49
8188;47
8189;8
8190;13
8191;12
8192;31
8193;53
8194;57
8195;37
8196;6
8197;15
8198;28
8199;57
8200;64
8201;63
8202;75
8203;66
8204;78
8205;62
8206;64
8207;54
8208;8
8209;16
8210;40
8211;78
8212;55
8213;55
8214;64
8215;46
8216;15
8217;16
8218;15
8219;17
8220;73
8221;50
8222;93
8223;39
8224;34
8225;7
8226;1
8227;4
8228;57
8229;73
8230;39
8231;50
8232;28
8233;11
8234;11
8235;15
8236;47
8237;67
8238;69
8239;50
8240;7
8241;63
8242;24
8243;24
8244;55
8245;45
8246;57
8247;57
8248;24
8249;49
8250;54
8251;52
8252;74
8253;62
8254;54
8255;45
8256;25
8257;76
8258;55
8259;23
8260;73
8261;23
8262;32
8263;29
8264;12
8265;7
8266;9
8267;40
8268;72
8269;21
8270;61
8271;60
8272;59
8273;29
8274;14
8275;55
8276;55
8277;28
8278;46
8279;7
8280;16
8281;11
8282;14
8283;86
8284;34
8285;87
8286;37
8287;45
8288;64
8289;61
8290;32
8291;59
8292;69
8293;67
8294;48
8295;28
8296;64
8297;67
8298;31
8299;37
8300;14
8301;13
8302;64
8303;7
8304;35
8305;34
8306;82
8307;49
8308;34
8309;64
8310;18
8311;60
8312;51
8313;33
8314;61
8315;11
8316;15
8317;10
8318;51
8319;50
8320;79
8321;60
8322;56
8323;22
8324;54
8325;65
8326;49
8327;50
8328;17
8329;79
8330;37
8331;60
8332;53
8333;65
8334;47
8335;55
8336;12
8337;8
8338;72
8339;33
8340;28
8341;2
8342;3
8343;0
8344;39
8345;49
8346;17
8347;15
8348;58
8349;93
8350;89
8351;44
8352;20
8353;10
8354;0
8355;59
8356;73
8357;54
8358;44
8359;17
8360;15
8361;16
8362;22
8363;36
8364;24
8365;67
8366;88
8367;77
8368;93
8369;75
8370;66
8371;46
8372;69
8373;52
8374;28
8375;99
8376;69
8377;73
8378;48
8379;28
8380;41
8381;30
8382;29
8383;48
8384;3
8385;14
8386;48
8387;52
8388;53
8389;26
8390;19
8391;70
8392;64
8393;69
8394;52
8395;60
8396;9
8397;25
8398;19
8399;45
8400;28
8401;49
8402;58
8403;76
8404;89
8405;56
8406;57
8407;73
8408;38
8409;33
8410;16
8411;5
8412;2
8413;33
8414;63
8415;84
8416;54
8417;43
8418;32
8419;25
8420;55
8421;48
8422;47
8423;6
8424;5
8425;37
8426;39
8427;13
8428;10
8429;17
8430;42
8431;46
8432;2
8433;75
8434;52
8435;39
8436;71
8437;61
8438;25
8439;44
8440;46
8441;6
8442;12
8443;62
8444;32
8445;52
8446;37
8447;14
8448;15
8449;33
8450;52
8451;58
8452;82
8453;23
8454;85
8455;41
8456;46
8457;11
8458;38
8459;42
8460;14
8461;6
8462;50
8463;41
8464;12
8465;7
8466;12
8467;52
8468;28
8469;24
8470;89
8471;30
8472;50
8473;8
8474;52
8475;44
8476;15
8477;11
8478;19
8479;103
8480;104
8481;86
8482;96
8483;96
8484;67
8485;77
8486;95
8487;72
8488;69
8489;88
8490;95
8491;68
8492;100
8493;73
8494;88
8495;92
8496;81
8497;78
8498;77
8499;96
8500;94
8501;79
8502;87
8503;69
8504;105
8505;96
8506;71
8507;76
8508;98
8509;83
8510;67
8511;67
8512;105
8513;77
8514;91
8515;72
8516;77
8517;100
8518;85
8519;105
8520;73
8521;74
8522;104
8523;86
8524;73
8525;76
8526;71
8527;89
8528;88
8529;77
8530;82
8531;77
8532;67
8533;88
8534;93
8535;99
8536;85
8537;82
8538;89
8539;99
8540;74
8541;83
8542;103
8543;96
8544;85
8545;87
8546;84
8547;85
