1;47
2;50
3;69
4;39
5;39
6;23
7;45
8;32
9;57
10;34
11;11
12;31
13;65
14;46
15;53
16;72
17;54
18;30
19;12
20;8
21;29
22;54
23;66
24;21
25;28
26;29
27;3
28;8
29;69
30;66
31;80
32;29
33;50
34;17
35;65
36;59
37;41
38;35
39;14
40;2
41;5
42;75
43;69
44;57
45;50
46;17
47;34
48;39
49;40
50;10
51;7
52;85
53;75
54;69
55;52
56;29
57;46
58;6
59;1
60;29
61;92
62;30
63;69
64;55
65;28
66;37
67;3
68;7
69;38
70;60
71;59
72;45
73;45
74;56
75;65
76;75
77;24
78;42
79;7
80;40
81;8
82;14
83;35
84;25
85;14
86;50
87;19
88;69
89;82
90;32
91;22
92;10
93;2
94;69
95;55
96;46
97;64
98;43
99;29
100;7
101;87
102;84
103;34
104;35
105;45
106;28
107;18
108;4
109;65
110;83
111;54
112;47
113;47
114;7
115;13
116;18
117;51
118;56
119;49
120;38
121;9
122;11
123;54
124;16
125;64
126;45
127;7
128;10
129;9
130;26
131;71
132;37
133;65
134;94
135;55
136;57
137;49
138;85
139;78
140;73
141;53
142;34
143;52
144;15
145;17
146;6
147;30
148;25
149;0
150;3
151;51
152;66
153;51
154;70
155;77
156;22
157;33
158;17
159;18
160;46
161;48
162;38
163;37
164;4
165;0
166;46
167;67
168;56
169;34
170;87
171;64
172;41
173;42
174;4
175;3
176;13
177;62
178;33
179;41
180;2
181;56
182;43
183;11
184;8
185;24
186;76
187;39
188;29
189;4
190;5
191;54
192;47
193;55
194;38
195;46
196;2
197;4
198;2
199;41
200;1
201;56
202;55
203;80
204;68
205;26
206;35
207;8
208;9
209;11
210;54
211;54
212;35
213;7
214;7
215;58
216;51
217;70
218;74
219;60
220;6
221;42
222;32
223;11
224;58
225;37
226;72
227;79
228;49
229;46
230;60
231;28
232;34
233;10
234;4
235;51
236;82
237;35
238;23
239;51
240;70
241;69
242;47
243;49
244;55
245;39
246;41
247;59
248;34
249;51
250;72
251;57
252;41
253;38
254;43
255;16
256;14
257;39
258;14
259;49
260;73
261;60
262;71
263;54
264;55
265;30
266;40
267;6
268;7
269;75
270;28
271;38
272;48
273;8
274;4
275;74
276;35
277;18
278;56
279;73
280;33
281;33
282;2
283;3
284;39
285;75
286;22
287;34
288;10
289;37
290;27
291;10
292;54
293;45
294;43
295;4
296;1
297;54
298;24
299;29
300;85
301;22
302;66
303;61
304;54
305;29
306;38
307;10
308;9
309;41
310;29
311;2
312;3
313;12
314;71
315;32
316;45
317;9
318;8
319;6
320;33
321;39
322;0
323;20
324;32
325;32
326;3
327;5
328;45
329;63
330;20
331;21
332;38
333;1
334;7
335;8
336;59
337;72
338;47
339;42
340;46
341;2
342;3
343;11
344;60
345;19
346;60
347;20
348;28
349;21
350;42
351;86
352;42
353;33
354;32
355;15
356;13
357;4
358;64
359;59
360;33
361;45
362;2
363;37
364;62
365;54
366;49
367;48
368;29
369;9
370;14
371;26
372;48
373;71
374;28
375;39
376;1
377;60
378;53
379;57
380;64
381;23
382;25
383;23
384;34
385;47
386;12
387;40
388;50
389;7
390;17
391;72
392;45
393;43
394;26
395;12
396;8
397;7
398;63
399;52
400;61
401;64
402;37
403;66
404;45
405;49
406;3
407;21
408;26
409;46
410;45
411;11
412;3
413;59
414;58
415;64
416;58
417;33
418;71
419;46
420;28
421;40
422;0
423;2
424;63
425;59
426;42
427;7
428;12
429;47
430;64
431;52
432;79
433;54
434;41
435;41
436;3
437;0
438;50
439;45
440;48
441;10
442;8
443;8
444;45
445;19
446;79
447;49
448;47
449;54
450;59
451;53
452;47
453;49
454;36
455;4
456;2
457;72
458;59
459;37
460;28
461;34
462;37
463;1
464;21
465;31
466;12
467;9
468;33
469;8
470;12
471;47
472;55
473;57
474;57
475;20
476;19
477;34
478;42
479;1
480;31
481;35
482;0
483;49
484;51
485;31
486;30
487;11
488;8
489;56
490;36
491;7
492;11
493;8
494;31
495;55
496;54
497;42
498;9
499;13
500;56
501;46
502;76
503;27
504;49
505;59
506;31
507;2
508;13
509;51
510;22
511;55
512;33
513;17
514;10
515;31
516;41
517;5
518;33
519;29
520;9
521;15
522;65
523;46
524;37
525;13
526;11
527;12
528;49
529;42
530;56
531;49
532;8
533;16
534;11
535;16
536;67
537;83
538;57
539;40
540;45
541;5
542;18
543;0
544;42
545;20
546;76
547;49
548;51
549;52
550;50
551;51
552;48
553;65
554;33
555;61
556;9
557;13
558;94
559;45
560;69
561;37
562;37
563;44
564;7
565;7
566;7
567;10
568;36
569;30
570;3
571;51
572;47
573;76
574;59
575;60
576;34
577;4
578;55
579;21
580;31
581;45
582;5
583;2
584;62
585;42
586;36
587;71
588;77
589;38
590;20
591;54
592;23
593;39
594;26
595;45
596;6
597;8
598;89
599;81
600;26
601;35
602;8
603;15
604;54
605;84
606;50
607;53
608;76
609;47
610;1
611;3
612;56
613;67
614;56
615;44
616;53
617;41
618;34
619;13
620;28
621;37
622;0
623;6
624;56
625;87
626;88
627;79
628;56
629;77
630;37
631;63
632;72
633;21
634;64
635;75
636;49
637;91
638;69
639;29
640;27
641;25
642;30
643;52
644;14
645;53
646;47
647;79
648;60
649;59
650;67
651;36
652;27
653;15
654;63
655;32
656;16
657;8
658;18
659;43
660;26
661;37
662;27
663;11
664;8
665;45
666;56
667;41
668;31
669;1
670;1
671;58
672;39
673;13
674;52
675;68
676;20
677;24
678;4
679;1
680;38
681;33
682;9
683;11
684;33
685;36
686;10
687;18
688;28
689;54
690;46
691;11
692;9
693;30
694;27
695;4
696;12
697;28
698;38
699;2
700;13
701;62
702;27
703;39
704;57
705;6
706;15
707;15
708;54
709;52
710;23
711;39
712;33
713;57
714;25
715;28
716;77
717;70
718;89
719;49
720;64
721;61
722;53
723;30
724;16
725;9
726;15
727;74
728;43
729;51
730;57
731;44
732;14
733;8
734;37
735;47
736;6
737;17
738;53
739;74
740;33
741;30
742;77
743;46
744;43
745;27
746;8
747;0
748;42
749;17
750;25
751;21
752;41
753;26
754;47
755;8
756;10
757;15
758;43
759;11
760;18
761;50
762;43
763;10
764;17
765;38
766;35
767;5
768;14
769;51
770;27
771;30
772;68
773;65
774;74
775;59
776;47
777;31
778;32
779;1
780;2
781;47
782;33
783;1
784;1
785;1
786;32
787;23
788;28
789;49
790;17
791;12
792;48
793;49
794;20
795;62
796;51
797;68
798;37
799;55
800;45
801;7
802;11
803;46
804;73
805;55
806;45
807;34
808;2
809;7
810;4
811;26
812;64
813;31
814;35
815;8
816;16
817;42
818;46
819;17
820;15
821;28
822;28
823;3
824;1
825;1
826;52
827;49
828;32
829;8
830;6
831;27
832;39
833;10
834;2
835;45
836;39
837;2
838;1
839;45
840;14
841;81
842;59
843;99
844;61
845;47
846;7
847;8
848;50
849;63
850;54
851;95
852;71
853;24
854;31
855;52
856;46
857;10
858;8
859;46
860;69
861;56
862;81
863;45
864;48
865;8
866;66
867;37
868;48
869;71
870;45
871;27
872;10
873;5
874;42
875;33
876;37
877;4
878;27
879;41
880;3
881;6
882;34
883;27
884;52
885;16
886;16
887;26
888;58
889;70
890;61
891;57
892;64
893;36
894;41
895;3
896;64
897;55
898;45
899;54
900;75
901;42
902;29
903;18
904;17
905;46
906;64
907;38
908;46
909;14
910;7
911;58
912;68
913;31
914;37
915;4
916;46
917;21
918;28
919;58
920;51
921;55
922;50
923;43
924;55
925;15
926;12
927;12
928;34
929;33
930;31
931;16
932;55
933;48
934;65
935;26
936;57
937;57
938;54
939;38
940;31
941;35
942;23
943;2
944;10
945;64
946;65
947;55
948;81
949;63
950;37
951;47
952;46
953;70
954;75
955;65
956;46
957;32
958;58
959;77
960;26
961;67
962;40
963;68
964;60
965;6
966;12
967;69
968;66
969;37
970;30
971;8
972;43
973;29
974;14
975;3
976;34
977;30
978;16
979;11
980;8
981;61
982;26
983;75
984;60
985;30
986;72
987;38
988;40
989;34
990;7
991;3
992;21
993;54
994;28
995;41
996;7
997;12
998;81
999;56
1000;69
1001;23
1002;65
1003;67
1004;60
1005;64
1006;46
1007;44
1008;7
1009;8
1010;45
1011;46
1012;10
1013;6
1014;80
1015;73
1016;76
1017;35
1018;41
1019;27
1020;34
1021;15
1022;11
1023;16
1024;27
1025;39
1026;6
1027;9
1028;51
1029;72
1030;48
1031;54
1032;51
1033;46
1034;70
1035;60
1036;70
1037;74
1038;64
1039;92
1040;30
1041;35
1042;0
1043;10
1044;49
1045;41
1046;1
1047;0
1048;3
1049;31
1050;50
1051;27
1052;18
1053;9
1054;14
1055;46
1056;47
1057;27
1058;47
1059;68
1060;53
1061;46
1062;55
1063;67
1064;39
1065;73
1066;67
1067;38
1068;59
1069;11
1070;6
1071;76
1072;71
1073;23
1074;57
1075;53
1076;55
1077;48
1078;59
1079;9
1080;45
1081;20
1082;4
1083;12
1084;40
1085;20
1086;0
1087;2
1088;74
1089;21
1090;42
1091;3
1092;3
1093;4
1094;59
1095;51
1096;23
1097;20
1098;43
1099;38
1100;11
1101;9
1102;72
1103;73
1104;42
1105;58
1106;9
1107;51
1108;35
1109;44
1110;3
1111;14
1112;5
1113;47
1114;63
1115;29
1116;33
1117;12
1118;8
1119;54
1120;50
1121;55
1122;46
1123;55
1124;58
1125;70
1126;22
1127;36
1128;49
1129;13
1130;12
1131;58
1132;28
1133;6
1134;11
1135;60
1136;53
1137;50
1138;8
1139;10
1140;34
1141;27
1142;2
1143;17
1144;51
1145;85
1146;53
1147;45
1148;28
1149;43
1150;1
1151;14
1152;52
1153;45
1154;30
1155;77
1156;88
1157;30
1158;19
1159;4
1160;1
1161;11
1162;26
1163;59
1164;42
1165;25
1166;77
1167;30
1168;47
1169;3
1170;18
1171;4
1172;5
1173;32
1174;4
1175;32
1176;62
1177;51
1178;40
1179;39
1180;0
1181;7
1182;32
1183;10
1184;6
1185;53
1186;38
1187;19
1188;48
1189;72
1190;33
1191;38
1192;6
1193;50
1194;44
1195;48
1196;16
1197;1
1198;55
1199;30
1200;11
1201;18
1202;38
1203;36
1204;7
1205;14
1206;7
1207;7
1208;49
1209;33
1210;72
1211;79
1212;25
1213;25
1214;42
1215;5
1216;3
1217;14
1218;27
1219;39
1220;23
1221;36
1222;73
1223;37
1224;62
1225;75
1226;66
1227;44
1228;24
1229;32
1230;53
1231;42
1232;55
1233;12
1234;13
1235;27
1236;54
1237;18
1238;6
1239;7
1240;72
1241;32
1242;56
1243;45
1244;38
1245;2
1246;11
1247;15
1248;44
1249;27
1250;0
1251;55
1252;56
1253;9
1254;17
1255;42
1256;37
1257;15
1258;14
1259;82
1260;89
1261;41
1262;42
1263;7
1264;16
1265;8
1266;20
1267;71
1268;33
1269;34
1270;11
1271;65
1272;42
1273;3
1274;30
1275;60
1276;57
1277;74
1278;77
1279;34
1280;19
1281;1
1282;2
1283;49
1284;34
1285;35
1286;60
1287;11
1288;8
1289;65
1290;44
1291;18
1292;21
1293;39
1294;5
1295;5
1296;51
1297;88
1298;25
1299;63
1300;49
1301;69
1302;38
1303;74
1304;46
1305;73
1306;62
1307;31
1308;25
1309;3
1310;0
1311;69
1312;55
1313;36
1314;38
1315;73
1316;59
1317;62
1318;7
1319;26
1320;18
1321;13
1322;37
1323;36
1324;4
1325;15
1326;29
1327;44
1328;44
1329;31
1330;2
1331;8
1332;33
1333;58
1334;11
1335;9
1336;50
1337;44
1338;6
1339;15
1340;30
1341;45
1342;50
1343;41
1344;18
1345;16
1346;17
1347;52
1348;69
1349;75
1350;41
1351;9
1352;61
1353;59
1354;45
1355;49
1356;41
1357;1
1358;5
1359;35
1360;27
1361;9
1362;7
1363;50
1364;59
1365;10
1366;15
1367;42
1368;25
1369;61
1370;20
1371;21
1372;66
1373;57
1374;45
1375;41
1376;4
1377;9
1378;47
1379;52
1380;17
1381;8
1382;8
1383;44
1384;31
1385;1
1386;13
1387;2
1388;26
1389;4
1390;20
1391;52
1392;79
1393;20
1394;52
1395;55
1396;22
1397;19
1398;35
1399;66
1400;22
1401;36
1402;38
1403;46
1404;34
1405;81
1406;34
1407;25
1408;57
1409;24
1410;73
1411;75
1412;80
1413;46
1414;27
1415;97
1416;50
1417;36
1418;73
1419;67
1420;56
1421;40
1422;58
1423;18
1424;9
1425;8
1426;59
1427;59
1428;39
1429;11
1430;28
1431;39
1432;71
1433;57
1434;30
1435;71
1436;46
1437;70
1438;37
1439;8
1440;9
1441;74
1442;43
1443;42
1444;34
1445;8
1446;8
1447;29
1448;70
1449;74
1450;70
1451;62
1452;21
1453;82
1454;65
1455;45
1456;33
1457;5
1458;1
1459;46
1460;2
1461;5
1462;34
1463;40
1464;13
1465;8
1466;13
1467;46
1468;25
1469;87
1470;43
1471;56
1472;14
1473;67
1474;34
1475;41
1476;21
1477;31
1478;0
1479;25
1480;52
1481;76
1482;19
1483;23
1484;34
1485;81
1486;40
1487;49
1488;34
1489;27
1490;68
1491;54
1492;69
1493;37
1494;28
1495;27
1496;7
1497;38
1498;40
1499;13
1500;6
1501;16
1502;79
1503;50
1504;22
1505;29
1506;5
1507;1
1508;7
1509;52
1510;87
1511;29
1512;26
1513;68
1514;31
1515;48
1516;1
1517;48
1518;60
1519;56
1520;43
1521;24
1522;29
1523;51
1524;70
1525;53
1526;20
1527;43
1528;57
1529;78
1530;32
1531;45
1532;36
1533;9
1534;15
1535;50
1536;59
1537;39
1538;42
1539;8
1540;5
1541;76
1542;25
1543;41
1544;48
1545;31
1546;13
1547;8
1548;6
1549;59
1550;47
1551;70
1552;51
1553;58
1554;7
1555;11
1556;49
1557;60
1558;17
1559;48
1560;39
1561;9
1562;17
1563;30
1564;46
1565;46
1566;31
1567;13
1568;15
1569;8
1570;64
1571;59
1572;88
1573;49
1574;59
1575;75
1576;31
1577;53
1578;71
1579;61
1580;26
1581;40
1582;59
1583;7
1584;9
1585;15
1586;16
1587;33
1588;25
1589;5
1590;0
1591;5
1592;28
1593;19
1594;47
1595;1
1596;4
1597;27
1598;30
1599;9
1600;36
1601;46
1602;56
1603;44
1604;43
1605;9
1606;6
1607;33
1608;17
1609;14
1610;72
1611;48
1612;39
1613;46
1614;2
1615;65
1616;56
1617;47
1618;29
1619;45
1620;41
1621;11
1622;67
1623;70
1624;71
1625;63
1626;20
1627;24
1628;43
1629;67
1630;24
1631;50
1632;20
1633;35
1634;63
1635;32
1636;6
1637;12
1638;28
1639;38
1640;54
1641;41
1642;15
1643;26
1644;33
1645;55
1646;22
1647;21
1648;80
1649;55
1650;55
1651;42
1652;17
1653;11
1654;9
1655;33
1656;33
1657;11
1658;2
1659;35
1660;30
1661;38
1662;47
1663;71
1664;55
1665;24
1666;46
1667;7
1668;47
1669;67
1670;71
1671;24
1672;35
1673;75
1674;52
1675;60
1676;34
1677;52
1678;57
1679;39
1680;12
1681;9
1682;49
1683;80
1684;89
1685;51
1686;31
1687;42
1688;14
1689;2
1690;37
1691;28
1692;2
1693;46
1694;71
1695;27
1696;8
1697;8
1698;74
1699;78
1700;52
1701;35
1702;33
1703;40
1704;27
1705;58
1706;40
1707;77
1708;76
1709;51
1710;51
1711;35
1712;25
1713;6
1714;12
1715;78
1716;65
1717;82
1718;30
1719;35
1720;72
1721;60
1722;67
1723;70
1724;56
1725;46
1726;68
1727;62
1728;51
1729;43
1730;95
1731;71
1732;69
1733;63
1734;13
1735;32
1736;59
1737;57
1738;38
1739;12
1740;23
1741;35
1742;24
1743;31
1744;38
1745;46
1746;58
1747;43
1748;43
1749;4
1750;15
1751;0
1752;63
1753;72
1754;48
1755;36
1756;60
1757;47
1758;42
1759;27
1760;1
1761;47
1762;9
1763;11
1764;51
1765;26
1766;7
1767;6
1768;60
1769;63
1770;38
1771;50
1772;15
1773;9
1774;44
1775;42
1776;5
1777;6
1778;29
1779;30
1780;74
1781;29
1782;34
1783;5
1784;15
1785;1
1786;30
1787;38
1788;56
1789;11
1790;51
1791;45
1792;7
1793;51
1794;47
1795;50
1796;59
1797;32
1798;53
1799;78
1800;45
1801;43
1802;13
1803;41
1804;7
1805;20
1806;45
1807;22
1808;69
1809;34
1810;27
1811;21
1812;63
1813;21
1814;22
1815;4
1816;3
1817;5
1818;33
1819;33
1820;40
1821;7
1822;14
1823;17
1824;37
1825;70
1826;28
1827;43
1828;14
1829;5
1830;13
1831;64
1832;54
1833;23
1834;57
1835;35
1836;37
1837;6
1838;14
1839;81
1840;67
1841;59
1842;74
1843;22
1844;78
1845;31
1846;18
1847;39
1848;34
1849;45
1850;6
1851;2
1852;43
1853;35
1854;13
1855;8
1856;42
1857;55
1858;53
1859;80
1860;47
1861;26
1862;72
1863;28
1864;57
1865;11
1866;17
1867;36
1868;46
1869;13
1870;15
1871;67
1872;36
1873;40
1874;3
1875;5
1876;41
1877;44
1878;51
1879;17
1880;7
1881;16
1882;64
1883;39
1884;13
1885;11
1886;29
1887;45
1888;2
1889;17
1890;39
1891;45
1892;66
1893;39
1894;22
1895;22
1896;20
1897;22
1898;1
1899;2
1900;75
1901;26
1902;53
1903;39
1904;6
1905;54
1906;33
1907;7
1908;6
1909;88
1910;45
1911;36
1912;12
1913;6
1914;5
1915;50
1916;38
1917;17
1918;14
1919;42
1920;27
1921;5
1922;9
1923;64
1924;33
1925;6
1926;11
1927;46
1928;77
1929;41
1930;89
1931;90
1932;46
1933;42
1934;11
1935;5
1936;50
1937;29
1938;47
1939;10
1940;38
1941;63
1942;64
1943;20
1944;50
1945;17
1946;14
1947;63
1948;59
1949;39
1950;72
1951;43
1952;48
1953;81
1954;48
1955;31
1956;14
1957;10
1958;38
1959;21
1960;57
1961;32
1962;56
1963;14
1964;6
1965;41
1966;46
1967;4
1968;2
1969;67
1970;60
1971;33
1972;45
1973;14
1974;40
1975;41
1976;0
1977;1
1978;47
1979;41
1980;76
1981;49
1982;29
1983;35
1984;53
1985;14
1986;68
1987;38
1988;27
1989;17
1990;8
1991;49
1992;22
1993;0
1994;1
1995;3
1996;45
1997;47
1998;10
1999;5
2000;53
2001;57
2002;81
2003;63
2004;68
2005;20
2006;36
2007;38
2008;2
2009;3
2010;46
2011;36
2012;8
2013;18
2014;64
2015;58
2016;52
2017;40
2018;58
2019;43
2020;14
2021;13
2022;72
2023;36
2024;48
2025;0
2026;8
2027;51
2028;38
2029;18
2030;6
2031;61
2032;20
2033;35
2034;61
2035;58
2036;32
2037;12
2038;9
2039;32
2040;63
2041;8
2042;16
2043;59
2044;69
2045;54
2046;19
2047;54
2048;87
2049;27
2050;20
2051;75
2052;76
2053;32
2054;51
2055;42
2056;71
2057;36
2058;25
2059;29
2060;5
2061;3
2062;5
2063;4
2064;70
2065;67
2066;40
2067;13
2068;53
2069;37
2070;49
2071;7
2072;16
2073;24
2074;65
2075;49
2076;12
2077;11
2078;92
2079;61
2080;66
2081;53
2082;35
2083;30
2084;38
2085;2
2086;58
2087;28
2088;45
2089;41
2090;33
2091;23
2092;91
2093;83
2094;51
2095;53
2096;35
2097;56
2098;67
2099;24
2100;49
2101;9
2102;4
2103;52
2104;44
2105;8
2106;6
2107;11
2108;14
2109;53
2110;53
2111;46
2112;85
2113;64
2114;46
2115;59
2116;19
2117;58
2118;37
2119;47
2120;37
2121;48
2122;7
2123;48
2124;61
2125;47
2126;49
2127;8
2128;13
2129;32
2130;50
2131;13
2132;17
2133;56
2134;26
2135;6
2136;12
2137;54
2138;37
2139;74
2140;68
2141;63
2142;71
2143;32
2144;74
2145;42
2146;49
2147;4
2148;2
2149;81
2150;78
2151;34
2152;29
2153;11
2154;6
2155;73
2156;59
2157;40
2158;51
2159;17
2160;63
2161;48
2162;27
2163;3
2164;15
2165;4
2166;0
2167;36
2168;9
2169;69
2170;24
2171;51
2172;58
2173;89
2174;21
2175;41
2176;26
2177;60
2178;62
2179;20
2180;67
2181;75
2182;34
2183;54
2184;74
2185;26
2186;60
2187;33
2188;34
2189;15
2190;0
2191;4
2192;49
2193;5
2194;44
2195;21
2196;27
2197;47
2198;8
2199;16
2200;13
2201;36
2202;39
2203;5
2204;5
2205;46
2206;43
2207;80
2208;56
2209;30
2210;32
2211;15
2212;10
2213;19
2214;25
2215;40
2216;49
2217;54
2218;16
2219;13
2220;64
2221;53
2222;61
2223;38
2224;49
2225;45
2226;1
2227;4
2228;21
2229;38
2230;36
2231;18
2232;16
2233;8
2234;69
2235;57
2236;31
2237;38
2238;15
2239;6
2240;47
2241;9
2242;39
2243;65
2244;83
2245;47
2246;43
2247;14
2248;8
2249;17
2250;45
2251;36
2252;7
2253;4
2254;2
2255;35
2256;51
2257;73
2258;32
2259;43
2260;0
2261;5
2262;35
2263;41
2264;40
2265;27
2266;42
2267;2
2268;3
2269;66
2270;64
2271;93
2272;56
2273;57
2274;35
2275;42
2276;13
2277;12
2278;15
2279;71
2280;54
2281;57
2282;65
2283;63
2284;46
2285;20
2286;31
2287;70
2288;82
2289;78
2290;40
2291;31
2292;12
2293;9
2294;14
2295;24
2296;4
2297;32
2298;66
2299;50
2300;34
2301;18
2302;10
2303;15
2304;64
2305;35
2306;21
2307;41
2308;68
2309;25
2310;52
2311;83
2312;19
2313;38
2314;40
2315;45
2316;19
2317;19
2318;64
2319;61
2320;62
2321;41
2322;30
2323;3
2324;1
2325;6
2326;71
2327;45
2328;54
2329;55
2330;16
2331;14
2332;54
2333;40
2334;39
2335;4
2336;27
2337;55
2338;84
2339;32
2340;9
2341;5
2342;19
2343;67
2344;59
2345;28
2346;54
2347;77
2348;19
2349;56
2350;29
2351;36
2352;31
2353;31
2354;11
2355;14
2356;43
2357;43
2358;1
2359;10
2360;0
2361;5
2362;43
2363;61
2364;12
2365;12
2366;9
2367;54
2368;12
2369;10
2370;66
2371;46
2372;40
2373;32
2374;54
2375;14
2376;7
2377;74
2378;31
2379;38
2380;1
2381;3
2382;26
2383;71
2384;20
2385;42
2386;77
2387;22
2388;53
2389;33
2390;51
2391;34
2392;52
2393;67
2394;56
2395;62
2396;91
2397;66
2398;48
2399;67
2400;51
2401;53
2402;44
2403;39
2404;51
2405;77
2406;74
2407;27
2408;28
2409;10
2410;18
2411;30
2412;30
2413;7
2414;29
2415;23
2416;3
2417;5
2418;37
2419;53
2420;65
2421;68
2422;35
2423;45
2424;10
2425;59
2426;40
2427;8
2428;8
2429;62
2430;21
2431;68
2432;54
2433;38
2434;78
2435;56
2436;41
2437;29
2438;47
2439;8
2440;1
2441;0
2442;38
2443;47
2444;55
2445;46
2446;27
2447;37
2448;12
2449;14
2450;37
2451;51
2452;38
2453;34
2454;1
2455;6
2456;36
2457;32
2458;8
2459;6
2460;60
2461;58
2462;27
2463;38
2464;15
2465;35
2466;51
2467;61
2468;26
2469;1
2470;2
2471;64
2472;53
2473;39
2474;21
2475;43
2476;61
2477;93
2478;50
2479;17
2480;38
2481;22
2482;0
2483;4
2484;55
2485;32
2486;12
2487;15
2488;10
2489;29
2490;26
2491;4
2492;5
2493;82
2494;57
2495;46
2496;57
2497;23
2498;29
2499;2
2500;66
2501;73
2502;52
2503;37
2504;13
2505;7
2506;32
2507;35
2508;87
2509;84
2510;62
2511;38
2512;24
2513;28
2514;32
2515;1
2516;2
2517;0
2518;32
2519;43
2520;34
2521;8
2522;69
2523;30
2524;8
2525;15
2526;48
2527;61
2528;69
2529;60
2530;53
2531;24
2532;56
2533;80
2534;61
2535;48
2536;47
2537;37
2538;78
2539;21
2540;59
2541;52
2542;54
2543;46
2544;8
2545;8
2546;52
2547;49
2548;42
2549;10
2550;82
2551;26
2552;70
2553;62
2554;37
2555;36
2556;7
2557;15
2558;34
2559;35
2560;5
2561;0
2562;95
2563;63
2564;50
2565;78
2566;51
2567;52
2568;47
2569;3
2570;44
2571;25
2572;64
2573;70
2574;40
2575;22
2576;56
2577;27
2578;59
2579;60
2580;46
2581;40
2582;57
2583;58
2584;43
2585;49
2586;28
2587;11
2588;29
2589;36
2590;4
2591;2
2592;75
2593;59
2594;56
2595;43
2596;75
2597;42
2598;48
2599;27
2600;10
2601;12
2602;34
2603;66
2604;68
2605;65
2606;64
2607;28
2608;34
2609;2
2610;1
2611;3
2612;33
2613;26
2614;5
2615;2
2616;36
2617;21
2618;5
2619;81
2620;46
2621;12
2622;34
2623;30
2624;14
2625;7
2626;16
2627;42
2628;45
2629;4
2630;5
2631;51
2632;29
2633;41
2634;38
2635;35
2636;9
2637;21
2638;43
2639;5
2640;5
2641;40
2642;63
2643;47
2644;76
2645;52
2646;48
2647;37
2648;14
2649;36
2650;18
2651;7
2652;40
2653;52
2654;69
2655;75
2656;68
2657;32
2658;56
2659;53
2660;68
2661;19
2662;21
2663;78
2664;27
2665;48
2666;43
2667;14
2668;32
2669;64
2670;14
2671;14
2672;10
2673;73
2674;69
2675;60
2676;33
2677;8
2678;14
2679;13
2680;78
2681;84
2682;74
2683;56
2684;66
2685;63
2686;63
2687;77
2688;68
2689;52
2690;53
2691;27
2692;65
2693;38
2694;25
2695;33
2696;61
2697;69
2698;38
2699;30
2700;48
2701;16
2702;10
2703;43
2704;71
2705;54
2706;35
2707;41
2708;50
2709;10
2710;11
2711;9
2712;41
2713;16
2714;44
2715;31
2716;4
2717;6
2718;2
2719;34
2720;50
2721;35
2722;28
2723;72
2724;19
2725;33
2726;48
2727;6
2728;13
2729;46
2730;47
2731;15
2732;2
2733;10
2734;1
2735;38
2736;46
2737;7
2738;6
2739;41
2740;36
2741;14
2742;42
2743;32
2744;18
2745;8
2746;39
2747;27
2748;18
2749;52
2750;42
2751;31
2752;13
2753;37
2754;42
2755;12
2756;3
2757;65
2758;61
2759;77
2760;71
2761;56
2762;63
2763;66
2764;59
2765;60
2766;50
2767;41
2768;14
2769;6
2770;50
2771;60
2772;55
2773;10
2774;32
2775;36
2776;6
2777;10
2778;9
2779;47
2780;33
2781;13
2782;7
2783;5
2784;50
2785;61
2786;34
2787;49
2788;3
2789;4
2790;28
2791;51
2792;67
2793;53
2794;47
2795;56
2796;27
2797;11
2798;15
2799;55
2800;71
2801;47
2802;75
2803;76
2804;44
2805;35
2806;18
2807;3
2808;57
2809;33
2810;44
2811;37
2812;75
2813;46
2814;61
2815;39
2816;38
2817;7
2818;25
2819;72
2820;30
2821;44
2822;10
2823;16
2824;36
2825;32
2826;3
2827;10
2828;56
2829;76
2830;40
2831;45
2832;12
2833;11
2834;56
2835;8
2836;17
2837;32
2838;45
2839;69
2840;61
2841;38
2842;16
2843;8
2844;49
2845;29
2846;10
2847;10
2848;39
2849;65
2850;66
2851;38
2852;41
2853;18
2854;15
2855;39
2856;5
2857;40
2858;45
2859;2
2860;1
2861;30
2862;65
2863;51
2864;76
2865;32
2866;30
2867;4
2868;1
2869;68
2870;57
2871;36
2872;78
2873;29
2874;57
2875;28
2876;34
2877;38
2878;68
2879;66
2880;41
2881;39
2882;4
2883;0
2884;45
2885;19
2886;18
2887;4
2888;46
2889;60
2890;95
2891;53
2892;61
2893;56
2894;51
2895;44
2896;6
2897;4
2898;3
2899;52
2900;63
2901;74
2902;78
2903;80
2904;41
2905;29
2906;0
2907;14
2908;67
2909;33
2910;25
2911;19
2912;5
2913;16
2914;20
2915;41
2916;44
2917;28
2918;0
2919;8
2920;58
2921;38
2922;17
2923;6
2924;50
2925;51
2926;9
2927;40
2928;27
2929;1
2930;59
2931;38
2932;6
2933;35
2934;72
2935;33
2936;59
2937;22
2938;20
2939;33
2940;25
2941;9
2942;12
2943;30
2944;42
2945;14
2946;35
2947;82
2948;52
2949;73
2950;45
2951;21
2952;3
2953;1
2954;36
2955;58
2956;29
2957;33
2958;4
2959;11
2960;41
2961;32
2962;1
2963;46
2964;18
2965;62
2966;24
2967;69
2968;31
2969;34
2970;2
2971;26
2972;8
2973;3
2974;27
2975;32
2976;3
2977;2
2978;5
2979;2
2980;53
2981;53
2982;44
2983;37
2984;1
2985;4
2986;75
2987;51
2988;73
2989;51
2990;32
2991;13
2992;16
2993;49
2994;53
2995;8
2996;7
2997;39
2998;52
2999;55
3000;8
3001;45
3002;35
3003;19
3004;64
3005;63
3006;55
3007;68
3008;92
3009;43
3010;49
3011;8
3012;0
3013;33
3014;45
3015;13
3016;15
3017;31
3018;32
3019;67
3020;26
3021;43
3022;5
3023;7
3024;21
3025;82
3026;59
3027;49
3028;34
3029;45
3030;41
3031;9
3032;7
3033;28
3034;34
3035;1
3036;7
3037;64
3038;22
3039;29
3040;37
3041;2
3042;7
3043;30
3044;57
3045;7
3046;60
3047;35
3048;36
3049;15
3050;27
3051;48
3052;7
3053;11
3054;58
3055;39
3056;16
3057;11
3058;15
3059;25
3060;45
3061;10
3062;5
3063;20
3064;21
3065;23
3066;50
3067;37
3068;91
3069;94
3070;72
3071;81
3072;60
3073;36
3074;16
3075;10
3076;12
3077;14
3078;57
3079;40
3080;9
3081;18
3082;39
3083;30
3084;10
3085;11
3086;32
3087;37
3088;16
3089;10
3090;32
3091;44
3092;3
3093;44
3094;36
3095;66
3096;86
3097;51
3098;19
3099;20
3100;73
3101;31
3102;19
3103;25
3104;29
3105;33
3106;33
3107;57
3108;10
3109;17
3110;22
3111;65
3112;86
3113;73
3114;32
3115;34
3116;2
3117;8
3118;30
3119;44
3120;2
3121;35
3122;36
3123;11
3124;4
3125;29
3126;33
3127;2
3128;20
3129;27
3130;59
3131;52
3132;6
3133;67
3134;19
3135;55
3136;47
3137;26
3138;61
3139;61
3140;30
3141;9
3142;18
3143;28
3144;72
3145;57
3146;60
3147;22
3148;42
3149;71
3150;55
3151;62
3152;29
3153;51
3154;7
3155;13
3156;58
3157;65
3158;73
3159;46
3160;72
3161;92
3162;58
3163;71
3164;70
3165;76
3166;43
3167;21
3168;4
3169;40
3170;30
3171;5
3172;5
3173;31
3174;28
3175;10
3176;4
3177;10
3178;32
3179;35
3180;32
3181;15
3182;16
3183;42
3184;84
3185;27
3186;38
3187;12
3188;17
3189;33
3190;11
3191;14
3192;27
3193;25
3194;55
3195;26
3196;47
3197;12
3198;4
3199;49
3200;8
3201;14
3202;51
3203;26
3204;37
3205;10
3206;0
3207;1
3208;48
3209;54
3210;16
3211;9
3212;71
3213;46
3214;19
3215;55
3216;46
3217;44
3218;12
3219;41
3220;53
3221;53
3222;43
3223;67
3224;31
3225;32
3226;76
3227;66
3228;41
3229;45
3230;44
3231;2
3232;2
3233;36
3234;34
3235;14
3236;11
3237;36
3238;39
3239;8
3240;18
3241;37
3242;48
3243;12
3244;8
3245;71
3246;68
3247;82
3248;72
3249;43
3250;38
3251;13
3252;5
3253;35
3254;65
3255;81
3256;88
3257;91
3258;43
3259;19
3260;16
3261;1
3262;23
3263;72
3264;42
3265;41
3266;15
3267;9
3268;45
3269;40
3270;48
3271;15
3272;14
3273;75
3274;23
3275;55
3276;48
3277;63
3278;18
3279;9
3280;64
3281;44
3282;16
3283;7
3284;31
3285;30
3286;10
3287;4
3288;28
3289;30
3290;23
3291;57
3292;27
3293;36
3294;31
3295;8
3296;17
3297;10
3298;33
3299;42
3300;27
3301;42
3302;20
3303;2
3304;0
3305;56
3306;86
3307;32
3308;35
3309;26
3310;11
3311;0
3312;52
3313;54
3314;41
3315;47
3316;3
3317;18
3318;53
3319;38
3320;85
3321;37
3322;25
3323;44
3324;30
3325;17
3326;18
3327;31
3328;42
3329;2
3330;0
3331;2
3332;41
3333;24
3334;2
3335;4
3336;32
3337;34
3338;15
3339;10
3340;12
3341;11
3342;22
3343;27
3344;22
3345;20
3346;45
3347;31
3348;4
3349;4
3350;48
3351;26
3352;19
3353;4
3354;3
3355;57
3356;47
3357;55
3358;41
3359;17
3360;10
3361;9
3362;87
3363;23
3364;45
3365;27
3366;35
3367;75
3368;37
3369;43
3370;37
3371;19
3372;77
3373;76
3374;31
3375;27
3376;6
3377;4
3378;44
3379;45
3380;9
3381;8
3382;27
3383;43
3384;0
3385;72
3386;64
3387;39
3388;6
3389;30
3390;52
3391;65
3392;55
3393;66
3394;46
3395;47
3396;64
3397;62
3398;29
3399;23
3400;53
3401;76
3402;53
3403;37
3404;9
3405;17
3406;13
3407;38
3408;27
3409;2
3410;4
3411;20
3412;5
3413;4
3414;82
3415;21
3416;65
3417;37
3418;65
3419;23
3420;48
3421;19
3422;0
3423;75
3424;24
3425;67
3426;57
3427;56
3428;35
3429;47
3430;16
3431;77
3432;62
3433;46
3434;32
3435;13
3436;51
3437;42
3438;28
3439;38
3440;0
3441;60
3442;69
3443;28
3444;41
3445;26
3446;72
3447;65
3448;23
3449;27
3450;15
3451;4
3452;49
3453;62
3454;72
3455;40
3456;46
3457;8
3458;12
3459;45
3460;32
3461;40
3462;3
3463;4
3464;71
3465;55
3466;73
3467;44
3468;62
3469;63
3470;41
3471;9
3472;42
3473;41
3474;16
3475;0
3476;38
3477;30
3478;33
3479;1
3480;6
3481;58
3482;45
3483;48
3484;33
3485;3
3486;14
3487;40
3488;68
3489;19
3490;25
3491;34
3492;53
3493;35
3494;13
3495;55
3496;26
3497;39
3498;45
3499;9
3500;12
3501;17
3502;11
3503;24
3504;56
3505;33
3506;64
3507;11
3508;11
3509;14
3510;40
3511;63
3512;6
3513;15
3514;72
3515;30
3516;43
3517;53
3518;47
3519;41
3520;5
3521;5
3522;0
3523;67
3524;32
3525;23
3526;2
3527;56
3528;49
3529;54
3530;6
3531;78
3532;73
3533;74
3534;59
3535;35
3536;41
3537;4
3538;47
3539;39
3540;17
3541;10
3542;8
3543;26
3544;65
3545;36
3546;28
3547;27
3548;45
3549;45
3550;9
3551;8
3552;7
3553;53
3554;75
3555;57
3556;23
3557;31
3558;52
3559;35
3560;46
3561;1
3562;6
3563;17
3564;56
3565;41
3566;67
3567;47
3568;49
3569;54
3570;31
3571;7
3572;71
3573;49
3574;32
3575;7
3576;13
3577;42
3578;34
3579;17
3580;9
3581;79
3582;86
3583;79
3584;64
3585;75
3586;68
3587;64
3588;42
3589;21
3590;57
3591;28
3592;34
3593;18
3594;5
3595;74
3596;48
3597;37
3598;12
3599;12
3600;86
3601;63
3602;73
3603;36
3604;40
3605;17
3606;12
3607;38
3608;43
3609;0
3610;4
3611;21
3612;28
3613;31
3614;13
3615;8
3616;36
3617;56
3618;12
3619;14
3620;80
3621;57
3622;45
3623;61
3624;38
3625;47
3626;5
3627;11
3628;4
3629;31
3630;23
3631;4
3632;3
3633;2
3634;3
3635;49
3636;83
3637;30
3638;46
3639;15
3640;30
3641;22
3642;4
3643;42
3644;28
3645;34
3646;16
3647;8
3648;52
3649;7
3650;43
3651;81
3652;75
3653;72
3654;52
3655;33
3656;61
3657;81
3658;54
3659;40
3660;31
3661;2
3662;1
3663;38
3664;50
3665;29
3666;45
3667;10
3668;66
3669;33
3670;19
3671;58
3672;42
3673;13
3674;9
3675;46
3676;34
3677;5
3678;2
3679;53
3680;62
3681;39
3682;41
3683;12
3684;54
3685;60
3686;79
3687;51
3688;11
3689;40
3690;59
3691;41
3692;54
3693;13
3694;7
3695;14
3696;58
3697;60
3698;72
3699;45
3700;32
3701;4
3702;2
3703;35
3704;29
3705;35
3706;8
3707;49
3708;47
3709;16
3710;72
3711;78
3712;52
3713;48
3714;66
3715;65
3716;95
3717;73
3718;63
3719;56
3720;17
3721;14
3722;13
3723;35
3724;40
3725;59
3726;41
3727;30
3728;30
3729;37
3730;6
3731;6
3732;25
3733;24
3734;19
3735;75
3736;52
3737;41
3738;64
3739;19
3740;22
3741;73
3742;63
3743;54
3744;28
3745;71
3746;26
3747;33
3748;35
3749;33
3750;4
3751;37
3752;34
3753;11
3754;9
3755;67
3756;78
3757;23
3758;58
3759;77
3760;63
3761;51
3762;67
3763;38
3764;45
3765;19
3766;69
3767;45
3768;40
3769;2
3770;2
3771;30
3772;29
3773;1
3774;10
3775;34
3776;36
3777;10
3778;7
3779;60
3780;70
3781;52
3782;53
3783;67
3784;42
3785;83
3786;80
3787;50
3788;60
3789;71
3790;32
3791;48
3792;28
3793;46
3794;2
3795;5
3796;8
3797;58
3798;25
3799;56
3800;59
3801;40
3802;33
3803;40
3804;17
3805;75
3806;28
3807;79
3808;60
3809;22
3810;42
3811;60
3812;47
3813;21
3814;44
3815;75
3816;68
3817;20
3818;22
3819;49
3820;66
3821;39
3822;19
3823;0
3824;6
3825;33
3826;33
3827;17
3828;18
3829;9
3830;60
3831;49
3832;52
3833;73
3834;81
3835;56
3836;40
3837;45
3838;10
3839;38
3840;29
3841;5
3842;4
3843;72
3844;62
3845;35
3846;31
3847;7
3848;9
3849;45
3850;1
3851;5
3852;30
3853;21
3854;24
3855;33
3856;6
3857;3
3858;29
3859;30
3860;32
3861;1
3862;0
3863;43
3864;34
3865;2
3866;0
3867;63
3868;55
3869;59
3870;66
3871;41
3872;26
3873;99
3874;70
3875;58
3876;82
3877;79
3878;60
3879;38
3880;31
3881;42
3882;5
3883;0
3884;34
3885;26
3886;9
3887;1
3888;5
3889;27
3890;31
3891;67
3892;35
3893;34
3894;3
3895;1
3896;14
3897;58
3898;50
3899;8
3900;7
3901;30
3902;51
3903;94
3904;44
3905;49
3906;12
3907;7
3908;47
3909;33
3910;17
3911;10
3912;48
3913;49
3914;7
3915;11
3916;18
3917;27
3918;6
3919;6
3920;52
3921;38
3922;84
3923;65
3924;30
3925;22
3926;20
3927;85
3928;53
3929;59
3930;31
3931;44
3932;5
3933;4
3934;51
3935;20
3936;54
3937;43
3938;47
3939;18
3940;13
3941;29
3942;66
3943;45
3944;54
3945;54
3946;38
3947;23
3948;50
3949;32
3950;37
3951;51
3952;52
3953;35
3954;31
3955;42
3956;32
3957;14
3958;8
3959;19
3960;60
3961;26
3962;67
3963;53
3964;79
3965;53
3966;78
3967;56
3968;37
3969;11
3970;55
3971;34
3972;28
3973;39
3974;11
3975;5
3976;12
3977;52
3978;26
3979;27
3980;35
3981;4
3982;4
3983;13
3984;44
3985;19
3986;4
3987;0
3988;53
3989;19
3990;42
3991;36
3992;32
3993;15
3994;8
3995;31
3996;34
3997;5
3998;4
3999;27
4000;50
4001;33
4002;4
4003;7
4004;5
4005;3
4006;75
4007;52
4008;39
4009;8
4010;26
4011;74
4012;32
4013;43
4014;4
4015;5
4016;60
4017;60
4018;45
4019;11
4020;13
4021;53
4022;64
4023;12
4024;14
4025;55
4026;24
4027;21
4028;68
4029;21
4030;75
4031;41
4032;65
4033;71
4034;82
4035;51
4036;41
4037;24
4038;41
4039;37
4040;14
4041;9
4042;44
4043;31
4044;5
4045;5
4046;58
4047;71
4048;45
4049;60
4050;72
4051;22
4052;55
4053;34
4054;43
4055;15
4056;5
4057;54
4058;56
4059;47
4060;15
4061;10
4062;49
4063;23
4064;2
4065;39
4066;48
4067;44
4068;7
4069;12
4070;42
4071;28
4072;37
4073;45
4074;12
4075;1
4076;4
4077;3
4078;33
4079;72
4080;85
4081;63
4082;77
4083;21
4084;39
4085;2
4086;27
4087;48
4088;11
4089;11
4090;13
4091;48
4092;41
4093;18
4094;14
4095;26
4096;39
4097;11
4098;9
4099;48
4100;43
4101;29
4102;76
4103;49
4104;59
4105;41
4106;21
4107;49
4108;73
4109;63
4110;27
4111;77
4112;30
4113;26
4114;21
4115;62
4116;40
4117;30
4118;2
4119;1
4120;54
4121;63
4122;27
4123;43
4124;7
4125;12
4126;40
4127;30
4128;70
4129;25
4130;51
4131;24
4132;32
4133;44
4134;35
4135;46
4136;69
4137;51
4138;35
4139;36
4140;6
4141;34
4142;81
4143;51
4144;31
4145;26
4146;70
4147;45
4148;86
4149;86
4150;61
4151;68
4152;27
4153;57
4154;21
4155;64
4156;42
4157;31
4158;7
4159;65
4160;66
4161;55
4162;64
4163;28
4164;45
4165;2
4166;2
4167;45
4168;49
4169;17
4170;17
4171;50
4172;64
4173;11
4174;85
4175;46
4176;34
4177;0
4178;13
4179;4
4180;80
4181;54
4182;78
4183;57
4184;64
4185;41
4186;39
4187;47
4188;52
4189;29
4190;44
4191;47
4192;4
4193;14
4194;5
4195;23
4196;53
4197;41
4198;28
4199;34
4200;51
4201;61
4202;31
4203;13
4204;15
4205;10
4206;63
4207;52
4208;56
4209;12
4210;15
4211;38
4212;26
4213;9
4214;18
4215;71
4216;55
4217;54
4218;79
4219;69
4220;38
4221;23
4222;8
4223;4
4224;70
4225;51
4226;61
4227;48
4228;61
4229;42
4230;35
4231;6
4232;3
4233;38
4234;29
4235;10
4236;0
4237;60
4238;32
4239;7
4240;56
4241;51
4242;34
4243;77
4244;48
4245;48
4246;34
4247;43
4248;2
4249;66
4250;21
4251;62
4252;62
4253;79
4254;63
4255;28
4256;51
4257;20
4258;25
4259;22
4260;64
4261;42
4262;54
4263;51
4264;73
4265;27
4266;8
4267;29
4268;30
4269;13
4270;18
4271;64
4272;59
4273;33
4274;50
4275;64
4276;69
4277;31
4278;29
4279;35
4280;44
4281;4
4282;1
4283;7
4284;45
4285;38
4286;5
4287;18
4288;56
4289;47
4290;7
4291;30
4292;2
4293;0
4294;44
4295;41
4296;2
4297;3
4298;46
4299;56
4300;43
4301;45
4302;12
4303;3
4304;60
4305;62
4306;67
4307;41
4308;45
4309;42
4310;46
4311;4
4312;14
4313;3
4314;66
4315;92
4316;42
4317;42
4318;14
4319;65
4320;62
4321;33
4322;35
4323;5
4324;16
4325;41
4326;52
4327;10
4328;10
4329;21
4330;2
4331;2
4332;28
4333;82
4334;27
4335;28
4336;1
4337;4
4338;89
4339;51
4340;61
4341;87
4342;30
4343;36
4344;16
4345;47
4346;83
4347;52
4348;56
4349;71
4350;34
4351;34
4352;6
4353;9
4354;13
4355;29
4356;27
4357;4
4358;5
4359;31
4360;24
4361;54
4362;28
4363;63
4364;14
4365;8
4366;44
4367;48
4368;12
4369;17
4370;7
4371;43
4372;44
4373;1
4374;5
4375;4
4376;17
4377;40
4378;40
4379;4
4380;8
4381;21
4382;38
4383;30
4384;24
4385;25
4386;34
4387;32
4388;6
4389;38
4390;17
4391;10
4392;59
4393;55
4394;43
4395;31
4396;17
4397;7
4398;9
4399;58
4400;45
4401;6
4402;6
4403;18
4404;13
4405;23
4406;74
4407;50
4408;33
4409;41
4410;8
4411;16
4412;12
4413;30
4414;44
4415;6
4416;14
4417;44
4418;50
4419;8
4420;9
4421;49
4422;37
4423;1
4424;65
4425;29
4426;56
4427;61
4428;59
4429;64
4430;9
4431;63
4432;61
4433;53
4434;35
4435;42
4436;1
4437;5
4438;0
4439;45
4440;64
4441;51
4442;34
4443;30
4444;47
4445;18
4446;11
4447;15
4448;81
4449;41
4450;22
4451;26
4452;30
4453;29
4454;4
4455;12
4456;69
4457;36
4458;40
4459;13
4460;10
4461;25
4462;40
4463;2
4464;5
4465;38
4466;36
4467;2
4468;44
4469;41
4470;2
4471;1
4472;30
4473;26
4474;52
4475;60
4476;16
4477;10
4478;29
4479;30
4480;10
4481;13
4482;41
4483;45
4484;1
4485;2
4486;14
4487;2
4488;4
4489;92
4490;60
4491;64
4492;39
4493;59
4494;74
4495;35
4496;32
4497;73
4498;31
4499;32
4500;30
4501;32
4502;62
4503;51
4504;21
4505;41
4506;40
4507;4
4508;55
4509;36
4510;12
4511;6
4512;46
4513;61
4514;92
4515;62
4516;57
4517;45
4518;31
4519;46
4520;11
4521;16
4522;48
4523;34
4524;3
4525;52
4526;29
4527;32
4528;32
4529;7
4530;18
4531;34
4532;37
4533;7
4534;86
4535;53
4536;23
4537;42
4538;71
4539;91
4540;32
4541;48
4542;24
4543;35
4544;40
4545;56
4546;14
4547;11
4548;77
4549;22
4550;29
4551;24
4552;45
4553;33
4554;29
4555;19
4556;39
4557;88
4558;66
4559;45
4560;45
4561;13
4562;88
4563;68
4564;69
4565;58
4566;35
4567;21
4568;53
4569;37
4570;29
4571;40
4572;42
4573;12
4574;52
4575;50
4576;12
4577;16
4578;15
4579;74
4580;38
4581;27
4582;34
4583;2
4584;11
4585;54
4586;56
4587;52
4588;15
4589;46
4590;41
4591;43
4592;67
4593;63
4594;56
4595;64
4596;29
4597;22
4598;3
4599;2
4600;12
4601;54
4602;51
4603;47
4604;44
4605;47
4606;58
4607;35
4608;41
4609;1
4610;1
4611;24
4612;59
4613;44
4614;29
4615;4
4616;1
4617;0
4618;0
4619;33
4620;40
4621;12
4622;7
4623;28
4624;51
4625;28
4626;5
4627;14
4628;2
4629;5
4630;93
4631;55
4632;62
4633;54
4634;71
4635;89
4636;43
4637;57
4638;10
4639;15
4640;91
4641;20
4642;45
4643;74
4644;34
4645;28
4646;41
4647;10
4648;15
4649;9
4650;41
4651;41
4652;8
4653;7
4654;41
4655;40
4656;3
4657;15
4658;50
4659;62
4660;57
4661;54
4662;46
4663;11
4664;17
4665;14
4666;25
4667;23
4668;69
4669;23
4670;47
4671;60
4672;34
4673;24
4674;5
4675;1
4676;3
4677;3
4678;2
4679;32
4680;74
4681;57
4682;57
4683;13
4684;11
4685;49
4686;62
4687;54
4688;60
4689;71
4690;65
4691;32
4692;37
4693;14
4694;6
4695;49
4696;30
4697;69
4698;64
4699;29
4700;40
4701;8
4702;0
4703;4
4704;73
4705;61
4706;19
4707;66
4708;39
4709;22
4710;2
4711;3
4712;81
4713;24
4714;42
4715;32
4716;2
4717;8
4718;30
4719;26
4720;18
4721;11
4722;17
4723;13
4724;60
4725;52
4726;73
4727;56
4728;36
4729;26
4730;17
4731;32
4732;1
4733;1
4734;46
4735;73
4736;32
4737;7
4738;12
4739;56
4740;70
4741;64
4742;37
4743;68
4744;60
4745;46
4746;47
4747;20
4748;75
4749;66
4750;51
4751;75
4752;49
4753;32
4754;17
4755;28
4756;40
4757;4
4758;5
4759;72
4760;27
4761;52
4762;59
4763;84
4764;72
4765;39
4766;42
4767;6
4768;7
4769;33
4770;23
4771;33
4772;31
4773;0
4774;14
4775;2
4776;31
4777;35
4778;13
4779;2
4780;68
4781;53
4782;68
4783;71
4784;74
4785;63
4786;62
4787;49
4788;68
4789;65
4790;30
4791;41
4792;2
4793;30
4794;37
4795;1
4796;2
4797;71
4798;27
4799;73
4800;67
4801;45
4802;50
4803;59
4804;43
4805;74
4806;87
4807;49
4808;94
4809;40
4810;62
4811;15
4812;15
4813;32
4814;16
4815;70
4816;61
4817;57
4818;46
4819;39
4820;38
4821;12
4822;12
4823;35
4824;37
4825;75
4826;46
4827;49
4828;14
4829;9
4830;40
4831;34
4832;6
4833;17
4834;45
4835;42
4836;6
4837;11
4838;60
4839;60
4840;9
4841;6
4842;18
4843;48
4844;48
4845;65
4846;39
4847;19
4848;42
4849;37
4850;13
4851;14
4852;20
4853;53
4854;67
4855;53
4856;56
4857;31
4858;37
4859;3
4860;5
4861;2
4862;55
4863;67
4864;40
4865;46
4866;6
4867;51
4868;67
4869;26
4870;48
4871;4
4872;13
4873;42
4874;39
4875;39
4876;3
4877;2
4878;24
4879;53
4880;34
4881;31
4882;45
4883;6
4884;7
4885;59
4886;57
4887;8
4888;10
4889;50
4890;68
4891;36
4892;48
4893;6
4894;47
4895;15
4896;1
4897;2
4898;45
4899;32
4900;36
4901;2
4902;3
4903;4
4904;57
4905;11
4906;14
4907;57
4908;33
4909;6
4910;13
4911;46
4912;32
4913;24
4914;12
4915;1
4916;0
4917;27
4918;51
4919;44
4920;70
4921;72
4922;30
4923;27
4924;40
4925;18
4926;3
4927;29
4928;32
4929;8
4930;5
4931;32
4932;55
4933;23
4934;20
4935;21
4936;38
4937;42
4938;31
4939;51
4940;57
4941;54
4942;68
4943;49
4944;49
4945;55
4946;38
4947;37
4948;3
4949;3
4950;19
4951;19
4952;38
4953;47
4954;9
4955;16
4956;67
4957;60
4958;33
4959;62
4960;48
4961;60
4962;10
4963;10
4964;18
4965;51
4966;52
4967;49
4968;25
4969;38
4970;26
4971;5
4972;69
4973;50
4974;63
4975;80
4976;41
4977;44
4978;62
4979;32
4980;18
4981;17
4982;53
4983;40
4984;44
4985;34
4986;13
4987;48
4988;44
4989;8
4990;56
4991;52
4992;66
4993;64
4994;49
4995;59
4996;65
4997;71
4998;23
4999;46
5000;49
5001;6
5002;2
5003;1
5004;48
5005;54
5006;56
5007;69
5008;49
5009;28
5010;2
5011;3
5012;58
5013;70
5014;23
5015;44
5016;72
5017;66
5018;44
5019;71
5020;27
5021;63
5022;53
5023;54
5024;20
5025;83
5026;81
5027;19
5028;49
5029;17
5030;0
5031;7
5032;43
5033;58
5034;13
5035;7
5036;57
5037;10
5038;27
5039;44
5040;13
5041;43
5042;27
5043;2
5044;12
5045;43
5046;33
5047;54
5048;65
5049;80
5050;23
5051;62
5052;29
5053;25
5054;70
5055;49
5056;30
5057;42
5058;18
5059;11
5060;4
5061;49
5062;47
5063;23
5064;36
5065;10
5066;12
5067;53
5068;56
5069;8
5070;17
5071;38
5072;40
5073;29
5074;1
5075;13
5076;29
5077;88
5078;72
5079;28
5080;59
5081;39
5082;25
5083;57
5084;59
5085;71
5086;46
5087;32
5088;32
5089;34
5090;3
5091;60
5092;27
5093;17
5094;7
5095;67
5096;73
5097;41
5098;64
5099;7
5100;6
5101;8
5102;55
5103;46
5104;32
5105;51
5106;88
5107;52
5108;19
5109;54
5110;54
5111;45
5112;29
5113;14
5114;59
5115;31
5116;28
5117;3
5118;2
5119;36
5120;59
5121;18
5122;6
5123;8
5124;35
5125;53
5126;67
5127;61
5128;20
5129;87
5130;62
5131;37
5132;45
5133;63
5134;71
5135;51
5136;22
5137;38
5138;26
5139;66
5140;66
5141;63
5142;42
5143;26
5144;15
5145;11
5146;43
5147;10
5148;41
5149;28
5150;2
5151;2
5152;69
5153;28
5154;30
5155;35
5156;4
5157;3
5158;67
5159;31
5160;69
5161;38
5162;29
5163;9
5164;52
5165;28
5166;32
5167;45
5168;24
5169;1
5170;29
5171;32
5172;3
5173;2
5174;25
5175;56
5176;55
5177;7
5178;16
5179;77
5180;55
5181;79
5182;47
5183;32
5184;5
5185;14
5186;0
5187;12
5188;40
5189;31
5190;68
5191;52
5192;30
5193;58
5194;26
5195;29
5196;16
5197;33
5198;43
5199;12
5200;12
5201;38
5202;29
5203;10
5204;32
5205;69
5206;43
5207;92
5208;24
5209;77
5210;42
5211;44
5212;51
5213;48
5214;59
5215;61
5216;80
5217;73
5218;71
5219;39
5220;80
5221;24
5222;42
5223;3
5224;3
5225;2
5226;45
5227;32
5228;0
5229;5
5230;2
5231;43
5232;41
5233;7
5234;9
5235;16
5236;7
5237;54
5238;40
5239;46
5240;72
5241;38
5242;29
5243;17
5244;50
5245;52
5246;48
5247;8
5248;6
5249;47
5250;78
5251;65
5252;57
5253;69
5254;54
5255;21
5256;35
5257;42
5258;45
5259;57
5260;22
5261;61
5262;64
5263;52
5264;18
5265;8
5266;57
5267;94
5268;79
5269;68
5270;69
5271;59
5272;49
5273;50
5274;33
5275;47
5276;42
5277;32
5278;10
5279;41
5280;62
5281;27
5282;29
5283;42
5284;42
5285;2
5286;3
5287;58
5288;48
5289;40
5290;35
5291;4
5292;46
5293;82
5294;25
5295;71
5296;32
5297;28
5298;15
5299;30
5300;45
5301;11
5302;14
5303;13
5304;38
5305;51
5306;11
5307;63
5308;82
5309;45
5310;44
5311;11
5312;0
5313;2
5314;94
5315;51
5316;22
5317;37
5318;44
5319;1
5320;57
5321;63
5322;7
5323;9
5324;62
5325;31
5326;40
5327;42
5328;7
5329;1
5330;9
5331;56
5332;56
5333;35
5334;51
5335;11
5336;13
5337;18
5338;42
5339;37
5340;20
5341;76
5342;19
5343;62
5344;38
5345;13
5346;14
5347;11
5348;28
5349;36
5350;41
5351;2
5352;4
5353;35
5354;59
5355;83
5356;23
5357;21
5358;23
5359;37
5360;4
5361;47
5362;71
5363;81
5364;68
5365;63
5366;32
5367;55
5368;75
5369;60
5370;93
5371;65
5372;50
5373;65
5374;84
5375;50
5376;38
5377;11
5378;68
5379;57
5380;35
5381;43
5382;1
5383;1
5384;25
5385;71
5386;34
5387;70
5388;52
5389;56
5390;25
5391;68
5392;40
5393;43
5394;0
5395;3
5396;1
5397;68
5398;44
5399;33
5400;14
5401;11
5402;12
5403;57
5404;41
5405;11
5406;49
5407;50
5408;8
5409;17
5410;31
5411;51
5412;48
5413;26
5414;15
5415;18
5416;62
5417;58
5418;6
5419;30
5420;61
5421;74
5422;42
5423;71
5424;35
5425;68
5426;60
5427;38
5428;51
5429;66
5430;56
5431;37
5432;8
5433;8
5434;34
5435;27
5436;0
5437;13
5438;1
5439;44
5440;46
5441;51
5442;43
5443;48
5444;17
5445;11
5446;49
5447;50
5448;33
5449;6
5450;16
5451;7
5452;41
5453;35
5454;48
5455;13
5456;63
5457;57
5458;64
5459;27
5460;36
5461;3
5462;4
5463;50
5464;80
5465;20
5466;43
5467;60
5468;40
5469;36
5470;14
5471;13
5472;11
5473;75
5474;22
5475;77
5476;67
5477;69
5478;44
5479;42
5480;81
5481;52
5482;84
5483;65
5484;28
5485;46
5486;1
5487;1
5488;34
5489;51
5490;54
5491;65
5492;26
5493;69
5494;30
5495;35
5496;44
5497;60
5498;75
5499;35
5500;34
5501;3
5502;5
5503;35
5504;10
5505;34
5506;22
5507;44
5508;1
5509;3
5510;61
5511;49
5512;38
5513;10
5514;13
5515;9
5516;38
5517;42
5518;4
5519;9
5520;67
5521;58
5522;58
5523;26
5524;63
5525;64
5526;65
5527;38
5528;33
5529;0
5530;1
5531;38
5532;22
5533;59
5534;20
5535;22
5536;56
5537;75
5538;79
5539;88
5540;47
5541;43
5542;41
5543;0
5544;1
5545;57
5546;72
5547;60
5548;53
5549;81
5550;44
5551;25
5552;0
5553;18
5554;16
5555;29
5556;30
5557;7
5558;9
5559;38
5560;40
5561;33
5562;4
5563;4
5564;10
5565;20
5566;33
5567;0
5568;55
5569;30
5570;39
5571;33
5572;12
5573;14
5574;76
5575;67
5576;74
5577;82
5578;23
5579;71
5580;64
5581;23
5582;26
5583;3
5584;2
5585;41
5586;50
5587;11
5588;9
5589;56
5590;52
5591;71
5592;57
5593;34
5594;41
5595;51
5596;14
5597;16
5598;59
5599;66
5600;52
5601;58
5602;28
5603;54
5604;60
5605;77
5606;70
5607;25
5608;46
5609;43
5610;6
5611;1
5612;55
5613;20
5614;53
5615;66
5616;33
5617;41
5618;8
5619;2
5620;64
5621;75
5622;41
5623;26
5624;5
5625;16
5626;22
5627;51
5628;32
5629;10
5630;9
5631;68
5632;19
5633;32
5634;42
5635;12
5636;15
5637;2
5638;64
5639;68
5640;67
5641;50
5642;17
5643;45
5644;33
5645;14
5646;28
5647;36
5648;76
5649;35
5650;25
5651;43
5652;3
5653;1
5654;35
5655;16
5656;63
5657;80
5658;24
5659;37
5660;2
5661;52
5662;31
5663;44
5664;21
5665;6
5666;12
5667;3
5668;47
5669;61
5670;28
5671;53
5672;44
5673;38
5674;3
5675;54
5676;67
5677;36
5678;48
5679;46
5680;17
5681;3
5682;4
5683;66
5684;55
5685;54
5686;56
5687;25
5688;35
5689;28
5690;20
5691;36
5692;73
5693;30
5694;18
5695;78
5696;54
5697;30
5698;25
5699;64
5700;45
5701;31
5702;2
5703;16
5704;5
5705;35
5706;48
5707;43
5708;9
5709;4
5710;35
5711;28
5712;0
5713;5
5714;57
5715;8
5716;51
5717;38
5718;34
5719;47
5720;13
5721;16
5722;12
5723;42
5724;35
5725;17
5726;23
5727;23
5728;2
5729;0
5730;4
5731;39
5732;26
5733;6
5734;15
5735;59
5736;24
5737;80
5738;22
5739;62
5740;58
5741;47
5742;35
5743;76
5744;75
5745;61
5746;51
5747;45
5748;43
5749;3
5750;1
5751;25
5752;59
5753;80
5754;47
5755;38
5756;15
5757;8
5758;24
5759;40
5760;9
5761;4
5762;24
5763;27
5764;37
5765;36
5766;33
5767;35
5768;18
5769;50
5770;42
5771;17
5772;7
5773;23
5774;85
5775;20
5776;23
5777;58
5778;53
5779;50
5780;42
5781;2
5782;10
5783;5
5784;3
5785;40
5786;65
5787;24
5788;54
5789;35
5790;81
5791;35
5792;44
5793;14
5794;18
5795;54
5796;53
5797;64
5798;47
5799;79
5800;37
5801;37
5802;48
5803;33
5804;14
5805;15
5806;66
5807;63
5808;31
5809;37
5810;66
5811;53
5812;43
5813;80
5814;32
5815;21
5816;22
5817;37
5818;1
5819;1
5820;5
5821;42
5822;49
5823;14
5824;32
5825;27
5826;2
5827;30
5828;26
5829;13
5830;26
5831;75
5832;22
5833;86
5834;46
5835;43
5836;8
5837;9
5838;14
5839;25
5840;58
5841;46
5842;57
5843;56
5844;72
5845;45
5846;41
5847;8
5848;4
5849;44
5850;36
5851;9
5852;6
5853;31
5854;35
5855;9
5856;35
5857;48
5858;41
5859;18
5860;12
5861;2
5862;3
5863;1
5864;46
5865;41
5866;1
5867;10
5868;57
5869;20
5870;24
5871;2
5872;9
5873;60
5874;68
5875;80
5876;55
5877;21
5878;44
5879;35
5880;28
5881;1
5882;0
5883;33
5884;21
5885;52
5886;72
5887;43
5888;66
5889;25
5890;56
5891;43
5892;9
5893;15
5894;61
5895;52
5896;25
5897;51
5898;7
5899;6
5900;36
5901;30
5902;0
5903;4
5904;83
5905;66
5906;46
5907;44
5908;54
5909;44
5910;6
5911;54
5912;25
5913;39
5914;76
5915;58
5916;59
5917;82
5918;68
5919;28
5920;48
5921;8
5922;6
5923;27
5924;32
5925;43
5926;54
5927;53
5928;14
5929;12
5930;50
5931;36
5932;21
5933;1
5934;54
5935;30
5936;30
5937;12
5938;29
5939;37
5940;41
5941;15
5942;9
5943;53
5944;67
5945;31
5946;26
5947;31
5948;20
5949;60
5950;33
5951;59
5952;19
5953;64
5954;32
5955;41
5956;45
5957;69
5958;83
5959;19
5960;24
5961;37
5962;47
5963;13
5964;10
5965;10
5966;30
5967;38
5968;60
5969;20
5970;75
5971;49
5972;67
5973;55
5974;51
5975;69
5976;58
5977;16
5978;17
5979;50
5980;42
5981;32
5982;1
5983;51
5984;33
5985;52
5986;55
5987;81
5988;59
5989;46
5990;44
5991;44
5992;1
5993;4
5994;68
5995;66
5996;23
5997;35
5998;19
5999;20
6000;41
6001;19
6002;12
6003;3
6004;71
6005;63
6006;52
6007;39
6008;8
6009;17
6010;14
6011;50
6012;40
6013;11
6014;9
6015;25
6016;72
6017;40
6018;55
6019;47
6020;40
6021;7
6022;11
6023;52
6024;20
6025;75
6026;45
6027;47
6028;47
6029;24
6030;38
6031;21
6032;19
6033;48
6034;31
6035;47
6036;12
6037;10
6038;16
6039;45
6040;35
6041;7
6042;3
6043;15
6044;18
6045;47
6046;60
6047;18
6048;9
6049;35
6050;28
6051;8
6052;28
6053;46
6054;11
6055;32
6056;29
6057;4
6058;41
6059;22
6060;74
6061;39
6062;65
6063;71
6064;23
6065;22
6066;54
6067;38
6068;33
6069;69
6070;47
6071;24
6072;35
6073;18
6074;81
6075;23
6076;53
6077;86
6078;52
6079;25
6080;73
6081;55
6082;21
6083;48
6084;62
6085;28
6086;12
6087;33
6088;51
6089;66
6090;52
6091;45
6092;33
6093;7
6094;10
6095;32
6096;4
6097;28
6098;28
6099;51
6100;87
6101;55
6102;39
6103;38
6104;12
6105;26
6106;31
6107;66
6108;42
6109;36
6110;1
6111;75
6112;29
6113;94
6114;28
6115;62
6116;68
6117;76
6118;27
6119;3
6120;0
6121;44
6122;43
6123;0
6124;50
6125;51
6126;53
6127;22
6128;32
6129;36
6130;7
6131;7
6132;96
6133;73
6134;51
6135;61
6136;38
6137;60
6138;54
6139;66
6140;45
6141;37
6142;7
6143;15
6144;36
6145;30
6146;7
6147;11
6148;29
6149;22
6150;2
6151;1
6152;30
6153;81
6154;40
6155;34
6156;7
6157;6
6158;75
6159;38
6160;36
6161;15
6162;17
6163;8
6164;0
6165;50
6166;30
6167;75
6168;48
6169;57
6170;68
6171;75
6172;80
6173;48
6174;17
6175;40
6176;38
6177;0
6178;11
6179;65
6180;39
6181;37
6182;18
6183;13
6184;29
6185;16
6186;33
6187;6
6188;15
6189;37
6190;45
6191;49
6192;2
6193;14
6194;73
6195;74
6196;21
6197;3
6198;0
6199;36
6200;44
6201;4
6202;2
6203;68
6204;60
6205;36
6206;33
6207;10
6208;9
6209;30
6210;35
6211;18
6212;12
6213;30
6214;47
6215;10
6216;48
6217;19
6218;31
6219;3
6220;14
6221;52
6222;25
6223;68
6224;51
6225;51
6226;51
6227;79
6228;52
6229;59
6230;67
6231;66
6232;71
6233;48
6234;41
6235;3
6236;2
6237;48
6238;61
6239;6
6240;7
6241;54
6242;64
6243;32
6244;40
6245;29
6246;15
6247;11
6248;13
6249;35
6250;44
6251;41
6252;10
6253;39
6254;64
6255;53
6256;51
6257;62
6258;8
6259;15
6260;8
6261;40
6262;68
6263;28
6264;55
6265;61
6266;68
6267;20
6268;39
6269;77
6270;58
6271;44
6272;64
6273;88
6274;44
6275;42
6276;8
6277;4
6278;41
6279;59
6280;74
6281;26
6282;23
6283;28
6284;33
6285;41
6286;24
6287;74
6288;82
6289;29
6290;49
6291;2
6292;14
6293;28
6294;71
6295;50
6296;72
6297;62
6298;20
6299;53
6300;64
6301;25
6302;45
6303;30
6304;5
6305;7
6306;70
6307;57
6308;47
6309;54
6310;72
6311;71
6312;35
6313;7
6314;28
6315;9
6316;33
6317;30
6318;45
6319;3
6320;82
6321;66
6322;25
6323;63
6324;69
6325;69
6326;59
6327;53
6328;73
6329;42
6330;41
6331;10
6332;13
6333;33
6334;16
6335;51
6336;31
6337;17
6338;50
6339;50
6340;61
6341;29
6342;58
6343;6
6344;8
6345;46
6346;59
6347;30
6348;37
6349;21
6350;5
6351;35
6352;24
6353;39
6354;9
6355;30
6356;7
6357;41
6358;69
6359;78
6360;31
6361;46
6362;8
6363;12
6364;55
6365;43
6366;33
6367;5
6368;45
6369;71
6370;23
6371;69
6372;28
6373;73
6374;57
6375;53
6376;50
6377;52
6378;10
6379;7
6380;17
6381;55
6382;19
6383;74
6384;61
6385;58
6386;11
6387;10
6388;53
6389;73
6390;56
6391;49
6392;57
6393;14
6394;50
6395;55
6396;10
6397;26
6398;36
6399;18
6400;18
6401;33
6402;10
6403;29
6404;49
6405;36
6406;9
6407;31
6408;39
6409;0
6410;14
6411;12
6412;34
6413;52
6414;6
6415;9
6416;58
6417;50
6418;28
6419;44
6420;6
6421;15
6422;19
6423;41
6424;72
6425;67
6426;19
6427;45
6428;24
6429;56
6430;54
6431;37
6432;83
6433;49
6434;48
6435;12
6436;12
6437;30
6438;42
6439;42
6440;4
6441;44
6442;36
6443;40
6444;57
6445;8
6446;9
6447;45
6448;21
6449;5
6450;46
6451;29
6452;16
6453;8
6454;73
6455;78
6456;59
6457;53
6458;76
6459;57
6460;50
6461;12
6462;82
6463;73
6464;59
6465;29
6466;36
6467;4
6468;1
6469;28
6470;8
6471;74
6472;29
6473;47
6474;6
6475;30
6476;42
6477;54
6478;52
6479;36
6480;84
6481;78
6482;72
6483;20
6484;92
6485;30
6486;30
6487;10
6488;21
6489;25
6490;25
6491;63
6492;23
6493;41
6494;86
6495;63
6496;63
6497;48
6498;10
6499;11
6500;39
6501;39
6502;9
6503;34
6504;75
6505;83
6506;47
6507;46
6508;21
6509;31
6510;58
6511;13
6512;11
6513;79
6514;69
6515;50
6516;48
6517;79
6518;55
6519;46
6520;28
6521;40
6522;1
6523;10
6524;2
6525;41
6526;26
6527;3
6528;4
6529;0
6530;3
6531;35
6532;23
6533;0
6534;8
6535;14
6536;60
6537;48
6538;89
6539;56
6540;42
6541;63
6542;42
6543;87
6544;58
6545;48
6546;48
6547;10
6548;14
6549;56
6550;68
6551;71
6552;73
6553;33
6554;3
6555;66
6556;63
6557;64
6558;17
6559;8
6560;32
6561;6
6562;54
6563;69
6564;52
6565;34
6566;9
6567;12
6568;45
6569;32
6570;16
6571;16
6572;18
6573;20
6574;28
6575;52
6576;72
6577;24
6578;49
6579;4
6580;18
6581;43
6582;63
6583;25
6584;33
6585;85
6586;55
6587;61
6588;17
6589;45
6590;10
6591;54
6592;36
6593;52
6594;9
6595;6
6596;45
6597;42
6598;15
6599;13
6600;38
6601;19
6602;79
6603;52
6604;26
6605;43
6606;35
6607;12
6608;4
6609;27
6610;45
6611;64
6612;62
6613;30
6614;57
6615;20
6616;48
6617;57
6618;47
6619;24
6620;48
6621;34
6622;47
6623;5
6624;10
6625;27
6626;41
6627;32
6628;10
6629;10
6630;7
6631;31
6632;43
6633;7
6634;9
6635;4
6636;45
6637;19
6638;50
6639;51
6640;54
6641;29
6642;13
6643;16
6644;56
6645;82
6646;26
6647;41
6648;5
6649;3
6650;46
6651;57
6652;33
6653;43
6654;16
6655;17
6656;28
6657;40
6658;9
6659;10
6660;22
6661;40
6662;0
6663;4
6664;40
6665;40
6666;15
6667;7
6668;64
6669;59
6670;25
6671;39
6672;38
6673;5
6674;4
6675;32
6676;33
6677;4
6678;5
6679;84
6680;53
6681;42
6682;63
6683;51
6684;38
6685;1
6686;32
6687;43
6688;18
6689;13
6690;62
6691;40
6692;19
6693;34
6694;57
6695;58
6696;12
6697;16
6698;30
6699;62
6700;10
6701;6
6702;72
6703;63
6704;52
6705;75
6706;45
6707;26
6708;29
6709;9
6710;68
6711;72
6712;45
6713;39
6714;8
6715;18
6716;27
6717;30
6718;69
6719;25
6720;54
6721;32
6722;18
6723;8
6724;32
6725;78
6726;65
6727;60
6728;30
6729;40
6730;8
6731;15
6732;37
6733;81
6734;73
6735;21
6736;65
6737;76
6738;38
6739;54
6740;27
6741;29
6742;6
6743;33
6744;23
6745;30
6746;48
6747;8
6748;28
6749;17
6750;10
6751;38
6752;35
6753;8
6754;12
6755;69
6756;61
6757;46
6758;55
6759;60
6760;59
6761;66
6762;48
6763;50
6764;39
6765;34
6766;43
6767;5
6768;4
6769;49
6770;9
6771;59
6772;61
6773;59
6774;59
6775;53
6776;80
6777;47
6778;39
6779;47
6780;9
6781;1
6782;13
6783;33
6784;41
6785;15
6786;10
6787;47
6788;25
6789;64
6790;80
6791;20
6792;64
6793;67
6794;80
6795;62
6796;66
6797;72
6798;40
6799;39
6800;50
6801;11
6802;9
6803;12
6804;64
6805;44
6806;45
6807;18
6808;52
6809;35
6810;17
6811;13
6812;59
6813;42
6814;9
6815;18
6816;74
6817;33
6818;76
6819;33
6820;66
6821;54
6822;42
6823;28
6824;1
6825;5
6826;36
6827;34
6828;5
6829;4
6830;16
6831;26
6832;87
6833;53
6834;42
6835;63
6836;79
6837;45
6838;48
6839;3
6840;0
6841;3
6842;38
6843;42
6844;3
6845;3
6846;54
6847;52
6848;43
6849;56
6850;13
6851;31
6852;45
6853;49
6854;10
6855;17
6856;24
6857;87
6858;42
6859;57
6860;30
6861;11
6862;40
6863;48
6864;43
6865;5
6866;3
6867;69
6868;75
6869;45
6870;35
6871;39
6872;18
6873;10
6874;70
6875;26
6876;20
6877;43
6878;44
6879;1
6880;14
6881;26
6882;46
6883;57
6884;63
6885;13
6886;6
6887;10
6888;50
6889;39
6890;22
6891;26
6892;25
6893;10
6894;74
6895;65
6896;22
6897;50
6898;35
6899;50
6900;93
6901;57
6902;90
6903;46
6904;76
6905;19
6906;41
6907;73
6908;52
6909;25
6910;21
6911;87
6912;21
6913;36
6914;41
6915;22
6916;79
6917;54
6918;47
6919;56
6920;30
6921;39
6922;10
6923;13
6924;43
6925;41
6926;11
6927;7
6928;36
6929;43
6930;29
6931;34
6932;33
6933;27
6934;29
6935;53
6936;17
6937;42
6938;23
6939;75
6940;35
6941;25
6942;33
6943;7
6944;40
6945;66
6946;53
6947;64
6948;72
6949;60
6950;30
6951;52
6952;49
6953;21
6954;38
6955;11
6956;7
6957;53
6958;46
6959;44
6960;33
6961;29
6962;4
6963;7
6964;2
6965;42
6966;37
6967;4
6968;1
6969;40
6970;46
6971;13
6972;7
6973;52
6974;66
6975;52
6976;55
6977;20
6978;23
6979;38
6980;68
6981;67
6982;25
6983;25
6984;84
6985;23
6986;73
6987;89
6988;53
6989;46
6990;33
6991;4
6992;5
6993;1
6994;41
6995;60
6996;55
6997;21
6998;24
6999;25
7000;25
7001;67
7002;47
7003;62
7004;7
7005;18
7006;58
7007;50
7008;46
7009;9
7010;16
7011;44
7012;23
7013;28
7014;36
7015;47
7016;13
7017;12
7018;63
7019;73
7020;57
7021;48
7022;49
7023;12
7024;18
7025;35
7026;35
7027;16
7028;2
7029;20
7030;19
7031;6
7032;8
7033;56
7034;59
7035;51
7036;34
7037;9
7038;7
7039;31
7040;48
7041;8
7042;44
7043;36
7044;40
7045;36
7046;8
7047;17
7048;46
7049;30
7050;5
7051;61
7052;64
7053;28
7054;54
7055;27
7056;25
7057;70
7058;39
7059;42
7060;11
7061;13
7062;75
7063;60
7064;24
7065;54
7066;22
7067;40
7068;19
7069;57
7070;54
7071;61
7072;48
7073;87
7074;20
7075;42
7076;57
7077;69
7078;55
7079;23
7080;34
7081;44
7082;34
7083;49
7084;38
7085;35
7086;59
7087;18
7088;11
7089;20
7090;32
7091;29
7092;56
7093;28
7094;47
7095;68
7096;76
7097;63
7098;71
7099;32
7100;47
7101;2
7102;6
7103;5
7104;30
7105;36
7106;8
7107;42
7108;53
7109;43
7110;14
7111;29
7112;22
7113;35
7114;20
7115;8
7116;42
7117;65
7118;52
7119;37
7120;28
7121;5
7122;4
7123;80
7124;74
7125;33
7126;19
7127;52
7128;51
7129;14
7130;6
7131;59
7132;12
7133;28
7134;33
7135;26
7136;65
7137;50
7138;72
7139;28
7140;27
7141;3
7142;2
7143;32
7144;53
7145;16
7146;11
7147;13
7148;41
7149;45
7150;14
7151;8
7152;35
7153;46
7154;42
7155;3
7156;63
7157;30
7158;32
7159;9
7160;13
7161;71
7162;27
7163;38
7164;44
7165;4
7166;12
7167;74
7168;52
7169;48
7170;64
7171;40
7172;6
7173;39
7174;28
7175;14
7176;6
7177;42
7178;16
7179;1
7180;0
7181;49
7182;9
7183;6
7184;50
7185;32
7186;16
7187;11
7188;42
7189;36
7190;8
7191;7
7192;15
7193;19
7194;35
7195;46
7196;50
7197;53
7198;36
7199;50
7200;30
7201;38
7202;32
7203;14
7204;82
7205;35
7206;49
7207;48
7208;18
7209;8
7210;8
7211;63
7212;47
7213;68
7214;50
7215;50
7216;29
7217;10
7218;27
7219;36
7220;6
7221;62
7222;49
7223;35
7224;3
7225;3
7226;68
7227;45
7228;38
7229;17
7230;12
7231;16
7232;30
7233;36
7234;3
7235;5
7236;0
7237;26
7238;38
7239;17
7240;3
7241;83
7242;56
7243;49
7244;13
7245;18
7246;45
7247;66
7248;30
7249;36
7250;13
7251;10
7252;77
7253;68
7254;39
7255;35
7256;17
7257;6
7258;61
7259;48
7260;28
7261;31
7262;1
7263;10
7264;2
7265;4
7266;25
7267;35
7268;75
7269;19
7270;46
7271;29
7272;7
7273;12
7274;5
7275;63
7276;40
7277;50
7278;24
7279;25
7280;41
7281;53
7282;14
7283;29
7284;36
7285;11
7286;17
7287;28
7288;44
7289;4
7290;1
7291;5
7292;38
7293;68
7294;35
7295;39
7296;1
7297;7
7298;4
7299;31
7300;35
7301;11
7302;5
7303;50
7304;68
7305;37
7306;54
7307;43
7308;64
7309;30
7310;51
7311;72
7312;29
7313;49
7314;5
7315;34
7316;7
7317;25
7318;69
7319;30
7320;50
7321;52
7322;50
7323;79
7324;39
7325;45
7326;15
7327;7
7328;4
7329;32
7330;9
7331;9
7332;62
7333;25
7334;72
7335;62
7336;78
7337;48
7338;45
7339;9
7340;71
7341;90
7342;27
7343;65
7344;64
7345;45
7346;9
7347;16
7348;8
7349;27
7350;54
7351;34
7352;49
7353;16
7354;2
7355;43
7356;33
7357;6
7358;11
7359;55
7360;67
7361;30
7362;40
7363;39
7364;8
7365;11
7366;57
7367;68
7368;29
7369;30
7370;61
7371;14
7372;10
7373;45
7374;31
7375;8
7376;6
7377;59
7378;52
7379;9
7380;14
7381;46
7382;49
7383;49
7384;50
7385;36
7386;10
7387;65
7388;50
7389;54
7390;36
7391;34
7392;59
7393;60
7394;78
7395;39
7396;45
7397;9
7398;14
7399;14
7400;7
7401;45
7402;27
7403;4
7404;4
7405;63
7406;74
7407;48
7408;15
7409;15
7410;64
7411;7
7412;8
7413;52
7414;78
7415;71
7416;21
7417;28
7418;2
7419;6
7420;10
7421;52
7422;39
7423;11
7424;11
7425;8
7426;63
7427;58
7428;24
7429;40
7430;29
7431;6
7432;44
7433;33
7434;3
7435;72
7436;59
7437;29
7438;33
7439;6
7440;83
7441;31
7442;36
7443;16
7444;8
7445;62
7446;52
7447;58
7448;39
7449;63
7450;6
7451;13
7452;14
7453;43
7454;62
7455;77
7456;72
7457;83
7458;44
7459;84
7460;64
7461;20
7462;60
7463;67
7464;30
7465;25
7466;4
7467;4
7468;41
7469;40
7470;5
7471;4
7472;30
7473;2
7474;2
7475;53
7476;46
7477;7
7478;11
7479;64
7480;35
7481;27
7482;8
7483;47
7484;38
7485;1
7486;4
7487;6
7488;33
7489;52
7490;91
7491;40
7492;52
7493;27
7494;37
7495;8
7496;15
7497;38
7498;57
7499;11
7500;6
7501;16
7502;38
7503;45
7504;7
7505;1
7506;4
7507;63
7508;47
7509;52
7510;50
7511;17
7512;9
7513;32
7514;64
7515;56
7516;64
7517;81
7518;25
7519;78
7520;33
7521;22
7522;34
7523;28
7524;13
7525;0
7526;72
7527;49
7528;48
7529;11
7530;12
7531;21
7532;58
7533;53
7534;28
7535;43
7536;18
7537;11
7538;8
7539;23
7540;26
7541;35
7542;12
7543;33
7544;37
7545;10
7546;13
7547;35
7548;52
7549;83
7550;51
7551;67
7552;53
7553;55
7554;73
7555;33
7556;19
7557;2
7558;0
7559;66
7560;31
7561;27
7562;33
7563;3
7564;4
7565;1
7566;41
7567;28
7568;8
7569;16
7570;51
7571;55
7572;39
7573;23
7574;23
7575;74
7576;60
7577;37
7578;56
7579;50
7580;63
7581;54
7582;39
7583;39
7584;8
7585;9
7586;26
7587;34
7588;3
7589;54
7590;44
7591;38
7592;1
7593;4
7594;15
7595;31
7596;45
7597;7
7598;0
7599;47
7600;34
7601;72
7602;47
7603;26
7604;19
7605;78
7606;73
7607;64
7608;28
7609;26
7610;41
7611;35
7612;10
7613;55
7614;38
7615;39
7616;36
7617;5
7618;80
7619;68
7620;32
7621;22
7622;18
7623;5
7624;34
7625;29
7626;40
7627;29
7628;3
7629;12
7630;34
7631;14
7632;59
7633;39
7634;37
7635;36
7636;5
7637;45
7638;24
7639;6
7640;2
7641;42
7642;66
7643;24
7644;24
7645;56
7646;40
7647;71
7648;61
7649;44
7650;28
7651;16
7652;0
7653;1
7654;39
7655;43
7656;18
7657;4
7658;31
7659;32
7660;1
7661;4
7662;2
7663;2
7664;35
7665;55
7666;13
7667;8
7668;28
7669;68
7670;32
7671;63
7672;8
7673;11
7674;51
7675;76
7676;71
7677;57
7678;67
7679;26
7680;57
7681;64
7682;50
7683;35
7684;17
7685;33
7686;42
7687;6
7688;8
7689;44
7690;54
7691;73
7692;54
7693;73
7694;52
7695;46
7696;43
7697;4
7698;7
7699;59
7700;47
7701;30
7702;0
7703;2
7704;58
7705;43
7706;67
7707;52
7708;62
7709;21
7710;44
7711;60
7712;60
7713;57
7714;55
7715;61
7716;33
7717;35
7718;63
7719;12
7720;65
7721;35
7722;24
7723;59
7724;38
7725;53
7726;42
7727;8
7728;6
7729;44
7730;43
7731;15
7732;37
7733;48
7734;1
7735;53
7736;56
7737;64
7738;23
7739;37
7740;21
7741;49
7742;54
7743;78
7744;92
7745;37
7746;6
7747;15
7748;48
7749;6
7750;49
7751;35
7752;6
7753;5
7754;10
7755;36
7756;47
7757;8
7758;10
7759;33
7760;28
7761;14
7762;7
7763;37
7764;28
7765;8
7766;16
7767;16
7768;21
7769;26
7770;74
7771;48
7772;46
7773;10
7774;11
7775;67
7776;70
7777;67
7778;42
7779;71
7780;82
7781;52
7782;66
7783;36
7784;40
7785;15
7786;0
7787;93
7788;100
7789;79
7790;82
7791;78
7792;78
7793;95
7794;105
7795;72
7796;88
7797;88
7798;87
7799;105
7800;78
7801;70
7802;104
7803;72
7804;90
7805;67
7806;71
7807;77
7808;101
7809;68
7810;79
7811;104
7812;88
7813;85
7814;88
7815;101
7816;88
7817;78
7818;88
7819;101
7820;78
7821;78
7822;88
7823;100
7824;68
7825;99
7826;78
7827;85
7828;87
7829;67
7830;105
7831;105
7832;72
7833;77
7834;92
7835;88
7836;71
7837;98
7838;71
7839;105
