1;47
2;54
3;20
4;71
5;30
6;31
7;37
8;52
9;12
10;12
11;73
12;57
13;55
14;61
15;51
16;55
17;22
18;63
19;23
20;57
21;59
22;62
23;41
24;6
25;6
26;30
27;24
28;1
29;3
30;21
31;59
32;50
33;41
34;9
35;17
36;51
37;44
38;25
39;44
40;3
41;18
42;30
43;37
44;31
45;15
46;14
47;33
48;42
49;68
50;54
51;63
52;28
53;12
54;6
55;13
56;32
57;62
58;12
59;13
60;7
61;34
62;94
63;65
64;56
65;77
66;59
67;44
68;16
69;37
70;59
71;9
72;85
73;88
74;50
75;70
76;67
77;37
78;37
79;5
80;2
81;47
82;60
83;13
84;9
85;17
86;47
87;60
88;21
89;53
90;51
91;19
92;44
93;38
94;21
95;49
96;45
97;43
98;15
99;2
100;41
101;50
102;61
103;16
104;8
105;43
106;81
107;55
108;60
109;11
110;10
111;78
112;71
113;37
114;30
115;5
116;1
117;9
118;34
119;28
120;5
121;7
122;2
123;60
124;12
125;12
126;37
127;19
128;2
129;65
130;69
131;46
132;48
133;79
134;60
135;69
136;54
137;7
138;28
139;29
140;60
141;9
142;9
143;9
144;28
145;60
146;68
147;47
148;49
149;3
150;2
151;70
152;37
153;23
154;52
155;48
156;74
157;38
158;82
159;65
160;73
161;63
162;46
163;60
164;37
165;9
166;47
167;57
168;7
169;17
170;58
171;30
172;48
173;31
174;40
175;11
176;11
177;75
178;69
179;50
180;45
181;9
182;13
183;21
184;25
185;44
186;26
187;52
188;41
189;60
190;15
191;18
192;64
193;20
194;81
195;49
196;46
197;29
198;18
199;5
200;50
201;65
202;78
203;66
204;20
205;60
206;50
207;15
208;51
209;74
210;41
211;34
212;55
213;52
214;63
215;32
216;9
217;11
218;29
219;68
220;31
221;32
222;57
223;51
224;42
225;47
226;14
227;15
228;50
229;49
230;78
231;40
232;37
233;38
234;62
235;70
236;44
237;62
238;36
239;20
240;36
241;18
242;9
243;3
244;1
245;56
246;56
247;19
248;59
249;53
250;39
251;88
252;37
253;40
254;18
255;13
256;40
257;88
258;52
259;48
260;59
261;56
262;57
263;74
264;28
265;60
266;84
267;45
268;15
269;48
270;46
271;16
272;6
273;22
274;63
275;19
276;53
277;36
278;41
279;57
280;6
281;11
282;19
283;67
284;48
285;35
286;9
287;15
288;72
289;50
290;74
291;43
292;29
293;7
294;5
295;38
296;66
297;69
298;32
299;22
300;2
301;15
302;37
303;60
304;6
305;9
306;56
307;82
308;36
309;74
310;30
311;34
312;16
313;7
314;43
315;36
316;18
317;13
318;73
319;70
320;61
321;75
322;66
323;37
324;32
325;50
326;7
327;7
328;14
329;55
330;47
331;77
332;55
333;34
334;53
335;33
336;14
337;11
338;9
339;50
340;64
341;52
342;72
343;31
344;28
345;42
346;8
347;14
348;33
349;50
350;15
351;15
352;17
353;25
354;28
355;10
356;10
357;3
358;59
359;57
360;20
361;61
362;12
363;43
364;27
365;7
366;48
367;30
368;7
369;5
370;31
371;53
372;47
373;38
374;48
375;7
376;5
377;54
378;56
379;46
380;46
381;7
382;67
383;49
384;32
385;2
386;7
387;59
388;18
389;8
390;79
391;64
392;54
393;62
394;37
395;60
396;45
397;16
398;18
399;11
400;29
401;20
402;1
403;4
404;80
405;55
406;77
407;22
408;59
409;40
410;16
411;17
412;59
413;50
414;51
415;55
416;32
417;70
418;38
419;54
420;51
421;32
422;40
423;13
424;16
425;40
426;57
427;14
428;35
429;24
430;0
431;5
432;40
433;64
434;44
435;47
436;18
437;13
438;48
439;36
440;34
441;46
442;6
443;18
444;76
445;73
446;71
447;55
448;58
449;66
450;57
451;68
452;74
453;22
454;41
455;0
456;4
457;3
458;50
459;50
460;24
461;35
462;49
463;33
464;16
465;9
466;51
467;70
468;74
469;85
470;38
471;39
472;45
473;50
474;31
475;12
476;62
477;79
478;61
479;35
480;42
481;1
482;3
483;4
484;66
485;31
486;44
487;37
488;15
489;48
490;19
491;87
492;44
493;12
494;16
495;27
496;68
497;77
498;27
499;42
500;17
501;18
502;43
503;8
504;0
505;6
506;44
507;65
508;70
509;71
510;53
511;43
512;12
513;49
514;75
515;53
516;49
517;69
518;75
519;84
520;57
521;39
522;42
523;65
524;57
525;38
526;47
527;14
528;3
529;21
530;50
531;52
532;50
533;14
534;18
535;56
536;34
537;30
538;1
539;4
540;6
541;15
542;40
543;38
544;6
545;18
546;57
547;65
548;40
549;36
550;4
551;1
552;3
553;1
554;0
555;49
556;32
557;18
558;18
559;46
560;49
561;15
562;14
563;7
564;30
565;42
566;11
567;5
568;47
569;24
570;5
571;2
572;32
573;43
574;5
575;57
576;78
577;72
578;72
579;36
580;40
581;45
582;17
583;31
584;63
585;8
586;7
587;68
588;38
589;91
590;53
591;54
592;14
593;14
594;33
595;35
596;7
597;10
598;1
599;58
600;32
601;32
602;34
603;16
604;12
605;40
606;40
607;9
608;65
609;62
610;51
611;22
612;59
613;39
614;10
615;13
616;19
617;59
618;27
619;29
620;18
621;26
622;58
623;73
624;48
625;26
626;44
627;13
628;44
629;40
630;46
631;18
632;18
633;13
634;90
635;65
636;60
637;51
638;20
639;74
640;33
641;69
642;23
643;49
644;39
645;3
646;1
647;5
648;71
649;69
650;38
651;47
652;11
653;41
654;45
655;12
656;14
657;9
658;49
659;44
660;34
661;13
662;30
663;20
664;20
665;69
666;47
667;28
668;13
669;2
670;5
671;14
672;59
673;51
674;19
675;33
676;5
677;2
678;3
679;50
680;68
681;73
682;37
683;54
684;71
685;66
686;20
687;30
688;30
689;20
690;42
691;4
692;0
693;50
694;33
695;62
696;69
697;34
698;63
699;29
700;30
701;3
702;11
703;45
704;39
705;51
706;72
707;19
708;73
709;80
710;26
711;39
712;44
713;44
714;14
715;9
716;46
717;24
718;9
719;0
720;2
721;71
722;27
723;46
724;40
725;53
726;24
727;71
728;66
729;20
730;24
731;49
732;57
733;26
734;60
735;66
736;27
737;20
738;14
739;14
740;46
741;37
742;13
743;15
744;51
745;36
746;7
747;7
748;77
749;89
750;48
751;63
752;28
753;60
754;41
755;44
756;14
757;3
758;72
759;46
760;60
761;24
762;57
763;61
764;45
765;14
766;29
767;63
768;36
769;7
770;16
771;49
772;49
773;55
774;48
775;27
776;47
777;50
778;10
779;14
780;7
781;57
782;68
783;51
784;50
785;23
786;38
787;34
788;19
789;50
790;19
791;63
792;24
793;87
794;34
795;7
796;57
797;55
798;24
799;23
800;65
801;50
802;8
803;61
804;39
805;6
806;25
807;41
808;1
809;0
810;8
811;40
812;75
813;20
814;77
815;32
816;47
817;18
818;6
819;19
820;64
821;54
822;6
823;15
824;78
825;63
826;43
827;30
828;8
829;9
830;12
831;66
832;34
833;37
834;18
835;18
836;40
837;53
838;63
839;16
840;13
841;34
842;20
843;57
844;63
845;50
846;12
847;12
848;65
849;81
850;44
851;36
852;13
853;47
854;29
855;4
856;9
857;9
858;1
859;21
860;23
861;59
862;71
863;83
864;34
865;68
866;26
867;21
868;72
869;67
870;45
871;69
872;49
873;34
874;23
875;21
876;64
877;30
878;19
879;1
880;3
881;43
882;50
883;16
884;15
885;57
886;88
887;19
888;24
889;61
890;30
891;13
892;15
893;55
894;48
895;7
896;24
897;28
898;25
899;67
900;63
901;48
902;18
903;27
904;19
905;75
906;55
907;31
908;31
909;13
910;9
911;19
912;52
913;54
914;39
915;6
916;9
917;19
918;19
919;20
920;21
921;20
922;42
923;43
924;5
925;5
926;3
927;48
928;44
929;11
930;12
931;17
932;16
933;24
934;74
935;35
936;18
937;35
938;85
939;33
940;8
941;17
942;46
943;37
944;16
945;6
946;14
947;9
948;57
949;66
950;50
951;6
952;7
953;49
954;61
955;57
956;41
957;60
958;63
959;65
960;41
961;10
962;17
963;63
964;44
965;50
966;69
967;33
968;74
969;20
970;40
971;49
972;9
973;4
974;0
975;32
976;26
977;75
978;86
979;67
980;32
981;32
982;3
983;77
984;48
985;64
986;61
987;54
988;44
989;22
990;57
991;51
992;54
993;38
994;20
995;32
996;1
997;2
998;53
999;46
1000;48
1001;50
1002;50
1003;15
1004;10
1005;12
1006;49
1007;65
1008;63
1009;43
1010;43
1011;44
1012;75
1013;64
1014;32
1015;59
1016;10
1017;51
1018;19
1019;29
1020;43
1021;14
1022;65
1023;53
1024;54
1025;66
1026;30
1027;22
1028;51
1029;55
1030;92
1031;39
1032;11
1033;12
1034;21
1035;54
1036;46
1037;42
1038;45
1039;23
1040;23
1041;42
1042;33
1043;9
1044;9
1045;21
1046;66
1047;63
1048;41
1049;28
1050;52
1051;54
1052;33
1053;83
1054;55
1055;48
1056;49
1057;71
1058;51
1059;42
1060;62
1061;60
1062;27
1063;66
1064;55
1065;67
1066;72
1067;50
1068;42
1069;34
1070;22
1071;79
1072;49
1073;49
1074;23
1075;27
1076;35
1077;6
1078;18
1079;41
1080;20
1081;60
1082;60
1083;36
1084;45
1085;22
1086;67
1087;73
1088;72
1089;67
1090;30
1091;26
1092;3
1093;4
1094;5
1095;28
1096;42
1097;3
1098;0
1099;18
1100;70
1101;53
1102;53
1103;27
1104;34
1105;24
1106;50
1107;27
1108;24
1109;49
1110;43
1111;11
1112;9
1113;13
1114;27
1115;49
1116;3
1117;50
1118;34
1119;36
1120;69
1121;57
1122;27
1123;43
1124;17
1125;16
1126;11
1127;52
1128;52
1129;54
1130;45
1131;15
1132;10
1133;75
1134;52
1135;71
1136;58
1137;27
1138;8
1139;6
1140;28
1141;45
1142;8
1143;2
1144;5
1145;36
1146;20
1147;12
1148;18
1149;68
1150;21
1151;30
1152;56
1153;13
1154;18
1155;21
1156;48
1157;47
1158;6
1159;14
1160;9
1161;61
1162;43
1163;8
1164;50
1165;59
1166;78
1167;24
1168;72
1169;50
1170;11
1171;37
1172;25
1173;5
1174;44
1175;68
1176;24
1177;40
1178;29
1179;42
1180;46
1181;9
1182;16
1183;6
1184;46
1185;8
1186;16
1187;44
1188;40
1189;9
1190;14
1191;63
1192;20
1193;63
1194;42
1195;6
1196;11
1197;9
1198;32
1199;39
1200;18
1201;5
1202;66
1203;23
1204;58
1205;29
1206;32
1207;51
1208;46
1209;42
1210;35
1211;2
1212;0
1213;68
1214;81
1215;32
1216;38
1217;27
1218;19
1219;23
1220;24
1221;57
1222;45
1223;54
1224;55
1225;70
1226;47
1227;50
1228;58
1229;35
1230;9
1231;57
1232;52
1233;57
1234;53
1235;6
1236;7
1237;29
1238;36
1239;6
1240;39
1241;55
1242;16
1243;7
1244;37
1245;27
1246;14
1247;5
1248;56
1249;78
1250;57
1251;76
1252;41
1253;58
1254;13
1255;10
1256;7
1257;37
1258;18
1259;70
1260;39
1261;53
1262;81
1263;26
1264;38
1265;29
1266;18
1267;14
1268;51
1269;63
1270;49
1271;81
1272;47
1273;51
1274;42
1275;9
1276;13
1277;27
1278;12
1279;44
1280;35
1281;10
1282;15
1283;65
1284;48
1285;57
1286;55
1287;52
1288;7
1289;64
1290;62
1291;86
1292;30
1293;73
1294;51
1295;8
1296;39
1297;85
1298;65
1299;70
1300;50
1301;46
1302;41
1303;2
1304;44
1305;9
1306;9
1307;73
1308;53
1309;45
1310;12
1311;16
1312;62
1313;48
1314;28
1315;83
1316;32
1317;46
1318;51
1319;9
1320;12
1321;8
1322;44
1323;38
1324;3
1325;19
1326;63
1327;48
1328;56
1329;8
1330;47
1331;30
1332;15
1333;11
1334;62
1335;75
1336;47
1337;20
1338;34
1339;37
1340;55
1341;24
1342;47
1343;65
1344;61
1345;39
1346;25
1347;49
1348;47
1349;78
1350;58
1351;51
1352;58
1353;41
1354;47
1355;12
1356;66
1357;34
1358;32
1359;13
1360;2
1361;80
1362;64
1363;47
1364;13
1365;62
1366;65
1367;63
1368;27
1369;35
1370;57
1371;32
1372;24
1373;21
1374;62
1375;40
1376;49
1377;62
1378;31
1379;8
1380;47
1381;53
1382;56
1383;56
1384;18
1385;9
1386;60
1387;46
1388;35
1389;11
1390;32
1391;73
1392;51
1393;47
1394;51
1395;47
1396;45
1397;39
1398;15
1399;10
1400;9
1401;44
1402;64
1403;47
1404;51
1405;50
1406;59
1407;21
1408;92
1409;65
1410;52
1411;47
1412;43
1413;57
1414;88
1415;73
1416;43
1417;59
1418;12
1419;14
1420;18
1421;50
1422;28
1423;31
1424;21
1425;22
1426;41
1427;69
1428;51
1429;72
1430;22
1431;30
1432;8
1433;13
1434;31
1435;58
1436;68
1437;70
1438;90
1439;55
1440;27
1441;46
1442;6
1443;0
1444;4
1445;19
1446;70
1447;31
1448;23
1449;39
1450;34
1451;12
1452;45
1453;10
1454;11
1455;21
1456;19
1457;24
1458;67
1459;30
1460;23
1461;20
1462;33
1463;44
1464;40
1465;44
1466;4
1467;0
1468;21
1469;51
1470;34
1471;24
1472;11
1473;11
1474;9
1475;26
1476;39
1477;10
1478;16
1479;20
1480;61
1481;73
1482;57
1483;38
1484;36
1485;8
1486;3
1487;4
1488;91
1489;58
1490;67
1491;50
1492;81
1493;57
1494;49
1495;43
1496;14
1497;12
1498;33
1499;52
1500;11
1501;9
1502;13
1503;88
1504;83
1505;51
1506;65
1507;57
1508;49
1509;13
1510;7
1511;14
1512;41
1513;13
1514;24
1515;66
1516;69
1517;32
1518;70
1519;49
1520;48
1521;44
1522;62
1523;49
1524;57
1525;70
1526;62
1527;56
1528;29
1529;54
1530;47
1531;78
1532;30
1533;24
1534;90
1535;55
1536;49
1537;11
1538;17
1539;75
1540;31
1541;46
1542;72
1543;23
1544;24
1545;71
1546;50
1547;56
1548;31
1549;51
1550;53
1551;53
1552;48
1553;17
1554;8
1555;13
1556;61
1557;24
1558;69
1559;52
1560;57
1561;21
1562;48
1563;45
1564;40
1565;19
1566;38
1567;14
1568;4
1569;3
1570;31
1571;33
1572;59
1573;46
1574;78
1575;78
1576;77
1577;24
1578;61
1579;32
1580;39
1581;15
1582;85
1583;78
1584;37
1585;74
1586;76
1587;75
1588;48
1589;75
1590;38
1591;61
1592;14
1593;9
1594;59
1595;36
1596;43
1597;50
1598;42
1599;8
1600;54
1601;67
1602;63
1603;47
1604;54
1605;54
1606;51
1607;16
1608;18
1609;31
1610;31
1611;14
1612;17
1613;18
1614;74
1615;85
1616;53
1617;46
1618;50
1619;46
1620;61
1621;58
1622;40
1623;10
1624;10
1625;41
1626;48
1627;2
1628;1
1629;47
1630;54
1631;70
1632;73
1633;76
1634;36
1635;3
1636;1
1637;35
1638;55
1639;77
1640;60
1641;39
1642;28
1643;11
1644;17
1645;24
1646;39
1647;34
1648;40
1649;22
1650;63
1651;40
1652;82
1653;66
1654;29
1655;17
1656;76
1657;28
1658;58
1659;35
1660;35
1661;14
1662;47
1663;41
1664;36
1665;1
1666;4
1667;55
1668;74
1669;45
1670;38
1671;11
1672;12
1673;19
1674;55
1675;45
1676;51
1677;14
1678;19
1679;48
1680;19
1681;41
1682;61
1683;43
1684;58
1685;49
1686;59
1687;44
1688;34
1689;14
1690;69
1691;36
1692;43
1693;39
1694;34
1695;16
1696;15
1697;68
1698;48
1699;25
1700;45
1701;12
1702;17
1703;34
1704;44
1705;14
1706;16
1707;16
1708;39
1709;51
1710;14
1711;15
1712;32
1713;31
1714;1
1715;12
1716;45
1717;12
1718;16
1719;50
1720;68
1721;25
1722;36
1723;22
1724;46
1725;72
1726;60
1727;67
1728;55
1729;78
1730;60
1731;78
1732;61
1733;54
1734;58
1735;51
1736;60
1737;8
1738;17
1739;62
1740;16
1741;55
1742;19
1743;42
1744;1
1745;3
1746;48
1747;26
1748;9
1749;16
1750;64
1751;52
1752;48
1753;10
1754;14
1755;68
1756;50
1757;48
1758;40
1759;15
1760;12
1761;50
1762;39
1763;44
1764;17
1765;76
1766;75
1767;61
1768;55
1769;13
1770;63
1771;82
1772;36
1773;36
1774;45
1775;7
1776;18
1777;34
1778;64
1779;18
1780;7
1781;63
1782;44
1783;11
1784;58
1785;44
1786;63
1787;12
1788;66
1789;56
1790;31
1791;23
1792;3
1793;5
1794;15
1795;41
1796;49
1797;12
1798;10
1799;58
1800;19
1801;84
1802;32
1803;36
1804;6
1805;17
1806;61
1807;48
1808;77
1809;65
1810;44
1811;44
1812;68
1813;49
1814;81
1815;20
1816;51
1817;26
1818;7
1819;15
1820;57
1821;81
1822;29
1823;62
1824;11
1825;39
1826;36
1827;18
1828;12
1829;66
1830;55
1831;28
1832;38
1833;32
1834;35
1835;9
1836;14
1837;12
1838;37
1839;29
1840;45
1841;10
1842;80
1843;68
1844;54
1845;40
1846;71
1847;57
1848;61
1849;21
1850;56
1851;53
1852;65
1853;55
1854;47
1855;30
1856;66
1857;69
1858;64
1859;28
1860;20
1861;81
1862;48
1863;34
1864;18
1865;18
1866;28
1867;35
1868;2
1869;3
1870;62
1871;62
1872;39
1873;71
1874;93
1875;30
1876;32
1877;81
1878;74
1879;39
1880;28
1881;42
1882;27
1883;47
1884;2
1885;24
1886;36
1887;2
1888;9
1889;41
1890;26
1891;1
1892;2
1893;60
1894;64
1895;66
1896;48
1897;11
1898;13
1899;39
1900;45
1901;16
1902;5
1903;70
1904;68
1905;49
1906;28
1907;48
1908;9
1909;8
1910;74
1911;56
1912;67
1913;24
1914;61
1915;66
1916;53
1917;59
1918;19
1919;53
1920;62
1921;79
1922;71
1923;24
1924;58
1925;48
1926;66
1927;72
1928;58
1929;40
1930;59
1931;29
1932;49
1933;0
1934;1
1935;40
1936;17
1937;26
1938;40
1939;35
1940;33
1941;9
1942;16
1943;10
1944;49
1945;34
1946;18
1947;11
1948;64
1949;53
1950;35
1951;79
1952;24
1953;42
1954;37
1955;47
1956;48
1957;6
1958;18
1959;30
1960;67
1961;39
1962;44
1963;9
1964;17
1965;17
1966;8
1967;60
1968;60
1969;36
1970;34
1971;34
1972;49
1973;13
1974;7
1975;75
1976;29
1977;20
1978;23
1979;22
1980;48
1981;41
1982;18
1983;6
1984;37
1985;50
1986;10
1987;34
1988;39
1989;0
1990;8
1991;31
1992;27
1993;3
1994;37
1995;59
1996;56
1997;44
1998;61
1999;93
2000;19
2001;51
2002;73
2003;40
2004;30
2005;12
2006;12
2007;30
2008;47
2009;56
2010;6
2011;48
2012;61
2013;84
2014;71
2015;39
2016;22
2017;5
2018;6
2019;23
2020;33
2021;32
2022;17
2023;4
2024;62
2025;45
2026;33
2027;9
2028;10
2029;19
2030;24
2031;29
2032;60
2033;67
2034;51
2035;78
2036;45
2037;27
2038;4
2039;66
2040;53
2041;42
2042;49
2043;16
2044;41
2045;36
2046;15
2047;31
2048;32
2049;15
2050;10
2051;16
2052;65
2053;59
2054;62
2055;30
2056;69
2057;60
2058;66
2059;72
2060;43
2061;54
2062;51
2063;30
2064;48
2065;54
2066;23
2067;63
2068;52
2069;80
2070;38
2071;42
2072;6
2073;9
2074;9
2075;70
2076;49
2077;60
2078;35
2079;49
2080;62
2081;78
2082;47
2083;66
2084;38
2085;40
2086;54
2087;53
2088;65
2089;49
2090;58
2091;9
2092;13
2093;56
2094;37
2095;45
2096;44
2097;15
2098;34
2099;41
2100;4
2101;3
2102;21
2103;39
2104;64
2105;35
2106;36
2107;62
2108;6
2109;8
2110;15
2111;45
2112;41
2113;12
2114;1
2115;80
2116;49
2117;26
2118;22
2119;48
2120;48
2121;14
2122;10
2123;39
2124;58
2125;76
2126;72
2127;40
2128;44
2129;18
2130;18
2131;15
2132;60
2133;36
2134;13
2135;16
2136;39
2137;44
2138;6
2139;11
2140;31
2141;28
2142;14
2143;60
2144;22
2145;47
2146;47
2147;43
2148;39
2149;4
2150;12
2151;36
2152;29
2153;5
2154;2
2155;45
2156;42
2157;15
2158;9
2159;35
2160;26
2161;1
2162;5
2163;7
2164;53
2165;76
2166;25
2167;57
2168;47
2169;19
2170;21
2171;19
2172;30
2173;16
2174;81
2175;76
2176;51
2177;42
2178;27
2179;5
2180;6
2181;39
2182;54
2183;14
2184;15
2185;90
2186;21
2187;28
2188;46
2189;67
2190;41
2191;43
2192;16
2193;8
2194;27
2195;47
2196;38
2197;40
2198;33
2199;66
2200;51
2201;40
2202;47
2203;42
2204;7
2205;15
2206;62
2207;72
2208;39
2209;54
2210;28
2211;54
2212;62
2213;37
2214;69
2215;59
2216;30
2217;14
2218;69
2219;52
2220;76
2221;52
2222;67
2223;75
2224;68
2225;63
2226;53
2227;70
2228;33
2229;66
2230;52
2231;53
2232;34
2233;45
2234;46
2235;10
2236;9
2237;49
2238;61
2239;56
2240;65
2241;20
2242;21
2243;5
2244;11
2245;2
2246;34
2247;39
2248;11
2249;13
2250;60
2251;27
2252;23
2253;35
2254;80
2255;64
2256;35
2257;33
2258;18
2259;53
2260;25
2261;45
2262;49
2263;15
2264;18
2265;8
2266;8
2267;67
2268;22
2269;28
2270;1
2271;13
2272;35
2273;40
2274;11
2275;2
2276;39
2277;39
2278;9
2279;14
2280;75
2281;49
2282;19
2283;27
2284;36
2285;39
2286;7
2287;14
2288;72
2289;92
2290;78
2291;32
2292;26
2293;7
2294;39
2295;41
2296;18
2297;4
2298;61
2299;36
2300;48
2301;12
2302;7
2303;7
2304;85
2305;43
2306;50
2307;12
2308;18
2309;7
2310;45
2311;58
2312;62
2313;63
2314;18
2315;29
2316;54
2317;75
2318;30
2319;76
2320;46
2321;75
2322;36
2323;31
2324;35
2325;26
2326;67
2327;41
2328;83
2329;64
2330;85
2331;68
2332;32
2333;28
2334;52
2335;17
2336;17
2337;52
2338;46
2339;53
2340;67
2341;50
2342;31
2343;87
2344;46
2345;39
2346;32
2347;8
2348;18
2349;80
2350;76
2351;27
2352;21
2353;5
2354;17
2355;5
2356;45
2357;35
2358;26
2359;16
2360;38
2361;20
2362;45
2363;55
2364;56
2365;19
2366;54
2367;6
2368;47
2369;47
2370;8
2371;32
2372;29
2373;32
2374;17
2375;7
2376;1
2377;60
2378;21
2379;61
2380;54
2381;27
2382;37
2383;39
2384;6
2385;0
2386;72
2387;20
2388;48
2389;38
2390;49
2391;9
2392;12
2393;53
2394;61
2395;64
2396;70
2397;66
2398;36
2399;40
2400;9
2401;11
2402;39
2403;15
2404;18
2405;58
2406;33
2407;18
2408;41
2409;35
2410;37
2411;2
2412;3
2413;78
2414;30
2415;31
2416;1
2417;3
2418;71
2419;29
2420;37
2421;0
2422;80
2423;23
2424;48
2425;25
2426;4
2427;2
2428;56
2429;8
2430;17
2431;55
2432;46
2433;7
2434;11
2435;16
2436;48
2437;86
2438;56
2439;20
2440;64
2441;20
2442;53
2443;48
2444;27
2445;35
2446;59
2447;45
2448;20
2449;32
2450;20
2451;56
2452;69
2453;53
2454;52
2455;102
2456;21
2457;81
2458;49
2459;49
2460;41
2461;16
2462;88
2463;23
2464;40
2465;28
2466;56
2467;57
2468;53
2469;35
2470;10
2471;11
2472;44
2473;38
2474;63
2475;73
2476;70
2477;50
2478;55
2479;94
2480;71
2481;36
2482;46
2483;46
2484;14
2485;15
2486;15
2487;42
2488;67
2489;50
2490;85
2491;58
2492;73
2493;67
2494;22
2495;46
2496;45
2497;78
2498;49
2499;50
2500;9
2501;18
2502;73
2503;20
2504;22
2505;25
2506;37
2507;25
2508;55
2509;51
2510;46
2511;44
2512;81
2513;73
2514;73
2515;36
2516;21
2517;25
2518;36
2519;24
2520;66
2521;22
2522;60
2523;24
2524;54
2525;70
2526;37
2527;43
2528;12
2529;0
2530;73
2531;50
2532;58
2533;64
2534;36
2535;55
2536;11
2537;9
2538;61
2539;32
2540;20
2541;4
2542;5
2543;14
2544;29
2545;71
2546;49
2547;53
2548;18
2549;10
2550;29
2551;31
2552;16
2553;10
2554;18
2555;53
2556;55
2557;35
2558;29
2559;20
2560;36
2561;9
2562;64
2563;64
2564;45
2565;35
2566;32
2567;5
2568;4
2569;11
2570;68
2571;57
2572;30
2573;39
2574;17
2575;6
2576;35
2577;31
2578;66
2579;31
2580;45
2581;49
2582;75
2583;47
2584;37
2585;13
2586;10
2587;9
2588;36
2589;64
2590;9
2591;32
2592;35
2593;61
2594;34
2595;27
2596;8
2597;7
2598;55
2599;23
2600;24
2601;76
2602;19
2603;19
2604;19
2605;25
2606;44
2607;5
2608;1
2609;15
2610;50
2611;58
2612;18
2613;13
2614;11
2615;28
2616;77
2617;86
2618;69
2619;81
2620;44
2621;9
2622;12
2623;71
2624;74
2625;71
2626;43
2627;52
2628;17
2629;55
2630;66
2631;45
2632;47
2633;17
2634;9
2635;18
2636;43
2637;19
2638;79
2639;72
2640;55
2641;34
2642;43
2643;49
2644;4
2645;5
2646;5
2647;73
2648;62
2649;57
2650;72
2651;90
2652;42
2653;8
2654;14
2655;53
2656;60
2657;15
2658;32
2659;48
2660;8
2661;16
2662;59
2663;46
2664;29
2665;9
2666;19
2667;53
2668;56
2669;20
2670;24
2671;64
2672;54
2673;59
2674;16
2675;15
2676;18
2677;49
2678;46
2679;45
2680;26
2681;39
2682;68
2683;51
2684;65
2685;37
2686;39
2687;16
2688;10
2689;53
2690;76
2691;20
2692;41
2693;37
2694;42
2695;9
2696;73
2697;23
2698;53
2699;34
2700;47
2701;6
2702;18
2703;16
2704;49
2705;57
2706;74
2707;75
2708;44
2709;28
2710;4
2711;4
2712;39
2713;34
2714;18
2715;18
2716;15
2717;22
2718;20
2719;61
2720;73
2721;78
2722;59
2723;52
2724;44
2725;60
2726;42
2727;37
2728;97
2729;24
2730;45
2731;44
2732;7
2733;61
2734;50
2735;48
2736;11
2737;16
2738;14
2739;36
2740;32
2741;34
2742;16
2743;8
2744;50
2745;15
2746;49
2747;44
2748;57
2749;34
2750;22
2751;44
2752;20
2753;4
2754;5
2755;77
2756;60
2757;33
2758;35
2759;10
2760;5
2761;13
2762;20
2763;57
2764;36
2765;46
2766;6
2767;18
2768;41
2769;30
2770;1
2771;4
2772;45
2773;41
2774;8
2775;82
2776;68
2777;71
2778;51
2779;49
2780;7
2781;13
2782;39
2783;45
2784;0
2785;15
2786;43
2787;13
2788;8
2789;73
2790;54
2791;37
2792;51
2793;34
2794;20
2795;9
2796;10
2797;41
2798;7
2799;4
2800;28
2801;47
2802;32
2803;3
2804;17
2805;14
2806;22
2807;40
2808;68
2809;86
2810;35
2811;57
2812;71
2813;43
2814;47
2815;1
2816;2
2817;56
2818;52
2819;24
2820;24
2821;23
2822;33
2823;75
2824;72
2825;54
2826;21
2827;20
2828;38
2829;22
2830;69
2831;72
2832;73
2833;60
2834;42
2835;45
2836;12
2837;59
2838;47
2839;32
2840;0
2841;1
2842;38
2843;39
2844;8
2845;10
2846;11
2847;45
2848;21
2849;1
2850;61
2851;25
2852;44
2853;76
2854;60
2855;57
2856;31
2857;55
2858;72
2859;24
2860;67
2861;64
2862;90
2863;44
2864;30
2865;42
2866;18
2867;14
2868;21
2869;44
2870;48
2871;32
2872;31
2873;1
2874;16
2875;65
2876;78
2877;30
2878;9
2879;9
2880;48
2881;35
2882;52
2883;15
2884;12
2885;68
2886;20
2887;39
2888;58
2889;32
2890;6
2891;41
2892;50
2893;6
2894;16
2895;38
2896;39
2897;46
2898;13
2899;9
2900;26
2901;64
2902;36
2903;12
2904;9
2905;53
2906;47
2907;74
2908;61
2909;15
2910;7
2911;62
2912;38
2913;50
2914;75
2915;59
2916;62
2917;21
2918;21
2919;32
2920;1
2921;78
2922;86
2923;48
2924;42
2925;54
2926;53
2927;40
2928;39
2929;1
2930;0
2931;60
2932;52
2933;86
2934;26
2935;27
2936;3
2937;1
2938;21
2939;31
2940;9
2941;5
2942;39
2943;79
2944;69
2945;32
2946;47
2947;5
2948;9
2949;65
2950;46
2951;41
2952;39
2953;4
2954;1
2955;1
2956;58
2957;20
2958;60
2959;36
2960;18
2961;17
2962;44
2963;31
2964;4
2965;5
2966;65
2967;44
2968;48
2969;19
2970;39
2971;53
2972;39
2973;42
2974;0
2975;20
2976;86
2977;35
2978;39
2979;62
2980;11
2981;13
2982;6
2983;29
2984;16
2985;6
2986;57
2987;7
2988;46
2989;25
2990;45
2991;62
2992;38
2993;64
2994;81
2995;41
2996;26
2997;57
2998;57
2999;14
3000;10
3001;81
3002;37
3003;48
3004;38
3005;19
3006;25
3007;41
3008;55
3009;29
3010;31
3011;9
3012;15
3013;38
3014;33
3015;2
3016;4
3017;33
3018;21
3019;40
3020;75
3021;51
3022;81
3023;78
3024;51
3025;55
3026;74
3027;71
3028;62
3029;74
3030;53
3031;62
3032;12
3033;18
3034;46
3035;63
3036;47
3037;56
3038;45
3039;32
3040;16
3041;7
3042;50
3043;47
3044;8
3045;16
3046;67
3047;33
3048;60
3049;44
3050;45
3051;33
3052;57
3053;50
3054;52
3055;34
3056;53
3057;34
3058;39
3059;5
3060;5
3061;1
3062;36
3063;64
3064;14
3065;14
3066;77
3067;84
3068;59
3069;72
3070;45
3071;31
3072;66
3073;46
3074;62
3075;75
3076;52
3077;53
3078;28
3079;7
3080;13
3081;30
3082;37
3083;59
3084;60
3085;40
3086;45
3087;1
3088;8
3089;40
3090;16
3091;58
3092;56
3093;53
3094;21
3095;49
3096;8
3097;4
3098;61
3099;21
3100;25
3101;53
3102;51
3103;67
3104;40
3105;36
3106;71
3107;70
3108;65
3109;51
3110;43
3111;47
3112;4
3113;18
3114;78
3115;19
3116;50
3117;49
3118;5
3119;59
3120;67
3121;83
3122;30
3123;39
3124;28
3125;35
3126;16
3127;5
3128;10
3129;5
3130;49
3131;63
3132;59
3133;84
3134;94
3135;46
3136;38
3137;0
3138;4
3139;27
3140;50
3141;44
3142;85
3143;22
3144;41
3145;28
3146;63
3147;47
3148;34
3149;65
3150;57
3151;68
3152;34
3153;42
3154;16
3155;75
3156;46
3157;49
3158;15
3159;45
3160;42
3161;15
3162;10
3163;43
3164;57
3165;9
3166;55
3167;51
3168;31
3169;71
3170;48
3171;46
3172;40
3173;47
3174;54
3175;62
3176;62
3177;62
3178;38
3179;16
3180;12
3181;9
3182;48
3183;47
3184;29
3185;14
3186;7
3187;14
3188;37
3189;42
3190;17
3191;79
3192;36
3193;47
3194;52
3195;53
3196;38
3197;53
3198;10
3199;70
3200;54
3201;43
3202;33
3203;16
3204;16
3205;16
3206;82
3207;35
3208;27
3209;16
3210;13
3211;20
3212;20
3213;43
3214;4
3215;28
3216;38
3217;4
3218;1
3219;10
3220;51
3221;75
3222;89
3223;32
3224;31
3225;10
3226;15
3227;63
3228;54
3229;75
3230;63
3231;81
3232;36
3233;63
3234;16
3235;27
3236;32
3237;2
3238;4
3239;43
3240;48
3241;50
3242;46
3243;23
3244;21
3245;43
3246;49
3247;5
3248;4
3249;5
3250;80
3251;61
3252;46
3253;54
3254;28
3255;70
3256;50
3257;10
3258;33
3259;43
3260;32
3261;5
3262;34
3263;31
3264;5
3265;10
3266;65
3267;41
3268;35
3269;12
3270;16
3271;0
3272;38
3273;46
3274;3
3275;1
3276;3
3277;32
3278;51
3279;32
3280;63
3281;9
3282;11
3283;73
3284;30
3285;48
3286;10
3287;4
3288;20
3289;82
3290;64
3291;23
3292;82
3293;44
3294;19
3295;27
3296;24
3297;47
3298;14
3299;35
3300;20
3301;65
3302;65
3303;68
3304;30
3305;31
3306;4
3307;16
3308;60
3309;54
3310;50
3311;42
3312;77
3313;31
3314;61
3315;16
3316;7
3317;37
3318;50
3319;10
3320;49
3321;31
3322;17
3323;1
3324;29
3325;38
3326;36
3327;14
3328;14
3329;43
3330;29
3331;78
3332;51
3333;44
3334;44
3335;4
3336;2
3337;5
3338;24
3339;38
3340;4
3341;15
3342;55
3343;51
3344;39
3345;53
3346;10
3347;12
3348;9
3349;27
3350;59
3351;47
3352;38
3353;11
3354;10
3355;14
3356;13
3357;35
3358;40
3359;55
3360;36
3361;29
3362;32
3363;0
3364;6
3365;24
3366;57
3367;66
3368;61
3369;77
3370;45
3371;89
3372;48
3373;58
3374;37
3375;16
3376;17
3377;18
3378;64
3379;44
3380;16
3381;43
3382;40
3383;5
3384;9
3385;31
3386;55
3387;17
3388;9
3389;44
3390;46
3391;3
3392;4
3393;45
3394;45
3395;30
3396;41
3397;4
3398;12
3399;83
3400;32
3401;8
3402;8
3403;31
3404;38
3405;15
3406;16
3407;17
3408;34
3409;73
3410;23
3411;49
3412;55
3413;51
3414;34
3415;66
3416;49
3417;39
3418;51
3419;9
3420;9
3421;16
3422;91
3423;67
3424;61
3425;20
3426;28
3427;11
3428;3
3429;2
3430;2
3431;67
3432;76
3433;37
3434;19
3435;70
3436;48
3437;34
3438;15
3439;9
3440;22
3441;53
3442;22
3443;32
3444;27
3445;58
3446;40
3447;32
3448;17
3449;45
3450;51
3451;11
3452;15
3453;53
3454;40
3455;52
3456;60
3457;28
3458;31
3459;34
3460;10
3461;17
3462;49
3463;51
3464;10
3465;13
3466;27
3467;62
3468;78
3469;43
3470;64
3471;13
3472;15
3473;32
3474;51
3475;14
3476;8
3477;42
3478;63
3479;47
3480;22
3481;29
3482;5
3483;74
3484;54
3485;44
3486;33
3487;39
3488;4
3489;11
3490;32
3491;31
3492;30
3493;2
3494;46
3495;68
3496;33
3497;81
3498;82
3499;32
3500;53
3501;74
3502;40
3503;30
3504;1
3505;8
3506;28
3507;63
3508;6
3509;33
3510;32
3511;30
3512;17
3513;2
3514;14
3515;13
3516;3
3517;12
3518;31
3519;54
3520;60
3521;40
3522;22
3523;9
3524;0
3525;28
3526;39
3527;0
3528;48
3529;73
3530;45
3531;31
3532;44
3533;3
3534;15
3535;28
3536;41
3537;10
3538;25
3539;34
3540;5
3541;50
3542;61
3543;34
3544;47
3545;48
3546;7
3547;9
3548;52
3549;51
3550;34
3551;6
3552;9
3553;12
3554;38
3555;62
3556;48
3557;51
3558;22
3559;52
3560;42
3561;26
3562;41
3563;21
3564;81
3565;35
3566;33
3567;4
3568;1
3569;46
3570;52
3571;17
3572;13
3573;61
3574;81
3575;55
3576;43
3577;12
3578;48
3579;49
3580;8
3581;16
3582;49
3583;20
3584;57
3585;45
3586;14
3587;7
3588;14
3589;22
3590;21
3591;19
3592;21
3593;35
3594;50
3595;21
3596;68
3597;58
3598;59
3599;15
3600;16
3601;8
3602;71
3603;78
3604;58
3605;54
3606;64
3607;23
3608;54
3609;44
3610;30
3611;11
3612;46
3613;32
3614;16
3615;61
3616;7
3617;6
3618;43
3619;62
3620;57
3621;82
3622;43
3623;71
3624;35
3625;41
3626;71
3627;79
3628;35
3629;24
3630;51
3631;46
3632;24
3633;52
3634;25
3635;53
3636;39
3637;13
3638;11
3639;17
3640;35
3641;49
3642;9
3643;13
3644;60
3645;41
3646;18
3647;54
3648;44
3649;8
3650;16
3651;10
3652;72
3653;47
3654;49
3655;10
3656;15
3657;9
3658;7
3659;66
3660;60
3661;26
3662;59
3663;72
3664;56
3665;44
3666;24
3667;16
3668;48
3669;31
3670;34
3671;50
3672;53
3673;6
3674;7
3675;46
3676;8
3677;44
3678;54
3679;9
3680;9
3681;7
3682;48
3683;19
3684;13
3685;13
3686;49
3687;24
3688;60
3689;30
3690;36
3691;1
3692;2
3693;5
3694;54
3695;76
3696;80
3697;26
3698;37
3699;28
3700;7
3701;6
3702;40
3703;51
3704;47
3705;31
3706;49
3707;6
3708;15
3709;30
3710;31
3711;45
3712;49
3713;34
3714;12
3715;1
3716;3
3717;17
3718;57
3719;59
3720;57
3721;63
3722;28
3723;78
3724;67
3725;52
3726;40
3727;13
3728;7
3729;12
3730;30
3731;50
3732;68
3733;52
3734;89
3735;64
3736;17
3737;13
3738;40
3739;57
3740;11
3741;29
3742;30
3743;13
3744;12
3745;56
3746;102
3747;46
3748;44
3749;14
3750;16
3751;17
3752;46
3753;70
3754;69
3755;63
3756;75
3757;49
3758;68
3759;27
3760;49
3761;9
3762;11
3763;43
3764;20
3765;51
3766;43
3767;29
3768;4
3769;12
3770;86
3771;64
3772;42
3773;45
3774;8
3775;11
3776;54
3777;68
3778;59
3779;65
3780;50
3781;46
3782;31
3783;63
3784;17
3785;30
3786;28
3787;13
3788;12
3789;39
3790;37
3791;76
3792;40
3793;34
3794;6
3795;24
3796;63
3797;31
3798;50
3799;14
3800;18
3801;11
3802;54
3803;57
3804;16
3805;16
3806;51
3807;89
3808;47
3809;24
3810;20
3811;73
3812;65
3813;85
3814;26
3815;63
3816;44
3817;68
3818;65
3819;50
3820;50
3821;10
3822;16
3823;21
3824;39
3825;41
3826;8
3827;10
3828;51
3829;63
3830;49
3831;11
3832;8
3833;41
3834;36
3835;3
3836;2
3837;42
3838;45
3839;7
3840;17
3841;78
3842;67
3843;33
3844;27
3845;3
3846;1
3847;2
3848;87
3849;50
3850;42
3851;11
3852;15
3853;51
3854;81
3855;23
3856;20
3857;21
3858;56
3859;51
3860;72
3861;19
3862;56
3863;41
3864;62
3865;54
3866;27
3867;45
3868;22
3869;10
3870;48
3871;46
3872;16
3873;14
3874;9
3875;41
3876;68
3877;20
3878;51
3879;31
3880;16
3881;16
3882;30
3883;55
3884;49
3885;52
3886;44
3887;49
3888;14
3889;9
3890;57
3891;31
3892;17
3893;42
3894;21
3895;58
3896;39
3897;47
3898;8
3899;2
3900;50
3901;58
3902;47
3903;8
3904;12
3905;10
3906;42
3907;64
3908;77
3909;46
3910;47
3911;16
3912;41
3913;10
3914;8
3915;45
3916;13
3917;53
3918;57
3919;39
3920;11
3921;17
3922;71
3923;43
3924;86
3925;34
3926;28
3927;86
3928;54
3929;46
3930;17
3931;18
3932;32
3933;18
3934;32
3935;33
3936;6
3937;18
3938;58
3939;55
3940;78
3941;69
3942;77
3943;77
3944;66
3945;65
3946;34
3947;39
3948;15
3949;77
3950;41
3951;51
3952;59
3953;53
3954;65
3955;66
3956;89
3957;39
3958;15
3959;10
3960;31
3961;35
3962;38
3963;54
3964;13
3965;12
3966;48
3967;28
3968;1
3969;6
3970;57
3971;54
3972;29
3973;53
3974;39
3975;24
3976;1
3977;18
3978;65
3979;43
3980;20
3981;16
3982;1
3983;15
3984;67
3985;34
3986;35
3987;12
3988;3
3989;68
3990;66
3991;58
3992;73
3993;39
3994;48
3995;6
3996;18
3997;10
3998;60
3999;16
4000;10
4001;72
4002;73
4003;64
4004;51
4005;28
4006;37
4007;30
4008;15
4009;12
4010;58
4011;38
4012;14
4013;13
4014;49
4015;67
4016;57
4017;25
4018;55
4019;92
4020;60
4021;31
4022;6
4023;18
4024;7
4025;20
4026;25
4027;47
4028;25
4029;58
4030;19
4031;51
4032;28
4033;8
4034;17
4035;49
4036;60
4037;15
4038;6
4039;50
4040;91
4041;24
4042;88
4043;69
4044;66
4045;53
4046;39
4047;64
4048;48
4049;26
4050;6
4051;18
4052;36
4053;24
4054;20
4055;27
4056;49
4057;12
4058;14
4059;37
4060;76
4061;66
4062;60
4063;47
4064;55
4065;22
4066;51
4067;23
4068;44
4069;21
4070;24
4071;46
4072;45
4073;17
4074;46
4075;7
4076;35
4077;26
4078;36
4079;66
4080;42
4081;74
4082;64
4083;54
4084;65
4085;58
4086;67
4087;68
4088;47
4089;46
4090;10
4091;10
4092;75
4093;70
4094;47
4095;38
4096;79
4097;59
4098;58
4099;60
4100;29
4101;36
4102;41
4103;1
4104;2
4105;9
4106;79
4107;59
4108;62
4109;54
4110;54
4111;31
4112;41
4113;16
4114;13
4115;58
4116;51
4117;58
4118;54
4119;54
4120;58
4121;25
4122;64
4123;8
4124;8
4125;63
4126;55
4127;75
4128;50
4129;20
4130;60
4131;38
4132;11
4133;9
4134;44
4135;34
4136;59
4137;39
4138;24
4139;2
4140;4
4141;1
4142;45
4143;3
4144;58
4145;43
4146;46
4147;51
4148;6
4149;13
4150;40
4151;34
4152;43
4153;17
4154;50
4155;27
4156;12
4157;8
4158;80
4159;44
4160;27
4161;94
4162;33
4163;50
4164;34
4165;47
4166;60
4167;65
4168;30
4169;65
4170;63
4171;69
4172;51
4173;21
4174;53
4175;47
4176;62
4177;6
4178;36
4179;19
4180;16
4181;12
4182;27
4183;29
4184;11
4185;7
4186;48
4187;62
4188;54
4189;74
4190;32
4191;37
4192;50
4193;60
4194;70
4195;38
4196;29
4197;10
4198;3
4199;50
4200;22
4201;33
4202;29
4203;8
4204;11
4205;30
4206;49
4207;4
4208;22
4209;52
4210;40
4211;50
4212;11
4213;17
4214;10
4215;83
4216;55
4217;80
4218;72
4219;62
4220;61
4221;76
4222;53
4223;65
4224;69
4225;23
4226;60
4227;64
4228;17
4229;13
4230;8
4231;21
4232;30
4233;53
4234;6
4235;62
4236;43
4237;9
4238;9
4239;34
4240;71
4241;24
4242;35
4243;42
4244;61
4245;56
4246;49
4247;53
4248;36
4249;51
4250;79
4251;58
4252;52
4253;75
4254;46
4255;49
4256;8
4257;14
4258;8
4259;33
4260;73
4261;28
4262;36
4263;12
4264;13
4265;41
4266;33
4267;4
4268;58
4269;92
4270;78
4271;76
4272;23
4273;60
4274;23
4275;31
4276;49
4277;11
4278;6
4279;60
4280;78
4281;73
4282;39
4283;41
4284;56
4285;43
4286;41
4287;8
4288;14
4289;14
4290;42
4291;35
4292;5
4293;84
4294;20
4295;75
4296;91
4297;47
4298;30
4299;17
4300;17
4301;44
4302;49
4303;79
4304;75
4305;81
4306;19
4307;1
4308;27
4309;51
4310;62
4311;71
4312;63
4313;48
4314;33
4315;47
4316;8
4317;10
4318;15
4319;38
4320;46
4321;21
4322;36
4323;34
4324;16
4325;6
4326;14
4327;62
4328;17
4329;10
4330;39
4331;37
4332;18
4333;18
4334;42
4335;47
4336;51
4337;72
4338;80
4339;49
4340;29
4341;14
4342;9
4343;46
4344;26
4345;8
4346;77
4347;62
4348;71
4349;37
4350;55
4351;17
4352;67
4353;62
4354;46
4355;56
4356;42
4357;24
4358;41
4359;53
4360;17
4361;15
4362;23
4363;60
4364;37
4365;47
4366;87
4367;32
4368;27
4369;54
4370;75
4371;34
4372;81
4373;63
4374;19
4375;37
4376;60
4377;23
4378;19
4379;32
4380;1
4381;13
4382;18
4383;54
4384;52
4385;54
4386;22
4387;20
4388;33
4389;26
4390;58
4391;17
4392;18
4393;46
4394;73
4395;38
4396;67
4397;65
4398;68
4399;19
4400;46
4401;64
4402;49
4403;48
4404;33
4405;17
4406;11
4407;8
4408;59
4409;64
4410;27
4411;29
4412;56
4413;6
4414;13
4415;14
4416;18
4417;73
4418;61
4419;54
4420;51
4421;82
4422;31
4423;60
4424;13
4425;18
4426;14
4427;55
4428;56
4429;45
4430;46
4431;9
4432;10
4433;6
4434;68
4435;48
4436;29
4437;50
4438;34
4439;24
4440;22
4441;45
4442;47
4443;44
4444;4
4445;7
4446;85
4447;56
4448;57
4449;84
4450;53
4451;62
4452;30
4453;45
4454;16
4455;9
4456;3
4457;82
4458;73
4459;33
4460;48
4461;13
4462;13
4463;11
4464;79
4465;59
4466;22
4467;74
4468;77
4469;54
4470;21
4471;56
4472;52
4473;39
4474;9
4475;14
4476;85
4477;39
4478;39
4479;3
4480;5
4481;43
4482;60
4483;92
4484;32
4485;26
4486;8
4487;14
4488;10
4489;45
4490;51
4491;46
4492;12
4493;7
4494;8
4495;37
4496;32
4497;8
4498;15
4499;69
4500;60
4501;48
4502;38
4503;65
4504;23
4505;31
4506;48
4507;10
4508;13
4509;14
4510;18
4511;47
4512;30
4513;72
4514;58
4515;64
4516;53
4517;47
4518;32
4519;58
4520;8
4521;10
4522;11
4523;45
4524;48
4525;36
4526;0
4527;79
4528;49
4529;75
4530;36
4531;20
4532;2
4533;55
4534;79
4535;50
4536;55
4537;30
4538;16
4539;9
4540;49
4541;6
4542;65
4543;47
4544;43
4545;42
4546;55
4547;50
4548;23
4549;35
4550;24
4551;2
4552;3
4553;34
4554;42
4555;0
4556;5
4557;8
4558;0
4559;34
4560;43
4561;35
4562;33
4563;3
4564;32
4565;43
4566;14
4567;45
4568;32
4569;8
4570;1
4571;37
4572;49
4573;16
4574;12
4575;12
4576;37
4577;30
4578;5
4579;14
4580;63
4581;65
4582;65
4583;48
4584;69
4585;47
4586;51
4587;58
4588;16
4589;71
4590;46
4591;63
4592;36
4593;28
4594;12
4595;15
4596;38
4597;45
4598;14
4599;10
4600;66
4601;85
4602;27
4603;34
4604;45
4605;1
4606;5
4607;14
4608;17
4609;24
4610;50
4611;40
4612;60
4613;37
4614;12
4615;11
4616;39
4617;60
4618;10
4619;18
4620;13
4621;43
4622;38
4623;12
4624;9
4625;11
4626;62
4627;19
4628;75
4629;26
4630;22
4631;24
4632;31
4633;49
4634;62
4635;67
4636;65
4637;24
4638;22
4639;65
4640;64
4641;63
4642;29
4643;69
4644;59
4645;25
4646;76
4647;46
4648;63
4649;53
4650;46
4651;47
4652;56
4653;41
4654;49
4655;4
4656;3
4657;26
4658;30
4659;18
4660;59
4661;24
4662;21
4663;73
4664;40
4665;31
4666;15
4667;11
4668;17
4669;51
4670;47
4671;27
4672;29
4673;45
4674;34
4675;65
4676;32
4677;57
4678;36
4679;49
4680;6
4681;10
4682;16
4683;43
4684;26
4685;40
4686;4
4687;29
4688;46
4689;12
4690;4
4691;11
4692;54
4693;24
4694;70
4695;76
4696;48
4697;44
4698;69
4699;64
4700;27
4701;60
4702;18
4703;14
4704;48
4705;23
4706;6
4707;13
4708;1
4709;50
4710;53
4711;37
4712;45
4713;28
4714;11
4715;11
4716;68
4717;73
4718;62
4719;71
4720;33
4721;35
4722;3
4723;3
4724;29
4725;27
4726;61
4727;60
4728;10
4729;24
4730;71
4731;65
4732;36
4733;30
4734;76
4735;38
4736;25
4737;48
4738;39
4739;19
4740;51
4741;20
4742;46
4743;24
4744;53
4745;64
4746;24
4747;19
4748;67
4749;81
4750;21
4751;74
4752;63
4753;56
4754;47
4755;30
4756;14
4757;8
4758;18
4759;17
4760;39
4761;27
4762;34
4763;50
4764;6
4765;82
4766;39
4767;63
4768;16
4769;18
4770;44
4771;70
4772;33
4773;6
4774;18
4775;45
4776;69
4777;21
4778;42
4779;42
4780;30
4781;17
4782;14
4783;61
4784;30
4785;13
4786;14
4787;39
4788;31
4789;11
4790;0
4791;14
4792;21
4793;68
4794;63
4795;54
4796;58
4797;8
4798;16
4799;61
4800;81
4801;39
4802;37
4803;8
4804;8
4805;53
4806;55
4807;43
4808;39
4809;18
4810;5
4811;13
4812;28
4813;47
4814;0
4815;6
4816;53
4817;59
4818;40
4819;39
4820;13
4821;17
4822;48
4823;39
4824;51
4825;61
4826;61
4827;23
4828;20
4829;20
4830;52
4831;57
4832;40
4833;61
4834;41
4835;88
4836;26
4837;27
4838;13
4839;7
4840;44
4841;48
4842;7
4843;15
4844;55
4845;99
4846;68
4847;65
4848;47
4849;56
4850;48
4851;39
4852;13
4853;63
4854;75
4855;68
4856;53
4857;28
4858;59
4859;29
4860;10
4861;16
4862;55
4863;52
4864;16
4865;11
4866;30
4867;30
4868;49
4869;46
4870;45
4871;6
4872;17
4873;7
4874;38
4875;63
4876;75
4877;39
4878;28
4879;71
4880;21
4881;21
4882;25
4883;19
4884;22
4885;75
4886;77
4887;49
4888;57
4889;75
4890;60
4891;42
4892;43
4893;45
4894;77
4895;55
4896;88
4897;69
4898;47
4899;38
4900;32
4901;11
4902;35
4903;42
4904;6
4905;7
4906;35
4907;19
4908;32
4909;45
4910;4
4911;4
4912;69
4913;48
4914;50
4915;26
4916;18
4917;11
4918;37
4919;39
4920;1
4921;1
4922;48
4923;61
4924;16
4925;15
4926;82
4927;53
4928;55
4929;32
4930;51
4931;41
4932;45
4933;7
4934;12
4935;64
4936;63
4937;16
4938;11
4939;16
4940;34
4941;62
4942;17
4943;11
4944;37
4945;63
4946;13
4947;74
4948;34
4949;49
4950;61
4951;9
4952;13
4953;6
4954;13
4955;35
4956;27
4957;16
4958;4
4959;30
4960;37
4961;3
4962;48
4963;41
4964;17
4965;87
4966;24
4967;55
4968;56
4969;43
4970;64
4971;70
4972;70
4973;51
4974;59
4975;59
4976;34
4977;13
4978;3
4979;40
4980;66
4981;64
4982;47
4983;33
4984;49
4985;60
4986;44
4987;51
4988;6
4989;15
4990;36
4991;65
4992;59
4993;42
4994;9
4995;9
4996;27
4997;39
4998;10
4999;1
5000;15
5001;27
5002;74
5003;48
5004;39
5005;1
5006;5
5007;72
5008;56
5009;35
5010;49
5011;56
5012;9
5013;16
5014;45
5015;32
5016;12
5017;68
5018;74
5019;54
5020;65
5021;20
5022;68
5023;71
5024;36
5025;46
5026;10
5027;16
5028;7
5029;59
5030;62
5031;18
5032;9
5033;6
5034;41
5035;37
5036;45
5037;67
5038;49
5039;57
5040;42
5041;16
5042;18
5043;21
5044;28
5045;63
5046;73
5047;56
5048;38
5049;29
5050;34
5051;8
5052;15
5053;42
5054;53
5055;29
5056;28
5057;4
5058;9
5059;46
5060;32
5061;33
5062;7
5063;16
5064;18
5065;54
5066;64
5067;32
5068;64
5069;11
5070;43
5071;29
5072;14
5073;18
5074;9
5075;57
5076;64
5077;82
5078;65
5079;36
5080;22
5081;56
5082;19
5083;90
5084;27
5085;51
5086;43
5087;13
5088;53
5089;46
5090;8
5091;17
5092;21
5093;43
5094;31
5095;14
5096;13
5097;72
5098;20
5099;24
5100;18
5101;15
5102;78
5103;60
5104;21
5105;22
5106;25
5107;24
5108;28
5109;1
5110;15
5111;48
5112;30
5113;44
5114;10
5115;14
5116;45
5117;88
5118;40
5119;57
5120;34
5121;47
5122;58
5123;6
5124;11
5125;27
5126;21
5127;71
5128;79
5129;50
5130;60
5131;88
5132;77
5133;45
5134;45
5135;25
5136;61
5137;89
5138;59
5139;82
5140;63
5141;67
5142;24
5143;31
5144;47
5145;12
5146;13
5147;40
5148;33
5149;0
5150;16
5151;69
5152;58
5153;83
5154;75
5155;28
5156;72
5157;50
5158;66
5159;69
5160;63
5161;50
5162;65
5163;53
5164;49
5165;72
5166;86
5167;42
5168;30
5169;25
5170;25
5171;23
5172;58
5173;21
5174;53
5175;78
5176;37
5177;19
5178;21
5179;45
5180;79
5181;82
5182;65
5183;43
5184;24
5185;34
5186;16
5187;4
5188;37
5189;47
5190;25
5191;36
5192;6
5193;34
5194;18
5195;36
5196;53
5197;56
5198;16
5199;9
5200;60
5201;46
5202;48
5203;58
5204;29
5205;40
5206;12
5207;6
5208;70
5209;43
5210;38
5211;13
5212;18
5213;51
5214;21
5215;47
5216;21
5217;2
5218;66
5219;47
5220;90
5221;29
5222;73
5223;75
5224;56
5225;42
5226;20
5227;67
5228;28
5229;19
5230;2
5231;0
5232;8
5233;81
5234;67
5235;57
5236;69
5237;68
5238;59
5239;35
5240;6
5241;17
5242;43
5243;45
5244;13
5245;43
5246;51
5247;46
5248;71
5249;82
5250;59
5251;52
5252;27
5253;16
5254;18
5255;81
5256;39
5257;29
5258;91
5259;49
5260;49
5261;66
5262;65
5263;49
5264;50
5265;44
5266;53
5267;16
5268;50
5269;34
5270;23
5271;11
5272;4
5273;48
5274;82
5275;48
5276;38
5277;37
5278;6
5279;11
5280;13
5281;77
5282;56
5283;53
5284;62
5285;53
5286;70
5287;23
5288;49
5289;39
5290;3
5291;0
5292;13
5293;19
5294;62
5295;50
5296;69
5297;23
5298;42
5299;40
5300;12
5301;13
5302;53
5303;61
5304;50
5305;8
5306;8
5307;16
5308;78
5309;53
5310;32
5311;8
5312;15
5313;77
5314;80
5315;64
5316;53
5317;51
5318;7
5319;14
5320;53
5321;39
5322;63
5323;57
5324;77
5325;83
5326;28
5327;25
5328;59
5329;65
5330;47
5331;39
5332;4
5333;3
5334;41
5335;47
5336;21
5337;19
5338;28
5339;27
5340;25
5341;31
5342;6
5343;13
5344;27
5345;29
5346;10
5347;10
5348;81
5349;93
5350;61
5351;25
5352;64
5353;62
5354;68
5355;43
5356;71
5357;21
5358;82
5359;77
5360;56
5361;74
5362;45
5363;51
5364;35
5365;40
5366;0
5367;7
5368;29
5369;43
5370;30
5371;7
5372;14
5373;43
5374;13
5375;48
5376;13
5377;17
5378;28
5379;32
5380;47
5381;13
5382;16
5383;34
5384;63
5385;49
5386;58
5387;14
5388;15
5389;34
5390;46
5391;10
5392;9
5393;13
5394;56
5395;16
5396;43
5397;57
5398;43
5399;70
5400;81
5401;47
5402;65
5403;45
5404;6
5405;7
5406;26
5407;47
5408;55
5409;62
5410;9
5411;33
5412;51
5413;10
5414;57
5415;50
5416;12
5417;6
5418;19
5419;34
5420;4
5421;6
5422;33
5423;35
5424;59
5425;67
5426;28
5427;21
5428;31
5429;71
5430;57
5431;51
5432;21
5433;34
5434;3
5435;43
5436;67
5437;48
5438;48
5439;7
5440;18
5441;7
5442;21
5443;45
5444;31
5445;62
5446;12
5447;15
5448;16
5449;11
5450;30
5451;64
5452;14
5453;33
5454;47
5455;55
5456;42
5457;29
5458;1
5459;3
5460;45
5461;40
5462;12
5463;72
5464;69
5465;70
5466;38
5467;38
5468;31
5469;8
5470;14
5471;48
5472;29
5473;11
5474;6
5475;64
5476;31
5477;69
5478;24
5479;72
5480;65
5481;53
5482;13
5483;12
5484;76
5485;53
5486;42
5487;22
5488;19
5489;49
5490;49
5491;8
5492;8
5493;62
5494;30
5495;37
5496;49
5497;1
5498;5
5499;44
5500;43
5501;7
5502;11
5503;20
5504;33
5505;62
5506;53
5507;53
5508;61
5509;37
5510;80
5511;43
5512;45
5513;10
5514;6
5515;54
5516;18
5517;9
5518;20
5519;28
5520;35
5521;9
5522;41
5523;20
5524;23
5525;53
5526;58
5527;65
5528;24
5529;34
5530;37
5531;12
5532;4
5533;86
5534;46
5535;39
5536;86
5537;19
5538;39
5539;29
5540;1
5541;11
5542;63
5543;50
5544;53
5545;49
5546;15
5547;18
5548;29
5549;69
5550;56
5551;51
5552;46
5553;33
5554;16
5555;12
5556;52
5557;22
5558;33
5559;83
5560;32
5561;28
5562;9
5563;10
5564;18
5565;3
5566;3
5567;82
5568;47
5569;53
5570;70
5571;20
5572;19
5573;23
5574;68
5575;43
5576;13
5577;53
5578;73
5579;33
5580;55
5581;43
5582;23
5583;15
5584;2
5585;62
5586;34
5587;18
5588;8
5589;36
5590;29
5591;50
5592;43
5593;10
5594;14
5595;54
5596;23
5597;73
5598;37
5599;66
5600;23
5601;20
5602;51
5603;39
5604;60
5605;29
5606;18
5607;12
5608;47
5609;61
5610;24
5611;50
5612;24
5613;71
5614;62
5615;42
5616;9
5617;8
5618;11
5619;64
5620;34
5621;16
5622;16
5623;18
5624;48
5625;38
5626;4
5627;49
5628;57
5629;7
5630;58
5631;60
5632;75
5633;32
5634;39
5635;10
5636;17
5637;31
5638;43
5639;11
5640;76
5641;65
5642;44
5643;29
5644;61
5645;8
5646;6
5647;14
5648;60
5649;53
5650;50
5651;47
5652;56
5653;18
5654;6
5655;46
5656;23
5657;8
5658;19
5659;81
5660;59
5661;37
5662;40
5663;6
5664;3
5665;14
5666;19
5667;63
5668;61
5669;59
5670;90
5671;48
5672;37
5673;15
5674;14
5675;29
5676;36
5677;10
5678;11
5679;7
5680;56
5681;24
5682;32
5683;43
5684;4
5685;1
5686;15
5687;9
5688;37
5689;35
5690;13
5691;1
5692;41
5693;33
5694;5
5695;3
5696;1
5697;32
5698;42
5699;11
5700;2
5701;57
5702;24
5703;20
5704;69
5705;50
5706;74
5707;43
5708;56
5709;75
5710;40
5711;45
5712;10
5713;10
5714;66
5715;81
5716;28
5717;29
5718;0
5719;18
5720;7
5721;20
5722;62
5723;44
5724;16
5725;35
5726;9
5727;37
5728;31
5729;3
5730;2
5731;45
5732;38
5733;41
5734;19
5735;14
5736;5
5737;63
5738;68
5739;48
5740;45
5741;42
5742;5
5743;5
5744;49
5745;31
5746;40
5747;4
5748;5
5749;5
5750;20
5751;27
5752;30
5753;12
5754;2
5755;0
5756;79
5757;78
5758;24
5759;70
5760;66
5761;65
5762;73
5763;47
5764;63
5765;50
5766;46
5767;49
5768;17
5769;18
5770;62
5771;53
5772;68
5773;64
5774;45
5775;63
5776;84
5777;22
5778;41
5779;4
5780;63
5781;66
5782;53
5783;69
5784;67
5785;46
5786;23
5787;20
5788;46
5789;44
5790;12
5791;37
5792;43
5793;16
5794;15
5795;44
5796;34
5797;4
5798;4
5799;0
5800;46
5801;40
5802;13
5803;11
5804;7
5805;67
5806;55
5807;66
5808;95
5809;60
5810;57
5811;37
5812;68
5813;20
5814;45
5815;40
5816;8
5817;10
5818;70
5819;49
5820;66
5821;43
5822;39
5823;13
5824;38
5825;31
5826;13
5827;7
5828;14
5829;50
5830;54
5831;23
5832;49
5833;54
5834;44
5835;54
5836;18
5837;18
5838;58
5839;64
5840;40
5841;42
5842;34
5843;4
5844;4
5845;18
5846;31
5847;78
5848;55
5849;52
5850;49
5851;42
5852;15
5853;2
5854;50
5855;35
5856;13
5857;6
5858;51
5859;64
5860;60
5861;56
5862;33
5863;49
5864;36
5865;14
5866;9
5867;16
5868;8
5869;44
5870;15
5871;72
5872;66
5873;34
5874;43
5875;23
5876;54
5877;19
5878;52
5879;19
5880;22
5881;56
5882;39
5883;25
5884;40
5885;10
5886;72
5887;48
5888;58
5889;61
5890;80
5891;34
5892;28
5893;1
5894;4
5895;75
5896;31
5897;41
5898;61
5899;27
5900;14
5901;13
5902;51
5903;58
5904;35
5905;81
5906;55
5907;71
5908;46
5909;56
5910;58
5911;43
5912;16
5913;43
5914;44
5915;51
5916;78
5917;83
5918;54
5919;50
5920;7
5921;6
5922;8
5923;92
5924;86
5925;21
5926;29
5927;20
5928;4
5929;14
5930;61
5931;36
5932;35
5933;58
5934;8
5935;11
5936;29
5937;65
5938;21
5939;58
5940;69
5941;63
5942;47
5943;51
5944;67
5945;78
5946;44
5947;35
5948;10
5949;1
5950;36
5951;44
5952;14
5953;9
5954;60
5955;34
5956;13
5957;18
5958;59
5959;57
5960;62
5961;53
5962;61
5963;31
5964;4
5965;20
5966;73
5967;26
5968;29
5969;61
5970;36
5971;8
5972;13
5973;19
5974;21
5975;69
5976;39
5977;54
5978;18
5979;86
5980;24
5981;69
5982;40
5983;72
5984;52
5985;47
5986;14
5987;82
5988;77
5989;75
5990;29
5991;45
5992;0
5993;15
5994;1
5995;17
5996;70
5997;55
5998;36
5999;33
6000;14
6001;10
6002;43
6003;30
6004;9
6005;14
6006;35
6007;30
6008;37
6009;34
6010;21
6011;29
6012;36
6013;31
6014;61
6015;18
6016;16
6017;28
6018;55
6019;28
6020;45
6021;54
6022;18
6023;6
6024;45
6025;38
6026;15
6027;18
6028;18
6029;42
6030;32
6031;16
6032;9
6033;40
6034;91
6035;93
6036;55
6037;58
6038;73
6039;54
6040;35
6041;41
6042;34
6043;11
6044;4
6045;0
6046;58
6047;45
6048;9
6049;9
6050;14
6051;22
6052;22
6053;5
6054;4
6055;47
6056;25
6057;13
6058;6
6059;51
6060;64
6061;62
6062;49
6063;69
6064;38
6065;26
6066;3
6067;4
6068;79
6069;31
6070;28
6071;51
6072;50
6073;53
6074;53
6075;35
6076;44
6077;13
6078;49
6079;49
6080;26
6081;26
6082;23
6083;44
6084;59
6085;16
6086;17
6087;72
6088;71
6089;27
6090;40
6091;4
6092;16
6093;29
6094;32
6095;3
6096;9
6097;3
6098;65
6099;33
6100;62
6101;31
6102;8
6103;17
6104;53
6105;57
6106;46
6107;29
6108;47
6109;16
6110;11
6111;9
6112;44
6113;46
6114;30
6115;2
6116;59
6117;51
6118;63
6119;31
6120;15
6121;12
6122;74
6123;80
6124;82
6125;22
6126;65
6127;62
6128;50
6129;37
6130;24
6131;7
6132;29
6133;28
6134;47
6135;9
6136;13
6137;12
6138;67
6139;29
6140;70
6141;27
6142;42
6143;30
6144;42
6145;39
6146;61
6147;51
6148;55
6149;11
6150;10
6151;14
6152;36
6153;36
6154;14
6155;14
6156;39
6157;20
6158;24
6159;42
6160;25
6161;54
6162;50
6163;46
6164;17
6165;16
6166;72
6167;50
6168;60
6169;47
6170;70
6171;21
6172;40
6173;72
6174;63
6175;68
6176;19
6177;64
6178;39
6179;17
6180;64
6181;45
6182;14
6183;9
6184;60
6185;45
6186;57
6187;44
6188;27
6189;75
6190;56
6191;44
6192;40
6193;6
6194;7
6195;9
6196;65
6197;64
6198;52
6199;51
6200;71
6201;66
6202;43
6203;38
6204;36
6205;9
6206;10
6207;7
6208;27
6209;12
6210;54
6211;51
6212;51
6213;35
6214;30
6215;17
6216;39
6217;37
6218;28
6219;44
6220;42
6221;11
6222;16
6223;10
6224;32
6225;48
6226;66
6227;31
6228;18
6229;37
6230;33
6231;16
6232;10
6233;60
6234;68
6235;87
6236;41
6237;30
6238;1
6239;12
6240;51
6241;54
6242;58
6243;27
6244;86
6245;31
6246;64
6247;23
6248;53
6249;8
6250;22
6251;77
6252;20
6253;66
6254;55
6255;9
6256;16
6257;20
6258;61
6259;49
6260;8
6261;80
6262;35
6263;56
6264;47
6265;37
6266;43
6267;19
6268;57
6269;77
6270;52
6271;40
6272;27
6273;13
6274;58
6275;63
6276;81
6277;58
6278;80
6279;43
6280;42
6281;28
6282;2
6283;0
6284;48
6285;45
6286;14
6287;18
6288;63
6289;58
6290;55
6291;55
6292;41
6293;50
6294;73
6295;78
6296;63
6297;31
6298;57
6299;46
6300;15
6301;16
6302;6
6303;54
6304;64
6305;43
6306;8
6307;15
6308;16
6309;31
6310;40
6311;62
6312;53
6313;38
6314;87
6315;25
6316;71
6317;22
6318;26
6319;62
6320;95
6321;38
6322;46
6323;57
6324;7
6325;14
6326;49
6327;27
6328;30
6329;24
6330;23
6331;5
6332;3
6333;1
6334;24
6335;25
6336;38
6337;8
6338;13
6339;63
6340;23
6341;58
6342;22
6343;19
6344;62
6345;68
6346;56
6347;38
6348;27
6349;8
6350;16
6351;41
6352;27
6353;12
6354;2
6355;30
6356;40
6357;13
6358;16
6359;32
6360;65
6361;51
6362;24
6363;36
6364;25
6365;3
6366;3
6367;47
6368;64
6369;12
6370;17
6371;46
6372;58
6373;60
6374;26
6375;69
6376;35
6377;61
6378;74
6379;28
6380;50
6381;18
6382;15
6383;49
6384;24
6385;24
6386;24
6387;45
6388;48
6389;10
6390;9
6391;38
6392;70
6393;22
6394;45
6395;53
6396;46
6397;9
6398;14
6399;57
6400;33
6401;17
6402;12
6403;42
6404;43
6405;9
6406;59
6407;24
6408;23
6409;70
6410;24
6411;66
6412;51
6413;61
6414;35
6415;53
6416;14
6417;26
6418;53
6419;43
6420;42
6421;52
6422;18
6423;14
6424;31
6425;49
6426;38
6427;63
6428;62
6429;75
6430;71
6431;45
6432;33
6433;18
6434;14
6435;7
6436;46
6437;50
6438;64
6439;61
6440;55
6441;48
6442;37
6443;60
6444;7
6445;9
6446;61
6447;93
6448;21
6449;58
6450;87
6451;25
6452;68
6453;49
6454;33
6455;48
6456;12
6457;3
6458;35
6459;82
6460;31
6461;19
6462;19
6463;58
6464;45
6465;13
6466;32
6467;86
6468;79
6469;71
6470;33
6471;53
6472;10
6473;37
6474;48
6475;11
6476;7
6477;68
6478;20
6479;72
6480;28
6481;7
6482;24
6483;35
6484;18
6485;36
6486;24
6487;3
6488;4
6489;72
6490;45
6491;49
6492;16
6493;16
6494;53
6495;94
6496;34
6497;27
6498;13
6499;7
6500;7
6501;67
6502;63
6503;19
6504;63
6505;78
6506;75
6507;66
6508;89
6509;54
6510;44
6511;65
6512;27
6513;20
6514;18
6515;5
6516;5
6517;2
6518;60
6519;35
6520;20
6521;25
6522;31
6523;39
6524;46
6525;4
6526;7
6527;36
6528;8
6529;62
6530;53
6531;39
6532;56
6533;6
6534;15
6535;53
6536;47
6537;69
6538;51
6539;38
6540;39
6541;7
6542;17
6543;60
6544;61
6545;42
6546;34
6547;37
6548;12
6549;16
6550;54
6551;26
6552;10
6553;6
6554;50
6555;82
6556;39
6557;62
6558;70
6559;45
6560;27
6561;12
6562;17
6563;60
6564;76
6565;46
6566;65
6567;31
6568;20
6569;44
6570;13
6571;4
6572;6
6573;61
6574;45
6575;38
6576;32
6577;41
6578;85
6579;47
6580;62
6581;46
6582;47
6583;50
6584;78
6585;63
6586;35
6587;18
6588;13
6589;15
6590;33
6591;46
6592;8
6593;11
6594;40
6595;22
6596;32
6597;43
6598;13
6599;68
6600;20
6601;30
6602;43
6603;0
6604;0
6605;73
6606;36
6607;49
6608;21
6609;3
6610;1
6611;88
6612;70
6613;59
6614;53
6615;52
6616;36
6617;60
6618;67
6619;47
6620;68
6621;24
6622;53
6623;39
6624;49
6625;64
6626;45
6627;54
6628;47
6629;18
6630;74
6631;28
6632;53
6633;15
6634;9
6635;35
6636;52
6637;81
6638;39
6639;65
6640;48
6641;72
6642;20
6643;43
6644;28
6645;8
6646;11
6647;65
6648;60
6649;57
6650;48
6651;51
6652;63
6653;52
6654;21
6655;47
6656;2
6657;46
6658;31
6659;32
6660;12
6661;12
6662;27
6663;43
6664;14
6665;55
6666;7
6667;16
6668;19
6669;47
6670;50
6671;31
6672;30
6673;2
6674;0
6675;3
6676;59
6677;58
6678;86
6679;33
6680;30
6681;4
6682;9
6683;42
6684;37
6685;17
6686;11
6687;1
6688;18
6689;51
6690;52
6691;18
6692;11
6693;12
6694;31
6695;41
6696;4
6697;0
6698;2
6699;68
6700;49
6701;31
6702;42
6703;11
6704;48
6705;12
6706;75
6707;42
6708;77
6709;41
6710;47
6711;52
6712;52
6713;60
6714;29
6715;41
6716;8
6717;46
6718;31
6719;7
6720;16
6721;73
6722;66
6723;68
6724;22
6725;47
6726;46
6727;27
6728;57
6729;25
6730;28
6731;1
6732;58
6733;38
6734;14
6735;37
6736;48
6737;54
6738;20
6739;58
6740;60
6741;58
6742;75
6743;51
6744;78
6745;67
6746;37
6747;53
6748;43
6749;48
6750;48
6751;59
6752;50
6753;46
6754;57
6755;15
6756;16
6757;6
6758;46
6759;63
6760;35
6761;42
6762;12
6763;15
6764;13
6765;37
6766;19
6767;4
6768;0
6769;4
6770;47
6771;23
6772;55
6773;42
6774;46
6775;10
6776;9
6777;16
6778;59
6779;48
6780;15
6781;15
6782;66
6783;54
6784;70
6785;52
6786;85
6787;21
6788;52
6789;74
6790;52
6791;42
6792;40
6793;17
6794;38
6795;11
6796;45
6797;47
6798;16
6799;51
6800;10
6801;23
6802;38
6803;16
6804;66
6805;54
6806;90
6807;19
6808;24
6809;3
6810;16
6811;52
6812;35
6813;9
6814;17
6815;35
6816;20
6817;1
6818;10
6819;42
6820;32
6821;29
6822;42
6823;11
6824;9
6825;54
6826;51
6827;47
6828;54
6829;25
6830;54
6831;34
6832;7
6833;35
6834;66
6835;31
6836;28
6837;16
6838;8
6839;9
6840;35
6841;69
6842;71
6843;24
6844;26
6845;21
6846;54
6847;78
6848;71
6849;63
6850;32
6851;21
6852;37
6853;25
6854;49
6855;3
6856;8
6857;55
6858;63
6859;16
6860;32
6861;45
6862;13
6863;17
6864;27
6865;19
6866;0
6867;1
6868;1
6869;58
6870;20
6871;20
6872;60
6873;57
6874;54
6875;32
6876;49
6877;2
6878;3
6879;61
6880;59
6881;13
6882;17
6883;13
6884;45
6885;45
6886;11
6887;12
6888;87
6889;42
6890;19
6891;3
6892;15
6893;6
6894;74
6895;90
6896;58
6897;44
6898;47
6899;12
6900;7
6901;59
6902;52
6903;66
6904;69
6905;25
6906;19
6907;35
6908;80
6909;77
6910;29
6911;34
6912;64
6913;38
6914;49
6915;63
6916;58
6917;79
6918;22
6919;21
6920;33
6921;37
6922;13
6923;18
6924;75
6925;60
6926;73
6927;21
6928;62
6929;31
6930;33
6931;6
6932;14
6933;36
6934;14
6935;58
6936;32
6937;30
6938;1
6939;4
6940;42
6941;44
6942;16
6943;9
6944;33
6945;76
6946;51
6947;49
6948;32
6949;2
6950;5
6951;68
6952;69
6953;34
6954;42
6955;47
6956;15
6957;12
6958;14
6959;51
6960;77
6961;19
6962;36
6963;16
6964;4
6965;9
6966;68
6967;29
6968;42
6969;47
6970;11
6971;17
6972;25
6973;26
6974;66
6975;58
6976;48
6977;65
6978;44
6979;22
6980;19
6981;41
6982;21
6983;46
6984;13
6985;18
6986;82
6987;75
6988;88
6989;54
6990;36
6991;48
6992;13
6993;10
6994;81
6995;42
6996;45
6997;14
6998;2
6999;16
7000;46
7001;11
7002;45
7003;42
7004;10
7005;71
7006;29
7007;41
7008;43
7009;13
7010;47
7011;21
7012;45
7013;1
7014;14
7015;59
7016;80
7017;37
7018;56
7019;22
7020;22
7021;49
7022;13
7023;15
7024;63
7025;31
7026;10
7027;6
7028;60
7029;80
7030;44
7031;49
7032;26
7033;11
7034;8
7035;44
7036;16
7037;16
7038;70
7039;30
7040;59
7041;39
7042;13
7043;29
7044;20
7045;46
7046;43
7047;3
7048;4
7049;3
7050;29
7051;60
7052;24
7053;41
7054;22
7055;36
7056;24
7057;40
7058;4
7059;2
7060;48
7061;20
7062;20
7063;81
7064;50
7065;41
7066;59
7067;79
7068;36
7069;33
7070;12
7071;0
7072;36
7073;27
7074;5
7075;1
7076;8
7077;46
7078;68
7079;22
7080;60
7081;21
7082;49
7083;20
7084;61
7085;65
7086;82
7087;26
7088;53
7089;75
7090;57
7091;61
7092;60
7093;71
7094;34
7095;37
7096;21
7097;15
7098;48
7099;55
7100;31
7101;8
7102;12
7103;31
7104;20
7105;11
7106;14
7107;13
7108;29
7109;46
7110;0
7111;0
7112;17
7113;7
7114;39
7115;45
7116;17
7117;14
7118;84
7119;64
7120;29
7121;47
7122;35
7123;8
7124;49
7125;32
7126;31
7127;9
7128;17
7129;9
7130;32
7131;36
7132;22
7133;35
7134;69
7135;87
7136;29
7137;40
7138;2
7139;2
7140;63
7141;65
7142;52
7143;14
7144;57
7145;56
7146;50
7147;59
7148;65
7149;35
7150;50
7151;70
7152;59
7153;53
7154;11
7155;65
7156;68
7157;52
7158;58
7159;25
7160;65
7161;52
7162;67
7163;75
7164;87
7165;42
7166;68
7167;47
7168;40
7169;17
7170;11
7171;7
7172;39
7173;28
7174;9
7175;5
7176;9
7177;35
7178;35
7179;14
7180;6
7181;42
7182;37
7183;18
7184;2
7185;4
7186;48
7187;53
7188;78
7189;48
7190;37
7191;15
7192;53
7193;28
7194;65
7195;48
7196;75
7197;63
7198;15
7199;11
7200;67
7201;20
7202;61
7203;50
7204;6
7205;18
7206;47
7207;56
7208;24
7209;58
7210;48
7211;24
7212;35
7213;19
7214;92
7215;58
7216;47
7217;27
7218;70
7219;71
7220;48
7221;41
7222;49
7223;13
7224;9
7225;39
7226;24
7227;18
7228;31
7229;61
7230;10
7231;13
7232;17
7233;82
7234;55
7235;69
7236;57
7237;48
7238;11
7239;38
7240;24
7241;17
7242;4
7243;55
7244;13
7245;78
7246;78
7247;30
7248;54
7249;69
7250;56
7251;48
7252;15
7253;14
7254;58
7255;48
7256;6
7257;53
7258;28
7259;12
7260;10
7261;13
7262;54
7263;26
7264;49
7265;12
7266;11
7267;24
7268;20
7269;34
7270;51
7271;65
7272;21
7273;85
7274;46
7275;47
7276;3
7277;9
7278;29
7279;39
7280;1
7281;26
7282;68
7283;64
7284;18
7285;78
7286;30
7287;56
7288;76
7289;70
7290;47
7291;62
7292;53
7293;11
7294;11
7295;48
7296;44
7297;15
7298;7
7299;57
7300;65
7301;62
7302;67
7303;36
7304;5
7305;1
7306;72
7307;49
7308;47
7309;65
7310;66
7311;61
7312;69
7313;61
7314;56
7315;67
7316;77
7317;33
7318;76
7319;29
7320;54
7321;28
7322;30
7323;35
7324;12
7325;42
7326;42
7327;6
7328;11
7329;11
7330;60
7331;79
7332;28
7333;36
7334;13
7335;5
7336;56
7337;58
7338;50
7339;27
7340;8
7341;16
7342;17
7343;17
7344;44
7345;32
7346;10
7347;14
7348;7
7349;50
7350;72
7351;46
7352;31
7353;17
7354;11
7355;8
7356;61
7357;60
7358;52
7359;56
7360;44
7361;47
7362;71
7363;43
7364;39
7365;9
7366;16
7367;51
7368;76
7369;42
7370;14
7371;66
7372;30
7373;61
7374;48
7375;28
7376;53
7377;69
7378;32
7379;45
7380;49
7381;16
7382;3
7383;47
7384;50
7385;43
7386;22
7387;55
7388;60
7389;49
7390;26
7391;60
7392;58
7393;57
7394;90
7395;43
7396;41
7397;50
7398;7
7399;57
7400;31
7401;9
7402;66
7403;19
7404;41
7405;44
7406;30
7407;41
7408;34
7409;17
7410;13
7411;8
7412;16
7413;46
7414;46
7415;16
7416;27
7417;57
7418;20
7419;42
7420;3
7421;6
7422;40
7423;4
7424;34
7425;38
7426;44
7427;6
7428;10
7429;7
7430;22
7431;66
7432;57
7433;32
7434;9
7435;8
7436;20
7437;57
7438;22
7439;55
7440;69
7441;84
7442;22
7443;52
7444;58
7445;48
7446;46
7447;12
7448;25
7449;43
7450;67
7451;40
7452;30
7453;28
7454;61
7455;72
7456;60
7457;60
7458;53
7459;71
7460;63
7461;60
7462;62
7463;38
7464;45
7465;30
7466;8
7467;60
7468;60
7469;53
7470;46
7471;57
7472;44
7473;35
7474;52
7475;31
7476;25
7477;21
7478;24
7479;59
7480;90
7481;55
7482;22
7483;20
7484;58
7485;52
7486;59
7487;79
7488;93
7489;76
7490;52
7491;14
7492;48
7493;27
7494;41
7495;28
7496;26
7497;29
7498;41
7499;68
7500;29
7501;68
7502;50
7503;46
7504;49
7505;30
7506;23
7507;32
7508;43
7509;2
7510;3
7511;59
7512;45
7513;10
7514;17
7515;25
7516;2
7517;45
7518;31
7519;12
7520;1
7521;43
7522;50
7523;61
7524;74
7525;41
7526;41
7527;12
7528;13
7529;14
7530;92
7531;48
7532;63
7533;44
7534;35
7535;9
7536;15
7537;1
7538;5
7539;50
7540;8
7541;48
7542;58
7543;32
7544;45
7545;13
7546;24
7547;43
7548;4
7549;11
7550;5
7551;32
7552;34
7553;16
7554;5
7555;24
7556;40
7557;42
7558;69
7559;38
7560;44
7561;17
7562;16
7563;16
7564;31
7565;14
7566;46
7567;71
7568;19
7569;21
7570;45
7571;58
7572;36
7573;7
7574;38
7575;46
7576;54
7577;43
7578;34
7579;13
7580;5
7581;77
7582;36
7583;73
7584;25
7585;45
7586;45
7587;14
7588;13
7589;7
7590;65
7591;69
7592;65
7593;71
7594;61
7595;49
7596;65
7597;42
7598;45
7599;1
7600;0
7601;4
7602;42
7603;65
7604;23
7605;30
7606;48
7607;6
7608;9
7609;82
7610;46
7611;36
7612;30
7613;1
7614;4
7615;4
7616;59
7617;34
7618;33
7619;2
7620;3
7621;14
7622;33
7623;58
7624;80
7625;53
7626;31
7627;15
7628;6
7629;10
7630;37
7631;33
7632;0
7633;13
7634;5
7635;42
7636;54
7637;93
7638;78
7639;41
7640;49
7641;7
7642;17
7643;3
7644;2
7645;39
7646;48
7647;39
7648;15
7649;16
7650;36
7651;41
7652;4
7653;2
7654;46
7655;80
7656;61
7657;48
7658;78
7659;64
7660;59
7661;76
7662;78
7663;47
7664;52
7665;64
7666;76
7667;72
7668;39
7669;12
7670;8
7671;48
7672;50
7673;62
7674;44
7675;64
7676;63
7677;74
7678;69
7679;26
7680;37
7681;20
7682;57
7683;43
7684;52
7685;58
7686;73
7687;19
7688;20
7689;55
7690;19
7691;27
7692;49
7693;18
7694;47
7695;59
7696;69
7697;22
7698;53
7699;46
7700;45
7701;24
7702;2
7703;67
7704;22
7705;30
7706;66
7707;50
7708;44
7709;12
7710;7
7711;16
7712;51
7713;54
7714;63
7715;84
7716;98
7717;34
7718;71
7719;66
7720;20
7721;50
7722;26
7723;18
7724;16
7725;56
7726;51
7727;55
7728;69
7729;32
7730;24
7731;24
7732;21
7733;45
7734;26
7735;51
7736;12
7737;17
7738;29
7739;9
7740;49
7741;52
7742;39
7743;33
7744;13
7745;14
7746;30
7747;25
7748;62
7749;21
7750;30
7751;44
7752;34
7753;9
7754;7
7755;22
7756;72
7757;57
7758;47
7759;33
7760;84
7761;58
7762;49
7763;58
7764;39
7765;80
7766;72
7767;36
7768;22
7769;5
7770;16
7771;9
7772;69
7773;28
7774;74
7775;85
7776;68
7777;50
7778;47
7779;64
7780;6
7781;71
7782;55
7783;28
7784;30
7785;73
7786;75
7787;58
7788;53
7789;33
7790;46
7791;16
7792;4
7793;49
7794;30
7795;14
7796;18
7797;39
7798;57
7799;11
7800;11
7801;11
7802;27
7803;81
7804;34
7805;18
7806;17
7807;22
7808;57
7809;48
7810;12
7811;17
7812;80
7813;61
7814;58
7815;46
7816;8
7817;12
7818;64
7819;29
7820;35
7821;17
7822;4
7823;51
7824;56
7825;72
7826;49
7827;64
7828;11
7829;14
7830;75
7831;26
7832;52
7833;12
7834;9
7835;10
7836;6
7837;39
7838;36
7839;17
7840;4
7841;5
7842;73
7843;66
7844;63
7845;34
7846;44
7847;44
7848;3
7849;15
7850;51
7851;81
7852;50
7853;55
7854;49
7855;31
7856;57
7857;67
7858;28
7859;51
7860;29
7861;50
7862;74
7863;68
7864;72
7865;51
7866;44
7867;58
7868;38
7869;38
7870;3
7871;13
7872;45
7873;33
7874;5
7875;16
7876;4
7877;53
7878;27
7879;34
7880;47
7881;4
7882;8
7883;41
7884;62
7885;18
7886;18
7887;58
7888;73
7889;44
7890;44
7891;8
7892;0
7893;29
7894;59
7895;57
7896;31
7897;18
7898;17
7899;93
7900;53
7901;42
7902;36
7903;16
7904;7
7905;34
7906;58
7907;46
7908;93
7909;71
7910;21
7911;53
7912;85
7913;52
7914;50
7915;30
7916;16
7917;17
7918;85
7919;64
7920;55
7921;51
7922;38
7923;70
7924;24
7925;25
7926;57
7927;32
7928;18
7929;40
7930;28
7931;6
7932;3
7933;33
7934;55
7935;6
7936;10
7937;68
7938;52
7939;47
7940;36
7941;4
7942;5
7943;72
7944;37
7945;34
7946;12
7947;1
7948;37
7949;47
7950;85
7951;51
7952;66
7953;53
7954;64
7955;41
7956;16
7957;12
7958;85
7959;48
7960;50
7961;45
7962;63
7963;50
7964;26
7965;2
7966;15
7967;78
7968;53
7969;76
7970;77
7971;31
7972;54
7973;11
7974;6
7975;86
7976;92
7977;99
7978;89
7979;67
7980;82
7981;103
7982;88
7983;105
7984;80
7985;89
7986;98
7987;82
7988;88
7989;73
7990;83
7991;85
7992;75
7993;86
7994;78
7995;74
7996;104
7997;92
7998;96
7999;84
8000;85
8001;75
8002;75
8003;76
8004;78
8005;95
8006;85
8007;80
8008;85
8009;79
8010;100
8011;89
8012;104
8013;98
8014;103
8015;99
8016;83
8017;104
8018;80
8019;95
8020;87
8021;99
8022;83
8023;83
8024;91
8025;97
8026;96
8027;74
8028;88
8029;86
8030;105
8031;94
8032;82
8033;88
8034;101
8035;97
8036;77
8037;80
8038;96
8039;103
8040;88
8041;84
8042;93
8043;86
8044;81
8045;91
8046;86
8047;92
