1;58
2;63
3;15
4;18
5;47
6;24
7;66
8;87
9;46
10;13
11;64
12;57
13;19
14;59
15;59
16;53
17;69
18;65
19;88
20;51
21;54
22;9
23;69
24;22
25;53
26;93
27;24
28;41
29;58
30;63
31;46
32;7
33;14
34;9
35;60
36;71
37;21
38;49
39;73
40;53
41;51
42;51
43;47
44;68
45;52
46;85
47;91
48;70
49;83
50;23
51;57
52;67
53;49
54;79
55;61
56;62
57;30
58;66
59;57
60;53
61;78
62;49
63;22
64;20
65;52
66;77
67;30
68;31
69;42
70;23
71;51
72;61
73;18
74;7
75;56
76;71
77;55
78;42
79;7
80;78
81;67
82;63
83;64
84;26
85;62
86;85
87;22
88;57
89;57
90;17
91;12
92;81
93;53
94;73
95;60
96;81
97;86
98;27
99;70
100;21
101;35
102;72
103;72
104;87
105;23
106;55
107;22
108;53
109;40
110;33
111;6
112;41
113;43
114;46
115;13
116;15
117;52
118;67
119;24
120;62
121;39
122;60
123;65
124;26
125;61
126;18
127;18
128;74
129;47
130;19
131;60
132;59
133;57
134;32
135;55
136;67
137;59
138;44
139;66
140;26
141;42
142;15
143;1
144;40
145;21
146;86
147;52
148;51
149;73
150;59
151;21
152;24
153;56
154;40
155;10
156;11
157;17
158;55
159;31
160;15
161;18
162;82
163;65
164;47
165;56
166;18
167;64
168;9
169;12
170;65
171;36
172;76
173;79
174;92
175;48
176;56
177;55
178;57
179;53
180;58
181;41
182;37
183;9
184;57
185;40
186;55
187;59
188;57
189;46
190;92
191;68
192;70
193;50
194;33
195;47
196;46
197;10
198;28
199;43
200;13
201;21
202;64
203;57
204;50
205;16
206;73
207;59
208;42
209;16
210;11
211;47
212;70
213;69
214;89
215;22
216;39
217;65
218;75
219;58
220;20
221;52
222;35
223;75
224;66
225;69
226;43
227;27
228;0
229;5
230;29
231;84
232;68
233;33
234;31
235;14
236;15
237;55
238;40
239;37
240;6
241;22
242;78
243;60
244;74
245;24
246;28
247;5
248;9
249;52
250;38
251;11
252;3
253;31
254;49
255;7
256;2
257;52
258;55
259;37
260;35
261;4
262;5
263;77
264;21
265;32
266;54
267;80
268;91
269;57
270;61
271;45
272;16
273;15
274;69
275;76
276;76
277;67
278;73
279;53
280;45
281;34
282;28
283;2
284;13
285;72
286;63
287;62
288;38
289;39
290;16
291;16
292;18
293;87
294;60
295;27
296;33
297;15
298;7
299;39
300;31
301;90
302;59
303;58
304;36
305;62
306;16
307;7
308;58
309;57
310;55
311;69
312;57
313;40
314;21
315;41
316;71
317;67
318;57
319;25
320;32
321;55
322;24
323;36
324;82
325;52
326;67
327;45
328;42
329;84
330;89
331;75
332;54
333;64
334;76
335;67
336;31
337;53
338;72
339;75
340;82
341;19
342;50
343;20
344;56
345;21
346;77
347;19
348;63
349;33
350;35
351;44
352;31
353;43
354;30
355;26
356;67
357;31
358;41
359;0
360;5
361;33
362;13
363;52
364;9
365;49
366;19
367;20
368;49
369;74
370;74
371;78
372;60
373;52
374;57
375;71
376;48
377;27
378;5
379;46
380;85
381;37
382;24
383;79
384;72
385;63
386;21
387;66
388;58
389;84
390;76
391;50
392;75
393;53
394;21
395;50
396;70
397;46
398;20
399;62
400;47
401;79
402;79
403;63
404;15
405;48
406;70
407;43
408;75
409;72
410;61
411;52
412;58
413;65
414;59
415;14
416;15
417;32
418;56
419;14
420;15
421;78
422;63
423;40
424;45
425;10
426;15
427;71
428;49
429;57
430;53
431;75
432;80
433;53
434;46
435;16
436;25
437;97
438;63
439;71
440;69
441;58
442;68
443;22
444;46
445;78
446;63
447;74
448;51
449;31
450;77
451;67
452;21
453;23
454;31
455;2
456;76
457;20
458;32
459;47
460;17
461;31
462;59
463;13
464;31
465;42
466;15
467;15
468;69
469;55
470;75
471;71
472;24
473;29
474;9
475;59
476;78
477;24
478;61
479;83
480;52
481;50
482;58
483;59
484;55
485;57
486;71
487;52
488;62
489;64
490;37
491;18
492;7
493;60
494;55
495;41
496;60
497;17
498;11
499;52
500;65
501;37
502;33
503;27
504;83
505;36
506;39
507;18
508;15
509;53
510;26
511;55
512;80
513;66
514;31
515;7
516;16
517;85
518;48
519;58
520;78
521;63
522;63
523;94
524;29
525;37
526;76
527;64
528;72
529;33
530;4
531;0
532;0
533;53
534;76
535;55
536;48
537;82
538;40
539;54
540;8
541;12
542;27
543;34
544;15
545;17
546;59
547;35
548;6
549;6
550;42
551;33
552;18
553;12
554;81
555;54
556;61
557;68
558;26
559;54
560;19
561;70
562;37
563;74
564;61
565;52
566;69
567;61
568;62
569;54
570;51
571;41
572;18
573;65
574;78
575;60
576;27
577;93
578;54
579;92
580;76
581;56
582;30
583;27
584;47
585;56
586;48
587;51
588;6
589;12
590;14
591;52
592;68
593;67
594;57
595;58
596;67
597;55
598;59
599;46
600;47
601;49
602;21
603;4
604;2
605;40
606;21
607;16
608;50
609;43
610;9
611;15
612;16
613;35
614;38
615;1
616;48
617;46
618;32
619;33
620;33
621;11
622;32
623;21
624;50
625;66
626;80
627;57
628;48
629;59
630;18
631;16
632;51
633;50
634;8
635;26
636;48
637;12
638;13
639;22
640;52
641;46
642;69
643;59
644;56
645;87
646;52
647;60
648;57
649;71
650;79
651;85
652;62
653;27
654;45
655;7
656;16
657;86
658;46
659;53
660;58
661;8
662;52
663;40
664;58
665;41
666;75
667;62
668;48
669;65
670;35
671;52
672;52
673;60
674;71
675;53
676;37
677;59
678;76
679;61
680;63
681;79
682;55
683;67
684;36
685;39
686;5
687;13
688;35
689;70
690;58
691;31
692;83
693;65
694;39
695;60
696;50
697;52
698;13
699;18
700;17
701;64
702;59
703;64
704;49
705;27
706;40
707;54
708;7
709;82
710;49
711;60
712;48
713;70
714;51
715;7
716;26
717;73
718;47
719;52
720;52
721;46
722;6
723;18
724;12
725;82
726;72
727;21
728;13
729;81
730;53
731;23
732;24
733;69
734;29
735;59
736;49
737;78
738;52
739;55
740;36
741;12
742;59
743;70
744;47
745;52
746;8
747;18
748;8
749;49
750;29
751;72
752;26
753;69
754;44
755;28
756;2
757;33
758;72
759;51
760;59
761;71
762;22
763;40
764;18
765;79
766;24
767;45
768;51
769;45
770;32
771;37
772;1
773;10
774;27
775;4
776;16
777;5
778;60
779;35
780;7
781;16
782;70
783;32
784;32
785;4
786;61
787;54
788;84
789;64
790;67
791;60
792;40
793;8
794;60
795;53
796;68
797;25
798;59
799;20
800;60
801;31
802;9
803;14
804;51
805;61
806;52
807;67
808;58
809;18
810;21
811;87
812;64
813;53
814;61
815;35
816;30
817;7
818;2
819;73
820;86
821;46
822;66
823;70
824;65
825;30
826;58
827;92
828;55
829;61
830;52
831;71
832;63
833;58
834;97
835;55
836;68
837;31
838;42
839;54
840;62
841;47
842;47
843;32
844;2
845;2
846;4
847;5
848;56
849;76
850;75
851;49
852;33
853;5
854;3
855;59
856;38
857;35
858;44
859;45
860;22
861;61
862;81
863;33
864;44
865;58
866;44
867;62
868;55
869;44
870;24
871;36
872;54
873;11
874;9
875;79
876;65
877;71
878;38
879;42
880;45
881;17
882;64
883;91
884;67
885;19
886;77
887;45
888;47
889;61
890;26
891;22
892;29
893;71
894;59
895;50
896;11
897;9
898;49
899;50
900;37
901;60
902;70
903;48
904;53
905;43
906;26
907;21
908;4
909;50
910;18
911;85
912;57
913;65
914;69
915;61
916;50
917;32
918;59
919;41
920;76
921;41
922;69
923;24
924;33
925;46
926;1
927;8
928;6
929;70
930;60
931;28
932;51
933;29
934;45
935;80
936;54
937;25
938;46
939;37
940;6
941;11
942;66
943;63
944;43
945;19
946;52
947;19
948;20
949;52
950;58
951;47
952;63
953;18
954;17
955;92
956;54
957;71
958;55
959;46
960;27
961;7
962;14
963;29
964;46
965;20
966;57
967;75
968;72
969;46
970;40
971;17
972;44
973;52
974;73
975;76
976;88
977;61
978;69
979;75
980;46
981;62
982;52
983;40
984;48
985;96
986;23
987;66
988;57
989;73
990;24
991;36
992;6
993;5
994;33
995;8
996;12
997;47
998;75
999;86
1000;63
1001;28
1002;79
1003;56
1004;53
1005;48
1006;48
1007;30
1008;16
1009;7
1010;55
1011;34
1012;35
1013;16
1014;12
1015;33
1016;22
1017;28
1018;62
1019;63
1020;27
1021;58
1022;54
1023;63
1024;80
1025;62
1026;28
1027;15
1028;13
1029;85
1030;28
1031;82
1032;68
1033;76
1034;69
1035;60
1036;57
1037;58
1038;36
1039;36
1040;16
1041;11
1042;74
1043;61
1044;31
1045;36
1046;18
1047;44
1048;73
1049;54
1050;42
1051;41
1052;10
1053;69
1054;50
1055;22
1056;35
1057;57
1058;28
1059;70
1060;75
1061;84
1062;42
1063;50
1064;33
1065;18
1066;17
1067;59
1068;68
1069;84
1070;71
1071;22
1072;66
1073;62
1074;20
1075;59
1076;70
1077;29
1078;59
1079;68
1080;66
1081;67
1082;73
1083;50
1084;58
1085;74
1086;70
1087;60
1088;70
1089;49
1090;58
1091;41
1092;53
1093;51
1094;28
1095;44
1096;13
1097;16
1098;18
1099;26
1100;32
1101;2
1102;19
1103;69
1104;44
1105;78
1106;55
1107;56
1108;65
1109;28
1110;57
1111;54
1112;62
1113;48
1114;62
1115;71
1116;64
1117;63
1118;21
1119;41
1120;80
1121;54
1122;65
1123;60
1124;37
1125;54
1126;50
1127;24
1128;27
1129;93
1130;84
1131;46
1132;69
1133;42
1134;49
1135;2
1136;8
1137;1
1138;69
1139;59
1140;76
1141;62
1142;47
1143;18
1144;59
1145;48
1146;72
1147;55
1148;80
1149;54
1150;74
1151;65
1152;69
1153;41
1154;73
1155;66
1156;71
1157;62
1158;64
1159;8
1160;6
1161;41
1162;31
1163;8
1164;14
1165;16
1166;7
1167;76
1168;60
1169;64
1170;40
1171;51
1172;52
1173;11
1174;18
1175;7
1176;61
1177;60
1178;69
1179;60
1180;68
1181;57
1182;56
1183;57
1184;54
1185;31
1186;91
1187;49
1188;54
1189;21
1190;77
1191;76
1192;40
1193;40
1194;59
1195;12
1196;60
1197;44
1198;33
1199;23
1200;87
1201;43
1202;55
1203;16
1204;12
1205;70
1206;35
1207;32
1208;6
1209;25
1210;61
1211;76
1212;82
1213;78
1214;45
1215;6
1216;53
1217;56
1218;70
1219;23
1220;67
1221;85
1222;60
1223;69
1224;65
1225;49
1226;64
1227;20
1228;23
1229;21
1230;41
1231;47
1232;71
1233;49
1234;45
1235;10
1236;17
1237;85
1238;38
1239;30
1240;14
1241;9
1242;48
1243;11
1244;64
1245;16
1246;13
1247;52
1248;61
1249;16
1250;15
1251;36
1252;61
1253;16
1254;6
1255;52
1256;50
1257;75
1258;54
1259;49
1260;86
1261;33
1262;24
1263;66
1264;83
1265;65
1266;51
1267;33
1268;7
1269;71
1270;66
1271;63
1272;69
1273;61
1274;56
1275;21
1276;44
1277;58
1278;44
1279;32
1280;12
1281;17
1282;27
1283;31
1284;52
1285;34
1286;49
1287;49
1288;12
1289;12
1290;73
1291;20
1292;45
1293;31
1294;2
1295;16
1296;17
1297;3
1298;4
1299;0
1300;34
1301;33
1302;8
1303;2
1304;35
1305;22
1306;23
1307;78
1308;75
1309;25
1310;21
1311;27
1312;1
1313;8
1314;53
1315;51
1316;32
1317;9
1318;15
1319;35
1320;84
1321;64
1322;37
1323;51
1324;11
1325;16
1326;24
1327;39
1328;90
1329;50
1330;46
1331;44
1332;81
1333;25
1334;78
1335;40
1336;53
1337;6
1338;8
1339;6
1340;39
1341;35
1342;89
1343;35
1344;28
1345;32
1346;26
1347;41
1348;74
1349;45
1350;45
1351;47
1352;13
1353;17
1354;14
1355;52
1356;69
1357;26
1358;88
1359;41
1360;69
1361;92
1362;56
1363;64
1364;83
1365;49
1366;25
1367;59
1368;85
1369;51
1370;54
1371;66
1372;57
1373;47
1374;25
1375;46
1376;51
1377;55
1378;42
1379;17
1380;7
1381;17
1382;58
1383;46
1384;16
1385;10
1386;71
1387;62
1388;74
1389;66
1390;90
1391;64
1392;14
1393;13
1394;66
1395;20
1396;53
1397;41
1398;54
1399;28
1400;45
1401;18
1402;1
1403;84
1404;36
1405;62
1406;59
1407;57
1408;7
1409;12
1410;34
1411;46
1412;47
1413;27
1414;45
1415;18
1416;0
1417;47
1418;14
1419;13
1420;84
1421;23
1422;21
1423;23
1424;2
1425;5
1426;72
1427;67
1428;63
1429;51
1430;44
1431;26
1432;31
1433;36
1434;42
1435;84
1436;49
1437;83
1438;38
1439;35
1440;18
1441;9
1442;12
1443;46
1444;78
1445;43
1446;24
1447;2
1448;2
1449;55
1450;63
1451;54
1452;63
1453;84
1454;53
1455;60
1456;34
1457;69
1458;21
1459;32
1460;44
1461;46
1462;65
1463;50
1464;29
1465;40
1466;61
1467;47
1468;47
1469;51
1470;59
1471;83
1472;85
1473;49
1474;58
1475;62
1476;69
1477;68
1478;59
1479;68
1480;51
1481;60
1482;41
1483;47
1484;66
1485;19
1486;76
1487;47
1488;50
1489;80
1490;71
1491;76
1492;59
1493;52
1494;38
1495;43
1496;3
1497;7
1498;80
1499;53
1500;23
1501;60
1502;79
1503;60
1504;50
1505;60
1506;37
1507;20
1508;64
1509;52
1510;51
1511;80
1512;62
1513;32
1514;18
1515;76
1516;51
1517;82
1518;24
1519;68
1520;54
1521;64
1522;69
1523;44
1524;40
1525;47
1526;77
1527;21
1528;4
1529;30
1530;14
1531;16
1532;24
1533;32
1534;41
1535;9
1536;16
1537;49
1538;69
1539;74
1540;66
1541;72
1542;83
1543;69
1544;46
1545;55
1546;45
1547;52
1548;72
1549;65
1550;52
1551;59
1552;51
1553;80
1554;71
1555;38
1556;49
1557;5
1558;16
1559;59
1560;74
1561;74
1562;62
1563;50
1564;49
1565;16
1566;18
1567;46
1568;84
1569;58
1570;57
1571;59
1572;50
1573;14
1574;25
1575;78
1576;21
1577;22
1578;85
1579;48
1580;51
1581;9
1582;10
1583;6
1584;57
1585;70
1586;58
1587;58
1588;11
1589;64
1590;46
1591;36
1592;14
1593;8
1594;16
1595;87
1596;63
1597;65
1598;27
1599;53
1600;26
1601;66
1602;60
1603;25
1604;26
1605;65
1606;47
1607;73
1608;60
1609;40
1610;6
1611;16
1612;82
1613;71
1614;24
1615;35
1616;23
1617;84
1618;54
1619;60
1620;52
1621;59
1622;54
1623;45
1624;52
1625;41
1626;18
1627;68
1628;51
1629;51
1630;43
1631;19
1632;27
1633;20
1634;47
1635;27
1636;91
1637;48
1638;54
1639;14
1640;16
1641;17
1642;82
1643;76
1644;31
1645;51
1646;8
1647;13
1648;17
1649;73
1650;39
1651;51
1652;7
1653;16
1654;18
1655;32
1656;39
1657;2
1658;41
1659;80
1660;52
1661;49
1662;82
1663;57
1664;46
1665;56
1666;38
1667;25
1668;85
1669;62
1670;55
1671;25
1672;21
1673;52
1674;39
1675;69
1676;76
1677;71
1678;49
1679;48
1680;92
1681;65
1682;35
1683;71
1684;33
1685;43
1686;51
1687;12
1688;8
1689;62
1690;16
1691;32
1692;50
1693;77
1694;69
1695;75
1696;54
1697;88
1698;24
1699;82
1700;64
1701;49
1702;61
1703;58
1704;61
1705;47
1706;47
1707;13
1708;13
1709;65
1710;36
1711;36
1712;5
1713;50
1714;67
1715;40
1716;16
1717;7
1718;50
1719;74
1720;79
1721;40
1722;57
1723;90
1724;51
1725;69
1726;67
1727;23
1728;79
1729;24
1730;38
1731;4
1732;5
1733;54
1734;74
1735;61
1736;54
1737;6
1738;14
1739;19
1740;43
1741;0
1742;15
1743;34
1744;57
1745;59
1746;58
1747;65
1748;37
1749;14
1750;27
1751;67
1752;28
1753;33
1754;2
1755;4
1756;41
1757;59
1758;9
1759;17
1760;8
1761;51
1762;55
1763;53
1764;24
1765;33
1766;45
1767;13
1768;18
1769;51
1770;59
1771;37
1772;66
1773;47
1774;24
1775;71
1776;53
1777;58
1778;53
1779;77
1780;66
1781;78
1782;74
1783;75
1784;24
1785;44
1786;31
1787;58
1788;46
1789;64
1790;31
1791;45
1792;4
1793;1
1794;58
1795;13
1796;31
1797;88
1798;77
1799;44
1800;63
1801;66
1802;82
1803;73
1804;76
1805;49
1806;28
1807;5
1808;10
1809;52
1810;44
1811;62
1812;51
1813;62
1814;39
1815;65
1816;63
1817;14
1818;29
1819;33
1820;49
1821;17
1822;45
1823;66
1824;25
1825;78
1826;39
1827;62
1828;41
1829;15
1830;9
1831;29
1832;65
1833;77
1834;49
1835;69
1836;26
1837;37
1838;0
1839;10
1840;41
1841;48
1842;36
1843;42
1844;13
1845;11
1846;74
1847;85
1848;44
1849;56
1850;65
1851;23
1852;54
1853;45
1854;28
1855;13
1856;15
1857;54
1858;36
1859;44
1860;67
1861;40
1862;7
1863;3
1864;55
1865;7
1866;22
1867;75
1868;80
1869;78
1870;22
1871;30
1872;45
1873;70
1874;62
1875;68
1876;59
1877;49
1878;40
1879;20
1880;20
1881;26
1882;20
1883;21
1884;45
1885;21
1886;98
1887;69
1888;60
1889;34
1890;7
1891;42
1892;58
1893;74
1894;24
1895;20
1896;61
1897;77
1898;62
1899;10
1900;52
1901;40
1902;17
1903;6
1904;46
1905;59
1906;77
1907;63
1908;41
1909;25
1910;24
1911;32
1912;26
1913;47
1914;16
1915;10
1916;12
1917;23
1918;35
1919;62
1920;46
1921;55
1922;74
1923;58
1924;65
1925;59
1926;57
1927;68
1928;44
1929;7
1930;57
1931;67
1932;56
1933;84
1934;41
1935;63
1936;34
1937;21
1938;24
1939;71
1940;69
1941;42
1942;62
1943;57
1944;69
1945;70
1946;81
1947;33
1948;32
1949;15
1950;10
1951;71
1952;56
1953;71
1954;33
1955;54
1956;51
1957;54
1958;58
1959;54
1960;7
1961;17
1962;36
1963;40
1964;3
1965;5
1966;44
1967;32
1968;15
1969;14
1970;69
1971;81
1972;34
1973;63
1974;8
1975;11
1976;14
1977;48
1978;77
1979;63
1980;64
1981;73
1982;68
1983;83
1984;87
1985;26
1986;87
1987;63
1988;44
1989;71
1990;85
1991;56
1992;59
1993;43
1994;54
1995;64
1996;54
1997;15
1998;10
1999;43
2000;43
2001;9
2002;8
2003;28
2004;87
2005;44
2006;27
2007;63
2008;49
2009;13
2010;12
2011;14
2012;43
2013;30
2014;40
2015;14
2016;21
2017;25
2018;53
2019;21
2020;56
2021;51
2022;67
2023;61
2024;38
2025;57
2026;8
2027;16
2028;50
2029;44
2030;13
2031;17
2032;42
2033;46
2034;5
2035;2
2036;46
2037;50
2038;10
2039;14
2040;60
2041;24
2042;41
2043;66
2044;45
2045;80
2046;59
2047;22
2048;74
2049;69
2050;74
2051;68
2052;27
2053;54
2054;26
2055;75
2056;39
2057;21
2058;50
2059;59
2060;51
2061;60
2062;81
2063;52
2064;64
2065;40
2066;47
2067;33
2068;65
2069;84
2070;24
2071;59
2072;54
2073;48
2074;25
2075;22
2076;51
2077;62
2078;54
2079;33
2080;18
2081;39
2082;67
2083;63
2084;72
2085;26
2086;57
2087;63
2088;62
2089;63
2090;76
2091;25
2092;64
2093;58
2094;51
2095;73
2096;20
2097;40
2098;78
2099;61
2100;47
2101;53
2102;23
2103;63
2104;69
2105;58
2106;85
2107;56
2108;89
2109;82
2110;64
2111;67
2112;39
2113;81
2114;61
2115;75
2116;24
2117;43
2118;18
2119;14
2120;75
2121;51
2122;55
2123;57
2124;9
2125;15
2126;40
2127;24
2128;47
2129;67
2130;69
2131;54
2132;62
2133;52
2134;63
2135;74
2136;55
2137;70
2138;79
2139;21
2140;43
2141;41
2142;14
2143;18
2144;41
2145;52
2146;12
2147;12
2148;26
2149;14
2150;9
2151;30
2152;24
2153;72
2154;28
2155;67
2156;85
2157;21
2158;53
2159;44
2160;40
2161;16
2162;15
2163;21
2164;32
2165;82
2166;78
2167;64
2168;89
2169;74
2170;62
2171;51
2172;38
2173;33
2174;6
2175;6
2176;60
2177;58
2178;71
2179;48
2180;76
2181;54
2182;26
2183;61
2184;47
2185;77
2186;69
2187;45
2188;11
2189;13
2190;63
2191;52
2192;20
2193;70
2194;46
2195;25
2196;65
2197;75
2198;19
2199;53
2200;63
2201;62
2202;35
2203;44
2204;49
2205;8
2206;84
2207;68
2208;48
2209;69
2210;75
2211;19
2212;60
2213;76
2214;73
2215;74
2216;69
2217;46
2218;15
2219;33
2220;49
2221;8
2222;0
2223;0
2224;28
2225;63
2226;46
2227;41
2228;15
2229;6
2230;8
2231;32
2232;50
2233;16
2234;84
2235;53
2236;76
2237;61
2238;46
2239;89
2240;69
2241;21
2242;32
2243;62
2244;70
2245;62
2246;19
2247;75
2248;73
2249;70
2250;68
2251;44
2252;62
2253;59
2254;27
2255;32
2256;49
2257;44
2258;18
2259;14
2260;29
2261;19
2262;65
2263;47
2264;64
2265;39
2266;83
2267;70
2268;70
2269;64
2270;42
2271;38
2272;2
2273;4
2274;31
2275;33
2276;17
2277;18
2278;71
2279;53
2280;64
2281;20
2282;66
2283;35
2284;26
2285;46
2286;96
2287;45
2288;60
2289;65
2290;59
2291;56
2292;66
2293;76
2294;92
2295;53
2296;49
2297;54
2298;55
2299;59
2300;83
2301;62
2302;58
2303;31
2304;35
2305;1
2306;7
2307;36
2308;37
2309;57
2310;12
2311;14
2312;17
2313;28
2314;61
2315;17
2316;45
2317;41
2318;71
2319;66
2320;56
2321;71
2322;58
2323;78
2324;37
2325;47
2326;69
2327;48
2328;54
2329;71
2330;92
2331;36
2332;26
2333;64
2334;18
2335;10
2336;69
2337;65
2338;68
2339;69
2340;84
2341;65
2342;25
2343;56
2344;47
2345;16
2346;13
2347;13
2348;21
2349;42
2350;14
2351;58
2352;60
2353;48
2354;63
2355;12
2356;51
2357;23
2358;33
2359;51
2360;83
2361;50
2362;53
2363;68
2364;81
2365;66
2366;25
2367;11
2368;64
2369;79
2370;39
2371;32
2372;3
2373;53
2374;24
2375;30
2376;68
2377;70
2378;70
2379;42
2380;47
2381;67
2382;34
2383;87
2384;40
2385;53
2386;40
2387;54
2388;61
2389;37
2390;33
2391;45
2392;16
2393;50
2394;59
2395;7
2396;63
2397;43
2398;11
2399;11
2400;42
2401;90
2402;83
2403;52
2404;40
2405;43
2406;53
2407;57
2408;25
2409;55
2410;38
2411;44
2412;34
2413;3
2414;5
2415;53
2416;29
2417;50
2418;71
2419;24
2420;23
2421;52
2422;77
2423;63
2424;61
2425;77
2426;56
2427;51
2428;55
2429;80
2430;23
2431;64
2432;47
2433;62
2434;53
2435;37
2436;31
2437;10
2438;9
2439;50
2440;52
2441;26
2442;47
2443;6
2444;30
2445;51
2446;51
2447;16
2448;14
2449;64
2450;63
2451;54
2452;11
2453;13
2454;22
2455;13
2456;5
2457;26
2458;45
2459;42
2460;10
2461;8
2462;8
2463;66
2464;20
2465;69
2466;80
2467;25
2468;46
2469;60
2470;71
2471;73
2472;53
2473;54
2474;17
2475;17
2476;6
2477;79
2478;68
2479;68
2480;20
2481;21
2482;53
2483;73
2484;59
2485;61
2486;46
2487;23
2488;5
2489;12
2490;23
2491;61
2492;73
2493;53
2494;86
2495;82
2496;20
2497;21
2498;60
2499;43
2500;69
2501;64
2502;47
2503;26
2504;13
2505;0
2506;57
2507;66
2508;59
2509;65
2510;92
2511;73
2512;35
2513;26
2514;82
2515;91
2516;22
2517;65
2518;50
2519;67
2520;46
2521;71
2522;62
2523;45
2524;56
2525;17
2526;13
2527;57
2528;58
2529;37
2530;11
2531;9
2532;32
2533;7
2534;74
2535;69
2536;35
2537;86
2538;40
2539;43
2540;16
2541;9
2542;94
2543;64
2544;63
2545;43
2546;15
2547;55
2548;51
2549;33
2550;31
2551;1
2552;4
2553;47
2554;67
2555;34
2556;19
2557;39
2558;54
2559;6
2560;65
2561;63
2562;47
2563;17
2564;9
2565;65
2566;63
2567;36
2568;61
2569;59
2570;45
2571;13
2572;53
2573;78
2574;46
2575;57
2576;44
2577;56
2578;32
2579;41
2580;44
2581;8
2582;11
2583;13
2584;1
2585;78
2586;51
2587;69
2588;77
2589;62
2590;41
2591;50
2592;53
2593;39
2594;44
2595;2
2596;17
2597;4
2598;15
2599;65
2600;63
2601;26
2602;33
2603;40
2604;3
2605;5
2606;54
2607;50
2608;33
2609;52
2610;61
2611;69
2612;67
2613;60
2614;52
2615;26
2616;33
2617;29
2618;16
2619;59
2620;74
2621;76
2622;40
2623;67
2624;21
2625;86
2626;25
2627;32
2628;84
2629;19
2630;27
2631;57
2632;64
2633;52
2634;61
2635;56
2636;60
2637;58
2638;18
2639;33
2640;69
2641;62
2642;74
2643;20
2644;68
2645;44
2646;48
2647;13
2648;58
2649;25
2650;53
2651;59
2652;50
2653;18
2654;7
2655;6
2656;10
2657;55
2658;55
2659;33
2660;17
2661;13
2662;52
2663;47
2664;65
2665;57
2666;42
2667;11
2668;18
2669;71
2670;99
2671;54
2672;74
2673;70
2674;55
2675;58
2676;73
2677;69
2678;62
2679;49
2680;59
2681;57
2682;75
2683;56
2684;47
2685;58
2686;48
2687;47
2688;5
2689;10
2690;5
2691;89
2692;92
2693;30
2694;59
2695;15
2696;11
2697;10
2698;43
2699;28
2700;11
2701;59
2702;47
2703;78
2704;59
2705;18
2706;53
2707;60
2708;81
2709;65
2710;68
2711;68
2712;57
2713;30
2714;49
2715;16
2716;12
2717;10
2718;59
2719;25
2720;57
2721;79
2722;63
2723;72
2724;66
2725;51
2726;46
2727;64
2728;62
2729;9
2730;15
2731;54
2732;24
2733;58
2734;70
2735;63
2736;73
2737;53
2738;35
2739;47
2740;48
2741;44
2742;32
2743;8
2744;13
2745;46
2746;53
2747;62
2748;38
2749;54
2750;65
2751;51
2752;60
2753;23
2754;60
2755;92
2756;85
2757;36
2758;84
2759;49
2760;61
2761;61
2762;53
2763;49
2764;32
2765;38
2766;3
2767;5
2768;49
2769;18
2770;7
2771;26
2772;23
2773;10
2774;36
2775;56
2776;15
2777;15
2778;91
2779;39
2780;27
2781;13
2782;18
2783;18
2784;49
2785;39
2786;35
2787;66
2788;52
2789;76
2790;25
2791;40
2792;40
2793;1
2794;11
2795;55
2796;84
2797;70
2798;24
2799;35
2800;6
2801;17
2802;45
2803;45
2804;0
2805;2
2806;86
2807;58
2808;68
2809;62
2810;73
2811;51
2812;64
2813;61
2814;64
2815;26
2816;27
2817;22
2818;59
2819;75
2820;42
2821;51
2822;50
2823;8
2824;8
2825;55
2826;73
2827;72
2828;74
2829;24
2830;68
2831;23
2832;19
2833;45
2834;22
2835;68
2836;74
2837;63
2838;59
2839;51
2840;18
2841;14
2842;58
2843;67
2844;74
2845;57
2846;69
2847;53
2848;60
2849;27
2850;63
2851;18
2852;13
2853;52
2854;22
2855;35
2856;48
2857;10
2858;16
2859;44
2860;27
2861;24
2862;71
2863;57
2864;19
2865;56
2866;23
2867;53
2868;32
2869;8
2870;17
2871;81
2872;50
2873;48
2874;30
2875;6
2876;19
2877;58
2878;72
2879;45
2880;35
2881;47
2882;16
2883;54
2884;66
2885;48
2886;49
2887;74
2888;58
2889;23
2890;66
2891;66
2892;70
2893;59
2894;64
2895;60
2896;45
2897;10
2898;16
2899;53
2900;63
2901;36
2902;57
2903;25
2904;62
2905;24
2906;50
2907;60
2908;80
2909;64
2910;85
2911;57
2912;55
2913;53
2914;45
2915;18
2916;17
2917;25
2918;66
2919;24
2920;36
2921;22
2922;68
2923;85
2924;59
2925;55
2926;11
2927;9
2928;58
2929;47
2930;96
2931;25
2932;45
2933;2
2934;2
2935;62
2936;83
2937;23
2938;70
2939;60
2940;87
2941;91
2942;45
2943;69
2944;47
2945;50
2946;94
2947;66
2948;87
2949;38
2950;62
2951;47
2952;57
2953;63
2954;52
2955;11
2956;77
2957;42
2958;36
2959;82
2960;22
2961;46
2962;66
2963;29
2964;42
2965;37
2966;17
2967;17
2968;58
2969;52
2970;19
2971;23
2972;81
2973;26
2974;61
2975;47
2976;70
2977;79
2978;47
2979;70
2980;69
2981;48
2982;79
2983;25
2984;69
2985;59
2986;51
2987;66
2988;51
2989;72
2990;79
2991;34
2992;7
2993;13
2994;63
2995;60
2996;63
2997;53
2998;68
2999;85
3000;88
3001;62
3002;77
3003;80
3004;41
3005;45
3006;9
3007;10
3008;68
3009;59
3010;27
3011;6
3012;67
3013;75
3014;22
3015;50
3016;47
3017;26
3018;11
3019;35
3020;22
3021;4
3022;2
3023;42
3024;49
3025;14
3026;75
3027;59
3028;19
3029;47
3030;57
3031;46
3032;55
3033;46
3034;56
3035;58
3036;77
3037;73
3038;25
3039;66
3040;29
3041;73
3042;56
3043;74
3044;52
3045;80
3046;64
3047;44
3048;90
3049;47
3050;69
3051;55
3052;71
3053;24
3054;44
3055;66
3056;43
3057;41
3058;8
3059;11
3060;14
3061;75
3062;67
3063;80
3064;32
3065;27
3066;72
3067;76
3068;74
3069;43
3070;14
3071;16
3072;68
3073;53
3074;85
3075;70
3076;73
3077;23
3078;25
3079;64
3080;73
3081;35
3082;62
3083;34
3084;50
3085;63
3086;89
3087;60
3088;70
3089;70
3090;52
3091;32
3092;40
3093;44
3094;24
3095;4
3096;42
3097;65
3098;46
3099;70
3100;46
3101;69
3102;48
3103;32
3104;36
3105;48
3106;12
3107;12
3108;15
3109;17
3110;53
3111;75
3112;63
3113;67
3114;70
3115;55
3116;60
3117;51
3118;84
3119;41
3120;26
3121;79
3122;71
3123;76
3124;33
3125;73
3126;70
3127;68
3128;61
3129;86
3130;65
3131;30
3132;55
3133;54
3134;87
3135;81
3136;67
3137;76
3138;61
3139;68
3140;76
3141;55
3142;69
3143;38
3144;61
3145;18
3146;85
3147;19
3148;39
3149;56
3150;73
3151;66
3152;50
3153;60
3154;18
3155;12
3156;25
3157;53
3158;84
3159;87
3160;30
3161;35
3162;18
3163;11
3164;55
3165;71
3166;60
3167;60
3168;18
3169;13
3170;74
3171;60
3172;57
3173;23
3174;23
3175;51
3176;73
3177;50
3178;69
3179;67
3180;61
3181;65
3182;57
3183;83
3184;80
3185;37
3186;56
3187;54
3188;81
3189;85
3190;75
3191;53
3192;23
3193;80
3194;45
3195;48
3196;65
3197;78
3198;82
3199;39
3200;32
3201;12
3202;86
3203;80
3204;79
3205;45
3206;44
3207;3
3208;0
3209;28
3210;56
3211;76
3212;76
3213;22
3214;31
3215;56
3216;53
3217;87
3218;30
3219;37
3220;7
3221;10
3222;62
3223;82
3224;21
3225;73
3226;59
3227;83
3228;41
3229;54
3230;18
3231;92
3232;63
3233;67
3234;47
3235;55
3236;56
3237;29
3238;39
3239;7
3240;18
3241;40
3242;33
3243;8
3244;63
3245;50
3246;53
3247;69
3248;82
3249;43
3250;9
3251;20
3252;29
3253;51
3254;66
3255;71
3256;36
3257;15
3258;60
3259;36
3260;48
3261;2
3262;3
3263;47
3264;59
3265;26
3266;7
3267;4
3268;43
3269;76
3270;81
3271;62
3272;8
3273;58
3274;35
3275;52
3276;58
3277;16
3278;15
3279;7
3280;59
3281;42
3282;27
3283;22
3284;60
3285;67
3286;95
3287;47
3288;30
3289;38
3290;21
3291;27
3292;48
3293;9
3294;2
3295;2
3296;63
3297;64
3298;58
3299;29
3300;48
3301;55
3302;34
3303;62
3304;50
3305;57
3306;35
3307;65
3308;67
3309;50
3310;51
3311;54
3312;65
3313;60
3314;47
3315;18
3316;7
3317;71
3318;72
3319;23
3320;50
3321;16
3322;6
3323;33
3324;33
3325;69
3326;66
3327;23
3328;70
3329;87
3330;64
3331;49
3332;52
3333;91
3334;40
3335;45
3336;17
3337;18
3338;76
3339;66
3340;24
3341;58
3342;46
3343;68
3344;79
3345;74
3346;52
3347;10
3348;38
3349;52
3350;29
3351;78
3352;49
3353;79
3354;47
3355;69
3356;19
3357;61
3358;47
3359;54
3360;29
3361;56
3362;55
3363;57
3364;83
3365;68
3366;52
3367;52
3368;32
3369;63
3370;49
3371;78
3372;62
3373;35
3374;62
3375;30
3376;32
3377;27
3378;17
3379;14
3380;8
3381;71
3382;55
3383;52
3384;19
3385;48
3386;24
3387;44
3388;4
3389;5
3390;65
3391;68
3392;52
3393;74
3394;54
3395;38
3396;45
3397;4
3398;14
3399;11
3400;68
3401;53
3402;90
3403;61
3404;67
3405;80
3406;70
3407;43
3408;85
3409;72
3410;40
3411;53
3412;47
3413;15
3414;70
3415;73
3416;71
3417;52
3418;65
3419;49
3420;65
3421;28
3422;31
3423;25
3424;58
3425;58
3426;62
3427;76
3428;67
3429;51
3430;48
3431;14
3432;15
3433;61
3434;88
3435;26
3436;67
3437;85
3438;20
3439;19
3440;52
3441;66
3442;65
3443;29
3444;59
3445;81
3446;51
3447;42
3448;68
3449;32
3450;58
3451;76
3452;38
3453;57
3454;13
3455;71
3456;65
3457;71
3458;52
3459;36
3460;48
3461;43
3462;17
3463;10
3464;29
3465;50
3466;57
3467;65
3468;27
3469;67
3470;64
3471;72
3472;75
3473;23
3474;50
3475;56
3476;65
3477;45
3478;28
3479;18
3480;44
3481;37
3482;12
3483;14
3484;18
3485;67
3486;48
3487;48
3488;57
3489;65
3490;68
3491;61
3492;66
3493;64
3494;54
3495;49
3496;52
3497;65
3498;34
3499;24
3500;4
3501;17
3502;25
3503;42
3504;4
3505;60
3506;87
3507;68
3508;49
3509;29
3510;66
3511;68
3512;61
3513;61
3514;6
3515;15
3516;46
3517;41
3518;91
3519;23
3520;58
3521;75
3522;79
3523;44
3524;18
3525;48
3526;59
3527;61
3528;64
3529;45
3530;19
3531;10
3532;2
3533;63
3534;61
3535;18
3536;71
3537;60
3538;72
3539;58
3540;60
3541;20
3542;56
3543;85
3544;29
3545;59
3546;71
3547;74
3548;55
3549;74
3550;71
3551;46
3552;67
3553;87
3554;25
3555;59
3556;41
3557;30
3558;9
3559;8
3560;68
3561;55
3562;50
3563;41
3564;41
3565;30
3566;6
3567;8
3568;56
3569;82
3570;31
3571;52
3572;56
3573;97
3574;80
3575;61
3576;64
3577;40
3578;68
3579;72
3580;45
3581;60
3582;54
3583;55
3584;40
3585;61
3586;90
3587;27
3588;53
3589;68
3590;35
3591;35
3592;65
3593;56
3594;34
3595;25
3596;68
3597;61
3598;57
3599;41
3600;55
3601;17
3602;7
3603;54
3604;41
3605;81
3606;36
3607;30
3608;0
3609;14
3610;1
3611;50
3612;66
3613;48
3614;21
3615;25
3616;81
3617;47
3618;32
3619;62
3620;48
3621;62
3622;50
3623;36
3624;13
3625;10
3626;29
3627;55
3628;76
3629;51
3630;82
3631;32
3632;63
3633;62
3634;63
3635;77
3636;71
3637;58
3638;48
3639;53
3640;79
3641;25
3642;49
3643;38
3644;14
3645;15
3646;88
3647;20
3648;60
3649;50
3650;16
3651;10
3652;64
3653;30
3654;14
3655;47
3656;47
3657;13
3658;9
3659;68
3660;57
3661;65
3662;71
3663;23
3664;73
3665;65
3666;92
3667;71
3668;60
3669;65
3670;54
3671;57
3672;60
3673;33
3674;53
3675;68
3676;19
3677;54
3678;55
3679;57
3680;68
3681;51
3682;60
3683;62
3684;51
3685;66
3686;65
3687;41
3688;33
3689;16
3690;2
3691;1
3692;55
3693;55
3694;52
3695;57
3696;28
3697;44
3698;62
3699;63
3700;56
3701;75
3702;21
3703;42
3704;51
3705;60
3706;10
3707;7
3708;29
3709;51
3710;15
3711;60
3712;44
3713;11
3714;12
3715;86
3716;52
3717;45
3718;13
3719;13
3720;70
3721;32
3722;31
3723;14
3724;14
3725;53
3726;55
3727;47
3728;16
3729;84
3730;79
3731;33
3732;60
3733;8
3734;9
3735;33
3736;54
3737;60
3738;60
3739;64
3740;58
3741;73
3742;55
3743;33
3744;69
3745;74
3746;47
3747;28
3748;52
3749;50
3750;45
3751;27
3752;92
3753;69
3754;32
3755;23
3756;48
3757;20
3758;19
3759;40
3760;76
3761;70
3762;25
3763;51
3764;88
3765;68
3766;49
3767;33
3768;18
3769;71
3770;66
3771;76
3772;39
3773;33
3774;45
3775;13
3776;60
3777;62
3778;64
3779;47
3780;14
3781;8
3782;71
3783;53
3784;49
3785;63
3786;52
3787;52
3788;51
3789;55
3790;52
3791;43
3792;72
3793;54
3794;31
3795;45
3796;24
3797;76
3798;67
3799;43
3800;43
3801;43
3802;0
3803;9
3804;80
3805;69
3806;74
3807;27
3808;61
3809;52
3810;65
3811;45
3812;55
3813;57
3814;40
3815;48
3816;17
3817;6
3818;8
3819;62
3820;67
3821;52
3822;6
3823;8
3824;56
3825;62
3826;75
3827;53
3828;50
3829;20
3830;93
3831;68
3832;71
3833;76
3834;47
3835;43
3836;48
3837;9
3838;14
3839;1
3840;59
3841;39
3842;51
3843;72
3844;51
3845;51
3846;64
3847;49
3848;7
3849;59
3850;36
3851;37
3852;0
3853;5
3854;14
3855;56
3856;61
3857;78
3858;22
3859;76
3860;19
3861;72
3862;42
3863;84
3864;68
3865;44
3866;48
3867;38
3868;2
3869;16
3870;45
3871;34
3872;15
3873;79
3874;43
3875;25
3876;0
3877;8
3878;90
3879;62
3880;24
3881;64
3882;31
3883;63
3884;97
3885;37
3886;69
3887;76
3888;34
3889;10
3890;72
3891;87
3892;60
3893;38
3894;38
3895;13
3896;9
3897;72
3898;63
3899;55
3900;72
3901;52
3902;51
3903;8
3904;52
3905;7
3906;53
3907;44
3908;53
3909;9
3910;16
3911;26
3912;77
3913;21
3914;30
3915;70
3916;60
3917;43
3918;77
3919;75
3920;80
3921;46
3922;80
3923;37
3924;28
3925;9
3926;55
3927;79
3928;41
3929;61
3930;64
3931;73
3932;40
3933;50
3934;13
3935;14
3936;25
3937;87
3938;61
3939;56
3940;55
3941;49
3942;6
3943;11
3944;69
3945;67
3946;77
3947;21
3948;46
3949;41
3950;38
3951;14
3952;1
3953;46
3954;31
3955;93
3956;70
3957;59
3958;56
3959;65
3960;41
3961;17
3962;1
3963;91
3964;86
3965;25
3966;82
3967;69
3968;58
3969;80
3970;58
3971;57
3972;60
3973;61
3974;77
3975;75
3976;52
3977;74
3978;80
3979;67
3980;63
3981;31
3982;52
3983;6
3984;18
3985;10
3986;6
3987;70
3988;70
3989;51
3990;60
3991;6
3992;9
3993;32
3994;54
3995;65
3996;56
3997;67
3998;60
3999;25
4000;45
4001;27
4002;70
4003;54
4004;19
4005;48
4006;23
4007;91
4008;52
4009;15
4010;44
4011;35
4012;1
4013;18
4014;52
4015;55
4016;71
4017;77
4018;78
4019;67
4020;48
4021;70
4022;72
4023;83
4024;23
4025;97
4026;25
4027;21
4028;27
4029;48
4030;16
4031;4
4032;0
4033;44
4034;60
4035;53
4036;63
4037;11
4038;64
4039;72
4040;67
4041;60
4042;41
4043;18
4044;15
4045;53
4046;87
4047;72
4048;61
4049;28
4050;33
4051;76
4052;46
4053;58
4054;74
4055;52
4056;41
4057;31
4058;11
4059;4
4060;0
4061;64
4062;40
4063;49
4064;3
4065;3
4066;93
4067;41
4068;85
4069;45
4070;60
4071;8
4072;8
4073;64
4074;73
4075;88
4076;57
4077;62
4078;77
4079;69
4080;51
4081;62
4082;68
4083;58
4084;75
4085;43
4086;56
4087;7
4088;57
4089;40
4090;6
4091;9
4092;7
4093;75
4094;66
4095;31
4096;98
4097;56
4098;60
4099;34
4100;11
4101;58
4102;57
4103;58
4104;38
4105;17
4106;68
4107;64
4108;56
4109;30
4110;44
4111;32
4112;0
4113;4
4114;55
4115;62
4116;63
4117;76
4118;74
4119;67
4120;63
4121;51
4122;66
4123;51
4124;39
4125;31
4126;47
4127;15
4128;16
4129;80
4130;76
4131;68
4132;79
4133;66
4134;49
4135;50
4136;40
4137;18
4138;9
4139;46
4140;67
4141;30
4142;40
4143;17
4144;14
4145;56
4146;67
4147;52
4148;80
4149;69
4150;34
4151;34
4152;39
4153;27
4154;22
4155;60
4156;29
4157;7
4158;12
4159;69
4160;92
4161;71
4162;69
4163;64
4164;93
4165;76
4166;43
4167;24
4168;52
4169;80
4170;35
4171;36
4172;79
4173;63
4174;29
4175;39
4176;18
4177;11
4178;13
4179;63
4180;68
4181;92
4182;31
4183;59
4184;16
4185;17
4186;16
4187;57
4188;46
4189;47
4190;64
4191;56
4192;55
4193;53
4194;84
4195;45
4196;71
4197;71
4198;76
4199;28
4200;73
4201;51
4202;62
4203;78
4204;54
4205;62
4206;23
4207;52
4208;20
4209;68
4210;22
4211;57
4212;20
4213;28
4214;13
4215;64
4216;66
4217;50
4218;35
4219;51
4220;63
4221;71
4222;53
4223;56
4224;90
4225;72
4226;63
4227;63
4228;30
4229;32
4230;9
4231;9
4232;25
4233;59
4234;57
4235;7
4236;40
4237;46
4238;63
4239;29
4240;25
4241;49
4242;70
4243;76
4244;47
4245;59
4246;56
4247;51
4248;66
4249;75
4250;71
4251;29
4252;78
4253;68
4254;31
4255;30
4256;28
4257;13
4258;12
4259;4
4260;30
4261;58
4262;47
4263;26
4264;56
4265;84
4266;80
4267;72
4268;22
4269;38
4270;58
4271;21
4272;46
4273;50
4274;7
4275;7
4276;8
4277;63
4278;26
4279;38
4280;34
4281;14
4282;27
4283;71
4284;54
4285;77
4286;53
4287;27
4288;50
4289;15
4290;13
4291;72
4292;61
4293;25
4294;90
4295;45
4296;82
4297;73
4298;21
4299;40
4300;49
4301;70
4302;60
4303;23
4304;22
4305;32
4306;73
4307;65
4308;71
4309;55
4310;55
4311;28
4312;66
4313;40
4314;49
4315;55
4316;51
4317;27
4318;68
4319;61
4320;48
4321;54
4322;65
4323;23
4324;63
4325;59
4326;77
4327;55
4328;43
4329;17
4330;57
4331;43
4332;35
4333;10
4334;23
4335;49
4336;80
4337;26
4338;15
4339;74
4340;71
4341;40
4342;13
4343;9
4344;69
4345;64
4346;26
4347;60
4348;26
4349;28
4350;12
4351;18
4352;5
4353;54
4354;57
4355;53
4356;59
4357;65
4358;57
4359;22
4360;65
4361;73
4362;23
4363;76
4364;35
4365;72
4366;41
4367;68
4368;48
4369;20
4370;25
4371;50
4372;60
4373;27
4374;28
4375;58
4376;66
4377;68
4378;72
4379;61
4380;42
4381;24
4382;82
4383;72
4384;76
4385;22
4386;58
4387;48
4388;58
4389;59
4390;56
4391;38
4392;73
4393;61
4394;52
4395;29
4396;63
4397;6
4398;14
4399;48
4400;17
4401;70
4402;55
4403;28
4404;44
4405;24
4406;49
4407;52
4408;91
4409;51
4410;63
4411;33
4412;33
4413;10
4414;16
4415;18
4416;80
4417;43
4418;40
4419;16
4420;10
4421;93
4422;76
4423;87
4424;77
4425;82
4426;23
4427;19
4428;68
4429;52
4430;75
4431;72
4432;74
4433;27
4434;62
4435;9
4436;14
4437;76
4438;64
4439;69
4440;37
4441;21
4442;20
4443;65
4444;79
4445;65
4446;49
4447;59
4448;64
4449;53
4450;58
4451;64
4452;46
4453;75
4454;60
4455;56
4456;41
4457;87
4458;35
4459;11
4460;2
4461;2
4462;23
4463;62
4464;86
4465;19
4466;62
4467;58
4468;51
4469;42
4470;28
4471;46
4472;4
4473;5
4474;81
4475;69
4476;34
4477;79
4478;82
4479;63
4480;59
4481;86
4482;52
4483;75
4484;65
4485;46
4486;45
4487;11
4488;9
4489;17
4490;18
4491;34
4492;41
4493;15
4494;7
4495;18
4496;36
4497;45
4498;26
4499;59
4500;14
4501;72
4502;51
4503;72
4504;26
4505;51
4506;75
4507;42
4508;55
4509;87
4510;51
4511;54
4512;15
4513;14
4514;40
4515;58
4516;46
4517;65
4518;81
4519;90
4520;22
4521;60
4522;46
4523;67
4524;52
4525;62
4526;31
4527;37
4528;6
4529;4
4530;41
4531;64
4532;56
4533;72
4534;53
4535;19
4536;71
4537;66
4538;75
4539;65
4540;78
4541;56
4542;63
4543;40
4544;40
4545;55
4546;85
4547;90
4548;65
4549;48
4550;85
4551;56
4552;26
4553;65
4554;75
4555;58
4556;54
4557;22
4558;68
4559;35
4560;45
4561;42
4562;11
4563;16
4564;58
4565;56
4566;55
4567;49
4568;11
4569;19
4570;35
4571;48
4572;58
4573;65
4574;91
4575;59
4576;41
4577;59
4578;71
4579;38
4580;40
4581;14
4582;15
4583;66
4584;59
4585;28
4586;45
4587;30
4588;11
4589;73
4590;22
4591;90
4592;55
4593;21
4594;75
4595;61
4596;88
4597;49
4598;62
4599;80
4600;63
4601;61
4602;63
4603;31
4604;7
4605;18
4606;18
4607;55
4608;32
4609;11
4610;31
4611;2
4612;84
4613;58
4614;53
4615;25
4616;51
4617;48
4618;6
4619;10
4620;62
4621;18
4622;14
4623;48
4624;26
4625;58
4626;21
4627;42
4628;18
4629;77
4630;45
4631;34
4632;34
4633;12
4634;33
4635;30
4636;0
4637;1
4638;16
4639;47
4640;66
4641;37
4642;28
4643;26
4644;20
4645;43
4646;43
4647;53
4648;17
4649;9
4650;53
4651;47
4652;58
4653;53
4654;29
4655;57
4656;40
4657;37
4658;58
4659;51
4660;52
4661;72
4662;55
4663;59
4664;63
4665;44
4666;28
4667;18
4668;7
4669;33
4670;12
4671;69
4672;74
4673;80
4674;53
4675;52
4676;59
4677;46
4678;66
4679;58
4680;50
4681;54
4682;57
4683;25
4684;72
4685;77
4686;19
4687;47
4688;13
4689;12
4690;22
4691;38
4692;69
4693;63
4694;54
4695;21
4696;53
4697;7
4698;27
4699;54
4700;24
4701;24
4702;40
4703;36
4704;6
4705;30
4706;62
4707;11
4708;18
4709;69
4710;50
4711;52
4712;27
4713;52
4714;64
4715;32
4716;12
4717;18
4718;33
4719;53
4720;70
4721;25
4722;63
4723;42
4724;37
4725;11
4726;56
4727;61
4728;63
4729;51
4730;48
4731;49
4732;33
4733;69
4734;23
4735;30
4736;18
4737;4
4738;23
4739;21
4740;35
4741;24
4742;70
4743;73
4744;53
4745;71
4746;50
4747;38
4748;5
4749;2
4750;15
4751;57
4752;22
4753;25
4754;79
4755;61
4756;46
4757;57
4758;64
4759;79
4760;50
4761;36
4762;13
4763;7
4764;10
4765;46
4766;33
4767;53
4768;47
4769;27
4770;52
4771;48
4772;15
4773;16
4774;71
4775;66
4776;52
4777;60
4778;52
4779;94
4780;57
4781;90
4782;69
4783;64
4784;50
4785;63
4786;73
4787;51
4788;50
4789;53
4790;36
4791;29
4792;4
4793;0
4794;43
4795;41
4796;59
4797;63
4798;89
4799;49
4800;30
4801;15
4802;9
4803;71
4804;25
4805;23
4806;86
4807;43
4808;39
4809;15
4810;16
4811;14
4812;0
4813;56
4814;58
4815;57
4816;59
4817;43
4818;30
4819;31
4820;14
4821;10
4822;56
4823;77
4824;79
4825;25
4826;30
4827;5
4828;9
4829;2
4830;58
4831;62
4832;57
4833;28
4834;85
4835;67
4836;50
4837;54
4838;8
4839;6
4840;50
4841;47
4842;59
4843;82
4844;44
4845;3
4846;2
4847;69
4848;84
4849;61
4850;65
4851;40
4852;55
4853;49
4854;8
4855;13
4856;48
4857;23
4858;51
4859;36
4860;43
4861;12
4862;64
4863;64
4864;71
4865;76
4866;80
4867;68
4868;58
4869;46
4870;29
4871;30
4872;30
4873;4
4874;56
4875;57
4876;63
4877;28
4878;33
4879;4
4880;1
4881;5
4882;17
4883;57
4884;83
4885;52
4886;81
4887;52
4888;40
4889;21
4890;39
4891;45
4892;33
4893;0
4894;14
4895;53
4896;75
4897;80
4898;49
4899;75
4900;56
4901;66
4902;80
4903;58
4904;73
4905;57
4906;54
4907;16
4908;6
4909;63
4910;37
4911;12
4912;13
4913;63
4914;61
4915;62
4916;60
4917;40
4918;38
4919;9
4920;6
4921;47
4922;52
4923;17
4924;75
4925;50
4926;54
4927;77
4928;71
4929;58
4930;31
4931;38
4932;3
4933;48
4934;97
4935;61
4936;61
4937;51
4938;52
4939;58
4940;29
4941;61
4942;14
4943;13
4944;49
4945;48
4946;54
4947;69
4948;67
4949;72
4950;33
4951;72
4952;68
4953;33
4954;29
4955;55
4956;58
4957;38
4958;48
4959;2
4960;12
4961;61
4962;45
4963;97
4964;38
4965;30
4966;10
4967;15
4968;57
4969;57
4970;45
4971;16
4972;10
4973;45
4974;23
4975;4
4976;4
4977;2
4978;53
4979;60
4980;61
4981;57
4982;74
4983;71
4984;47
4985;46
4986;7
4987;16
4988;52
4989;54
4990;45
4991;40
4992;60
4993;50
4994;36
4995;8
4996;18
4997;58
4998;39
4999;37
5000;16
5001;8
5002;65
5003;33
5004;54
5005;58
5006;73
5007;40
5008;30
5009;2
5010;5
5011;1
5012;20
5013;74
5014;48
5015;46
5016;62
5017;80
5018;47
5019;55
5020;18
5021;10
5022;49
5023;71
5024;50
5025;19
5026;68
5027;46
5028;48
5029;19
5030;2
5031;1
5032;41
5033;54
5034;63
5035;14
5036;17
5037;17
5038;45
5039;26
5040;5
5041;2
5042;6
5043;38
5044;68
5045;56
5046;59
5047;56
5048;60
5049;88
5050;52
5051;55
5052;28
5053;10
5054;16
5055;49
5056;45
5057;35
5058;18
5059;62
5060;71
5061;76
5062;85
5063;58
5064;82
5065;72
5066;23
5067;22
5068;69
5069;50
5070;48
5071;63
5072;35
5073;79
5074;30
5075;39
5076;12
5077;14
5078;85
5079;65
5080;58
5081;80
5082;59
5083;11
5084;57
5085;53
5086;46
5087;49
5088;59
5089;87
5090;55
5091;54
5092;42
5093;36
5094;7
5095;3
5096;8
5097;35
5098;63
5099;27
5100;8
5101;13
5102;26
5103;70
5104;96
5105;47
5106;45
5107;43
5108;17
5109;16
5110;4
5111;48
5112;35
5113;14
5114;7
5115;46
5116;28
5117;11
5118;4
5119;84
5120;64
5121;41
5122;24
5123;66
5124;76
5125;69
5126;93
5127;19
5128;47
5129;43
5130;36
5131;18
5132;16
5133;45
5134;68
5135;60
5136;88
5137;22
5138;42
5139;28
5140;41
5141;19
5142;80
5143;63
5144;29
5145;13
5146;13
5147;84
5148;66
5149;90
5150;75
5151;53
5152;35
5153;49
5154;18
5155;27
5156;51
5157;10
5158;11
5159;14
5160;11
5161;42
5162;57
5163;19
5164;22
5165;22
5166;29
5167;58
5168;74
5169;83
5170;81
5171;53
5172;56
5173;56
5174;48
5175;40
5176;37
5177;15
5178;9
5179;64
5180;52
5181;9
5182;36
5183;23
5184;32
5185;13
5186;7
5187;60
5188;82
5189;56
5190;65
5191;87
5192;31
5193;75
5194;52
5195;46
5196;46
5197;70
5198;66
5199;88
5200;81
5201;36
5202;13
5203;70
5204;59
5205;37
5206;7
5207;14
5208;52
5209;67
5210;77
5211;51
5212;86
5213;63
5214;91
5215;59
5216;66
5217;53
5218;46
5219;59
5220;60
5221;57
5222;52
5223;45
5224;8
5225;11
5226;14
5227;54
5228;42
5229;59
5230;67
5231;68
5232;52
5233;49
5234;14
5235;14
5236;63
5237;32
5238;21
5239;48
5240;53
5241;19
5242;28
5243;2
5244;10
5245;40
5246;52
5247;62
5248;88
5249;23
5250;46
5251;38
5252;0
5253;14
5254;19
5255;86
5256;52
5257;76
5258;42
5259;47
5260;70
5261;67
5262;51
5263;54
5264;88
5265;70
5266;35
5267;20
5268;71
5269;50
5270;74
5271;46
5272;22
5273;36
5274;65
5275;66
5276;48
5277;49
5278;19
5279;56
5280;42
5281;38
5282;33
5283;9
5284;15
5285;8
5286;48
5287;23
5288;68
5289;35
5290;15
5291;11
5292;46
5293;29
5294;14
5295;7
5296;9
5297;47
5298;8
5299;71
5300;71
5301;63
5302;19
5303;72
5304;26
5305;35
5306;53
5307;60
5308;78
5309;67
5310;70
5311;58
5312;51
5313;62
5314;50
5315;79
5316;40
5317;20
5318;75
5319;58
5320;80
5321;71
5322;28
5323;15
5324;57
5325;45
5326;14
5327;82
5328;54
5329;86
5330;50
5331;53
5332;75
5333;49
5334;40
5335;2
5336;2
5337;4
5338;60
5339;81
5340;98
5341;68
5342;52
5343;75
5344;74
5345;58
5346;77
5347;86
5348;70
5349;25
5350;63
5351;59
5352;85
5353;24
5354;70
5355;33
5356;28
5357;6
5358;6
5359;47
5360;31
5361;17
5362;15
5363;50
5364;69
5365;88
5366;42
5367;56
5368;56
5369;78
5370;87
5371;84
5372;51
5373;78
5374;63
5375;26
5376;11
5377;7
5378;52
5379;25
5380;69
5381;26
5382;60
5383;25
5384;24
5385;72
5386;60
5387;52
5388;10
5389;18
5390;69
5391;24
5392;52
5393;53
5394;56
5395;71
5396;24
5397;58
5398;54
5399;25
5400;26
5401;25
5402;44
5403;56
5404;24
5405;80
5406;51
5407;27
5408;63
5409;23
5410;71
5411;71
5412;60
5413;50
5414;12
5415;11
5416;7
5417;69
5418;48
5419;26
5420;15
5421;11
5422;8
5423;81
5424;43
5425;63
5426;89
5427;20
5428;74
5429;28
5430;45
5431;4
5432;58
5433;68
5434;43
5435;26
5436;77
5437;69
5438;65
5439;56
5440;49
5441;72
5442;71
5443;90
5444;22
5445;81
5446;66
5447;70
5448;37
5449;15
5450;51
5451;36
5452;9
5453;76
5454;32
5455;50
5456;7
5457;14
5458;11
5459;50
5460;58
5461;12
5462;15
5463;13
5464;63
5465;42
5466;21
5467;65
5468;56
5469;53
5470;68
5471;88
5472;19
5473;48
5474;6
5475;11
5476;21
5477;65
5478;90
5479;62
5480;37
5481;43
5482;0
5483;7
5484;91
5485;77
5486;30
5487;48
5488;69
5489;25
5490;63
5491;42
5492;27
5493;2
5494;11
5495;61
5496;65
5497;65
5498;61
5499;74
5500;33
5501;54
5502;78
5503;50
5504;13
5505;15
5506;73
5507;69
5508;20
5509;39
5510;57
5511;29
5512;51
5513;16
5514;18
5515;18
5516;66
5517;56
5518;29
5519;52
5520;22
5521;42
5522;51
5523;63
5524;24
5525;62
5526;63
5527;26
5528;20
5529;60
5530;24
5531;80
5532;43
5533;57
5534;89
5535;60
5536;83
5537;35
5538;64
5539;69
5540;66
5541;68
5542;59
5543;41
5544;35
5545;7
5546;18
5547;66
5548;22
5549;40
5550;63
5551;75
5552;61
5553;92
5554;63
5555;58
5556;37
5557;41
5558;16
5559;5
5560;47
5561;70
5562;58
5563;27
5564;45
5565;7
5566;87
5567;85
5568;82
5569;21
5570;25
5571;47
5572;75
5573;66
5574;76
5575;29
5576;19
5577;44
5578;43
5579;13
5580;18
5581;62
5582;7
5583;17
5584;56
5585;36
5586;48
5587;23
5588;21
5589;45
5590;38
5591;4
5592;7
5593;46
5594;42
5595;70
5596;60
5597;27
5598;68
5599;24
5600;75
5601;74
5602;33
5603;79
5604;60
5605;69
5606;78
5607;41
5608;42
5609;17
5610;0
5611;23
5612;60
5613;34
5614;91
5615;50
5616;93
5617;65
5618;29
5619;45
5620;45
5621;15
5622;12
5623;46
5624;66
5625;23
5626;22
5627;1
5628;18
5629;30
5630;30
5631;73
5632;43
5633;59
5634;27
5635;51
5636;47
5637;69
5638;66
5639;75
5640;69
5641;50
5642;21
5643;36
5644;47
5645;12
5646;54
5647;44
5648;65
5649;79
5650;68
5651;52
5652;38
5653;40
5654;6
5655;15
5656;60
5657;71
5658;56
5659;51
5660;56
5661;16
5662;58
5663;30
5664;36
5665;16
5666;8
5667;13
5668;38
5669;82
5670;64
5671;19
5672;40
5673;47
5674;11
5675;4
5676;19
5677;19
5678;80
5679;19
5680;23
5681;92
5682;61
5683;65
5684;30
5685;27
5686;55
5687;89
5688;88
5689;26
5690;73
5691;40
5692;66
5693;49
5694;57
5695;72
5696;66
5697;57
5698;47
5699;10
5700;60
5701;65
5702;59
5703;65
5704;93
5705;32
5706;54
5707;73
5708;62
5709;69
5710;68
5711;47
5712;92
5713;74
5714;52
5715;51
5716;76
5717;67
5718;66
5719;64
5720;60
5721;76
5722;69
5723;25
5724;36
5725;59
5726;15
5727;8
5728;10
5729;79
5730;100
5731;92
5732;91
5733;81
5734;88
5735;92
5736;73
5737;69
5738;104
5739;78
5740;89
5741;86
5742;78
5743;85
5744;86
5745;80
5746;78
5747;87
5748;83
5749;85
5750;83
5751;82
5752;73
5753;88
5754;87
5755;75
5756;79
5757;78
5758;74
5759;89
5760;103
5761;75
5762;89
5763;89
5764;96
5765;80
5766;87
5767;79
5768;69
5769;88
5770;95
5771;86
5772;104
5773;74
5774;88
5775;83
5776;74
5777;83
5778;80
5779;74
5780;86
5781;83
5782;102
5783;72
5784;86
5785;70
5786;82
5787;88
5788;84
5789;92
5790;80
5791;95
5792;76
5793;85
5794;97
5795;86
5796;78
5797;82
5798;83
5799;72
5800;70
5801;89
5802;92
5803;87
5804;70
5805;89
5806;71
5807;83
5808;89
5809;86
5810;99
5811;93
5812;88
5813;82
5814;86
5815;93
5816;100
5817;88
5818;83
5819;89
5820;91
5821;82
5822;87
5823;71
5824;90
5825;87
5826;68
5827;104
5828;83
5829;73
5830;71
5831;89
5832;87
5833;84
5834;72
5835;89
5836;78
5837;87
5838;82
5839;68
5840;82
5841;67
5842;68
5843;68
5844;89
5845;91
5846;99
