1;70
2;19
3;26
4;71
5;40
6;63
7;79
8;19
9;31
10;53
11;8
12;94
13;73
14;23
15;46
16;88
17;55
18;62
19;7
20;14
21;43
22;52
23;72
24;44
25;66
26;51
27;19
28;46
29;69
30;72
31;49
32;39
33;18
34;3
35;75
36;26
37;55
38;37
39;7
40;16
41;69
42;44
43;41
44;5
45;17
46;32
47;63
48;40
49;11
50;9
51;48
52;32
53;12
54;15
55;28
56;27
57;1
58;3
59;62
60;62
61;44
62;72
63;74
64;35
65;49
66;79
67;43
68;37
69;12
70;37
71;20
72;23
73;42
74;20
75;24
76;68
77;72
78;52
79;68
80;27
81;32
82;69
83;57
84;16
85;25
86;21
87;56
88;77
89;33
90;39
91;2
92;13
93;46
94;31
95;28
96;60
97;16
98;17
99;41
100;28
101;5
102;69
103;48
104;58
105;17
106;18
107;67
108;22
109;73
110;41
111;19
112;19
113;52
114;56
115;31
116;42
117;9
118;14
119;51
120;56
121;10
122;14
123;34
124;39
125;37
126;18
127;8
128;46
129;33
130;44
131;90
132;58
133;64
134;39
135;21
136;3
137;18
138;0
139;6
140;72
141;21
142;54
143;74
144;46
145;12
146;17
147;60
148;71
149;27
150;63
151;46
152;22
153;57
154;80
155;61
156;41
157;14
158;14
159;47
160;66
161;52
162;14
163;61
164;63
165;67
166;73
167;49
168;83
169;24
170;34
171;61
172;42
173;74
174;26
175;44
176;46
177;65
178;38
179;73
180;66
181;56
182;59
183;48
184;41
185;43
186;48
187;5
188;9
189;4
190;70
191;39
192;46
193;2
194;5
195;30
196;21
197;37
198;59
199;55
200;61
201;48
202;90
203;59
204;45
205;10
206;18
207;10
208;59
209;62
210;53
211;69
212;41
213;68
214;50
215;82
216;68
217;34
218;54
219;70
220;38
221;59
222;59
223;72
224;101
225;29
226;25
227;3
228;39
229;80
230;68
231;73
232;80
233;35
234;51
235;13
236;11
237;59
238;25
239;84
240;58
241;66
242;30
243;0
244;0
245;12
246;89
247;70
248;65
249;42
250;28
251;4
252;12
253;19
254;59
255;70
256;72
257;38
258;22
259;2
260;12
261;5
262;57
263;74
264;25
265;29
266;43
267;22
268;23
269;68
270;55
271;69
272;55
273;40
274;68
275;19
276;21
277;71
278;28
279;47
280;12
281;32
282;40
283;14
284;58
285;64
286;34
287;65
288;25
289;45
290;21
291;73
292;63
293;81
294;53
295;63
296;65
297;77
298;35
299;36
300;13
301;47
302;53
303;48
304;80
305;73
306;54
307;36
308;20
309;15
310;5
311;50
312;56
313;48
314;48
315;72
316;38
317;49
318;33
319;41
320;41
321;10
322;3
323;42
324;60
325;46
326;60
327;68
328;52
329;44
330;80
331;57
332;67
333;51
334;24
335;35
336;73
337;22
338;38
339;3
340;65
341;74
342;63
343;56
344;58
345;45
346;20
347;31
348;77
349;32
350;41
351;34
352;52
353;45
354;11
355;18
356;11
357;26
358;66
359;24
360;67
361;57
362;30
363;79
364;38
365;49
366;56
367;63
368;12
369;37
370;15
371;75
372;55
373;44
374;56
375;39
376;9
377;12
378;56
379;63
380;10
381;8
382;58
383;88
384;34
385;6
386;11
387;49
388;8
389;21
390;50
391;59
392;52
393;80
394;73
395;53
396;40
397;13
398;0
399;58
400;50
401;53
402;51
403;58
404;82
405;51
406;10
407;13
408;35
409;52
410;15
411;18
412;85
413;33
414;10
415;0
416;19
417;53
418;66
419;67
420;28
421;48
422;2
423;1
424;5
425;1
426;45
427;49
428;35
429;42
430;0
431;50
432;60
433;17
434;10
435;6
436;57
437;48
438;46
439;12
440;97
441;67
442;60
443;65
444;82
445;53
446;28
447;18
448;35
449;30
450;17
451;5
452;71
453;69
454;53
455;27
456;44
457;28
458;0
459;53
460;76
461;38
462;76
463;78
464;41
465;30
466;18
467;2
468;49
469;70
470;76
471;41
472;46
473;12
474;13
475;6
476;72
477;49
478;73
479;24
480;46
481;47
482;42
483;50
484;13
485;16
486;68
487;22
488;53
489;19
490;19
491;2
492;5
493;53
494;49
495;17
496;14
497;11
498;35
499;47
500;18
501;11
502;19
503;5
504;13
505;13
506;80
507;51
508;57
509;69
510;60
511;30
512;32
513;13
514;14
515;62
516;48
517;71
518;79
519;53
520;8
521;52
522;74
523;64
524;45
525;60
526;65
527;84
528;48
529;39
530;35
531;16
532;5
533;31
534;11
535;22
536;36
537;42
538;28
539;3
540;4
541;74
542;69
543;44
544;46
545;9
546;10
547;47
548;84
549;38
550;59
551;8
552;12
553;8
554;74
555;51
556;37
557;42
558;4
559;44
560;20
561;26
562;46
563;49
564;51
565;9
566;15
567;42
568;54
569;6
570;16
571;67
572;62
573;57
574;67
575;48
576;36
577;46
578;20
579;49
580;76
581;25
582;51
583;32
584;63
585;52
586;19
587;62
588;77
589;41
590;18
591;13
592;51
593;65
594;56
595;56
596;27
597;36
598;5
599;56
600;37
601;15
602;17
603;63
604;7
605;15
606;60
607;82
608;65
609;68
610;85
611;49
612;53
613;9
614;62
615;53
616;16
617;40
618;27
619;17
620;28
621;65
622;44
623;48
624;43
625;8
626;9
627;51
628;49
629;26
630;17
631;14
632;51
633;47
634;75
635;33
636;37
637;4
638;0
639;3
640;32
641;62
642;20
643;53
644;75
645;76
646;68
647;27
648;42
649;9
650;9
651;44
652;36
653;17
654;7
655;15
656;29
657;31
658;9
659;15
660;60
661;27
662;15
663;16
664;17
665;8
666;47
667;75
668;51
669;14
670;37
671;42
672;1
673;0
674;51
675;65
676;26
677;51
678;66
679;68
680;72
681;67
682;71
683;35
684;36
685;18
686;6
687;45
688;41
689;18
690;49
691;40
692;67
693;45
694;20
695;27
696;0
697;3
698;34
699;46
700;10
701;52
702;46
703;17
704;9
705;14
706;51
707;52
708;32
709;20
710;77
711;28
712;28
713;35
714;49
715;37
716;1
717;64
718;59
719;38
720;26
721;27
722;62
723;30
724;30
725;69
726;45
727;53
728;50
729;46
730;63
731;61
732;36
733;18
734;7
735;13
736;61
737;50
738;18
739;12
740;30
741;45
742;4
743;6
744;4
745;40
746;66
747;73
748;51
749;65
750;27
751;64
752;30
753;64
754;67
755;71
756;24
757;74
758;47
759;60
760;26
761;19
762;4
763;9
764;7
765;52
766;8
767;55
768;65
769;46
770;56
771;57
772;43
773;54
774;44
775;17
776;7
777;60
778;62
779;11
780;9
781;17
782;34
783;47
784;7
785;16
786;16
787;14
788;20
789;2
790;6
791;41
792;64
793;15
794;7
795;34
796;40
797;33
798;16
799;12
800;53
801;64
802;65
803;20
804;43
805;56
806;23
807;24
808;71
809;68
810;36
811;44
812;33
813;9
814;9
815;16
816;28
817;35
818;74
819;51
820;56
821;57
822;54
823;39
824;33
825;2
826;8
827;6
828;43
829;37
830;1
831;4
832;18
833;34
834;11
835;15
836;56
837;43
838;18
839;15
840;35
841;45
842;74
843;42
844;46
845;7
846;8
847;72
848;61
849;49
850;28
851;45
852;12
853;10
854;5
855;19
856;22
857;1
858;56
859;72
860;53
861;36
862;60
863;19
864;95
865;55
866;52
867;38
868;32
869;55
870;58
871;78
872;38
873;26
874;33
875;17
876;12
877;6
878;69
879;62
880;57
881;73
882;20
883;49
884;43
885;33
886;13
887;2
888;0
889;19
890;20
891;45
892;38
893;42
894;3
895;1
896;48
897;62
898;17
899;16
900;53
901;49
902;65
903;59
904;30
905;7
906;94
907;42
908;6
909;9
910;22
911;28
912;3
913;1
914;0
915;2
916;23
917;76
918;58
919;66
920;57
921;9
922;10
923;70
924;63
925;37
926;2
927;44
928;18
929;18
930;36
931;52
932;18
933;13
934;27
935;45
936;13
937;15
938;59
939;73
940;61
941;44
942;8
943;13
944;64
945;61
946;35
947;13
948;14
949;19
950;62
951;20
952;55
953;37
954;29
955;3
956;2
957;33
958;30
959;4
960;2
961;10
962;23
963;57
964;59
965;43
966;14
967;10
968;71
969;49
970;31
971;9
972;30
973;36
974;14
975;13
976;56
977;56
978;49
979;43
980;46
981;70
982;63
983;47
984;16
985;10
986;67
987;65
988;68
989;77
990;46
991;41
992;13
993;13
994;57
995;30
996;11
997;13
998;54
999;78
1000;43
1001;47
1002;0
1003;46
1004;76
1005;42
1006;55
1007;43
1008;29
1009;33
1010;8
1011;5
1012;3
1013;43
1014;92
1015;42
1016;40
1017;6
1018;0
1019;44
1020;70
1021;31
1022;37
1023;12
1024;4
1025;11
1026;62
1027;22
1028;82
1029;53
1030;50
1031;72
1032;73
1033;56
1034;23
1035;19
1036;31
1037;31
1038;25
1039;33
1040;36
1041;45
1042;17
1043;12
1044;39
1045;13
1046;40
1047;67
1048;50
1049;57
1050;77
1051;52
1052;53
1053;69
1054;60
1055;8
1056;18
1057;59
1058;67
1059;70
1060;64
1061;42
1062;6
1063;54
1064;36
1065;66
1066;43
1067;55
1068;10
1069;39
1070;9
1071;32
1072;45
1073;10
1074;6
1075;37
1076;57
1077;15
1078;10
1079;30
1080;40
1081;0
1082;54
1083;46
1084;53
1085;49
1086;36
1087;13
1088;39
1089;30
1090;2
1091;15
1092;5
1093;35
1094;84
1095;72
1096;34
1097;52
1098;59
1099;79
1100;58
1101;17
1102;13
1103;85
1104;46
1105;58
1106;53
1107;46
1108;13
1109;15
1110;58
1111;75
1112;31
1113;35
1114;18
1115;10
1116;35
1117;53
1118;54
1119;44
1120;18
1121;12
1122;38
1123;34
1124;64
1125;42
1126;88
1127;72
1128;63
1129;36
1130;17
1131;57
1132;21
1133;63
1134;75
1135;40
1136;47
1137;18
1138;15
1139;45
1140;32
1141;20
1142;38
1143;56
1144;14
1145;8
1146;13
1147;14
1148;71
1149;53
1150;59
1151;56
1152;16
1153;17
1154;52
1155;61
1156;23
1157;42
1158;47
1159;7
1160;18
1161;37
1162;39
1163;0
1164;10
1165;51
1166;54
1167;34
1168;23
1169;86
1170;27
1171;45
1172;51
1173;19
1174;48
1175;75
1176;39
1177;63
1178;59
1179;51
1180;14
1181;79
1182;74
1183;48
1184;64
1185;28
1186;9
1187;14
1188;63
1189;41
1190;7
1191;7
1192;21
1193;77
1194;53
1195;56
1196;65
1197;58
1198;29
1199;65
1200;23
1201;45
1202;40
1203;44
1204;1
1205;5
1206;47
1207;64
1208;18
1209;88
1210;41
1211;45
1212;3
1213;4
1214;27
1215;23
1216;30
1217;83
1218;21
1219;48
1220;51
1221;43
1222;51
1223;22
1224;28
1225;75
1226;25
1227;62
1228;20
1229;31
1230;4
1231;18
1232;20
1233;38
1234;32
1235;17
1236;0
1237;29
1238;62
1239;16
1240;18
1241;33
1242;35
1243;2
1244;6
1245;0
1246;5
1247;52
1248;19
1249;63
1250;60
1251;51
1252;57
1253;39
1254;62
1255;16
1256;14
1257;30
1258;44
1259;7
1260;4
1261;42
1262;74
1263;35
1264;34
1265;7
1266;2
1267;42
1268;2
1269;11
1270;42
1271;32
1272;4
1273;11
1274;19
1275;88
1276;33
1277;20
1278;45
1279;43
1280;30
1281;47
1282;15
1283;4
1284;26
1285;50
1286;39
1287;15
1288;46
1289;40
1290;55
1291;7
1292;10
1293;9
1294;40
1295;74
1296;25
1297;24
1298;56
1299;56
1300;25
1301;62
1302;32
1303;44
1304;3
1305;4
1306;56
1307;56
1308;35
1309;52
1310;51
1311;32
1312;51
1313;44
1314;69
1315;73
1316;40
1317;67
1318;73
1319;36
1320;90
1321;59
1322;68
1323;56
1324;66
1325;29
1326;25
1327;3
1328;0
1329;58
1330;37
1331;46
1332;43
1333;31
1334;4
1335;10
1336;13
1337;80
1338;58
1339;66
1340;53
1341;58
1342;71
1343;61
1344;25
1345;58
1346;44
1347;43
1348;28
1349;20
1350;48
1351;12
1352;3
1353;4
1354;10
1355;5
1356;55
1357;47
1358;65
1359;19
1360;27
1361;77
1362;55
1363;33
1364;58
1365;17
1366;8
1367;37
1368;45
1369;74
1370;51
1371;31
1372;19
1373;81
1374;46
1375;64
1376;16
1377;18
1378;63
1379;42
1380;46
1381;6
1382;5
1383;53
1384;70
1385;20
1386;19
1387;74
1388;72
1389;65
1390;44
1391;60
1392;53
1393;20
1394;67
1395;50
1396;64
1397;66
1398;65
1399;71
1400;66
1401;36
1402;69
1403;42
1404;43
1405;17
1406;8
1407;53
1408;54
1409;43
1410;14
1411;10
1412;67
1413;68
1414;22
1415;54
1416;41
1417;46
1418;3
1419;4
1420;38
1421;71
1422;47
1423;38
1424;22
1425;74
1426;66
1427;71
1428;68
1429;19
1430;64
1431;50
1432;69
1433;23
1434;32
1435;3
1436;12
1437;64
1438;36
1439;48
1440;16
1441;12
1442;17
1443;49
1444;85
1445;59
1446;78
1447;50
1448;74
1449;67
1450;69
1451;51
1452;44
1453;5
1454;2
1455;5
1456;41
1457;30
1458;3
1459;4
1460;1
1461;53
1462;60
1463;58
1464;44
1465;40
1466;46
1467;37
1468;9
1469;14
1470;13
1471;51
1472;77
1473;54
1474;29
1475;37
1476;36
1477;5
1478;28
1479;38
1480;11
1481;17
1482;25
1483;56
1484;71
1485;23
1486;52
1487;55
1488;45
1489;53
1490;10
1491;48
1492;30
1493;21
1494;5
1495;15
1496;29
1497;67
1498;41
1499;38
1500;75
1501;70
1502;46
1503;62
1504;48
1505;10
1506;42
1507;24
1508;44
1509;73
1510;47
1511;47
1512;45
1513;6
1514;61
1515;57
1516;56
1517;40
1518;24
1519;55
1520;58
1521;44
1522;21
1523;10
1524;54
1525;10
1526;12
1527;72
1528;72
1529;57
1530;44
1531;45
1532;48
1533;7
1534;18
1535;59
1536;62
1537;8
1538;55
1539;48
1540;37
1541;61
1542;20
1543;75
1544;63
1545;30
1546;34
1547;14
1548;66
1549;62
1550;48
1551;31
1552;32
1553;51
1554;18
1555;31
1556;56
1557;12
1558;14
1559;61
1560;65
1561;32
1562;52
1563;14
1564;8
1565;71
1566;53
1567;74
1568;51
1569;85
1570;40
1571;67
1572;68
1573;52
1574;61
1575;60
1576;56
1577;52
1578;57
1579;59
1580;59
1581;75
1582;64
1583;70
1584;22
1585;63
1586;51
1587;29
1588;36
1589;14
1590;15
1591;58
1592;72
1593;79
1594;60
1595;64
1596;21
1597;49
1598;18
1599;36
1600;34
1601;17
1602;24
1603;38
1604;32
1605;54
1606;37
1607;83
1608;82
1609;41
1610;62
1611;85
1612;56
1613;24
1614;21
1615;32
1616;33
1617;2
1618;11
1619;58
1620;12
1621;54
1622;36
1623;13
1624;12
1625;56
1626;69
1627;63
1628;77
1629;34
1630;54
1631;27
1632;31
1633;0
1634;15
1635;42
1636;41
1637;7
1638;4
1639;2
1640;3
1641;5
1642;14
1643;68
1644;37
1645;6
1646;38
1647;36
1648;13
1649;8
1650;61
1651;65
1652;19
1653;62
1654;78
1655;75
1656;54
1657;21
1658;63
1659;22
1660;74
1661;53
1662;30
1663;10
1664;3
1665;47
1666;54
1667;6
1668;12
1669;46
1670;21
1671;58
1672;39
1673;16
1674;11
1675;45
1676;41
1677;25
1678;31
1679;4
1680;5
1681;21
1682;39
1683;2
1684;69
1685;48
1686;54
1687;14
1688;18
1689;62
1690;62
1691;61
1692;64
1693;49
1694;26
1695;51
1696;69
1697;91
1698;52
1699;35
1700;33
1701;7
1702;65
1703;92
1704;92
1705;54
1706;30
1707;84
1708;49
1709;22
1710;69
1711;29
1712;45
1713;37
1714;28
1715;10
1716;5
1717;22
1718;20
1719;1
1720;18
1721;3
1722;39
1723;40
1724;16
1725;62
1726;61
1727;45
1728;10
1729;44
1730;30
1731;39
1732;11
1733;7
1734;45
1735;36
1736;14
1737;37
1738;21
1739;39
1740;53
1741;13
1742;12
1743;72
1744;98
1745;23
1746;63
1747;38
1748;43
1749;19
1750;3
1751;2
1752;6
1753;53
1754;27
1755;18
1756;7
1757;43
1758;25
1759;60
1760;61
1761;16
1762;18
1763;38
1764;13
1765;14
1766;50
1767;63
1768;55
1769;67
1770;66
1771;53
1772;37
1773;54
1774;44
1775;72
1776;26
1777;42
1778;69
1779;49
1780;22
1781;78
1782;55
1783;57
1784;61
1785;41
1786;12
1787;17
1788;26
1789;27
1790;9
1791;9
1792;47
1793;42
1794;42
1795;9
1796;20
1797;69
1798;31
1799;35
1800;7
1801;6
1802;10
1803;75
1804;19
1805;24
1806;41
1807;2
1808;2
1809;48
1810;48
1811;66
1812;48
1813;41
1814;4
1815;18
1816;30
1817;32
1818;10
1819;3
1820;43
1821;38
1822;14
1823;17
1824;18
1825;7
1826;49
1827;17
1828;45
1829;58
1830;74
1831;65
1832;37
1833;78
1834;51
1835;72
1836;56
1837;27
1838;9
1839;6
1840;41
1841;67
1842;20
1843;67
1844;24
1845;34
1846;2
1847;9
1848;1
1849;21
1850;57
1851;66
1852;20
1853;33
1854;45
1855;30
1856;2
1857;10
1858;19
1859;34
1860;5
1861;12
1862;4
1863;63
1864;19
1865;58
1866;50
1867;32
1868;73
1869;60
1870;79
1871;47
1872;59
1873;19
1874;30
1875;48
1876;6
1877;9
1878;61
1879;58
1880;51
1881;39
1882;20
1883;67
1884;60
1885;60
1886;32
1887;47
1888;3
1889;44
1890;77
1891;42
1892;41
1893;1
1894;14
1895;57
1896;20
1897;45
1898;37
1899;18
1900;20
1901;57
1902;21
1903;60
1904;35
1905;33
1906;47
1907;12
1908;10
1909;53
1910;55
1911;50
1912;55
1913;79
1914;76
1915;62
1916;42
1917;15
1918;68
1919;57
1920;29
1921;32
1922;31
1923;60
1924;10
1925;12
1926;11
1927;18
1928;32
1929;55
1930;51
1931;68
1932;74
1933;44
1934;56
1935;81
1936;93
1937;51
1938;26
1939;66
1940;81
1941;39
1942;42
1943;2
1944;21
1945;44
1946;5
1947;2
1948;73
1949;75
1950;52
1951;74
1952;26
1953;72
1954;53
1955;67
1956;23
1957;32
1958;44
1959;17
1960;12
1961;55
1962;49
1963;58
1964;8
1965;58
1966;45
1967;62
1968;48
1969;70
1970;58
1971;66
1972;39
1973;37
1974;4
1975;28
1976;41
1977;20
1978;50
1979;47
1980;7
1981;6
1982;58
1983;59
1984;26
1985;17
1986;46
1987;48
1988;41
1989;14
1990;82
1991;49
1992;38
1993;44
1994;40
1995;24
1996;18
1997;3
1998;1
1999;5
2000;40
2001;38
2002;62
2003;25
2004;19
2005;73
2006;49
2007;53
2008;47
2009;61
2010;26
2011;42
2012;37
2013;4
2014;0
2015;3
2016;73
2017;43
2018;23
2019;59
2020;59
2021;35
2022;78
2023;59
2024;32
2025;27
2026;14
2027;12
2028;14
2029;40
2030;41
2031;0
2032;9
2033;4
2034;53
2035;48
2036;24
2037;1
2038;0
2039;13
2040;60
2041;95
2042;55
2043;34
2044;18
2045;7
2046;13
2047;62
2048;54
2049;36
2050;60
2051;60
2052;50
2053;66
2054;39
2055;30
2056;9
2057;2
2058;26
2059;29
2060;62
2061;10
2062;64
2063;8
2064;56
2065;45
2066;7
2067;39
2068;53
2069;63
2070;56
2071;65
2072;28
2073;57
2074;29
2075;58
2076;16
2077;65
2078;37
2079;28
2080;74
2081;41
2082;37
2083;2
2084;17
2085;2
2086;66
2087;65
2088;37
2089;68
2090;25
2091;23
2092;77
2093;23
2094;19
2095;32
2096;90
2097;66
2098;65
2099;82
2100;82
2101;39
2102;43
2103;9
2104;57
2105;62
2106;70
2107;91
2108;55
2109;85
2110;76
2111;52
2112;53
2113;67
2114;38
2115;53
2116;77
2117;56
2118;45
2119;51
2120;34
2121;12
2122;14
2123;7
2124;15
2125;47
2126;63
2127;48
2128;65
2129;38
2130;23
2131;47
2132;21
2133;34
2134;3
2135;12
2136;12
2137;36
2138;25
2139;58
2140;31
2141;94
2142;59
2143;39
2144;7
2145;17
2146;56
2147;37
2148;10
2149;15
2150;11
2151;66
2152;94
2153;47
2154;73
2155;49
2156;67
2157;66
2158;59
2159;53
2160;24
2161;85
2162;52
2163;37
2164;35
2165;6
2166;6
2167;14
2168;59
2169;63
2170;42
2171;32
2172;17
2173;17
2174;23
2175;77
2176;57
2177;88
2178;35
2179;78
2180;31
2181;34
2182;1
2183;0
2184;26
2185;17
2186;6
2187;49
2188;21
2189;24
2190;22
2191;19
2192;21
2193;52
2194;25
2195;74
2196;24
2197;57
2198;22
2199;40
2200;5
2201;12
2202;66
2203;27
2204;39
2205;1
2206;6
2207;5
2208;78
2209;65
2210;34
2211;56
2212;46
2213;51
2214;51
2215;19
2216;23
2217;22
2218;21
2219;51
2220;56
2221;32
2222;44
2223;11
2224;12
2225;51
2226;69
2227;50
2228;20
2229;19
2230;23
2231;23
2232;45
2233;79
2234;32
2235;78
2236;39
2237;56
2238;85
2239;67
2240;57
2241;70
2242;41
2243;31
2244;16
2245;8
2246;29
2247;73
2248;51
2249;57
2250;69
2251;55
2252;64
2253;56
2254;51
2255;43
2256;45
2257;29
2258;16
2259;18
2260;90
2261;55
2262;30
2263;72
2264;58
2265;68
2266;47
2267;30
2268;32
2269;17
2270;18
2271;47
2272;73
2273;52
2274;80
2275;54
2276;48
2277;35
2278;8
2279;15
2280;55
2281;19
2282;34
2283;19
2284;52
2285;44
2286;1
2287;0
2288;19
2289;19
2290;29
2291;44
2292;45
2293;4
2294;0
2295;25
2296;20
2297;31
2298;37
2299;4
2300;9
2301;69
2302;45
2303;69
2304;49
2305;65
2306;78
2307;35
2308;44
2309;8
2310;69
2311;76
2312;29
2313;55
2314;6
2315;51
2316;78
2317;90
2318;21
2319;67
2320;27
2321;24
2322;69
2323;67
2324;52
2325;83
2326;79
2327;59
2328;80
2329;81
2330;22
2331;66
2332;65
2333;54
2334;94
2335;77
2336;81
2337;69
2338;54
2339;32
2340;55
2341;64
2342;94
2343;64
2344;75
2345;68
2346;69
2347;59
2348;45
2349;61
2350;37
2351;18
2352;13
2353;69
2354;24
2355;54
2356;45
2357;37
2358;45
2359;46
2360;42
2361;16
2362;22
2363;23
2364;69
2365;87
2366;43
2367;49
2368;55
2369;39
2370;15
2371;28
2372;33
2373;7
2374;37
2375;58
2376;52
2377;42
2378;49
2379;7
2380;17
2381;27
2382;64
2383;70
2384;37
2385;41
2386;17
2387;14
2388;66
2389;47
2390;44
2391;3
2392;13
2393;60
2394;36
2395;70
2396;39
2397;67
2398;62
2399;38
2400;28
2401;29
2402;1
2403;34
2404;70
2405;43
2406;31
2407;21
2408;3
2409;3
2410;41
2411;37
2412;1
2413;4
2414;55
2415;80
2416;66
2417;46
2418;47
2419;57
2420;86
2421;46
2422;35
2423;70
2424;44
2425;11
2426;33
2427;55
2428;11
2429;11
2430;40
2431;71
2432;52
2433;22
2434;24
2435;23
2436;40
2437;53
2438;56
2439;25
2440;63
2441;33
2442;50
2443;40
2444;9
2445;18
2446;50
2447;61
2448;44
2449;26
2450;76
2451;96
2452;54
2453;38
2454;51
2455;18
2456;18
2457;16
2458;55
2459;29
2460;18
2461;18
2462;79
2463;47
2464;51
2465;57
2466;16
2467;7
2468;68
2469;74
2470;22
2471;56
2472;23
2473;21
2474;30
2475;19
2476;20
2477;74
2478;64
2479;42
2480;40
2481;2
2482;0
2483;48
2484;62
2485;69
2486;36
2487;22
2488;1
2489;51
2490;6
2491;12
2492;69
2493;69
2494;49
2495;47
2496;59
2497;37
2498;10
2499;10
2500;37
2501;46
2502;13
2503;27
2504;17
2505;15
2506;57
2507;27
2508;64
2509;23
2510;35
2511;76
2512;32
2513;19
2514;71
2515;25
2516;67
2517;60
2518;54
2519;45
2520;78
2521;31
2522;65
2523;68
2524;44
2525;47
2526;52
2527;83
2528;65
2529;67
2530;57
2531;44
2532;60
2533;73
2534;64
2535;28
2536;10
2537;8
2538;41
2539;22
2540;51
2541;62
2542;27
2543;58
2544;66
2545;72
2546;28
2547;65
2548;72
2549;49
2550;64
2551;56
2552;54
2553;67
2554;71
2555;97
2556;71
2557;23
2558;68
2559;56
2560;73
2561;59
2562;69
2563;39
2564;78
2565;64
2566;66
2567;31
2568;19
2569;42
2570;80
2571;53
2572;55
2573;20
2574;19
2575;23
2576;66
2577;24
2578;86
2579;46
2580;36
2581;11
2582;10
2583;32
2584;38
2585;62
2586;78
2587;73
2588;45
2589;37
2590;9
2591;10
2592;22
2593;29
2594;3
2595;14
2596;66
2597;82
2598;25
2599;25
2600;52
2601;42
2602;90
2603;65
2604;70
2605;64
2606;54
2607;20
2608;31
2609;48
2610;34
2611;17
2612;6
2613;17
2614;15
2615;31
2616;31
2617;9
2618;39
2619;22
2620;64
2621;87
2622;71
2623;24
2624;62
2625;54
2626;56
2627;57
2628;36
2629;15
2630;12
2631;39
2632;54
2633;50
2634;49
2635;63
2636;11
2637;16
2638;13
2639;21
2640;94
2641;59
2642;58
2643;12
2644;56
2645;41
2646;58
2647;51
2648;45
2649;29
2650;5
2651;18
2652;41
2653;17
2654;5
2655;48
2656;69
2657;25
2658;19
2659;30
2660;48
2661;53
2662;18
2663;9
2664;78
2665;63
2666;36
2667;43
2668;1
2669;2
2670;27
2671;63
2672;77
2673;25
2674;58
2675;47
2676;61
2677;35
2678;57
2679;58
2680;48
2681;28
2682;14
2683;55
2684;53
2685;73
2686;82
2687;54
2688;41
2689;54
2690;50
2691;18
2692;9
2693;72
2694;49
2695;22
2696;26
2697;56
2698;36
2699;38
2700;16
2701;69
2702;81
2703;73
2704;73
2705;52
2706;55
2707;59
2708;44
2709;10
2710;16
2711;42
2712;56
2713;56
2714;43
2715;31
2716;4
2717;12
2718;10
2719;79
2720;71
2721;30
2722;25
2723;19
2724;54
2725;46
2726;58
2727;54
2728;59
2729;47
2730;32
2731;47
2732;3
2733;0
2734;74
2735;40
2736;41
2737;1
2738;2
2739;21
2740;3
2741;3
2742;39
2743;64
2744;31
2745;10
2746;38
2747;77
2748;21
2749;37
2750;1
2751;3
2752;2
2753;62
2754;15
2755;68
2756;54
2757;52
2758;38
2759;54
2760;68
2761;66
2762;54
2763;46
2764;7
2765;66
2766;74
2767;47
2768;64
2769;55
2770;52
2771;59
2772;21
2773;68
2774;39
2775;23
2776;64
2777;32
2778;19
2779;41
2780;33
2781;0
2782;5
2783;33
2784;62
2785;54
2786;24
2787;94
2788;21
2789;20
2790;84
2791;42
2792;65
2793;66
2794;48
2795;38
2796;33
2797;0
2798;44
2799;50
2800;55
2801;46
2802;27
2803;1
2804;16
2805;41
2806;34
2807;1
2808;0
2809;68
2810;60
2811;70
2812;36
2813;31
2814;32
2815;11
2816;10
2817;72
2818;63
2819;56
2820;33
2821;65
2822;57
2823;34
2824;9
2825;10
2826;64
2827;55
2828;31
2829;71
2830;25
2831;42
2832;28
2833;2
2834;63
2835;44
2836;54
2837;13
2838;20
2839;59
2840;45
2841;37
2842;16
2843;2
2844;3
2845;63
2846;69
2847;47
2848;66
2849;33
2850;34
2851;66
2852;20
2853;30
2854;29
2855;73
2856;75
2857;41
2858;21
2859;47
2860;57
2861;52
2862;42
2863;28
2864;6
2865;15
2866;23
2867;72
2868;41
2869;43
2870;17
2871;7
2872;61
2873;71
2874;42
2875;38
2876;4
2877;2
2878;78
2879;41
2880;49
2881;47
2882;6
2883;10
2884;61
2885;63
2886;47
2887;47
2888;11
2889;31
2890;49
2891;62
2892;33
2893;41
2894;15
2895;11
2896;29
2897;43
2898;7
2899;4
2900;67
2901;59
2902;40
2903;37
2904;37
2905;17
2906;2
2907;1
2908;41
2909;76
2910;74
2911;70
2912;62
2913;80
2914;20
2915;38
2916;63
2917;32
2918;16
2919;7
2920;82
2921;21
2922;60
2923;18
2924;8
2925;62
2926;77
2927;55
2928;30
2929;75
2930;24
2931;54
2932;17
2933;41
2934;28
2935;66
2936;24
2937;67
2938;80
2939;87
2940;26
2941;40
2942;10
2943;14
2944;14
2945;54
2946;45
2947;1
2948;4
2949;82
2950;47
2951;21
2952;49
2953;9
2954;18
2955;75
2956;51
2957;21
2958;74
2959;46
2960;41
2961;1
2962;0
2963;85
2964;26
2965;37
2966;11
2967;13
2968;56
2969;71
2970;39
2971;19
2972;21
2973;21
2974;55
2975;24
2976;46
2977;47
2978;46
2979;55
2980;20
2981;48
2982;46
2983;15
2984;14
2985;30
2986;32
2987;1
2988;11
2989;11
2990;39
2991;26
2992;9
2993;73
2994;65
2995;37
2996;23
2997;11
2998;1
2999;3
3000;32
3001;26
3002;27
3003;21
3004;28
3005;3
3006;13
3007;54
3008;38
3009;37
3010;0
3011;55
3012;33
3013;33
3014;66
3015;71
3016;19
3017;41
3018;34
3019;6
3020;9
3021;82
3022;36
3023;55
3024;41
3025;59
3026;13
3027;67
3028;48
3029;60
3030;33
3031;53
3032;65
3033;76
3034;56
3035;29
3036;52
3037;85
3038;65
3039;68
3040;93
3041;24
3042;71
3043;67
3044;71
3045;56
3046;67
3047;32
3048;47
3049;40
3050;33
3051;17
3052;10
3053;15
3054;60
3055;79
3056;68
3057;48
3058;47
3059;39
3060;63
3061;58
3062;27
3063;33
3064;61
3065;44
3066;8
3067;9
3068;61
3069;43
3070;7
3071;18
3072;10
3073;31
3074;53
3075;8
3076;9
3077;42
3078;41
3079;24
3080;76
3081;45
3082;65
3083;29
3084;38
3085;12
3086;19
3087;26
3088;63
3089;42
3090;62
3091;65
3092;60
3093;61
3094;52
3095;34
3096;62
3097;62
3098;38
3099;52
3100;27
3101;55
3102;24
3103;34
3104;48
3105;10
3106;4
3107;8
3108;0
3109;30
3110;9
3111;49
3112;40
3113;8
3114;10
3115;24
3116;43
3117;31
3118;15
3119;2
3120;62
3121;53
3122;49
3123;54
3124;55
3125;39
3126;30
3127;11
3128;15
3129;64
3130;62
3131;55
3132;65
3133;84
3134;73
3135;64
3136;68
3137;73
3138;26
3139;64
3140;56
3141;45
3142;12
3143;18
3144;53
3145;75
3146;19
3147;83
3148;64
3149;37
3150;15
3151;7
3152;59
3153;31
3154;42
3155;88
3156;53
3157;38
3158;14
3159;18
3160;78
3161;66
3162;47
3163;49
3164;31
3165;42
3166;69
3167;68
3168;46
3169;71
3170;28
3171;47
3172;0
3173;0
3174;4
3175;42
3176;31
3177;8
3178;18
3179;6
3180;20
3181;61
3182;63
3183;97
3184;38
3185;24
3186;34
3187;12
3188;68
3189;39
3190;64
3191;56
3192;75
3193;38
3194;40
3195;12
3196;8
3197;50
3198;43
3199;0
3200;72
3201;52
3202;70
3203;50
3204;61
3205;15
3206;6
3207;30
3208;27
3209;12
3210;15
3211;18
3212;24
3213;26
3214;20
3215;5
3216;9
3217;1
3218;73
3219;51
3220;51
3221;65
3222;50
3223;52
3224;31
3225;42
3226;2
3227;7
3228;69
3229;66
3230;43
3231;39
3232;3
3233;4
3234;41
3235;10
3236;11
3237;46
3238;67
3239;72
3240;90
3241;72
3242;39
3243;56
3244;48
3245;46
3246;31
3247;13
3248;14
3249;45
3250;51
3251;31
3252;26
3253;55
3254;55
3255;37
3256;66
3257;82
3258;42
3259;20
3260;0
3261;5
3262;9
3263;43
3264;36
3265;3
3266;70
3267;56
3268;51
3269;75
3270;19
3271;36
3272;43
3273;7
3274;17
3275;9
3276;16
3277;53
3278;65
3279;51
3280;25
3281;82
3282;30
3283;44
3284;9
3285;79
3286;31
3287;25
3288;45
3289;46
3290;44
3291;69
3292;20
3293;93
3294;71
3295;44
3296;44
3297;48
3298;7
3299;16
3300;59
3301;51
3302;34
3303;21
3304;47
3305;26
3306;53
3307;26
3308;51
3309;52
3310;46
3311;30
3312;75
3313;38
3314;62
3315;9
3316;10
3317;57
3318;43
3319;47
3320;22
3321;16
3322;48
3323;38
3324;17
3325;0
3326;27
3327;85
3328;31
3329;3
3330;72
3331;54
3332;47
3333;7
3334;21
3335;75
3336;72
3337;61
3338;29
3339;51
3340;13
3341;18
3342;88
3343;62
3344;19
3345;4
3346;20
3347;20
3348;25
3349;21
3350;24
3351;22
3352;61
3353;38
3354;10
3355;10
3356;8
3357;62
3358;27
3359;17
3360;8
3361;17
3362;68
3363;68
3364;67
3365;56
3366;19
3367;41
3368;19
3369;19
3370;65
3371;76
3372;22
3373;90
3374;48
3375;55
3376;38
3377;49
3378;48
3379;62
3380;95
3381;69
3382;62
3383;21
3384;80
3385;64
3386;27
3387;38
3388;13
3389;51
3390;76
3391;64
3392;6
3393;8
3394;31
3395;35
3396;3
3397;2
3398;62
3399;36
3400;7
3401;46
3402;20
3403;12
3404;14
3405;54
3406;19
3407;23
3408;0
3409;48
3410;31
3411;51
3412;94
3413;64
3414;53
3415;47
3416;64
3417;69
3418;20
3419;34
3420;10
3421;0
3422;8
3423;47
3424;28
3425;72
3426;47
3427;76
3428;42
3429;49
3430;54
3431;30
3432;10
3433;45
3434;59
3435;39
3436;91
3437;79
3438;48
3439;35
3440;46
3441;74
3442;38
3443;67
3444;25
3445;20
3446;21
3447;29
3448;65
3449;47
3450;49
3451;9
3452;9
3453;7
3454;62
3455;19
3456;41
3457;26
3458;4
3459;56
3460;50
3461;23
3462;75
3463;58
3464;79
3465;65
3466;63
3467;64
3468;36
3469;48
3470;60
3471;11
3472;7
3473;7
3474;41
3475;45
3476;73
3477;49
3478;45
3479;66
3480;59
3481;70
3482;21
3483;20
3484;72
3485;40
3486;62
3487;29
3488;20
3489;3
3490;0
3491;0
3492;41
3493;45
3494;8
3495;69
3496;38
3497;47
3498;21
3499;74
3500;34
3501;11
3502;31
3503;55
3504;50
3505;79
3506;49
3507;86
3508;77
3509;59
3510;54
3511;59
3512;23
3513;21
3514;59
3515;45
3516;38
3517;63
3518;62
3519;43
3520;11
3521;7
3522;17
3523;52
3524;59
3525;37
3526;19
3527;34
3528;49
3529;67
3530;47
3531;57
3532;65
3533;37
3534;67
3535;44
3536;68
3537;35
3538;23
3539;29
3540;27
3541;79
3542;77
3543;41
3544;15
3545;32
3546;33
3547;4
3548;4
3549;53
3550;48
3551;41
3552;67
3553;43
3554;30
3555;69
3556;49
3557;39
3558;45
3559;4
3560;4
3561;73
3562;70
3563;49
3564;62
3565;13
3566;38
3567;80
3568;62
3569;50
3570;80
3571;67
3572;71
3573;42
3574;53
3575;14
3576;18
3577;10
3578;71
3579;74
3580;75
3581;72
3582;70
3583;22
3584;33
3585;28
3586;16
3587;30
3588;18
3589;13
3590;55
3591;67
3592;67
3593;22
3594;73
3595;48
3596;29
3597;14
3598;37
3599;0
3600;15
3601;76
3602;54
3603;43
3604;69
3605;64
3606;29
3607;61
3608;64
3609;34
3610;41
3611;0
3612;63
3613;48
3614;33
3615;14
3616;8
3617;32
3618;37
3619;5
3620;9
3621;3
3622;4
3623;2
3624;35
3625;24
3626;91
3627;44
3628;43
3629;9
3630;66
3631;34
3632;11
3633;37
3634;43
3635;10
3636;2
3637;41
3638;28
3639;30
3640;5
3641;47
3642;80
3643;29
3644;47
3645;35
3646;12
3647;8
3648;6
3649;37
3650;74
3651;46
3652;75
3653;64
3654;52
3655;36
3656;23
3657;36
3658;4
3659;4
3660;46
3661;26
3662;0
3663;10
3664;37
3665;57
3666;22
3667;33
3668;33
3669;2
3670;7
3671;33
3672;55
3673;56
3674;59
3675;11
3676;11
3677;15
3678;72
3679;62
3680;24
3681;75
3682;48
3683;87
3684;54
3685;60
3686;22
3687;42
3688;41
3689;26
3690;6
3691;10
3692;11
3693;73
3694;33
3695;98
3696;47
3697;78
3698;26
3699;39
3700;1
3701;2
3702;50
3703;70
3704;56
3705;43
3706;43
3707;44
3708;53
3709;45
3710;18
3711;27
3712;48
3713;8
3714;43
3715;50
3716;29
3717;38
3718;10
3719;8
3720;18
3721;53
3722;52
3723;60
3724;13
3725;10
3726;9
3727;22
3728;53
3729;57
3730;56
3731;23
3732;51
3733;55
3734;63
3735;19
3736;77
3737;22
3738;26
3739;1
3740;4
3741;39
3742;67
3743;67
3744;20
3745;90
3746;53
3747;66
3748;48
3749;49
3750;67
3751;56
3752;51
3753;48
3754;16
3755;48
3756;71
3757;19
3758;65
3759;71
3760;58
3761;58
3762;39
3763;63
3764;17
3765;14
3766;43
3767;62
3768;46
3769;22
3770;44
3771;36
3772;72
3773;76
3774;66
3775;40
3776;43
3777;15
3778;15
3779;37
3780;27
3781;1
3782;66
3783;68
3784;31
3785;71
3786;64
3787;60
3788;7
3789;13
3790;54
3791;55
3792;42
3793;8
3794;14
3795;12
3796;18
3797;23
3798;30
3799;4
3800;21
3801;73
3802;69
3803;24
3804;84
3805;23
3806;47
3807;73
3808;46
3809;29
3810;44
3811;0
3812;6
3813;26
3814;74
3815;83
3816;58
3817;44
3818;42
3819;6
3820;61
3821;63
3822;53
3823;42
3824;48
3825;6
3826;10
3827;71
3828;43
3829;79
3830;90
3831;38
3832;38
3833;14
3834;37
3835;32
3836;8
3837;64
3838;55
3839;26
3840;34
3841;67
3842;72
3843;21
3844;57
3845;68
3846;43
3847;50
3848;25
3849;65
3850;47
3851;74
3852;33
3853;36
3854;40
3855;27
3856;12
3857;31
3858;38
3859;14
3860;8
3861;51
3862;72
3863;66
3864;66
3865;75
3866;69
3867;72
3868;47
3869;30
3870;14
3871;61
3872;54
3873;28
3874;55
3875;54
3876;47
3877;88
3878;41
3879;6
3880;36
3881;48
3882;7
3883;30
3884;36
3885;7
3886;27
3887;40
3888;73
3889;28
3890;35
3891;18
3892;9
3893;3
3894;3
3895;30
3896;60
3897;32
3898;53
3899;48
3900;51
3901;71
3902;52
3903;48
3904;36
3905;39
3906;49
3907;12
3908;76
3909;69
3910;63
3911;23
3912;51
3913;93
3914;67
3915;56
3916;60
3917;81
3918;46
3919;32
3920;3
3921;3
3922;37
3923;58
3924;8
3925;14
3926;72
3927;64
3928;74
3929;53
3930;26
3931;36
3932;73
3933;67
3934;20
3935;28
3936;3
3937;58
3938;19
3939;51
3940;72
3941;71
3942;58
3943;24
3944;68
3945;42
3946;21
3947;75
3948;51
3949;73
3950;20
3951;70
3952;72
3953;72
3954;52
3955;59
3956;20
3957;19
3958;36
3959;30
3960;6
3961;8
3962;13
3963;32
3964;64
3965;75
3966;58
3967;40
3968;33
3969;18
3970;85
3971;36
3972;62
3973;78
3974;30
3975;34
3976;2
3977;10
3978;48
3979;37
3980;37
3981;18
3982;2
3983;79
3984;65
3985;28
3986;52
3987;72
3988;31
3989;77
3990;49
3991;65
3992;67
3993;23
3994;45
3995;22
3996;71
3997;73
3998;84
3999;41
4000;7
4001;52
4002;54
4003;56
4004;40
4005;73
4006;63
4007;54
4008;71
4009;86
4010;57
4011;41
4012;73
4013;79
4014;46
4015;58
4016;39
4017;55
4018;44
4019;72
4020;52
4021;65
4022;71
4023;72
4024;59
4025;61
4026;47
4027;10
4028;17
4029;30
4030;5
4031;14
4032;45
4033;23
4034;0
4035;15
4036;73
4037;52
4038;21
4039;60
4040;55
4041;36
4042;59
4043;50
4044;18
4045;17
4046;18
4047;35
4048;62
4049;68
4050;87
4051;75
4052;61
4053;48
4054;38
4055;33
4056;8
4057;0
4058;36
4059;40
4060;9
4061;11
4062;10
4063;48
4064;46
4065;36
4066;16
4067;7
4068;60
4069;54
4070;28
4071;35
4072;82
4073;74
4074;56
4075;55
4076;68
4077;66
4078;67
4079;38
4080;44
4081;9
4082;41
4083;49
4084;3
4085;10
4086;63
4087;77
4088;27
4089;26
4090;58
4091;63
4092;53
4093;57
4094;55
4095;59
4096;49
4097;40
4098;44
4099;44
4100;53
4101;76
4102;54
4103;37
4104;36
4105;25
4106;52
4107;64
4108;68
4109;27
4110;61
4111;38
4112;68
4113;74
4114;28
4115;34
4116;5
4117;4
4118;54
4119;54
4120;65
4121;63
4122;66
4123;51
4124;43
4125;39
4126;4
4127;59
4128;54
4129;10
4130;53
4131;24
4132;57
4133;38
4134;19
4135;24
4136;39
4137;6
4138;30
4139;47
4140;16
4141;7
4142;68
4143;59
4144;16
4145;27
4146;72
4147;59
4148;63
4149;67
4150;48
4151;88
4152;19
4153;63
4154;26
4155;62
4156;20
4157;24
4158;23
4159;6
4160;3
4161;49
4162;56
4163;22
4164;72
4165;29
4166;6
4167;60
4168;73
4169;37
4170;9
4171;62
4172;58
4173;34
4174;43
4175;5
4176;49
4177;47
4178;51
4179;67
4180;41
4181;47
4182;5
4183;2
4184;47
4185;34
4186;15
4187;9
4188;24
4189;2
4190;26
4191;65
4192;49
4193;9
4194;18
4195;53
4196;36
4197;10
4198;8
4199;62
4200;53
4201;64
4202;80
4203;34
4204;44
4205;36
4206;45
4207;51
4208;45
4209;29
4210;45
4211;19
4212;13
4213;0
4214;25
4215;20
4216;40
4217;12
4218;10
4219;54
4220;64
4221;28
4222;40
4223;17
4224;3
4225;52
4226;22
4227;31
4228;28
4229;11
4230;2
4231;64
4232;62
4233;51
4234;28
4235;17
4236;16
4237;65
4238;78
4239;20
4240;60
4241;78
4242;50
4243;37
4244;14
4245;12
4246;38
4247;23
4248;36
4249;56
4250;49
4251;22
4252;21
4253;22
4254;79
4255;75
4256;43
4257;62
4258;18
4259;19
4260;61
4261;59
4262;15
4263;67
4264;46
4265;61
4266;38
4267;33
4268;11
4269;17
4270;64
4271;46
4272;75
4273;72
4274;37
4275;67
4276;60
4277;75
4278;53
4279;83
4280;52
4281;71
4282;67
4283;47
4284;18
4285;33
4286;32
4287;54
4288;27
4289;56
4290;17
4291;13
4292;30
4293;40
4294;13
4295;32
4296;63
4297;62
4298;80
4299;53
4300;30
4301;51
4302;59
4303;70
4304;75
4305;30
4306;29
4307;6
4308;17
4309;11
4310;74
4311;51
4312;59
4313;71
4314;48
4315;34
4316;5
4317;53
4318;62
4319;80
4320;65
4321;58
4322;87
4323;42
4324;30
4325;63
4326;62
4327;62
4328;89
4329;51
4330;83
4331;33
4332;60
4333;37
4334;3
4335;54
4336;59
4337;56
4338;77
4339;38
4340;28
4341;35
4342;18
4343;3
4344;73
4345;20
4346;47
4347;31
4348;10
4349;2
4350;67
4351;51
4352;25
4353;59
4354;51
4355;77
4356;66
4357;60
4358;22
4359;7
4360;55
4361;61
4362;31
4363;77
4364;35
4365;34
4366;18
4367;26
4368;79
4369;53
4370;54
4371;27
4372;82
4373;47
4374;33
4375;31
4376;14
4377;8
4378;48
4379;61
4380;58
4381;59
4382;48
4383;9
4384;7
4385;59
4386;73
4387;50
4388;27
4389;39
4390;4
4391;32
4392;41
4393;2
4394;12
4395;52
4396;47
4397;23
4398;19
4399;41
4400;23
4401;4
4402;76
4403;52
4404;20
4405;48
4406;34
4407;53
4408;78
4409;47
4410;26
4411;58
4412;49
4413;64
4414;7
4415;18
4416;24
4417;4
4418;61
4419;36
4420;26
4421;16
4422;74
4423;46
4424;87
4425;20
4426;32
4427;31
4428;31
4429;16
4430;18
4431;15
4432;16
4433;21
4434;48
4435;57
4436;60
4437;30
4438;9
4439;9
4440;56
4441;69
4442;24
4443;83
4444;21
4445;61
4446;25
4447;30
4448;32
4449;32
4450;11
4451;15
4452;57
4453;91
4454;84
4455;57
4456;42
4457;35
4458;9
4459;39
4460;5
4461;44
4462;43
4463;16
4464;7
4465;45
4466;35
4467;5
4468;1
4469;37
4470;93
4471;82
4472;72
4473;90
4474;62
4475;66
4476;40
4477;26
4478;15
4479;47
4480;17
4481;55
4482;61
4483;53
4484;44
4485;51
4486;32
4487;25
4488;51
4489;42
4490;34
4491;2
4492;69
4493;35
4494;46
4495;59
4496;50
4497;56
4498;61
4499;48
4500;68
4501;65
4502;48
4503;55
4504;20
4505;22
4506;59
4507;52
4508;68
4509;35
4510;69
4511;37
4512;75
4513;60
4514;61
4515;36
4516;73
4517;54
4518;51
4519;78
4520;58
4521;50
4522;42
4523;12
4524;18
4525;6
4526;28
4527;40
4528;8
4529;45
4530;34
4531;14
4532;8
4533;37
4534;19
4535;63
4536;14
4537;16
4538;37
4539;4
4540;42
4541;19
4542;4
4543;0
4544;14
4545;61
4546;48
4547;13
4548;33
4549;72
4550;60
4551;80
4552;30
4553;87
4554;71
4555;66
4556;45
4557;73
4558;81
4559;35
4560;13
4561;9
4562;47
4563;11
4564;37
4565;22
4566;58
4567;47
4568;2
4569;7
4570;38
4571;37
4572;16
4573;55
4574;56
4575;10
4576;7
4577;7
4578;9
4579;35
4580;35
4581;38
4582;27
4583;5
4584;14
4585;34
4586;38
4587;8
4588;77
4589;77
4590;24
4591;30
4592;10
4593;46
4594;74
4595;82
4596;62
4597;30
4598;13
4599;10
4600;16
4601;63
4602;14
4603;28
4604;42
4605;83
4606;41
4607;72
4608;55
4609;49
4610;44
4611;4
4612;64
4613;55
4614;49
4615;82
4616;45
4617;28
4618;2
4619;9
4620;13
4621;58
4622;53
4623;51
4624;42
4625;17
4626;13
4627;82
4628;80
4629;61
4630;57
4631;25
4632;30
4633;13
4634;0
4635;28
4636;52
4637;17
4638;6
4639;46
4640;16
4641;48
4642;23
4643;60
4644;29
4645;62
4646;76
4647;51
4648;60
4649;40
4650;20
4651;21
4652;48
4653;55
4654;55
4655;68
4656;69
4657;62
4658;67
4659;63
4660;45
4661;73
4662;64
4663;39
4664;36
4665;3
4666;10
4667;2
4668;3
4669;57
4670;36
4671;15
4672;13
4673;9
4674;62
4675;19
4676;49
4677;49
4678;46
4679;29
4680;22
4681;46
4682;53
4683;73
4684;22
4685;53
4686;73
4687;73
4688;46
4689;51
4690;67
4691;29
4692;44
4693;50
4694;84
4695;47
4696;22
4697;32
4698;20
4699;57
4700;76
4701;46
4702;81
4703;37
4704;6
4705;16
4706;21
4707;74
4708;77
4709;48
4710;89
4711;66
4712;51
4713;62
4714;95
4715;24
4716;26
4717;57
4718;72
4719;37
4720;54
4721;27
4722;58
4723;34
4724;12
4725;56
4726;76
4727;80
4728;62
4729;52
4730;64
4731;17
4732;11
4733;6
4734;71
4735;55
4736;66
4737;62
4738;70
4739;80
4740;94
4741;32
4742;6
4743;20
4744;21
4745;19
4746;25
4747;62
4748;11
4749;13
4750;45
4751;37
4752;8
4753;0
4754;40
4755;37
4756;8
4757;10
4758;17
4759;30
4760;21
4761;22
4762;22
4763;36
4764;54
4765;23
4766;31
4767;95
4768;20
4769;78
4770;75
4771;29
4772;56
4773;60
4774;50
4775;57
4776;37
4777;11
4778;13
4779;40
4780;69
4781;46
4782;81
4783;58
4784;31
4785;13
4786;10
4787;70
4788;31
4789;10
4790;19
4791;46
4792;62
4793;35
4794;34
4795;5
4796;7
4797;0
4798;29
4799;14
4800;67
4801;55
4802;61
4803;31
4804;33
4805;48
4806;21
4807;24
4808;62
4809;60
4810;72
4811;30
4812;63
4813;60
4814;72
4815;72
4816;35
4817;77
4818;47
4819;22
4820;20
4821;38
4822;40
4823;27
4824;31
4825;17
4826;1
4827;53
4828;23
4829;60
4830;58
4831;20
4832;85
4833;84
4834;71
4835;43
4836;43
4837;18
4838;6
4839;72
4840;56
4841;42
4842;32
4843;1
4844;1
4845;15
4846;60
4847;37
4848;32
4849;59
4850;9
4851;18
4852;44
4853;34
4854;36
4855;13
4856;33
4857;22
4858;57
4859;40
4860;34
4861;6
4862;14
4863;12
4864;39
4865;35
4866;49
4867;10
4868;53
4869;24
4870;76
4871;66
4872;81
4873;38
4874;65
4875;65
4876;86
4877;36
4878;90
4879;69
4880;83
4881;19
4882;74
4883;25
4884;22
4885;11
4886;5
4887;38
4888;60
4889;38
4890;64
4891;17
4892;6
4893;34
4894;34
4895;11
4896;5
4897;57
4898;73
4899;49
4900;58
4901;12
4902;6
4903;68
4904;30
4905;77
4906;47
4907;41
4908;14
4909;10
4910;15
4911;62
4912;48
4913;47
4914;65
4915;57
4916;24
4917;57
4918;80
4919;60
4920;58
4921;85
4922;61
4923;56
4924;27
4925;5
4926;58
4927;60
4928;35
4929;29
4930;4
4931;5
4932;1
4933;75
4934;22
4935;48
4936;53
4937;74
4938;42
4939;51
4940;17
4941;14
4942;39
4943;44
4944;13
4945;69
4946;52
4947;54
4948;31
4949;35
4950;1
4951;5
4952;46
4953;26
4954;0
4955;4
4956;39
4957;35
4958;52
4959;62
4960;55
4961;58
4962;38
4963;23
4964;5
4965;42
4966;42
4967;88
4968;52
4969;77
4970;65
4971;76
4972;56
4973;69
4974;33
4975;65
4976;21
4977;40
4978;35
4979;0
4980;11
4981;23
4982;72
4983;34
4984;28
4985;23
4986;1
4987;2
4988;60
4989;68
4990;38
4991;74
4992;73
4993;39
4994;63
4995;11
4996;6
4997;50
4998;73
4999;59
5000;51
5001;18
5002;13
5003;6
5004;10
5005;37
5006;32
5007;42
5008;62
5009;48
5010;32
5011;17
5012;12
5013;37
5014;40
5015;18
5016;8
5017;44
5018;58
5019;50
5020;46
5021;45
5022;37
5023;16
5024;16
5025;71
5026;54
5027;65
5028;83
5029;71
5030;54
5031;22
5032;29
5033;24
5034;86
5035;30
5036;6
5037;11
5038;35
5039;37
5040;2
5041;10
5042;30
5043;77
5044;41
5045;53
5046;14
5047;10
5048;76
5049;66
5050;53
5051;57
5052;94
5053;41
5054;21
5055;3
5056;2
5057;57
5058;70
5059;29
5060;60
5061;89
5062;34
5063;30
5064;47
5065;7
5066;13
5067;44
5068;38
5069;39
5070;46
5071;13
5072;37
5073;37
5074;32
5075;5
5076;11
5077;80
5078;67
5079;30
5080;56
5081;14
5082;16
5083;59
5084;59
5085;83
5086;70
5087;64
5088;67
5089;40
5090;65
5091;32
5092;28
5093;43
5094;51
5095;26
5096;31
5097;11
5098;25
5099;5
5100;2
5101;0
5102;28
5103;45
5104;13
5105;33
5106;28
5107;3
5108;5
5109;44
5110;41
5111;13
5112;2
5113;1
5114;28
5115;46
5116;48
5117;36
5118;20
5119;38
5120;53
5121;64
5122;55
5123;32
5124;36
5125;77
5126;42
5127;79
5128;25
5129;1
5130;93
5131;67
5132;59
5133;12
5134;55
5135;90
5136;20
5137;41
5138;28
5139;5
5140;1
5141;1
5142;67
5143;64
5144;21
5145;25
5146;23
5147;33
5148;18
5149;13
5150;19
5151;85
5152;48
5153;55
5154;61
5155;83
5156;74
5157;50
5158;27
5159;64
5160;12
5161;83
5162;25
5163;73
5164;27
5165;44
5166;38
5167;2
5168;11
5169;73
5170;26
5171;47
5172;19
5173;60
5174;47
5175;45
5176;0
5177;3
5178;37
5179;29
5180;15
5181;12
5182;53
5183;13
5184;54
5185;85
5186;58
5187;54
5188;64
5189;46
5190;75
5191;50
5192;14
5193;32
5194;54
5195;15
5196;67
5197;94
5198;53
5199;54
5200;39
5201;72
5202;77
5203;75
5204;74
5205;21
5206;82
5207;70
5208;34
5209;57
5210;52
5211;63
5212;7
5213;12
5214;77
5215;80
5216;20
5217;81
5218;37
5219;11
5220;48
5221;64
5222;53
5223;23
5224;36
5225;0
5226;16
5227;47
5228;62
5229;29
5230;48
5231;2
5232;5
5233;0
5234;29
5235;46
5236;1
5237;3
5238;55
5239;80
5240;38
5241;0
5242;46
5243;10
5244;18
5245;23
5246;40
5247;71
5248;47
5249;52
5250;25
5251;44
5252;17
5253;33
5254;12
5255;14
5256;32
5257;44
5258;11
5259;0
5260;28
5261;45
5262;72
5263;56
5264;21
5265;68
5266;76
5267;40
5268;7
5269;46
5270;31
5271;18
5272;11
5273;66
5274;45
5275;84
5276;23
5277;39
5278;0
5279;3
5280;52
5281;53
5282;73
5283;59
5284;59
5285;43
5286;51
5287;57
5288;19
5289;63
5290;23
5291;20
5292;59
5293;22
5294;26
5295;25
5296;55
5297;70
5298;41
5299;38
5300;4
5301;5
5302;24
5303;73
5304;50
5305;50
5306;37
5307;43
5308;1
5309;2
5310;64
5311;30
5312;56
5313;26
5314;58
5315;9
5316;11
5317;48
5318;8
5319;4
5320;2
5321;49
5322;29
5323;17
5324;12
5325;36
5326;19
5327;49
5328;4
5329;10
5330;53
5331;86
5332;51
5333;7
5334;16
5335;40
5336;65
5337;54
5338;21
5339;98
5340;59
5341;77
5342;54
5343;53
5344;52
5345;76
5346;62
5347;29
5348;53
5349;17
5350;12
5351;57
5352;60
5353;30
5354;24
5355;9
5356;39
5357;42
5358;18
5359;14
5360;39
5361;47
5362;6
5363;15
5364;58
5365;83
5366;57
5367;51
5368;78
5369;80
5370;20
5371;50
5372;68
5373;34
5374;67
5375;68
5376;55
5377;46
5378;19
5379;70
5380;62
5381;69
5382;31
5383;97
5384;59
5385;70
5386;40
5387;52
5388;68
5389;71
5390;55
5391;68
5392;45
5393;53
5394;53
5395;32
5396;49
5397;7
5398;11
5399;67
5400;56
5401;52
5402;46
5403;40
5404;16
5405;17
5406;18
5407;47
5408;62
5409;27
5410;46
5411;75
5412;43
5413;44
5414;12
5415;17
5416;33
5417;43
5418;83
5419;29
5420;58
5421;53
5422;21
5423;37
5424;0
5425;16
5426;49
5427;46
5428;16
5429;12
5430;22
5431;37
5432;33
5433;55
5434;28
5435;5
5436;7
5437;21
5438;59
5439;44
5440;75
5441;20
5442;36
5443;82
5444;75
5445;48
5446;38
5447;13
5448;6
5449;6
5450;70
5451;58
5452;62
5453;58
5454;48
5455;64
5456;15
5457;15
5458;41
5459;10
5460;61
5461;27
5462;12
5463;9
5464;16
5465;13
5466;35
5467;35
5468;11
5469;17
5470;40
5471;46
5472;50
5473;41
5474;11
5475;12
5476;11
5477;60
5478;23
5479;28
5480;55
5481;48
5482;55
5483;67
5484;73
5485;35
5486;36
5487;7
5488;10
5489;54
5490;65
5491;91
5492;34
5493;60
5494;13
5495;18
5496;85
5497;60
5498;25
5499;58
5500;26
5501;24
5502;94
5503;52
5504;45
5505;68
5506;71
5507;69
5508;46
5509;56
5510;52
5511;27
5512;37
5513;18
5514;0
5515;84
5516;62
5517;52
5518;36
5519;15
5520;18
5521;41
5522;10
5523;12
5524;53
5525;52
5526;73
5527;51
5528;42
5529;12
5530;17
5531;56
5532;19
5533;81
5534;47
5535;53
5536;20
5537;74
5538;76
5539;40
5540;26
5541;15
5542;55
5543;77
5544;44
5545;53
5546;50
5547;47
5548;48
5549;72
5550;30
5551;48
5552;13
5553;3
5554;37
5555;39
5556;4
5557;7
5558;1
5559;6
5560;29
5561;12
5562;31
5563;47
5564;18
5565;7
5566;27
5567;43
5568;5
5569;17
5570;27
5571;13
5572;65
5573;58
5574;54
5575;60
5576;57
5577;35
5578;47
5579;53
5580;17
5581;35
5582;40
5583;5
5584;2
5585;51
5586;23
5587;44
5588;44
5589;7
5590;7
5591;46
5592;49
5593;36
5594;66
5595;66
5596;72
5597;53
5598;80
5599;31
5600;35
5601;46
5602;50
5603;22
5604;34
5605;44
5606;17
5607;6
5608;11
5609;12
5610;40
5611;33
5612;3
5613;23
5614;24
5615;19
5616;19
5617;75
5618;50
5619;22
5620;47
5621;79
5622;23
5623;34
5624;54
5625;55
5626;65
5627;56
5628;57
5629;41
5630;33
5631;2
5632;2
5633;18
5634;52
5635;59
5636;60
5637;26
5638;22
5639;35
5640;40
5641;4
5642;5
5643;36
5644;28
5645;18
5646;5
5647;55
5648;40
5649;70
5650;55
5651;64
5652;101
5653;56
5654;57
5655;78
5656;23
5657;31
5658;27
5659;63
5660;72
5661;62
5662;30
5663;100
5664;84
5665;62
5666;22
5667;22
5668;25
5669;29
5670;2
5671;3
5672;35
5673;4
5674;67
5675;21
5676;64
5677;45
5678;40
5679;23
5680;27
5681;27
5682;38
5683;15
5684;3
5685;55
5686;40
5687;65
5688;41
5689;8
5690;30
5691;24
5692;75
5693;32
5694;79
5695;56
5696;42
5697;58
5698;55
5699;29
5700;10
5701;17
5702;25
5703;47
5704;6
5705;52
5706;32
5707;44
5708;52
5709;7
5710;15
5711;52
5712;52
5713;20
5714;20
5715;20
5716;83
5717;82
5718;31
5719;49
5720;76
5721;51
5722;66
5723;45
5724;28
5725;7
5726;6
5727;32
5728;50
5729;14
5730;11
5731;39
5732;51
5733;13
5734;16
5735;41
5736;30
5737;18
5738;7
5739;19
5740;82
5741;27
5742;76
5743;81
5744;61
5745;61
5746;16
5747;31
5748;36
5749;10
5750;8
5751;43
5752;27
5753;43
5754;51
5755;66
5756;83
5757;72
5758;29
5759;59
5760;12
5761;7
5762;79
5763;60
5764;49
5765;50
5766;14
5767;16
5768;75
5769;51
5770;22
5771;19
5772;27
5773;24
5774;2
5775;0
5776;0
5777;62
5778;14
5779;72
5780;23
5781;33
5782;41
5783;17
5784;7
5785;44
5786;29
5787;28
5788;15
5789;29
5790;64
5791;17
5792;10
5793;42
5794;15
5795;13
5796;75
5797;20
5798;53
5799;65
5800;29
5801;36
5802;64
5803;77
5804;48
5805;73
5806;34
5807;42
5808;13
5809;18
5810;34
5811;74
5812;78
5813;24
5814;37
5815;51
5816;51
5817;42
5818;50
5819;20
5820;43
5821;25
5822;12
5823;4
5824;4
5825;21
5826;67
5827;49
5828;64
5829;54
5830;39
5831;66
5832;76
5833;38
5834;63
5835;77
5836;80
5837;28
5838;42
5839;5
5840;65
5841;58
5842;44
5843;34
5844;13
5845;9
5846;60
5847;61
5848;51
5849;49
5850;8
5851;18
5852;13
5853;49
5854;61
5855;13
5856;7
5857;6
5858;7
5859;48
5860;70
5861;51
5862;61
5863;38
5864;1
5865;66
5866;62
5867;71
5868;19
5869;63
5870;54
5871;27
5872;16
5873;18
5874;40
5875;57
5876;34
5877;41
5878;13
5879;7
5880;71
5881;59
5882;61
5883;43
5884;15
5885;6
5886;16
5887;47
5888;34
5889;13
5890;13
5891;20
5892;51
5893;51
5894;48
5895;63
5896;54
5897;60
5898;68
5899;27
5900;48
5901;8
5902;12
5903;53
5904;36
5905;13
5906;18
5907;46
5908;29
5909;31
5910;87
5911;56
5912;21
5913;47
5914;24
5915;60
5916;37
5917;8
5918;18
5919;29
5920;63
5921;70
5922;21
5923;65
5924;80
5925;55
5926;41
5927;58
5928;55
5929;42
5930;7
5931;54
5932;49
5933;49
5934;41
5935;60
5936;9
5937;11
5938;23
5939;23
5940;47
5941;24
5942;19
5943;68
5944;30
5945;30
5946;52
5947;48
5948;9
5949;10
5950;41
5951;61
5952;62
5953;44
5954;58
5955;60
5956;58
5957;43
5958;36
5959;49
5960;52
5961;43
5962;50
5963;13
5964;51
5965;59
5966;55
5967;66
5968;63
5969;81
5970;77
5971;60
5972;78
5973;52
5974;55
5975;13
5976;18
5977;35
5978;37
5979;16
5980;61
5981;82
5982;39
5983;32
5984;21
5985;15
5986;6
5987;28
5988;88
5989;93
5990;69
5991;19
5992;25
5993;22
5994;25
5995;23
5996;78
5997;52
5998;58
5999;13
6000;10
6001;15
6002;65
6003;69
6004;31
6005;68
6006;31
6007;33
6008;3
6009;40
6010;27
6011;40
6012;6
6013;12
6014;54
6015;68
6016;82
6017;53
6018;41
6019;8
6020;42
6021;33
6022;23
6023;70
6024;76
6025;19
6026;61
6027;31
6028;38
6029;68
6030;43
6031;33
6032;15
6033;4
6034;63
6035;28
6036;13
6037;64
6038;54
6039;60
6040;20
6041;65
6042;57
6043;39
6044;23
6045;52
6046;69
6047;83
6048;47
6049;57
6050;13
6051;9
6052;73
6053;20
6054;62
6055;31
6056;24
6057;21
6058;20
6059;73
6060;38
6061;34
6062;7
6063;11
6064;71
6065;55
6066;75
6067;24
6068;35
6069;80
6070;28
6071;65
6072;54
6073;58
6074;26
6075;18
6076;42
6077;37
6078;13
6079;46
6080;40
6081;46
6082;49
6083;66
6084;24
6085;44
6086;0
6087;13
6088;70
6089;22
6090;80
6091;39
6092;67
6093;68
6094;48
6095;37
6096;16
6097;17
6098;38
6099;35
6100;27
6101;4
6102;61
6103;57
6104;73
6105;66
6106;55
6107;71
6108;86
6109;50
6110;45
6111;50
6112;7
6113;9
6114;22
6115;47
6116;11
6117;18
6118;44
6119;31
6120;9
6121;14
6122;34
6123;36
6124;0
6125;10
6126;11
6127;38
6128;68
6129;24
6130;53
6131;34
6132;44
6133;69
6134;43
6135;40
6136;9
6137;16
6138;81
6139;90
6140;64
6141;42
6142;13
6143;16
6144;27
6145;42
6146;72
6147;23
6148;44
6149;28
6150;4
6151;3
6152;15
6153;69
6154;46
6155;25
6156;12
6157;20
6158;33
6159;13
6160;11
6161;1
6162;24
6163;8
6164;2
6165;45
6166;38
6167;3
6168;12
6169;53
6170;9
6171;13
6172;20
6173;37
6174;61
6175;24
6176;37
6177;14
6178;53
6179;55
6180;15
6181;15
6182;54
6183;79
6184;48
6185;61
6186;64
6187;75
6188;74
6189;52
6190;30
6191;46
6192;77
6193;56
6194;45
6195;46
6196;18
6197;18
6198;47
6199;68
6200;38
6201;34
6202;49
6203;3
6204;4
6205;11
6206;47
6207;44
6208;4
6209;1
6210;48
6211;37
6212;89
6213;33
6214;55
6215;8
6216;13
6217;41
6218;7
6219;62
6220;75
6221;36
6222;17
6223;28
6224;44
6225;16
6226;11
6227;73
6228;35
6229;45
6230;49
6231;12
6232;70
6233;48
6234;30
6235;21
6236;59
6237;36
6238;74
6239;59
6240;32
6241;12
6242;10
6243;11
6244;17
6245;61
6246;9
6247;18
6248;23
6249;64
6250;46
6251;22
6252;77
6253;47
6254;66
6255;63
6256;88
6257;78
6258;27
6259;50
6260;7
6261;15
6262;22
6263;62
6264;19
6265;55
6266;40
6267;36
6268;17
6269;13
6270;43
6271;46
6272;49
6273;13
6274;10
6275;32
6276;62
6277;26
6278;6
6279;12
6280;6
6281;22
6282;69
6283;85
6284;74
6285;50
6286;78
6287;68
6288;73
6289;27
6290;56
6291;8
6292;7
6293;9
6294;51
6295;24
6296;73
6297;53
6298;56
6299;51
6300;8
6301;6
6302;27
6303;40
6304;22
6305;25
6306;21
6307;70
6308;24
6309;90
6310;25
6311;54
6312;83
6313;22
6314;76
6315;58
6316;30
6317;12
6318;8
6319;17
6320;23
6321;53
6322;45
6323;56
6324;74
6325;55
6326;28
6327;12
6328;11
6329;11
6330;45
6331;26
6332;3
6333;44
6334;31
6335;4
6336;15
6337;52
6338;29
6339;72
6340;71
6341;67
6342;82
6343;65
6344;30
6345;69
6346;50
6347;69
6348;36
6349;81
6350;82
6351;63
6352;54
6353;58
6354;68
6355;57
6356;40
6357;18
6358;15
6359;40
6360;30
6361;4
6362;19
6363;58
6364;25
6365;63
6366;25
6367;21
6368;41
6369;49
6370;64
6371;56
6372;72
6373;48
6374;36
6375;10
6376;3
6377;44
6378;72
6379;78
6380;53
6381;35
6382;20
6383;2
6384;2
6385;41
6386;28
6387;13
6388;2
6389;10
6390;62
6391;46
6392;20
6393;0
6394;2
6395;68
6396;50
6397;56
6398;46
6399;56
6400;63
6401;22
6402;72
6403;76
6404;50
6405;54
6406;49
6407;12
6408;8
6409;12
6410;23
6411;23
6412;72
6413;51
6414;36
6415;20
6416;74
6417;28
6418;20
6419;9
6420;11
6421;3
6422;2
6423;55
6424;57
6425;29
6426;10
6427;23
6428;63
6429;59
6430;71
6431;82
6432;56
6433;27
6434;82
6435;71
6436;53
6437;53
6438;78
6439;47
6440;2
6441;15
6442;40
6443;33
6444;0
6445;5
6446;1
6447;37
6448;64
6449;66
6450;41
6451;72
6452;65
6453;30
6454;36
6455;42
6456;4
6457;11
6458;27
6459;65
6460;33
6461;37
6462;16
6463;16
6464;43
6465;58
6466;64
6467;51
6468;13
6469;6
6470;10
6471;53
6472;38
6473;55
6474;39
6475;64
6476;52
6477;31
6478;35
6479;8
6480;18
6481;65
6482;19
6483;41
6484;7
6485;10
6486;4
6487;62
6488;42
6489;75
6490;63
6491;30
6492;37
6493;11
6494;19
6495;72
6496;25
6497;32
6498;46
6499;15
6500;1
6501;61
6502;30
6503;64
6504;40
6505;17
6506;8
6507;75
6508;60
6509;58
6510;74
6511;29
6512;49
6513;68
6514;25
6515;73
6516;74
6517;35
6518;53
6519;85
6520;58
6521;60
6522;66
6523;48
6524;48
6525;21
6526;22
6527;72
6528;48
6529;37
6530;3
6531;3
6532;0
6533;21
6534;29
6535;2
6536;5
6537;50
6538;57
6539;71
6540;32
6541;23
6542;51
6543;75
6544;78
6545;50
6546;74
6547;54
6548;40
6549;18
6550;9
6551;88
6552;25
6553;33
6554;65
6555;65
6556;47
6557;62
6558;71
6559;72
6560;66
6561;80
6562;19
6563;52
6564;35
6565;39
6566;3
6567;5
6568;23
6569;23
6570;58
6571;70
6572;68
6573;25
6574;27
6575;29
6576;50
6577;10
6578;8
6579;51
6580;62
6581;46
6582;26
6583;43
6584;16
6585;14
6586;22
6587;1
6588;71
6589;47
6590;36
6591;17
6592;6
6593;15
6594;68
6595;73
6596;67
6597;23
6598;26
6599;44
6600;11
6601;12
6602;46
6603;47
6604;73
6605;77
6606;27
6607;52
6608;47
6609;57
6610;51
6611;49
6612;49
6613;2
6614;57
6615;7
6616;13
6617;40
6618;28
6619;2
6620;1
6621;58
6622;12
6623;71
6624;83
6625;25
6626;22
6627;29
6628;21
6629;37
6630;1
6631;1
6632;30
6633;53
6634;55
6635;19
6636;26
6637;52
6638;61
6639;60
6640;26
6641;74
6642;67
6643;52
6644;52
6645;47
6646;25
6647;3
6648;81
6649;54
6650;41
6651;49
6652;4
6653;4
6654;28
6655;21
6656;0
6657;3
6658;1
6659;59
6660;61
6661;37
6662;3
6663;31
6664;84
6665;31
6666;43
6667;28
6668;7
6669;9
6670;37
6671;41
6672;7
6673;18
6674;62
6675;65
6676;37
6677;28
6678;34
6679;2
6680;32
6681;46
6682;79
6683;42
6684;55
6685;19
6686;64
6687;19
6688;43
6689;68
6690;70
6691;94
6692;72
6693;49
6694;58
6695;72
6696;31
6697;59
6698;51
6699;22
6700;81
6701;68
6702;99
6703;57
6704;25
6705;53
6706;34
6707;8
6708;97
6709;74
6710;55
6711;68
6712;20
6713;64
6714;53
6715;53
6716;38
6717;26
6718;13
6719;37
6720;21
6721;53
6722;25
6723;21
6724;21
6725;22
6726;68
6727;69
6728;60
6729;62
6730;45
6731;32
6732;28
6733;50
6734;17
6735;77
6736;65
6737;63
6738;41
6739;27
6740;13
6741;12
6742;59
6743;71
6744;20
6745;49
6746;71
6747;87
6748;77
6749;25
6750;84
6751;42
6752;45
6753;6
6754;57
6755;73
6756;52
6757;29
6758;15
6759;6
6760;76
6761;34
6762;67
6763;22
6764;52
6765;61
6766;35
6767;19
6768;23
6769;68
6770;63
6771;43
6772;28
6773;44
6774;17
6775;4
6776;27
6777;67
6778;20
6779;72
6780;59
6781;56
6782;75
6783;20
6784;65
6785;67
6786;71
6787;30
6788;34
6789;52
6790;46
6791;27
6792;22
6793;34
6794;24
6795;20
6796;36
6797;40
6798;20
6799;44
6800;41
6801;9
6802;9
6803;48
6804;61
6805;9
6806;8
6807;9
6808;73
6809;25
6810;56
6811;44
6812;33
6813;7
6814;44
6815;34
6816;5
6817;39
6818;76
6819;36
6820;34
6821;1
6822;68
6823;60
6824;91
6825;61
6826;41
6827;29
6828;5
6829;5
6830;3
6831;40
6832;34
6833;13
6834;61
6835;75
6836;58
6837;36
6838;34
6839;6
6840;15
6841;59
6842;8
6843;12
6844;20
6845;26
6846;19
6847;73
6848;54
6849;36
6850;42
6851;7
6852;12
6853;47
6854;19
6855;53
6856;45
6857;69
6858;64
6859;63
6860;68
6861;93
6862;80
6863;54
6864;54
6865;25
6866;67
6867;30
6868;20
6869;45
6870;33
6871;88
6872;28
6873;41
6874;60
6875;16
6876;44
6877;33
6878;17
6879;15
6880;29
6881;47
6882;6
6883;18
6884;44
6885;71
6886;38
6887;0
6888;1
6889;47
6890;66
6891;40
6892;39
6893;45
6894;6
6895;44
6896;41
6897;15
6898;5
6899;16
6900;57
6901;46
6902;51
6903;52
6904;34
6905;9
6906;12
6907;9
6908;18
6909;50
6910;7
6911;21
6912;3
6913;9
6914;27
6915;36
6916;11
6917;12
6918;16
6919;6
6920;41
6921;64
6922;59
6923;72
6924;65
6925;58
6926;30
6927;41
6928;25
6929;60
6930;38
6931;39
6932;3
6933;2
6934;67
6935;24
6936;44
6937;94
6938;52
6939;49
6940;44
6941;11
6942;16
6943;59
6944;97
6945;69
6946;57
6947;32
6948;62
6949;28
6950;15
6951;17
6952;14
6953;17
6954;71
6955;40
6956;19
6957;38
6958;33
6959;57
6960;6
6961;19
6962;24
6963;5
6964;9
6965;54
6966;20
6967;68
6968;37
6969;36
6970;17
6971;12
6972;5
6973;5
6974;83
6975;59
6976;62
6977;31
6978;42
6979;11
6980;18
6981;47
6982;28
6983;11
6984;9
6985;54
6986;67
6987;27
6988;38
6989;3
6990;3
6991;48
6992;31
6993;15
6994;12
6995;32
6996;21
6997;17
6998;0
6999;59
7000;79
7001;34
7002;32
7003;6
7004;0
7005;11
7006;1
7007;30
7008;55
7009;26
7010;17
7011;16
7012;36
7013;36
7014;5
7015;17
7016;16
7017;19
7018;25
7019;84
7020;54
7021;52
7022;59
7023;61
7024;31
7025;54
7026;9
7027;18
7028;62
7029;90
7030;63
7031;82
7032;24
7033;59
7034;88
7035;48
7036;30
7037;50
7038;62
7039;62
7040;16
7041;43
7042;33
7043;10
7044;6
7045;73
7046;54
7047;68
7048;20
7049;41
7050;31
7051;45
7052;12
7053;7
7054;38
7055;36
7056;0
7057;4
7058;33
7059;29
7060;23
7061;16
7062;9
7063;12
7064;70
7065;22
7066;71
7067;51
7068;37
7069;33
7070;10
7071;16
7072;1
7073;61
7074;49
7075;6
7076;8
7077;21
7078;87
7079;63
7080;48
7081;61
7082;93
7083;78
7084;24
7085;55
7086;29
7087;45
7088;1
7089;17
7090;58
7091;40
7092;29
7093;18
7094;18
7095;71
7096;85
7097;20
7098;4
7099;67
7100;52
7101;62
7102;26
7103;38
7104;43
7105;25
7106;36
7107;56
7108;19
7109;62
7110;24
7111;22
7112;58
7113;42
7114;51
7115;27
7116;42
7117;11
7118;59
7119;68
7120;34
7121;43
7122;4
7123;10
7124;9
7125;34
7126;27
7127;18
7128;17
7129;19
7130;55
7131;55
7132;51
7133;18
7134;15
7135;37
7136;64
7137;12
7138;9
7139;56
7140;22
7141;41
7142;29
7143;54
7144;28
7145;30
7146;8
7147;12
7148;27
7149;51
7150;92
7151;25
7152;66
7153;89
7154;58
7155;65
7156;30
7157;53
7158;63
7159;43
7160;42
7161;43
7162;12
7163;8
7164;40
7165;39
7166;1
7167;0
7168;33
7169;44
7170;29
7171;7
7172;13
7173;53
7174;40
7175;64
7176;54
7177;18
7178;7
7179;8
7180;31
7181;44
7182;13
7183;9
7184;72
7185;63
7186;59
7187;14
7188;30
7189;32
7190;0
7191;12
7192;60
7193;78
7194;68
7195;54
7196;56
7197;31
7198;30
7199;26
7200;65
7201;41
7202;17
7203;56
7204;81
7205;40
7206;60
7207;22
7208;26
7209;46
7210;35
7211;44
7212;17
7213;6
7214;53
7215;63
7216;57
7217;23
7218;41
7219;48
7220;11
7221;72
7222;49
7223;24
7224;28
7225;44
7226;34
7227;2
7228;5
7229;48
7230;31
7231;10
7232;13
7233;15
7234;38
7235;48
7236;52
7237;59
7238;62
7239;21
7240;2
7241;76
7242;65
7243;77
7244;54
7245;70
7246;87
7247;42
7248;66
7249;75
7250;85
7251;55
7252;59
7253;49
7254;69
7255;22
7256;20
7257;25
7258;41
7259;23
7260;34
7261;47
7262;68
7263;19
7264;8
7265;35
7266;60
7267;22
7268;48
7269;45
7270;90
7271;49
7272;77
7273;48
7274;39
7275;0
7276;51
7277;63
7278;38
7279;34
7280;18
7281;9
7282;61
7283;55
7284;11
7285;16
7286;14
7287;93
7288;74
7289;65
7290;57
7291;49
7292;14
7293;28
7294;49
7295;15
7296;73
7297;44
7298;60
7299;58
7300;24
7301;25
7302;0
7303;0
7304;40
7305;59
7306;51
7307;9
7308;58
7309;47
7310;51
7311;39
7312;50
7313;71
7314;36
7315;50
7316;7
7317;13
7318;10
7319;34
7320;68
7321;66
7322;19
7323;70
7324;68
7325;61
7326;84
7327;27
7328;60
7329;57
7330;53
7331;76
7332;22
7333;72
7334;34
7335;20
7336;20
7337;20
7338;25
7339;47
7340;8
7341;79
7342;43
7343;36
7344;0
7345;1
7346;11
7347;53
7348;37
7349;62
7350;16
7351;11
7352;7
7353;13
7354;43
7355;36
7356;14
7357;8
7358;16
7359;38
7360;20
7361;27
7362;7
7363;16
7364;33
7365;41
7366;17
7367;55
7368;50
7369;26
7370;43
7371;79
7372;27
7373;45
7374;49
7375;63
7376;63
7377;84
7378;20
7379;27
7380;65
7381;41
7382;64
7383;7
7384;6
7385;27
7386;44
7387;6
7388;16
7389;32
7390;37
7391;4
7392;0
7393;75
7394;64
7395;40
7396;43
7397;9
7398;5
7399;28
7400;28
7401;84
7402;54
7403;22
7404;52
7405;73
7406;26
7407;54
7408;33
7409;31
7410;8
7411;6
7412;36
7413;65
7414;49
7415;51
7416;39
7417;52
7418;81
7419;40
7420;52
7421;70
7422;29
7423;48
7424;65
7425;26
7426;59
7427;64
7428;76
7429;85
7430;40
7431;29
7432;35
7433;47
7434;15
7435;15
7436;16
7437;39
7438;52
7439;8
7440;13
7441;69
7442;19
7443;22
7444;69
7445;59
7446;72
7447;28
7448;63
7449;21
7450;64
7451;25
7452;0
7453;5
7454;40
7455;10
7456;13
7457;41
7458;62
7459;27
7460;35
7461;31
7462;0
7463;26
7464;30
7465;11
7466;17
7467;14
7468;46
7469;56
7470;28
7471;47
7472;40
7473;4
7474;31
7475;56
7476;73
7477;74
7478;26
7479;34
7480;19
7481;73
7482;71
7483;46
7484;70
7485;19
7486;54
7487;41
7488;87
7489;29
7490;28
7491;24
7492;43
7493;34
7494;30
7495;19
7496;56
7497;59
7498;48
7499;58
7500;46
7501;13
7502;11
7503;64
7504;16
7505;10
7506;33
7507;36
7508;4
7509;43
7510;70
7511;82
7512;69
7513;90
7514;28
7515;35
7516;8
7517;16
7518;50
7519;85
7520;59
7521;35
7522;27
7523;1
7524;2
7525;30
7526;46
7527;32
7528;0
7529;15
7530;8
7531;56
7532;41
7533;27
7534;4
7535;1
7536;1
7537;68
7538;23
7539;77
7540;71
7541;60
7542;52
7543;58
7544;29
7545;46
7546;5
7547;32
7548;41
7549;11
7550;0
7551;58
7552;76
7553;72
7554;38
7555;17
7556;64
7557;65
7558;21
7559;61
7560;38
7561;68
7562;53
7563;20
7564;30
7565;36
7566;0
7567;21
7568;41
7569;17
7570;11
7571;34
7572;79
7573;77
7574;41
7575;31
7576;15
7577;18
7578;58
7579;87
7580;37
7581;5
7582;36
7583;52
7584;9
7585;6
7586;25
7587;63
7588;73
7589;51
7590;35
7591;28
7592;16
7593;18
7594;64
7595;47
7596;72
7597;54
7598;39
7599;30
7600;0
7601;4
7602;41
7603;27
7604;4
7605;1
7606;45
7607;38
7608;18
7609;73
7610;56
7611;29
7612;33
7613;8
7614;15
7615;74
7616;27
7617;63
7618;52
7619;92
7620;25
7621;79
7622;66
7623;36
7624;35
7625;0
7626;47
7627;6
7628;71
7629;63
7630;41
7631;30
7632;9
7633;17
7634;1
7635;38
7636;32
7637;30
7638;28
7639;4
7640;7
7641;35
7642;15
7643;18
7644;55
7645;72
7646;82
7647;50
7648;66
7649;42
7650;18
7651;52
7652;65
7653;36
7654;94
7655;56
7656;71
7657;78
7658;55
7659;74
7660;77
7661;49
7662;20
7663;58
7664;40
7665;87
7666;70
7667;24
7668;27
7669;34
7670;5
7671;16
7672;22
7673;45
7674;64
7675;75
7676;33
7677;0
7678;40
7679;63
7680;64
7681;54
7682;58
7683;68
7684;64
7685;64
7686;18
7687;12
7688;62
7689;75
7690;20
7691;44
7692;41
7693;6
7694;24
7695;5
7696;74
7697;50
7698;11
7699;77
7700;70
7701;74
7702;97
7703;21
7704;21
7705;19
7706;14
7707;6
7708;5
7709;30
7710;28
7711;13
7712;11
7713;41
7714;44
7715;6
7716;4
7717;7
7718;8
7719;62
7720;67
7721;26
7722;26
7723;42
7724;16
7725;5
7726;28
7727;46
7728;37
7729;11
7730;9
7731;20
7732;60
7733;45
7734;89
7735;40
7736;66
7737;46
7738;15
7739;12
7740;27
7741;24
7742;1
7743;18
7744;0
7745;65
7746;34
7747;49
7748;11
7749;17
7750;29
7751;52
7752;13
7753;7
7754;9
7755;31
7756;31
7757;13
7758;15
7759;62
7760;45
7761;32
7762;15
7763;8
7764;88
7765;42
7766;72
7767;55
7768;84
7769;30
7770;39
7771;6
7772;14
7773;10
7774;82
7775;24
7776;62
7777;87
7778;36
7779;36
7780;44
7781;11
7782;64
7783;71
7784;53
7785;67
7786;73
7787;73
7788;46
7789;31
7790;30
7791;12
7792;51
7793;16
7794;6
7795;56
7796;37
7797;21
7798;2
7799;1
7800;26
7801;24
7802;24
7803;25
7804;0
7805;1
7806;47
7807;34
7808;18
7809;10
7810;31
7811;55
7812;15
7813;9
7814;28
7815;63
7816;9
7817;31
7818;43
7819;9
7820;6
7821;4
7822;70
7823;67
7824;38
7825;62
7826;36
7827;41
7828;6
7829;30
7830;31
7831;3
7832;15
7833;17
7834;54
7835;54
7836;82
7837;54
7838;44
7839;72
7840;58
7841;47
7842;64
7843;77
7844;37
7845;52
7846;37
7847;91
7848;29
7849;34
7850;45
7851;54
7852;13
7853;12
7854;34
7855;62
7856;23
7857;25
7858;41
7859;33
7860;48
7861;59
7862;10
7863;10
7864;18
7865;47
7866;31
7867;7
7868;9
7869;13
7870;30
7871;65
7872;42
7873;46
7874;9
7875;57
7876;10
7877;59
7878;34
7879;34
7880;42
7881;17
7882;16
7883;12
7884;62
7885;82
7886;20
7887;20
7888;49
7889;20
7890;67
7891;59
7892;46
7893;55
7894;49
7895;47
7896;13
7897;12
7898;38
7899;46
7900;3
7901;1
7902;20
7903;59
7904;26
7905;48
7906;64
7907;12
7908;11
7909;76
7910;44
7911;36
7912;31
7913;3
7914;73
7915;61
7916;70
7917;69
7918;66
7919;57
7920;46
7921;73
7922;67
7923;72
7924;37
7925;26
7926;49
7927;14
7928;55
7929;35
7930;44
7931;27
7932;7
7933;22
7934;57
7935;64
7936;15
7937;6
7938;33
7939;20
7940;13
7941;0
7942;15
7943;60
7944;62
7945;37
7946;73
7947;41
7948;44
7949;49
7950;59
7951;75
7952;47
7953;19
7954;23
7955;24
7956;68
7957;29
7958;20
7959;82
7960;52
7961;47
7962;39
7963;49
7964;51
7965;24
7966;20
7967;19
7968;46
7969;19
7970;71
7971;31
7972;4
7973;8
7974;64
7975;19
7976;46
7977;32
7978;5
7979;4
7980;17
7981;0
7982;17
7983;39
7984;41
7985;30
7986;77
7987;70
7988;19
7989;68
7990;64
7991;43
7992;23
7993;17
7994;2
7995;41
7996;74
7997;44
7998;19
7999;25
8000;51
8001;68
8002;46
8003;29
8004;49
8005;71
8006;33
8007;64
8008;63
8009;44
8010;74
8011;61
8012;73
8013;73
8014;20
8015;20
8016;58
8017;70
8018;30
8019;20
8020;60
8021;54
8022;37
8023;9
8024;8
8025;23
8026;21
8027;36
8028;24
8029;44
8030;47
8031;54
8032;70
8033;66
8034;37
8035;62
8036;19
8037;57
8038;44
8039;13
8040;11
8041;7
8042;42
8043;63
8044;52
8045;42
8046;55
8047;11
8048;31
8049;64
8050;7
8051;7
8052;11
8053;40
8054;7
8055;28
8056;11
8057;11
8058;46
8059;26
8060;73
8061;56
8062;62
8063;72
8064;56
8065;45
8066;14
8067;58
8068;51
8069;36
8070;11
8071;32
8072;33
8073;11
8074;7
8075;12
8076;51
8077;53
8078;10
8079;67
8080;59
8081;35
8082;47
8083;6
8084;8
8085;32
8086;13
8087;48
8088;34
8089;49
8090;0
8091;19
8092;29
8093;22
8094;24
8095;42
8096;59
8097;19
8098;94
8099;33
8100;62
8101;8
8102;17
8103;31
8104;48
8105;10
8106;36
8107;67
8108;67
8109;30
8110;42
8111;46
8112;7
8113;13
8114;34
8115;37
8116;32
8117;9
8118;5
8119;50
8120;24
8121;30
8122;67
8123;52
8124;56
8125;64
8126;34
8127;61
8128;9
8129;15
8130;32
8131;28
8132;10
8133;18
8134;35
8135;25
8136;29
8137;35
8138;31
8139;16
8140;13
8141;53
8142;28
8143;17
8144;15
8145;29
8146;55
8147;71
8148;21
8149;59
8150;74
8151;54
8152;73
8153;28
8154;35
8155;8
8156;2
8157;37
8158;52
8159;59
8160;43
8161;9
8162;60
8163;16
8164;65
8165;39
8166;55
8167;26
8168;36
8169;87
8170;39
8171;25
8172;33
8173;79
8174;53
8175;49
8176;17
8177;76
8178;71
8179;37
8180;44
8181;5
8182;17
8183;17
8184;44
8185;22
8186;56
8187;21
8188;23
8189;54
8190;66
8191;34
8192;32
8193;13
8194;13
8195;46
8196;16
8197;68
8198;63
8199;32
8200;18
8201;6
8202;38
8203;4
8204;8
8205;47
8206;6
8207;20
8208;62
8209;34
8210;62
8211;51
8212;47
8213;49
8214;66
8215;46
8216;72
8217;50
8218;20
8219;45
8220;55
8221;53
8222;71
8223;97
8224;45
8225;74
8226;23
8227;50
8228;15
8229;67
8230;66
8231;34
8232;63
8233;54
8234;59
8235;70
8236;79
8237;59
8238;47
8239;54
8240;50
8241;33
8242;17
8243;12
8244;12
8245;41
8246;31
8247;11
8248;10
8249;25
8250;53
8251;56
8252;73
8253;21
8254;46
8255;25
8256;24
8257;27
8258;51
8259;76
8260;50
8261;50
8262;28
8263;23
8264;26
8265;19
8266;20
8267;20
8268;52
8269;25
8270;56
8271;54
8272;76
8273;68
8274;20
8275;36
8276;27
8277;10
8278;16
8279;22
8280;75
8281;57
8282;75
8283;73
8284;73
8285;74
8286;74
8287;30
8288;36
8289;15
8290;13
8291;49
8292;2
8293;66
8294;60
8295;67
8296;30
8297;74
8298;67
8299;67
8300;84
8301;21
8302;54
8303;19
8304;45
8305;28
8306;59
8307;72
8308;64
8309;62
8310;80
8311;49
8312;49
8313;8
8314;9
8315;8
8316;67
8317;36
8318;50
8319;13
8320;14
8321;62
8322;58
8323;27
8324;35
8325;14
8326;13
8327;61
8328;22
8329;53
8330;39
8331;8
8332;1
8333;22
8334;58
8335;64
8336;59
8337;69
8338;64
8339;29
8340;6
8341;43
8342;37
8343;38
8344;8
8345;6
8346;66
8347;76
8348;60
8349;26
8350;79
8351;63
8352;21
8353;42
8354;39
8355;28
8356;0
8357;3
8358;85
8359;50
8360;71
8361;71
8362;41
8363;41
8364;0
8365;1
8366;44
8367;10
8368;36
8369;52
8370;34
8371;32
8372;81
8373;33
8374;61
8375;21
8376;31
8377;32
8378;19
8379;41
8380;47
8381;15
8382;8
8383;17
8384;55
8385;21
8386;54
8387;79
8388;84
8389;26
8390;38
8391;65
8392;73
8393;46
8394;43
8395;36
8396;4
8397;5
8398;63
8399;36
8400;66
8401;25
8402;84
8403;28
8404;27
8405;40
8406;45
8407;36
8408;4
8409;5
8410;44
8411;53
8412;71
8413;64
8414;49
8415;69
8416;73
8417;26
8418;40
8419;5
8420;3
8421;41
8422;25
8423;14
8424;29
8425;56
8426;39
8427;66
8428;55
8429;26
8430;79
8431;87
8432;31
8433;7
8434;4
8435;7
8436;81
8437;72
8438;30
8439;15
8440;61
8441;71
8442;28
8443;57
8444;75
8445;24
8446;52
8447;35
8448;37
8449;32
8450;5
8451;1
8452;14
8453;41
8454;31
8455;18
8456;18
8457;13
8458;34
8459;30
8460;13
8461;15
8462;11
8463;56
8464;62
8465;74
8466;95
8467;34
8468;36
8469;9
8470;1
8471;73
8472;73
8473;62
8474;55
8475;83
8476;71
8477;21
8478;28
8479;20
8480;13
8481;0
8482;13
8483;51
8484;42
8485;17
8486;50
8487;88
8488;55
8489;29
8490;39
8491;42
8492;50
8493;22
8494;53
8495;51
8496;73
8497;47
8498;34
8499;39
8500;18
8501;9
8502;9
8503;14
8504;77
8505;64
8506;58
8507;64
8508;39
8509;37
8510;64
8511;8
8512;35
8513;44
8514;6
8515;7
8516;7
8517;65
8518;32
8519;38
8520;6
8521;0
8522;22
8523;51
8524;30
8525;80
8526;31
8527;66
8528;22
8529;63
8530;49
8531;35
8532;39
8533;9
8534;17
8535;47
8536;25
8537;29
8538;19
8539;40
8540;54
8541;29
8542;28
8543;5
8544;2
8545;44
8546;64
8547;88
8548;23
8549;60
8550;48
8551;59
8552;64
8553;52
8554;51
8555;39
8556;56
8557;51
8558;8
8559;55
8560;49
8561;17
8562;17
8563;64
8564;39
8565;82
8566;26
8567;22
8568;33
8569;3
8570;12
8571;15
8572;4
8573;37
8574;43
8575;8
8576;11
8577;10
8578;45
8579;46
8580;1
8581;81
8582;27
8583;28
8584;26
8585;30
8586;17
8587;82
8588;70
8589;50
8590;49
8591;26
8592;11
8593;39
8594;39
8595;10
8596;31
8597;63
8598;54
8599;49
8600;46
8601;56
8602;17
8603;42
8604;34
8605;9
8606;70
8607;68
8608;53
8609;58
8610;63
8611;55
8612;22
8613;4
8614;51
8615;63
8616;9
8617;8
8618;32
8619;47
8620;9
8621;13
8622;18
8623;39
8624;44
8625;12
8626;64
8627;8
8628;10
8629;62
8630;62
8631;68
8632;54
8633;34
8634;46
8635;59
8636;64
8637;73
8638;22
8639;53
8640;63
8641;35
8642;20
8643;19
8644;33
8645;24
8646;27
8647;4
8648;81
8649;77
8650;54
8651;63
8652;34
8653;18
8654;13
8655;18
8656;54
8657;29
8658;71
8659;42
8660;20
8661;64
8662;40
8663;57
8664;86
8665;21
8666;29
8667;29
8668;2
8669;17
8670;4
8671;34
8672;25
8673;25
8674;75
8675;51
8676;77
8677;44
8678;43
8679;16
8680;17
8681;6
8682;55
8683;53
8684;67
8685;44
8686;43
8687;2
8688;1
8689;4
8690;78
8691;65
8692;40
8693;24
8694;60
8695;55
8696;55
8697;34
8698;64
8699;21
8700;31
8701;61
8702;19
8703;50
8704;31
8705;46
8706;0
8707;5
8708;19
8709;28
8710;0
8711;3
8712;36
8713;72
8714;49
8715;51
8716;12
8717;38
8718;41
8719;11
8720;9
8721;56
8722;26
8723;29
8724;32
8725;4
8726;4
8727;54
8728;53
8729;9
8730;9
8731;6
8732;57
8733;32
8734;43
8735;65
8736;64
8737;20
8738;19
8739;38
8740;53
8741;69
8742;24
8743;19
8744;55
8745;69
8746;55
8747;61
8748;48
8749;40
8750;61
8751;44
8752;34
8753;10
8754;36
8755;54
8756;62
8757;69
8758;27
8759;59
8760;28
8761;56
8762;62
8763;82
8764;72
8765;47
8766;25
8767;67
8768;23
8769;70
8770;46
8771;42
8772;15
8773;18
8774;47
8775;28
8776;7
8777;8
8778;31
8779;26
8780;18
8781;17
8782;8
8783;60
8784;60
8785;11
8786;7
8787;25
8788;43
8789;15
8790;56
8791;72
8792;51
8793;75
8794;66
8795;26
8796;19
8797;38
8798;41
8799;16
8800;18
8801;29
8802;61
8803;35
8804;55
8805;6
8806;11
8807;49
8808;62
8809;41
8810;35
8811;46
8812;8
8813;0
8814;43
8815;14
8816;78
8817;46
8818;52
8819;68
8820;50
8821;16
8822;10
8823;45
8824;45
8825;18
8826;6
8827;25
8828;95
8829;49
8830;33
8831;1
8832;18
8833;14
8834;3
8835;6
8836;40
8837;8
8838;7
8839;20
8840;29
8841;9
8842;9
8843;49
8844;64
8845;14
8846;15
8847;51
8848;6
8849;55
8850;57
8851;50
8852;65
8853;34
8854;38
8855;0
8856;0
8857;61
8858;54
8859;82
8860;36
8861;21
8862;75
8863;25
8864;63
8865;41
8866;27
8867;69
8868;23
8869;57
8870;52
8871;63
8872;8
8873;8
8874;14
8875;66
8876;78
8877;46
8878;52
8879;37
8880;37
8881;16
8882;10
8883;1
8884;7
8885;40
8886;62
8887;23
8888;29
8889;27
8890;15
8891;17
8892;9
8893;36
8894;76
8895;63
8896;20
8897;70
8898;48
8899;6
8900;31
8901;53
8902;72
8903;42
8904;50
8905;41
8906;45
8907;0
8908;3
8909;4
8910;40
8911;27
8912;67
8913;48
8914;62
8915;49
8916;38
8917;64
8918;31
8919;10
8920;12
8921;26
8922;59
8923;81
8924;37
8925;22
8926;19
8927;5
8928;10
8929;37
8930;44
8931;4
8932;15
8933;54
8934;29
8935;15
8936;7
8937;55
8938;71
8939;53
8940;30
8941;39
8942;12
8943;12
8944;73
8945;21
8946;29
8947;74
8948;50
8949;61
8950;24
8951;45
8952;37
8953;36
8954;4
8955;0
8956;66
8957;53
8958;44
8959;41
8960;64
8961;14
8962;49
8963;43
8964;6
8965;11
8966;14
8967;57
8968;70
8969;52
8970;22
8971;73
8972;69
8973;21
8974;21
8975;82
8976;59
8977;41
8978;82
8979;40
8980;43
8981;41
8982;5
8983;3
8984;36
8985;63
8986;10
8987;11
8988;6
8989;61
8990;68
8991;27
8992;67
8993;58
8994;64
8995;65
8996;26
8997;59
8998;36
8999;26
9000;13
9001;6
9002;7
9003;72
9004;30
9005;37
9006;18
9007;6
9008;88
9009;30
9010;57
9011;12
9012;11
9013;41
9014;42
9015;17
9016;11
9017;3
9018;26
9019;39
9020;15
9021;12
9022;12
9023;52
9024;44
9025;16
9026;10
9027;62
9028;67
9029;70
9030;73
9031;31
9032;33
9033;65
9034;57
9035;55
9036;74
9037;66
9038;40
9039;30
9040;18
9041;16
9042;65
9043;29
9044;24
9045;25
9046;33
9047;56
9048;58
9049;62
9050;54
9051;66
9052;65
9053;45
9054;47
9055;11
9056;15
9057;54
9058;51
9059;28
9060;31
9061;18
9062;18
9063;58
9064;74
9065;25
9066;23
9067;37
9068;29
9069;45
9070;7
9071;44
9072;30
9073;1
9074;9
9075;73
9076;29
9077;32
9078;33
9079;30
9080;3
9081;1
9082;30
9083;10
9084;7
9085;62
9086;28
9087;29
9088;12
9089;8
9090;23
9091;66
9092;19
9093;44
9094;2
9095;2
9096;71
9097;52
9098;70
9099;38
9100;24
9101;73
9102;42
9103;84
9104;41
9105;27
9106;29
9107;5
9108;9
9109;53
9110;19
9111;80
9112;59
9113;77
9114;64
9115;47
9116;6
9117;94
9118;72
9119;26
9120;41
9121;44
9122;64
9123;20
9124;75
9125;29
9126;19
9127;26
9128;22
9129;21
9130;28
9131;43
9132;18
9133;1
9134;6
9135;38
9136;9
9137;51
9138;42
9139;38
9140;16
9141;14
9142;50
9143;31
9144;16
9145;12
9146;46
9147;68
9148;46
9149;27
9150;41
9151;18
9152;14
9153;52
9154;23
9155;61
9156;74
9157;30
9158;67
9159;74
9160;50
9161;37
9162;64
9163;16
9164;21
9165;19
9166;48
9167;20
9168;60
9169;20
9170;19
9171;20
9172;69
9173;24
9174;50
9175;46
9176;53
9177;8
9178;18
9179;49
9180;47
9181;57
9182;62
9183;42
9184;46
9185;14
9186;50
9187;25
9188;43
9189;32
9190;34
9191;12
9192;11
9193;64
9194;60
9195;10
9196;12
9197;15
9198;30
9199;38
9200;15
9201;15
9202;14
9203;68
9204;44
9205;55
9206;59
9207;38
9208;36
9209;71
9210;19
9211;31
9212;2
9213;3
9214;70
9215;60
9216;26
9217;29
9218;2
9219;60
9220;51
9221;77
9222;23
9223;29
9224;41
9225;47
9226;94
9227;21
9228;32
9229;16
9230;16
9231;65
9232;67
9233;42
9234;62
9235;81
9236;51
9237;23
9238;66
9239;54
9240;27
9241;59
9242;39
9243;12
9244;13
9245;73
9246;47
9247;30
9248;4
9249;4
9250;66
9251;38
9252;47
9253;23
9254;23
9255;95
9256;33
9257;42
9258;64
9259;56
9260;33
9261;33
9262;12
9263;17
9264;54
9265;26
9266;49
9267;71
9268;28
9269;37
9270;1
9271;2
9272;55
9273;15
9274;56
9275;20
9276;37
9277;58
9278;31
9279;11
9280;8
9281;27
9282;36
9283;31
9284;18
9285;9
9286;23
9287;35
9288;70
9289;56
9290;28
9291;56
9292;62
9293;12
9294;53
9295;47
9296;45
9297;35
9298;6
9299;12
9300;16
9301;14
9302;44
9303;64
9304;82
9305;46
9306;20
9307;41
9308;7
9309;65
9310;74
9311;64
9312;42
9313;46
9314;5
9315;6
9316;37
9317;63
9318;7
9319;10
9320;12
9321;42
9322;3
9323;41
9324;27
9325;1
9326;0
9327;50
9328;52
9329;41
9330;22
9331;3
9332;7
9333;4
9334;65
9335;62
9336;68
9337;45
9338;49
9339;80
9340;20
9341;83
9342;37
9343;35
9344;13
9345;1
9346;52
9347;42
9348;37
9349;17
9350;9
9351;40
9352;14
9353;13
9354;59
9355;64
9356;24
9357;49
9358;18
9359;60
9360;37
9361;80
9362;22
9363;35
9364;0
9365;1
9366;58
9367;74
9368;71
9369;53
9370;53
9371;37
9372;60
9373;17
9374;16
9375;6
9376;68
9377;79
9378;66
9379;71
9380;44
9381;33
9382;9
9383;19
9384;33
9385;8
9386;0
9387;66
9388;30
9389;41
9390;21
9391;43
9392;19
9393;34
9394;1
9395;4
9396;38
9397;15
9398;38
9399;19
9400;64
9401;39
9402;28
9403;17
9404;57
9405;47
9406;50
9407;14
9408;46
9409;10
9410;32
9411;23
9412;30
9413;46
9414;48
9415;48
9416;13
9417;8
9418;13
9419;25
9420;56
9421;38
9422;37
9423;38
9424;10
9425;10
9426;32
9427;46
9428;18
9429;78
9430;34
9431;30
9432;38
9433;22
9434;63
9435;57
9436;48
9437;49
9438;34
9439;3
9440;2
9441;67
9442;25
9443;55
9444;44
9445;62
9446;14
9447;6
9448;39
9449;2
9450;5
9451;44
9452;47
9453;9
9454;24
9455;20
9456;32
9457;22
9458;19
9459;25
9460;50
9461;46
9462;74
9463;76
9464;19
9465;42
9466;37
9467;47
9468;15
9469;8
9470;12
9471;70
9472;64
9473;21
9474;62
9475;61
9476;24
9477;57
9478;74
9479;54
9480;26
9481;27
9482;59
9483;64
9484;6
9485;15
9486;17
9487;55
9488;72
9489;51
9490;52
9491;63
9492;54
9493;63
9494;50
9495;62
9496;24
9497;34
9498;68
9499;21
9500;39
9501;15
9502;11
9503;87
9504;57
9505;76
9506;68
9507;53
9508;41
9509;30
9510;61
9511;85
9512;26
9513;33
9514;12
9515;8
9516;13
9517;54
9518;56
9519;53
9520;51
9521;27
9522;30
9523;1
9524;12
9525;62
9526;30
9527;6
9528;28
9529;29
9530;75
9531;73
9532;26
9533;30
9534;8
9535;38
9536;31
9537;12
9538;15
9539;40
9540;30
9541;2
9542;16
9543;30
9544;26
9545;19
9546;15
9547;54
9548;73
9549;38
9550;27
9551;8
9552;8
9553;74
9554;74
9555;53
9556;25
9557;19
9558;45
9559;43
9560;15
9561;1
9562;38
9563;64
9564;11
9565;14
9566;59
9567;25
9568;31
9569;3
9570;1
9571;43
9572;10
9573;14
9574;37
9575;61
9576;48
9577;30
9578;28
9579;58
9580;13
9581;12
9582;55
9583;67
9584;36
9585;27
9586;3
9587;5
9588;58
9589;50
9590;81
9591;73
9592;67
9593;38
9594;58
9595;60
9596;46
9597;44
9598;44
9599;59
9600;64
9601;52
9602;65
9603;59
9604;54
9605;14
9606;7
9607;74
9608;78
9609;59
9610;44
9611;63
9612;51
9613;23
9614;88
9615;30
9616;48
9617;13
9618;0
9619;44
9620;50
9621;41
9622;13
9623;40
9624;25
9625;19
9626;39
9627;24
9628;20
9629;19
9630;46
9631;36
9632;38
9633;18
9634;11
9635;42
9636;26
9637;9
9638;18
9639;48
9640;28
9641;2
9642;9
9643;26
9644;49
9645;11
9646;14
9647;28
9648;38
9649;9
9650;0
9651;70
9652;25
9653;37
9654;0
9655;14
9656;36
9657;47
9658;14
9659;18
9660;67
9661;71
9662;49
9663;73
9664;21
9665;11
9666;63
9667;58
9668;40
9669;21
9670;63
9671;70
9672;46
9673;53
9674;42
9675;14
9676;6
9677;9
9678;41
9679;8
9680;10
9681;58
9682;64
9683;52
9684;72
9685;34
9686;60
9687;27
9688;32
9689;38
9690;4
9691;5
9692;3
9693;2
9694;31
9695;37
9696;9
9697;4
9698;41
9699;33
9700;18
9701;63
9702;73
9703;66
9704;68
9705;29
9706;38
9707;11
9708;44
9709;7
9710;36
9711;34
9712;18
9713;50
9714;36
9715;49
9716;64
9717;69
9718;73
9719;27
9720;0
9721;14
9722;64
9723;52
9724;58
9725;10
9726;49
9727;51
9728;43
9729;46
9730;28
9731;14
9732;19
9733;46
9734;16
9735;5
9736;6
9737;67
9738;56
9739;13
9740;10
9741;50
9742;60
9743;46
9744;10
9745;14
9746;72
9747;63
9748;47
9749;49
9750;6
9751;12
9752;49
9753;46
9754;21
9755;43
9756;27
9757;39
9758;40
9759;45
9760;16
9761;5
9762;34
9763;39
9764;0
9765;5
9766;39
9767;45
9768;12
9769;14
9770;44
9771;26
9772;36
9773;6
9774;64
9775;66
9776;61
9777;38
9778;25
9779;10
9780;10
9781;48
9782;58
9783;29
9784;10
9785;14
9786;23
9787;77
9788;76
9789;42
9790;45
9791;27
9792;27
9793;45
9794;4
9795;3
9796;69
9797;33
9798;9
9799;8
9800;27
9801;8
9802;53
9803;66
9804;33
9805;36
9806;16
9807;43
9808;81
9809;65
9810;22
9811;54
9812;40
9813;36
9814;42
9815;16
9816;64
9817;55
9818;20
9819;19
9820;67
9821;68
9822;49
9823;59
9824;52
9825;62
9826;60
9827;71
9828;55
9829;65
9830;36
9831;47
9832;6
9833;0
9834;34
9835;32
9836;9
9837;17
9838;9
9839;47
9840;45
9841;17
9842;36
9843;31
9844;6
9845;16
9846;3
9847;53
9848;52
9849;49
9850;69
9851;25
9852;30
9853;4
9854;1
9855;48
9856;56
9857;63
9858;15
9859;16
9860;51
9861;73
9862;21
9863;68
9864;34
9865;53
9866;62
9867;43
9868;57
9869;74
9870;31
9871;73
9872;92
9873;46
9874;41
9875;76
9876;66
9877;39
9878;53
9879;9
9880;10
9881;28
9882;60
9883;68
9884;36
9885;22
9886;49
9887;18
9888;4
9889;16
9890;2
9891;0
9892;38
9893;71
9894;40
9895;25
9896;22
9897;23
9898;20
9899;25
9900;55
9901;33
9902;22
9903;22
9904;30
9905;64
9906;18
9907;6
9908;67
9909;74
9910;52
9911;62
9912;74
9913;34
9914;44
9915;51
9916;18
9917;41
9918;47
9919;69
9920;52
9921;61
9922;26
9923;47
9924;13
9925;8
9926;6
9927;21
9928;25
9929;38
9930;77
9931;35
9932;37
9933;22
9934;57
9935;47
9936;45
9937;5
9938;13
9939;11
9940;25
9941;48
9942;9
9943;70
9944;52
9945;52
9946;56
9947;61
9948;39
9949;19
9950;84
9951;93
9952;20
9953;34
9954;28
9955;50
9956;7
9957;27
9958;36
9959;75
9960;80
9961;26
9962;29
9963;66
9964;55
9965;21
9966;28
9967;5
9968;0
9969;14
9970;72
9971;25
9972;51
9973;41
9974;82
9975;61
9976;49
9977;38
9978;3
9979;2
9980;30
9981;44
9982;35
9983;40
9984;8
9985;6
9986;49
9987;49
9988;19
9989;65
9990;38
9991;28
9992;86
9993;55
9994;39
9995;18
9996;39
9997;49
9998;7
9999;11
10000;2
10001;50
10002;9
10003;39
10004;67
10005;25
10006;29
10007;72
10008;78
10009;62
10010;50
10011;22
10012;58
10013;56
10014;50
10015;36
10016;50
10017;46
10018;60
10019;66
10020;48
10021;39
10022;2
10023;58
10024;41
10025;25
10026;72
10027;50
10028;79
10029;53
10030;30
10031;23
10032;29
10033;90
10034;30
10035;79
10036;30
10037;44
10038;33
10039;14
10040;0
10041;31
10042;54
10043;8
10044;18
10045;9
10046;65
10047;29
10048;48
10049;7
10050;44
10051;78
10052;79
10053;34
10054;48
10055;3
10056;22
10057;58
10058;64
10059;37
10060;33
10061;39
10062;35
10063;72
10064;75
10065;94
10066;75
10067;68
10068;105
10069;81
10070;85
10071;67
10072;96
10073;70
10074;89
10075;71
10076;75
10077;67
10078;72
10079;89
10080;102
10081;105
10082;74
10083;79
10084;77
10085;98
10086;105
10087;89
10088;105
10089;71
10090;76
10091;105
10092;82
10093;69
10094;96
10095;72
10096;103
10097;69
10098;94
10099;103
10100;79
10101;87
10102;103
10103;85
10104;78
10105;72
10106;84
10107;75
10108;68
10109;103
10110;78
10111;78
10112;76
10113;103
10114;76
10115;94
10116;84
10117;83
10118;81
10119;85
10120;77
10121;83
10122;77
10123;105
10124;74
10125;76
10126;87
10127;88
10128;77
10129;82
10130;90
10131;89
10132;96
10133;82
10134;104
10135;87
10136;76
10137;91
10138;101
10139;93
10140;86
10141;74
10142;73
10143;100
