1;78
2;31
3;65
4;72
5;59
6;54
7;18
8;11
9;50
10;9
11;76
12;24
13;69
14;75
15;53
16;64
17;12
18;18
19;16
20;39
21;54
22;12
23;43
24;67
25;77
26;64
27;47
28;15
29;11
30;77
31;54
32;24
33;21
34;58
35;57
36;28
37;78
38;41
39;45
40;7
41;12
42;9
43;55
44;85
45;70
46;68
47;52
48;46
49;63
50;58
51;24
52;77
53;73
54;32
55;62
56;10
57;11
58;36
59;32
60;6
61;3
62;37
63;8
64;61
65;55
66;45
67;40
68;15
69;8
70;11
71;41
72;64
73;50
74;74
75;61
76;38
77;12
78;13
79;72
80;24
81;73
82;60
83;24
84;58
85;31
86;57
87;12
88;37
89;52
90;59
91;40
92;59
93;14
94;9
95;16
96;45
97;28
98;60
99;26
100;67
101;68
102;31
103;27
104;0
105;69
106;67
107;52
108;67
109;22
110;61
111;71
112;25
113;29
114;4
115;12
116;3
117;32
118;39
119;14
120;10
121;33
122;38
123;54
124;8
125;8
126;12
127;43
128;53
129;41
130;29
131;63
132;45
133;9
134;8
135;8
136;29
137;41
138;63
139;49
140;50
141;72
142;50
143;35
144;4
145;66
146;72
147;48
148;64
149;39
150;32
151;15
152;6
153;13
154;65
155;50
156;42
157;2
158;12
159;40
160;36
161;15
162;8
163;40
164;61
165;71
166;72
167;21
168;21
169;45
170;53
171;49
172;81
173;58
174;62
175;7
176;7
177;11
178;10
179;43
180;20
181;31
182;15
183;13
184;11
185;82
186;21
187;76
188;19
189;22
190;25
191;59
192;80
193;52
194;53
195;18
196;17
197;28
198;75
199;63
200;38
201;28
202;16
203;13
204;7
205;66
206;62
207;32
208;12
209;17
210;40
211;33
212;1
213;42
214;19
215;56
216;71
217;66
218;23
219;26
220;83
221;36
222;46
223;19
224;8
225;4
226;41
227;29
228;65
229;64
230;65
231;67
232;53
233;77
234;39
235;42
236;2
237;5
238;27
239;39
240;4
241;40
242;62
243;56
244;56
245;8
246;39
247;20
248;14
249;4
250;42
251;27
252;16
253;6
254;70
255;76
256;52
257;62
258;63
259;65
260;22
261;26
262;30
263;30
264;0
265;3
266;82
267;20
268;40
269;80
270;22
271;53
272;62
273;38
274;63
275;48
276;52
277;43
278;67
279;70
280;30
281;49
282;0
283;2
284;5
285;66
286;30
287;52
288;68
289;48
290;39
291;3
292;6
293;3
294;43
295;25
296;5
297;0
298;40
299;73
300;38
301;30
302;53
303;10
304;14
305;29
306;29
307;17
308;8
309;55
310;28
311;15
312;15
313;48
314;57
315;52
316;42
317;49
318;4
319;15
320;54
321;51
322;7
323;7
324;28
325;56
326;49
327;72
328;74
329;40
330;90
331;87
332;20
333;27
334;5
335;47
336;22
337;41
338;65
339;20
340;72
341;50
342;20
343;70
344;67
345;23
346;37
347;37
348;11
349;8
350;15
351;8
352;70
353;63
354;24
355;68
356;56
357;62
358;52
359;26
360;58
361;60
362;75
363;60
364;45
365;51
366;54
367;72
368;46
369;49
370;21
371;21
372;25
373;81
374;38
375;76
376;62
377;54
378;51
379;85
380;78
381;56
382;32
383;13
384;39
385;71
386;30
387;35
388;7
389;12
390;51
391;40
392;44
393;36
394;31
395;55
396;65
397;47
398;57
399;46
400;21
401;32
402;27
403;12
404;71
405;59
406;49
407;41
408;43
409;66
410;48
411;61
412;54
413;22
414;41
415;48
416;82
417;48
418;37
419;49
420;8
421;4
422;31
423;48
424;17
425;18
426;10
427;50
428;52
429;52
430;41
431;54
432;78
433;43
434;31
435;4
436;0
437;5
438;64
439;64
440;51
441;52
442;75
443;38
444;41
445;16
446;12
447;17
448;61
449;10
450;43
451;76
452;47
453;58
454;23
455;39
456;30
457;13
458;16
459;13
460;63
461;54
462;43
463;63
464;67
465;46
466;37
467;75
468;53
469;73
470;82
471;26
472;45
473;35
474;52
475;10
476;23
477;61
478;24
479;72
480;74
481;67
482;53
483;66
484;50
485;54
486;69
487;72
488;19
489;72
490;34
491;37
492;49
493;63
494;79
495;69
496;70
497;41
498;34
499;37
500;4
501;16
502;36
503;66
504;39
505;36
506;71
507;30
508;47
509;13
510;17
511;15
512;26
513;17
514;48
515;26
516;9
517;17
518;31
519;72
520;50
521;67
522;35
523;58
524;10
525;13
526;12
527;63
528;31
529;60
530;18
531;28
532;36
533;13
534;1
535;5
536;52
537;72
538;57
539;78
540;73
541;60
542;57
543;56
544;53
545;11
546;11
547;34
548;80
549;53
550;38
551;34
552;2
553;8
554;32
555;55
556;83
557;63
558;57
559;56
560;61
561;46
562;32
563;46
564;37
565;21
566;26
567;50
568;40
569;89
570;19
571;24
572;30
573;55
574;74
575;44
576;9
577;12
578;56
579;35
580;7
581;14
582;31
583;60
584;7
585;11
586;76
587;62
588;34
589;74
590;20
591;86
592;75
593;34
594;52
595;74
596;22
597;24
598;42
599;52
600;13
601;16
602;8
603;8
604;48
605;48
606;76
607;27
608;72
609;44
610;44
611;35
612;12
613;10
614;84
615;54
616;34
617;81
618;65
619;72
620;42
621;48
622;61
623;45
624;9
625;18
626;51
627;87
628;37
629;32
630;14
631;9
632;25
633;78
634;35
635;72
636;26
637;19
638;2
639;4
640;25
641;58
642;51
643;84
644;44
645;24
646;21
647;46
648;56
649;44
650;71
651;60
652;62
653;91
654;71
655;69
656;25
657;80
658;67
659;65
660;72
661;35
662;44
663;8
664;12
665;25
666;54
667;78
668;34
669;2
670;4
671;44
672;46
673;12
674;2
675;27
676;39
677;11
678;76
679;26
680;52
681;40
682;52
683;15
684;45
685;75
686;39
687;20
688;31
689;47
690;10
691;50
692;65
693;54
694;65
695;63
696;47
697;71
698;51
699;37
700;63
701;65
702;49
703;48
704;45
705;17
706;14
707;47
708;73
709;54
710;52
711;54
712;53
713;55
714;49
715;13
716;17
717;55
718;73
719;48
720;65
721;27
722;59
723;33
724;6
725;41
726;39
727;41
728;45
729;39
730;33
731;5
732;55
733;70
734;71
735;51
736;59
737;50
738;31
739;61
740;70
741;40
742;44
743;74
744;25
745;24
746;54
747;25
748;57
749;54
750;48
751;42
752;4
753;4
754;7
755;71
756;51
757;82
758;22
759;68
760;50
761;52
762;84
763;32
764;33
765;6
766;49
767;33
768;1
769;5
770;56
771;49
772;57
773;55
774;64
775;67
776;62
777;25
778;54
779;90
780;27
781;37
782;9
783;8
784;6
785;73
786;48
787;73
788;69
789;65
790;67
791;54
792;46
793;72
794;41
795;63
796;68
797;71
798;55
799;63
800;53
801;56
802;19
803;95
804;50
805;20
806;56
807;74
808;84
809;65
810;58
811;31
812;72
813;36
814;61
815;50
816;22
817;64
818;53
819;80
820;66
821;49
822;54
823;57
824;31
825;52
826;6
827;7
828;83
829;30
830;9
831;13
832;35
833;33
834;17
835;46
836;58
837;35
838;15
839;11
840;58
841;53
842;22
843;63
844;63
845;45
846;28
847;72
848;55
849;59
850;28
851;46
852;8
853;93
854;76
855;65
856;33
857;72
858;50
859;56
860;16
861;55
862;81
863;57
864;58
865;59
866;50
867;80
868;84
869;84
870;42
871;76
872;46
873;48
874;52
875;20
876;45
877;65
878;44
879;40
880;49
881;49
882;74
883;39
884;11
885;63
886;57
887;60
888;47
889;5
890;5
891;15
892;66
893;81
894;36
895;27
896;0
897;2
898;58
899;72
900;50
901;77
902;69
903;34
904;61
905;29
906;59
907;48
908;76
909;52
910;27
911;39
912;2
913;65
914;19
915;39
916;66
917;58
918;76
919;57
920;33
921;39
922;5
923;2
924;6
925;62
926;72
927;66
928;72
929;35
930;49
931;31
932;8
933;11
934;19
935;36
936;17
937;8
938;45
939;44
940;10
941;14
942;13
943;55
944;72
945;69
946;71
947;64
948;75
949;29
950;78
951;54
952;41
953;35
954;16
955;9
956;35
957;52
958;74
959;66
960;58
961;45
962;85
963;62
964;60
965;79
966;32
967;81
968;21
969;48
970;50
971;24
972;59
973;37
974;21
975;2
976;2
977;6
978;18
979;61
980;70
981;73
982;65
983;46
984;46
985;7
986;11
987;38
988;72
989;67
990;42
991;26
992;53
993;33
994;15
995;6
996;21
997;61
998;25
999;19
1000;19
1001;42
1002;59
1003;56
1004;83
1005;46
1006;63
1007;64
1008;27
1009;22
1010;16
1011;61
1012;62
1013;54
1014;76
1015;60
1016;65
1017;66
1018;65
1019;65
1020;68
1021;58
1022;62
1023;8
1024;8
1025;16
1026;49
1027;65
1028;26
1029;73
1030;42
1031;88
1032;45
1033;55
1034;71
1035;78
1036;30
1037;37
1038;16
1039;35
1040;43
1041;11
1042;50
1043;50
1044;51
1045;20
1046;27
1047;15
1048;2
1049;42
1050;21
1051;18
1052;3
1053;44
1054;29
1055;4
1056;68
1057;67
1058;69
1059;56
1060;50
1061;68
1062;55
1063;40
1064;36
1065;4
1066;4
1067;53
1068;41
1069;45
1070;1
1071;17
1072;5
1073;74
1074;45
1075;74
1076;53
1077;50
1078;86
1079;19
1080;62
1081;27
1082;59
1083;26
1084;37
1085;6
1086;10
1087;48
1088;29
1089;66
1090;87
1091;66
1092;52
1093;42
1094;35
1095;12
1096;17
1097;26
1098;43
1099;35
1100;59
1101;8
1102;58
1103;16
1104;35
1105;61
1106;15
1107;16
1108;17
1109;7
1110;48
1111;56
1112;13
1113;33
1114;43
1115;17
1116;16
1117;32
1118;48
1119;11
1120;14
1121;58
1122;60
1123;50
1124;52
1125;16
1126;8
1127;12
1128;42
1129;2
1130;1
1131;4
1132;40
1133;54
1134;62
1135;48
1136;60
1137;22
1138;34
1139;17
1140;42
1141;41
1142;21
1143;63
1144;23
1145;64
1146;21
1147;56
1148;82
1149;53
1150;49
1151;12
1152;18
1153;26
1154;30
1155;5
1156;40
1157;52
1158;24
1159;56
1160;47
1161;18
1162;28
1163;51
1164;15
1165;12
1166;82
1167;41
1168;45
1169;38
1170;17
1171;6
1172;52
1173;60
1174;77
1175;68
1176;48
1177;71
1178;49
1179;74
1180;49
1181;54
1182;65
1183;71
1184;85
1185;47
1186;26
1187;43
1188;38
1189;19
1190;58
1191;68
1192;53
1193;58
1194;46
1195;73
1196;82
1197;28
1198;43
1199;2
1200;8
1201;31
1202;1
1203;4
1204;51
1205;70
1206;55
1207;13
1208;12
1209;31
1210;45
1211;13
1212;14
1213;35
1214;16
1215;60
1216;30
1217;19
1218;3
1219;4
1220;40
1221;6
1222;14
1223;33
1224;89
1225;46
1226;11
1227;70
1228;26
1229;66
1230;51
1231;27
1232;54
1233;72
1234;51
1235;72
1236;42
1237;34
1238;21
1239;66
1240;51
1241;75
1242;69
1243;50
1244;20
1245;62
1246;63
1247;61
1248;70
1249;65
1250;60
1251;41
1252;16
1253;17
1254;12
1255;46
1256;17
1257;74
1258;42
1259;64
1260;64
1261;45
1262;59
1263;87
1264;63
1265;31
1266;54
1267;44
1268;8
1269;15
1270;61
1271;29
1272;70
1273;20
1274;27
1275;0
1276;11
1277;0
1278;3
1279;2
1280;30
1281;58
1282;51
1283;65
1284;37
1285;53
1286;42
1287;57
1288;79
1289;66
1290;41
1291;79
1292;58
1293;48
1294;39
1295;13
1296;8
1297;61
1298;65
1299;76
1300;50
1301;9
1302;11
1303;58
1304;40
1305;9
1306;13
1307;37
1308;30
1309;7
1310;26
1311;64
1312;66
1313;45
1314;17
1315;37
1316;40
1317;7
1318;10
1319;63
1320;68
1321;78
1322;50
1323;56
1324;46
1325;26
1326;80
1327;49
1328;22
1329;32
1330;33
1331;5
1332;13
1333;53
1334;58
1335;26
1336;62
1337;48
1338;47
1339;10
1340;34
1341;35
1342;15
1343;18
1344;62
1345;13
1346;13
1347;20
1348;97
1349;61
1350;33
1351;59
1352;60
1353;57
1354;64
1355;55
1356;66
1357;53
1358;43
1359;17
1360;15
1361;51
1362;65
1363;73
1364;54
1365;84
1366;65
1367;64
1368;22
1369;76
1370;30
1371;60
1372;74
1373;59
1374;59
1375;15
1376;63
1377;18
1378;14
1379;69
1380;66
1381;35
1382;19
1383;5
1384;41
1385;39
1386;16
1387;65
1388;66
1389;35
1390;74
1391;29
1392;81
1393;55
1394;65
1395;55
1396;89
1397;50
1398;89
1399;84
1400;45
1401;38
1402;9
1403;5
1404;5
1405;5
1406;56
1407;21
1408;66
1409;33
1410;79
1411;20
1412;61
1413;76
1414;71
1415;40
1416;64
1417;17
1418;29
1419;34
1420;7
1421;46
1422;57
1423;18
1424;86
1425;46
1426;25
1427;49
1428;26
1429;8
1430;4
1431;49
1432;50
1433;7
1434;15
1435;66
1436;39
1437;34
1438;14
1439;4
1440;33
1441;17
1442;59
1443;45
1444;55
1445;29
1446;13
1447;18
1448;23
1449;91
1450;56
1451;47
1452;48
1453;46
1454;18
1455;4
1456;16
1457;48
1458;50
1459;11
1460;18
1461;11
1462;59
1463;10
1464;73
1465;24
1466;80
1467;56
1468;62
1469;77
1470;57
1471;20
1472;78
1473;54
1474;68
1475;54
1476;67
1477;47
1478;65
1479;88
1480;54
1481;46
1482;6
1483;9
1484;75
1485;56
1486;60
1487;84
1488;55
1489;78
1490;56
1491;46
1492;18
1493;60
1494;38
1495;28
1496;7
1497;17
1498;53
1499;56
1500;7
1501;16
1502;86
1503;67
1504;21
1505;71
1506;25
1507;48
1508;68
1509;79
1510;42
1511;27
1512;3
1513;17
1514;50
1515;72
1516;47
1517;54
1518;8
1519;7
1520;13
1521;20
1522;84
1523;45
1524;56
1525;18
1526;7
1527;47
1528;58
1529;52
1530;27
1531;45
1532;8
1533;72
1534;51
1535;24
1536;55
1537;69
1538;28
1539;30
1540;31
1541;3
1542;12
1543;59
1544;67
1545;59
1546;73
1547;52
1548;41
1549;48
1550;74
1551;54
1552;62
1553;39
1554;58
1555;60
1556;45
1557;46
1558;1
1559;10
1560;3
1561;63
1562;67
1563;26
1564;63
1565;69
1566;58
1567;74
1568;56
1569;30
1570;74
1571;67
1572;70
1573;76
1574;70
1575;26
1576;72
1577;56
1578;42
1579;8
1580;44
1581;60
1582;17
1583;15
1584;28
1585;33
1586;24
1587;82
1588;51
1589;12
1590;62
1591;38
1592;26
1593;18
1594;16
1595;63
1596;54
1597;15
1598;16
1599;36
1600;20
1601;3
1602;33
1603;39
1604;15
1605;2
1606;29
1607;44
1608;14
1609;1
1610;62
1611;34
1612;6
1613;8
1614;13
1615;49
1616;78
1617;76
1618;32
1619;47
1620;16
1621;17
1622;14
1623;8
1624;49
1625;28
1626;40
1627;9
1628;13
1629;16
1630;48
1631;23
1632;30
1633;43
1634;47
1635;47
1636;31
1637;18
1638;9
1639;14
1640;45
1641;66
1642;40
1643;40
1644;0
1645;3
1646;15
1647;34
1648;34
1649;16
1650;5
1651;50
1652;39
1653;9
1654;11
1655;52
1656;61
1657;39
1658;0
1659;19
1660;70
1661;61
1662;20
1663;21
1664;59
1665;27
1666;30
1667;3
1668;67
1669;63
1670;64
1671;48
1672;50
1673;13
1674;6
1675;71
1676;27
1677;39
1678;5
1679;5
1680;61
1681;19
1682;34
1683;27
1684;1
1685;1
1686;16
1687;39
1688;3
1689;0
1690;41
1691;31
1692;29
1693;4
1694;3
1695;60
1696;20
1697;57
1698;35
1699;48
1700;3
1701;11
1702;73
1703;70
1704;33
1705;36
1706;62
1707;41
1708;55
1709;15
1710;9
1711;15
1712;48
1713;34
1714;28
1715;54
1716;77
1717;76
1718;73
1719;69
1720;41
1721;6
1722;34
1723;29
1724;28
1725;74
1726;24
1727;19
1728;40
1729;62
1730;69
1731;72
1732;69
1733;35
1734;34
1735;1
1736;3
1737;94
1738;72
1739;73
1740;44
1741;34
1742;42
1743;70
1744;74
1745;22
1746;33
1747;43
1748;87
1749;36
1750;39
1751;18
1752;0
1753;15
1754;4
1755;74
1756;54
1757;30
1758;59
1759;46
1760;64
1761;74
1762;82
1763;70
1764;35
1765;47
1766;16
1767;7
1768;12
1769;38
1770;77
1771;65
1772;35
1773;54
1774;70
1775;34
1776;55
1777;6
1778;13
1779;27
1780;62
1781;11
1782;12
1783;38
1784;45
1785;2
1786;9
1787;38
1788;27
1789;53
1790;64
1791;12
1792;49
1793;43
1794;1
1795;12
1796;25
1797;83
1798;69
1799;71
1800;40
1801;45
1802;11
1803;5
1804;80
1805;65
1806;64
1807;39
1808;49
1809;15
1810;7
1811;78
1812;52
1813;39
1814;35
1815;52
1816;55
1817;70
1818;22
1819;39
1820;65
1821;83
1822;55
1823;52
1824;38
1825;67
1826;72
1827;54
1828;43
1829;55
1830;17
1831;33
1832;53
1833;33
1834;21
1835;25
1836;72
1837;80
1838;69
1839;60
1840;32
1841;39
1842;51
1843;16
1844;10
1845;56
1846;52
1847;78
1848;60
1849;27
1850;88
1851;51
1852;14
1853;52
1854;66
1855;72
1856;44
1857;52
1858;37
1859;15
1860;29
1861;29
1862;10
1863;4
1864;49
1865;27
1866;58
1867;20
1868;47
1869;85
1870;72
1871;21
1872;79
1873;82
1874;41
1875;31
1876;18
1877;58
1878;92
1879;62
1880;31
1881;30
1882;5
1883;3
1884;22
1885;79
1886;20
1887;24
1888;26
1889;71
1890;55
1891;56
1892;49
1893;29
1894;13
1895;2
1896;15
1897;86
1898;79
1899;25
1900;22
1901;23
1902;47
1903;21
1904;23
1905;42
1906;47
1907;7
1908;93
1909;72
1910;39
1911;69
1912;74
1913;62
1914;56
1915;42
1916;41
1917;10
1918;17
1919;9
1920;15
1921;60
1922;35
1923;10
1924;59
1925;26
1926;21
1927;52
1928;72
1929;33
1930;22
1931;61
1932;63
1933;61
1934;15
1935;14
1936;71
1937;55
1938;66
1939;59
1940;54
1941;24
1942;84
1943;68
1944;49
1945;65
1946;70
1947;49
1948;55
1949;29
1950;42
1951;39
1952;36
1953;10
1954;14
1955;27
1956;59
1957;87
1958;44
1959;64
1960;54
1961;20
1962;62
1963;65
1964;49
1965;38
1966;33
1967;3
1968;2
1969;35
1970;35
1971;16
1972;18
1973;17
1974;71
1975;63
1976;90
1977;59
1978;69
1979;39
1980;28
1981;32
1982;48
1983;9
1984;58
1985;66
1986;74
1987;54
1988;71
1989;56
1990;70
1991;51
1992;53
1993;26
1994;49
1995;15
1996;11
1997;6
1998;27
1999;61
2000;55
2001;52
2002;25
2003;62
2004;62
2005;35
2006;35
2007;54
2008;27
2009;39
2010;3
2011;0
2012;9
2013;28
2014;31
2015;15
2016;68
2017;50
2018;77
2019;50
2020;33
2021;76
2022;51
2023;63
2024;24
2025;42
2026;58
2027;80
2028;75
2029;25
2030;45
2031;19
2032;20
2033;20
2034;66
2035;55
2036;67
2037;24
2038;72
2039;30
2040;43
2041;4
2042;11
2043;54
2044;59
2045;35
2046;20
2047;86
2048;27
2049;55
2050;74
2051;55
2052;81
2053;50
2054;29
2055;65
2056;89
2057;68
2058;76
2059;53
2060;72
2061;37
2062;29
2063;30
2064;27
2065;58
2066;54
2067;78
2068;42
2069;10
2070;12
2071;43
2072;40
2073;13
2074;6
2075;12
2076;13
2077;31
2078;44
2079;16
2080;16
2081;18
2082;43
2083;51
2084;9
2085;7
2086;52
2087;73
2088;50
2089;53
2090;33
2091;10
2092;15
2093;72
2094;73
2095;80
2096;19
2097;23
2098;80
2099;80
2100;75
2101;76
2102;46
2103;68
2104;54
2105;50
2106;50
2107;42
2108;46
2109;10
2110;10
2111;16
2112;45
2113;32
2114;38
2115;35
2116;42
2117;55
2118;10
2119;7
2120;58
2121;22
2122;24
2123;21
2124;55
2125;53
2126;57
2127;85
2128;68
2129;62
2130;69
2131;40
2132;20
2133;90
2134;33
2135;66
2136;37
2137;58
2138;9
2139;10
2140;10
2141;46
2142;45
2143;17
2144;6
2145;59
2146;87
2147;66
2148;76
2149;21
2150;30
2151;24
2152;26
2153;23
2154;76
2155;69
2156;21
2157;74
2158;67
2159;54
2160;50
2161;40
2162;10
2163;12
2164;36
2165;40
2166;10
2167;17
2168;64
2169;46
2170;9
2171;8
2172;50
2173;22
2174;19
2175;86
2176;74
2177;66
2178;22
2179;2
2180;0
2181;29
2182;60
2183;72
2184;75
2185;75
2186;56
2187;61
2188;50
2189;36
2190;36
2191;42
2192;12
2193;15
2194;57
2195;64
2196;60
2197;56
2198;63
2199;45
2200;74
2201;69
2202;52
2203;57
2204;97
2205;87
2206;62
2207;27
2208;42
2209;7
2210;59
2211;67
2212;54
2213;49
2214;34
2215;14
2216;16
2217;23
2218;53
2219;48
2220;62
2221;89
2222;40
2223;72
2224;77
2225;72
2226;78
2227;34
2228;58
2229;30
2230;14
2231;7
2232;33
2233;6
2234;6
2235;46
2236;49
2237;55
2238;72
2239;25
2240;72
2241;22
2242;46
2243;54
2244;36
2245;39
2246;74
2247;57
2248;37
2249;43
2250;6
2251;10
2252;60
2253;47
2254;11
2255;9
2256;71
2257;19
2258;57
2259;22
2260;63
2261;55
2262;40
2263;41
2264;4
2265;4
2266;25
2267;65
2268;72
2269;51
2270;68
2271;79
2272;45
2273;16
2274;31
2275;38
2276;12
2277;8
2278;43
2279;50
2280;16
2281;40
2282;34
2283;34
2284;7
2285;10
2286;71
2287;54
2288;26
2289;13
2290;16
2291;64
2292;66
2293;48
2294;50
2295;24
2296;45
2297;55
2298;19
2299;26
2300;11
2301;59
2302;55
2303;93
2304;27
2305;48
2306;4
2307;4
2308;49
2309;45
2310;17
2311;4
2312;83
2313;58
2314;49
2315;45
2316;6
2317;7
2318;15
2319;47
2320;73
2321;41
2322;24
2323;25
2324;37
2325;63
2326;37
2327;87
2328;68
2329;57
2330;53
2331;67
2332;19
2333;65
2334;31
2335;6
2336;30
2337;71
2338;40
2339;36
2340;0
2341;0
2342;25
2343;20
2344;5
2345;18
2346;20
2347;61
2348;34
2349;60
2350;71
2351;60
2352;80
2353;22
2354;77
2355;49
2356;57
2357;54
2358;78
2359;22
2360;65
2361;36
2362;66
2363;52
2364;23
2365;73
2366;60
2367;53
2368;14
2369;10
2370;18
2371;62
2372;69
2373;54
2374;49
2375;30
2376;40
2377;5
2378;1
2379;35
2380;27
2381;13
2382;4
2383;17
2384;72
2385;61
2386;32
2387;46
2388;65
2389;75
2390;75
2391;39
2392;21
2393;1
2394;0
2395;32
2396;51
2397;11
2398;10
2399;38
2400;60
2401;30
2402;7
2403;6
2404;47
2405;15
2406;8
2407;33
2408;18
2409;14
2410;73
2411;66
2412;55
2413;59
2414;20
2415;53
2416;65
2417;54
2418;55
2419;38
2420;4
2421;55
2422;17
2423;61
2424;76
2425;64
2426;34
2427;11
2428;4
2429;6
2430;16
2431;49
2432;57
2433;15
2434;14
2435;64
2436;51
2437;72
2438;72
2439;90
2440;42
2441;78
2442;34
2443;26
2444;38
2445;69
2446;63
2447;52
2448;55
2449;39
2450;22
2451;63
2452;26
2453;63
2454;28
2455;52
2456;46
2457;38
2458;39
2459;18
2460;5
2461;79
2462;35
2463;36
2464;0
2465;41
2466;53
2467;14
2468;15
2469;14
2470;25
2471;46
2472;29
2473;28
2474;66
2475;46
2476;29
2477;39
2478;3
2479;1
2480;58
2481;54
2482;60
2483;74
2484;40
2485;60
2486;41
2487;77
2488;75
2489;57
2490;46
2491;12
2492;13
2493;21
2494;91
2495;20
2496;44
2497;56
2498;48
2499;45
2500;32
2501;75
2502;51
2503;64
2504;43
2505;38
2506;1
2507;3
2508;2
2509;22
2510;47
2511;0
2512;3
2513;79
2514;53
2515;79
2516;76
2517;65
2518;42
2519;43
2520;11
2521;66
2522;65
2523;63
2524;69
2525;46
2526;55
2527;28
2528;44
2529;11
2530;1
2531;16
2532;25
2533;30
2534;24
2535;3
2536;44
2537;16
2538;18
2539;39
2540;63
2541;16
2542;9
2543;58
2544;62
2545;42
2546;36
2547;10
2548;7
2549;78
2550;91
2551;43
2552;62
2553;72
2554;29
2555;53
2556;40
2557;39
2558;8
2559;5
2560;59
2561;40
2562;28
2563;17
2564;57
2565;49
2566;11
2567;8
2568;46
2569;35
2570;49
2571;48
2572;8
2573;16
2574;73
2575;60
2576;58
2577;36
2578;41
2579;3
2580;16
2581;33
2582;23
2583;10
2584;86
2585;21
2586;36
2587;40
2588;14
2589;15
2590;24
2591;69
2592;49
2593;54
2594;62
2595;51
2596;48
2597;56
2598;70
2599;39
2600;58
2601;30
2602;32
2603;4
2604;13
2605;38
2606;63
2607;52
2608;32
2609;45
2610;13
2611;13
2612;11
2613;21
2614;26
2615;43
2616;23
2617;19
2618;45
2619;39
2620;1
2621;2
2622;51
2623;53
2624;43
2625;80
2626;22
2627;47
2628;55
2629;7
2630;9
2631;42
2632;35
2633;5
2634;3
2635;0
2636;57
2637;47
2638;47
2639;41
2640;4
2641;46
2642;50
2643;17
2644;16
2645;72
2646;19
2647;29
2648;82
2649;24
2650;45
2651;20
2652;2
2653;9
2654;9
2655;15
2656;37
2657;16
2658;7
2659;73
2660;81
2661;70
2662;52
2663;54
2664;40
2665;20
2666;21
2667;31
2668;13
2669;1
2670;63
2671;62
2672;22
2673;19
2674;14
2675;3
2676;16
2677;34
2678;72
2679;69
2680;72
2681;30
2682;57
2683;56
2684;27
2685;6
2686;7
2687;9
2688;19
2689;49
2690;4
2691;15
2692;3
2693;63
2694;44
2695;49
2696;55
2697;49
2698;46
2699;12
2700;7
2701;52
2702;66
2703;76
2704;23
2705;38
2706;48
2707;63
2708;12
2709;40
2710;49
2711;9
2712;27
2713;46
2714;26
2715;33
2716;44
2717;15
2718;13
2719;33
2720;27
2721;50
2722;73
2723;29
2724;0
2725;31
2726;42
2727;11
2728;6
2729;11
2730;75
2731;46
2732;48
2733;22
2734;74
2735;50
2736;7
2737;55
2738;76
2739;33
2740;80
2741;40
2742;61
2743;56
2744;42
2745;29
2746;4
2747;49
2748;36
2749;44
2750;6
2751;0
2752;20
2753;31
2754;48
2755;6
2756;50
2757;58
2758;31
2759;61
2760;9
2761;72
2762;20
2763;41
2764;27
2765;0
2766;2
2767;52
2768;44
2769;71
2770;25
2771;21
2772;38
2773;48
2774;88
2775;67
2776;31
2777;32
2778;8
2779;7
2780;45
2781;45
2782;17
2783;60
2784;27
2785;44
2786;68
2787;24
2788;25
2789;26
2790;74
2791;75
2792;56
2793;43
2794;35
2795;37
2796;47
2797;10
2798;10
2799;40
2800;67
2801;57
2802;62
2803;70
2804;44
2805;48
2806;64
2807;12
2808;19
2809;27
2810;8
2811;4
2812;3
2813;12
2814;50
2815;48
2816;9
2817;12
2818;13
2819;27
2820;54
2821;32
2822;29
2823;46
2824;13
2825;74
2826;83
2827;49
2828;45
2829;59
2830;14
2831;10
2832;31
2833;30
2834;15
2835;7
2836;6
2837;59
2838;48
2839;18
2840;12
2841;7
2842;28
2843;73
2844;19
2845;63
2846;59
2847;71
2848;66
2849;78
2850;72
2851;41
2852;44
2853;6
2854;6
2855;41
2856;10
2857;20
2858;54
2859;19
2860;37
2861;27
2862;71
2863;51
2864;29
2865;45
2866;68
2867;19
2868;47
2869;58
2870;40
2871;49
2872;16
2873;15
2874;37
2875;24
2876;69
2877;19
2878;88
2879;62
2880;64
2881;67
2882;58
2883;66
2884;50
2885;63
2886;53
2887;65
2888;81
2889;63
2890;73
2891;53
2892;25
2893;71
2894;35
2895;86
2896;26
2897;47
2898;50
2899;33
2900;41
2901;1
2902;13
2903;3
2904;38
2905;28
2906;0
2907;41
2908;58
2909;37
2910;45
2911;39
2912;51
2913;44
2914;13
2915;51
2916;67
2917;55
2918;86
2919;81
2920;47
2921;73
2922;32
2923;25
2924;3
2925;41
2926;36
2927;17
2928;13
2929;77
2930;74
2931;24
2932;22
2933;5
2934;16
2935;19
2936;62
2937;20
2938;43
2939;68
2940;45
2941;51
2942;15
2943;15
2944;68
2945;72
2946;58
2947;41
2948;42
2949;51
2950;56
2951;20
2952;29
2953;5
2954;15
2955;70
2956;90
2957;54
2958;45
2959;26
2960;6
2961;57
2962;31
2963;69
2964;74
2965;65
2966;69
2967;19
2968;70
2969;58
2970;63
2971;87
2972;48
2973;73
2974;60
2975;40
2976;84
2977;50
2978;67
2979;49
2980;53
2981;56
2982;52
2983;49
2984;68
2985;52
2986;74
2987;53
2988;51
2989;91
2990;37
2991;52
2992;85
2993;67
2994;56
2995;29
2996;83
2997;50
2998;19
2999;65
3000;54
3001;76
3002;26
3003;59
3004;46
3005;66
3006;47
3007;22
3008;72
3009;24
3010;73
3011;49
3012;36
3013;50
3014;17
3015;29
3016;14
3017;56
3018;21
3019;41
3020;58
3021;12
3022;12
3023;22
3024;74
3025;31
3026;74
3027;27
3028;26
3029;58
3030;44
3031;11
3032;10
3033;50
3034;66
3035;79
3036;26
3037;55
3038;20
3039;34
3040;38
3041;0
3042;58
3043;40
3044;14
3045;6
3046;76
3047;54
3048;27
3049;36
3050;33
3051;20
3052;54
3053;64
3054;55
3055;97
3056;79
3057;67
3058;32
3059;46
3060;28
3061;1
3062;29
3063;51
3064;78
3065;19
3066;49
3067;37
3068;1
3069;14
3070;5
3071;39
3072;35
3073;5
3074;32
3075;13
3076;48
3077;29
3078;32
3079;7
3080;1
3081;69
3082;59
3083;68
3084;55
3085;55
3086;48
3087;41
3088;10
3089;71
3090;64
3091;51
3092;87
3093;19
3094;27
3095;54
3096;6
3097;9
3098;32
3099;55
3100;56
3101;34
3102;44
3103;1
3104;3
3105;41
3106;28
3107;45
3108;47
3109;12
3110;39
3111;44
3112;15
3113;70
3114;81
3115;47
3116;42
3117;42
3118;62
3119;83
3120;53
3121;80
3122;69
3123;61
3124;58
3125;29
3126;40
3127;6
3128;1
3129;72
3130;32
3131;67
3132;58
3133;78
3134;28
3135;62
3136;23
3137;25
3138;47
3139;44
3140;65
3141;42
3142;49
3143;27
3144;14
3145;17
3146;56
3147;54
3148;24
3149;63
3150;49
3151;66
3152;61
3153;59
3154;47
3155;14
3156;8
3157;62
3158;40
3159;45
3160;33
3161;41
3162;17
3163;17
3164;76
3165;30
3166;48
3167;67
3168;62
3169;67
3170;74
3171;40
3172;72
3173;71
3174;65
3175;53
3176;26
3177;36
3178;14
3179;66
3180;31
3181;57
3182;64
3183;31
3184;34
3185;43
3186;18
3187;34
3188;17
3189;29
3190;40
3191;0
3192;10
3193;0
3194;77
3195;65
3196;49
3197;49
3198;34
3199;4
3200;29
3201;18
3202;48
3203;57
3204;38
3205;3
3206;26
3207;51
3208;6
3209;69
3210;79
3211;59
3212;22
3213;35
3214;39
3215;62
3216;24
3217;49
3218;81
3219;45
3220;49
3221;58
3222;55
3223;36
3224;51
3225;65
3226;35
3227;55
3228;8
3229;50
3230;59
3231;48
3232;35
3233;36
3234;9
3235;13
3236;49
3237;77
3238;21
3239;52
3240;62
3241;49
3242;14
3243;37
3244;60
3245;87
3246;26
3247;67
3248;55
3249;12
3250;50
3251;28
3252;28
3253;36
3254;17
3255;9
3256;16
3257;8
3258;45
3259;40
3260;25
3261;65
3262;72
3263;29
3264;31
3265;62
3266;6
3267;42
3268;9
3269;6
3270;42
3271;75
3272;52
3273;46
3274;53
3275;41
3276;40
3277;13
3278;49
3279;72
3280;31
3281;54
3282;77
3283;59
3284;66
3285;81
3286;27
3287;59
3288;16
3289;9
3290;81
3291;74
3292;53
3293;31
3294;16
3295;17
3296;44
3297;27
3298;18
3299;46
3300;51
3301;55
3302;59
3303;36
3304;1
3305;40
3306;32
3307;5
3308;4
3309;60
3310;75
3311;49
3312;69
3313;54
3314;51
3315;43
3316;22
3317;24
3318;78
3319;29
3320;51
3321;87
3322;58
3323;57
3324;66
3325;53
3326;51
3327;67
3328;67
3329;29
3330;39
3331;9
3332;17
3333;33
3334;54
3335;61
3336;23
3337;29
3338;5
3339;2
3340;5
3341;12
3342;64
3343;31
3344;62
3345;58
3346;59
3347;51
3348;87
3349;34
3350;7
3351;44
3352;101
3353;25
3354;89
3355;21
3356;62
3357;97
3358;69
3359;30
3360;44
3361;44
3362;15
3363;15
3364;34
3365;39
3366;16
3367;12
3368;8
3369;9
3370;58
3371;49
3372;33
3373;8
3374;14
3375;34
3376;63
3377;52
3378;52
3379;87
3380;25
3381;40
3382;35
3383;8
3384;13
3385;39
3386;30
3387;87
3388;66
3389;34
3390;36
3391;6
3392;9
3393;85
3394;85
3395;50
3396;44
3397;58
3398;54
3399;56
3400;21
3401;52
3402;36
3403;31
3404;22
3405;7
3406;15
3407;17
3408;9
3409;31
3410;60
3411;81
3412;54
3413;48
3414;49
3415;77
3416;30
3417;34
3418;0
3419;1
3420;68
3421;97
3422;30
3423;20
3424;33
3425;41
3426;26
3427;25
3428;21
3429;36
3430;81
3431;65
3432;34
3433;22
3434;89
3435;60
3436;63
3437;12
3438;9
3439;40
3440;44
3441;5
3442;4
3443;35
3444;19
3445;36
3446;38
3447;48
3448;4
3449;13
3450;2
3451;47
3452;32
3453;9
3454;17
3455;47
3456;45
3457;15
3458;30
3459;12
3460;27
3461;32
3462;3
3463;8
3464;78
3465;50
3466;60
3467;35
3468;44
3469;48
3470;53
3471;39
3472;55
3473;11
3474;76
3475;62
3476;67
3477;69
3478;90
3479;58
3480;20
3481;35
3482;66
3483;32
3484;28
3485;48
3486;55
3487;10
3488;17
3489;15
3490;60
3491;70
3492;33
3493;59
3494;6
3495;45
3496;28
3497;18
3498;59
3499;51
3500;34
3501;37
3502;0
3503;1
3504;5
3505;29
3506;34
3507;1
3508;13
3509;43
3510;65
3511;32
3512;71
3513;30
3514;78
3515;70
3516;51
3517;39
3518;39
3519;3
3520;80
3521;46
3522;57
3523;8
3524;13
3525;49
3526;45
3527;16
3528;2
3529;57
3530;63
3531;78
3532;60
3533;52
3534;16
3535;55
3536;21
3537;33
3538;51
3539;6
3540;8
3541;28
3542;49
3543;47
3544;48
3545;20
3546;93
3547;55
3548;70
3549;73
3550;25
3551;21
3552;45
3553;25
3554;5
3555;5
3556;59
3557;69
3558;53
3559;72
3560;40
3561;30
3562;76
3563;54
3564;47
3565;54
3566;18
3567;12
3568;57
3569;15
3570;31
3571;37
3572;27
3573;64
3574;15
3575;16
3576;27
3577;63
3578;48
3579;14
3580;85
3581;72
3582;58
3583;30
3584;8
3585;8
3586;62
3587;54
3588;62
3589;15
3590;6
3591;47
3592;36
3593;14
3594;14
3595;53
3596;59
3597;27
3598;62
3599;88
3600;42
3601;41
3602;34
3603;72
3604;30
3605;50
3606;61
3607;21
3608;48
3609;77
3610;55
3611;58
3612;65
3613;45
3614;55
3615;57
3616;58
3617;46
3618;47
3619;6
3620;15
3621;13
3622;53
3623;80
3624;57
3625;62
3626;62
3627;47
3628;14
3629;11
3630;69
3631;62
3632;45
3633;70
3634;32
3635;43
3636;11
3637;10
3638;60
3639;80
3640;43
3641;34
3642;62
3643;57
3644;7
3645;15
3646;14
3647;10
3648;47
3649;43
3650;48
3651;23
3652;57
3653;66
3654;55
3655;44
3656;47
3657;0
3658;18
3659;4
3660;18
3661;60
3662;23
3663;86
3664;44
3665;70
3666;76
3667;54
3668;42
3669;74
3670;50
3671;55
3672;33
3673;70
3674;66
3675;76
3676;68
3677;51
3678;27
3679;54
3680;7
3681;26
3682;57
3683;17
3684;69
3685;55
3686;85
3687;54
3688;59
3689;45
3690;6
3691;36
3692;42
3693;24
3694;48
3695;39
3696;48
3697;68
3698;48
3699;54
3700;63
3701;14
3702;12
3703;82
3704;54
3705;80
3706;62
3707;56
3708;72
3709;22
3710;79
3711;22
3712;78
3713;33
3714;46
3715;14
3716;8
3717;41
3718;66
3719;34
3720;58
3721;70
3722;78
3723;66
3724;35
3725;44
3726;17
3727;6
3728;70
3729;22
3730;33
3731;10
3732;4
3733;36
3734;48
3735;13
3736;18
3737;32
3738;45
3739;0
3740;23
3741;26
3742;65
3743;61
3744;61
3745;76
3746;48
3747;34
3748;45
3749;40
3750;23
3751;23
3752;23
3753;27
3754;63
3755;13
3756;17
3757;49
3758;57
3759;58
3760;70
3761;72
3762;60
3763;41
3764;43
3765;42
3766;8
3767;11
3768;33
3769;41
3770;48
3771;8
3772;17
3773;7
3774;50
3775;27
3776;40
3777;7
3778;10
3779;45
3780;69
3781;37
3782;41
3783;4
3784;4
3785;52
3786;34
3787;46
3788;52
3789;97
3790;71
3791;52
3792;38
3793;5
3794;17
3795;78
3796;31
3797;30
3798;41
3799;17
3800;6
3801;53
3802;33
3803;52
3804;75
3805;33
3806;44
3807;89
3808;90
3809;93
3810;31
3811;32
3812;5
3813;88
3814;52
3815;74
3816;53
3817;48
3818;13
3819;15
3820;69
3821;47
3822;44
3823;12
3824;54
3825;52
3826;34
3827;27
3828;0
3829;39
3830;65
3831;28
3832;73
3833;87
3834;39
3835;49
3836;59
3837;44
3838;20
3839;40
3840;34
3841;9
3842;18
3843;49
3844;42
3845;9
3846;16
3847;53
3848;54
3849;76
3850;36
3851;59
3852;20
3853;24
3854;37
3855;49
3856;8
3857;31
3858;40
3859;40
3860;31
3861;31
3862;43
3863;16
3864;53
3865;56
3866;42
3867;46
3868;15
3869;6
3870;11
3871;11
3872;58
3873;60
3874;45
3875;28
3876;85
3877;49
3878;41
3879;44
3880;16
3881;4
3882;54
3883;71
3884;53
3885;25
3886;21
3887;40
3888;79
3889;58
3890;56
3891;17
3892;58
3893;12
3894;31
3895;31
3896;18
3897;2
3898;9
3899;63
3900;66
3901;84
3902;55
3903;55
3904;28
3905;54
3906;32
3907;46
3908;0
3909;12
3910;10
3911;28
3912;65
3913;51
3914;52
3915;68
3916;78
3917;45
3918;11
3919;83
3920;70
3921;21
3922;54
3923;51
3924;30
3925;69
3926;87
3927;53
3928;35
3929;79
3930;72
3931;49
3932;42
3933;8
3934;14
3935;58
3936;59
3937;32
3938;15
3939;61
3940;13
3941;59
3942;30
3943;15
3944;9
3945;86
3946;72
3947;32
3948;28
3949;15
3950;0
3951;3
3952;14
3953;50
3954;38
3955;6
3956;47
3957;42
3958;7
3959;6
3960;75
3961;47
3962;32
3963;42
3964;5
3965;53
3966;44
3967;64
3968;46
3969;76
3970;21
3971;36
3972;8
3973;10
3974;31
3975;39
3976;39
3977;5
3978;2
3979;54
3980;72
3981;25
3982;54
3983;79
3984;59
3985;68
3986;23
3987;29
3988;5
3989;41
3990;26
3991;11
3992;49
3993;28
3994;42
3995;8
3996;14
3997;83
3998;26
3999;46
4000;30
4001;6
4002;8
4003;63
4004;42
4005;11
4006;11
4007;20
4008;24
4009;36
4010;23
4011;56
4012;20
4013;38
4014;20
4015;60
4016;27
4017;30
4018;18
4019;12
4020;48
4021;57
4022;63
4023;46
4024;39
4025;41
4026;37
4027;57
4028;46
4029;27
4030;35
4031;5
4032;7
4033;54
4034;19
4035;53
4036;19
4037;43
4038;42
4039;23
4040;85
4041;52
4042;71
4043;28
4044;27
4045;5
4046;2
4047;13
4048;64
4049;32
4050;14
4051;13
4052;50
4053;53
4054;62
4055;67
4056;51
4057;17
4058;49
4059;29
4060;9
4061;1
4062;39
4063;59
4064;64
4065;41
4066;63
4067;68
4068;44
4069;36
4070;4
4071;10
4072;9
4073;50
4074;63
4075;21
4076;66
4077;41
4078;54
4079;9
4080;39
4081;56
4082;17
4083;12
4084;14
4085;26
4086;55
4087;18
4088;12
4089;6
4090;16
4091;44
4092;58
4093;68
4094;47
4095;15
4096;8
4097;79
4098;51
4099;73
4100;29
4101;26
4102;49
4103;60
4104;78
4105;47
4106;25
4107;24
4108;34
4109;19
4110;75
4111;24
4112;19
4113;87
4114;80
4115;82
4116;51
4117;50
4118;26
4119;12
4120;17
4121;81
4122;54
4123;62
4124;55
4125;77
4126;62
4127;49
4128;23
4129;41
4130;0
4131;0
4132;79
4133;38
4134;25
4135;6
4136;7
4137;1
4138;36
4139;10
4140;8
4141;65
4142;20
4143;70
4144;24
4145;89
4146;40
4147;47
4148;58
4149;6
4150;10
4151;55
4152;32
4153;9
4154;8
4155;49
4156;50
4157;15
4158;8
4159;38
4160;48
4161;72
4162;60
4163;64
4164;39
4165;49
4166;2
4167;12
4168;13
4169;39
4170;22
4171;81
4172;35
4173;61
4174;64
4175;66
4176;69
4177;29
4178;29
4179;52
4180;14
4181;63
4182;74
4183;53
4184;58
4185;13
4186;7
4187;44
4188;49
4189;15
4190;1
4191;65
4192;57
4193;45
4194;23
4195;8
4196;3
4197;26
4198;39
4199;7
4200;70
4201;72
4202;51
4203;50
4204;31
4205;34
4206;34
4207;10
4208;17
4209;63
4210;57
4211;8
4212;16
4213;36
4214;45
4215;9
4216;14
4217;57
4218;21
4219;23
4220;75
4221;60
4222;58
4223;58
4224;9
4225;16
4226;18
4227;27
4228;40
4229;6
4230;84
4231;62
4232;58
4233;33
4234;15
4235;9
4236;79
4237;21
4238;19
4239;64
4240;58
4241;47
4242;41
4243;1
4244;6
4245;6
4246;89
4247;54
4248;26
4249;69
4250;63
4251;74
4252;60
4253;70
4254;66
4255;51
4256;37
4257;76
4258;34
4259;37
4260;11
4261;2
4262;2
4263;67
4264;55
4265;60
4266;25
4267;66
4268;41
4269;38
4270;17
4271;57
4272;51
4273;64
4274;36
4275;39
4276;15
4277;17
4278;47
4279;29
4280;7
4281;6
4282;67
4283;40
4284;62
4285;34
4286;35
4287;12
4288;13
4289;9
4290;64
4291;76
4292;81
4293;32
4294;9
4295;24
4296;56
4297;25
4298;72
4299;76
4300;19
4301;38
4302;31
4303;5
4304;6
4305;90
4306;49
4307;65
4308;40
4309;53
4310;60
4311;55
4312;21
4313;34
4314;52
4315;34
4316;8
4317;24
4318;54
4319;73
4320;62
4321;52
4322;24
4323;57
4324;87
4325;47
4326;39
4327;42
4328;8
4329;17
4330;82
4331;59
4332;62
4333;55
4334;83
4335;67
4336;21
4337;57
4338;66
4339;73
4340;48
4341;50
4342;71
4343;48
4344;48
4345;10
4346;5
4347;44
4348;5
4349;64
4350;55
4351;68
4352;28
4353;24
4354;39
4355;46
4356;66
4357;68
4358;67
4359;57
4360;43
4361;31
4362;6
4363;13
4364;18
4365;50
4366;10
4367;82
4368;33
4369;54
4370;49
4371;45
4372;7
4373;11
4374;76
4375;80
4376;90
4377;44
4378;60
4379;74
4380;45
4381;6
4382;14
4383;81
4384;60
4385;52
4386;53
4387;43
4388;63
4389;36
4390;29
4391;50
4392;18
4393;17
4394;35
4395;45
4396;80
4397;70
4398;53
4399;64
4400;26
4401;61
4402;42
4403;31
4404;47
4405;43
4406;30
4407;14
4408;7
4409;51
4410;24
4411;61
4412;62
4413;56
4414;25
4415;65
4416;32
4417;39
4418;69
4419;36
4420;26
4421;7
4422;0
4423;11
4424;65
4425;34
4426;38
4427;11
4428;19
4429;40
4430;59
4431;34
4432;14
4433;17
4434;65
4435;77
4436;45
4437;85
4438;32
4439;31
4440;24
4441;89
4442;48
4443;62
4444;65
4445;20
4446;61
4447;37
4448;75
4449;77
4450;76
4451;54
4452;49
4453;55
4454;32
4455;55
4456;54
4457;58
4458;92
4459;25
4460;68
4461;66
4462;89
4463;81
4464;31
4465;54
4466;74
4467;41
4468;49
4469;16
4470;11
4471;34
4472;29
4473;0
4474;6
4475;40
4476;86
4477;75
4478;53
4479;60
4480;62
4481;57
4482;54
4483;59
4484;72
4485;32
4486;70
4487;70
4488;54
4489;51
4490;39
4491;45
4492;16
4493;9
4494;87
4495;52
4496;24
4497;20
4498;19
4499;90
4500;38
4501;48
4502;15
4503;16
4504;71
4505;67
4506;29
4507;50
4508;20
4509;59
4510;59
4511;62
4512;41
4513;57
4514;15
4515;8
4516;8
4517;26
4518;48
4519;18
4520;42
4521;50
4522;81
4523;72
4524;38
4525;44
4526;60
4527;74
4528;69
4529;25
4530;27
4531;50
4532;59
4533;48
4534;48
4535;53
4536;57
4537;13
4538;11
4539;11
4540;86
4541;60
4542;46
4543;28
4544;12
4545;11
4546;15
4547;65
4548;67
4549;29
4550;28
4551;1
4552;6
4553;48
4554;54
4555;39
4556;53
4557;10
4558;11
4559;16
4560;24
4561;76
4562;34
4563;40
4564;77
4565;36
4566;35
4567;46
4568;53
4569;31
4570;72
4571;30
4572;69
4573;66
4574;70
4575;85
4576;28
4577;55
4578;76
4579;24
4580;61
4581;53
4582;53
4583;55
4584;90
4585;59
4586;78
4587;67
4588;49
4589;15
4590;38
4591;33
4592;18
4593;4
4594;44
4595;37
4596;17
4597;81
4598;59
4599;32
4600;39
4601;23
4602;60
4603;62
4604;70
4605;50
4606;26
4607;68
4608;53
4609;70
4610;39
4611;39
4612;2
4613;1
4614;34
4615;45
4616;27
4617;43
4618;52
4619;29
4620;53
4621;10
4622;8
4623;35
4624;29
4625;3
4626;2
4627;74
4628;51
4629;57
4630;47
4631;2
4632;12
4633;0
4634;13
4635;2
4636;46
4637;73
4638;58
4639;86
4640;64
4641;52
4642;40
4643;21
4644;55
4645;43
4646;36
4647;53
4648;44
4649;55
4650;12
4651;14
4652;27
4653;71
4654;61
4655;44
4656;65
4657;39
4658;8
4659;2
4660;5
4661;5
4662;5
4663;76
4664;61
4665;54
4666;21
4667;57
4668;79
4669;69
4670;46
4671;57
4672;10
4673;57
4674;55
4675;54
4676;72
4677;76
4678;31
4679;12
4680;55
4681;75
4682;51
4683;29
4684;28
4685;12
4686;12
4687;38
4688;55
4689;7
4690;57
4691;6
4692;7
4693;28
4694;59
4695;58
4696;77
4697;46
4698;56
4699;16
4700;72
4701;46
4702;74
4703;41
4704;35
4705;11
4706;17
4707;12
4708;45
4709;33
4710;55
4711;20
4712;65
4713;39
4714;22
4715;39
4716;73
4717;51
4718;66
4719;42
4720;34
4721;0
4722;4
4723;39
4724;42
4725;88
4726;61
4727;86
4728;63
4729;53
4730;37
4731;47
4732;74
4733;57
4734;56
4735;16
4736;79
4737;22
4738;82
4739;71
4740;58
4741;63
4742;69
4743;42
4744;49
4745;0
4746;80
4747;74
4748;35
4749;56
4750;64
4751;47
4752;30
4753;62
4754;84
4755;37
4756;66
4757;77
4758;70
4759;37
4760;36
4761;15
4762;37
4763;20
4764;39
4765;52
4766;24
4767;25
4768;33
4769;17
4770;29
4771;20
4772;18
4773;12
4774;36
4775;25
4776;72
4777;57
4778;34
4779;79
4780;35
4781;59
4782;8
4783;72
4784;35
4785;61
4786;50
4787;14
4788;18
4789;8
4790;12
4791;56
4792;28
4793;49
4794;3
4795;0
4796;78
4797;67
4798;75
4799;22
4800;89
4801;56
4802;71
4803;49
4804;41
4805;46
4806;14
4807;13
4808;37
4809;42
4810;16
4811;18
4812;68
4813;50
4814;53
4815;15
4816;12
4817;42
4818;37
4819;7
4820;5
4821;89
4822;85
4823;25
4824;68
4825;32
4826;11
4827;27
4828;27
4829;4
4830;4
4831;69
4832;52
4833;24
4834;22
4835;63
4836;49
4837;64
4838;15
4839;12
4840;76
4841;75
4842;71
4843;22
4844;75
4845;49
4846;39
4847;14
4848;4
4849;62
4850;64
4851;62
4852;88
4853;29
4854;34
4855;20
4856;73
4857;23
4858;59
4859;54
4860;72
4861;29
4862;40
4863;48
4864;14
4865;15
4866;59
4867;54
4868;56
4869;13
4870;12
4871;74
4872;54
4873;70
4874;65
4875;27
4876;64
4877;59
4878;32
4879;76
4880;53
4881;43
4882;28
4883;2
4884;18
4885;8
4886;10
4887;5
4888;64
4889;60
4890;34
4891;42
4892;17
4893;9
4894;36
4895;45
4896;44
4897;5
4898;0
4899;73
4900;80
4901;28
4902;44
4903;32
4904;53
4905;60
4906;82
4907;53
4908;64
4909;36
4910;20
4911;37
4912;39
4913;33
4914;20
4915;20
4916;53
4917;69
4918;45
4919;22
4920;52
4921;38
4922;52
4923;21
4924;60
4925;81
4926;60
4927;62
4928;46
4929;49
4930;33
4931;7
4932;14
4933;7
4934;50
4935;21
4936;20
4937;83
4938;56
4939;24
4940;32
4941;63
4942;13
4943;18
4944;73
4945;38
4946;57
4947;45
4948;10
4949;7
4950;8
4951;28
4952;57
4953;70
4954;72
4955;28
4956;41
4957;4
4958;57
4959;24
4960;56
4961;61
4962;69
4963;47
4964;6
4965;64
4966;51
4967;58
4968;87
4969;64
4970;73
4971;64
4972;27
4973;40
4974;5
4975;28
4976;45
4977;4
4978;5
4979;67
4980;60
4981;42
4982;27
4983;5
4984;5
4985;56
4986;57
4987;16
4988;38
4989;57
4990;13
4991;10
4992;10
4993;50
4994;46
4995;10
4996;16
4997;85
4998;57
4999;59
5000;89
5001;24
5002;22
5003;22
5004;59
5005;21
5006;48
5007;55
5008;59
5009;41
5010;38
5011;9
5012;1
5013;55
5014;76
5015;39
5016;43
5017;6
5018;18
5019;33
5020;29
5021;11
5022;7
5023;46
5024;40
5025;42
5026;0
5027;0
5028;24
5029;34
5030;50
5031;66
5032;31
5033;73
5034;39
5035;55
5036;66
5037;80
5038;49
5039;44
5040;29
5041;12
5042;9
5043;82
5044;28
5045;76
5046;53
5047;50
5048;48
5049;55
5050;63
5051;32
5052;77
5053;21
5054;48
5055;44
5056;31
5057;47
5058;20
5059;29
5060;38
5061;14
5062;59
5063;45
5064;34
5065;40
5066;4
5067;0
5068;34
5069;35
5070;4
5071;3
5072;27
5073;46
5074;15
5075;0
5076;62
5077;61
5078;70
5079;53
5080;51
5081;49
5082;20
5083;15
5084;34
5085;28
5086;6
5087;11
5088;50
5089;6
5090;11
5091;45
5092;50
5093;53
5094;15
5095;9
5096;16
5097;12
5098;70
5099;53
5100;21
5101;52
5102;54
5103;58
5104;82
5105;59
5106;14
5107;16
5108;82
5109;52
5110;44
5111;54
5112;93
5113;37
5114;35
5115;8
5116;9
5117;34
5118;33
5119;24
5120;52
5121;47
5122;24
5123;37
5124;8
5125;56
5126;54
5127;52
5128;26
5129;28
5130;48
5131;60
5132;20
5133;57
5134;53
5135;59
5136;36
5137;39
5138;69
5139;56
5140;65
5141;54
5142;54
5143;64
5144;68
5145;70
5146;25
5147;42
5148;49
5149;57
5150;10
5151;17
5152;60
5153;73
5154;26
5155;23
5156;40
5157;36
5158;17
5159;8
5160;71
5161;52
5162;73
5163;53
5164;43
5165;17
5166;15
5167;33
5168;74
5169;69
5170;60
5171;58
5172;52
5173;55
5174;31
5175;6
5176;33
5177;58
5178;25
5179;39
5180;10
5181;29
5182;44
5183;12
5184;18
5185;40
5186;30
5187;17
5188;14
5189;36
5190;19
5191;68
5192;20
5193;21
5194;57
5195;53
5196;86
5197;43
5198;69
5199;73
5200;37
5201;28
5202;18
5203;11
5204;54
5205;59
5206;13
5207;6
5208;55
5209;6
5210;34
5211;26
5212;59
5213;41
5214;31
5215;6
5216;63
5217;77
5218;54
5219;49
5220;55
5221;51
5222;45
5223;54
5224;74
5225;55
5226;33
5227;10
5228;11
5229;37
5230;38
5231;15
5232;12
5233;50
5234;54
5235;57
5236;52
5237;62
5238;60
5239;36
5240;52
5241;6
5242;18
5243;38
5244;47
5245;0
5246;22
5247;54
5248;72
5249;55
5250;81
5251;54
5252;53
5253;44
5254;57
5255;16
5256;15
5257;40
5258;38
5259;14
5260;7
5261;29
5262;37
5263;7
5264;49
5265;42
5266;52
5267;13
5268;48
5269;12
5270;40
5271;12
5272;26
5273;30
5274;22
5275;45
5276;63
5277;54
5278;25
5279;28
5280;60
5281;36
5282;13
5283;7
5284;47
5285;15
5286;34
5287;86
5288;67
5289;53
5290;52
5291;22
5292;61
5293;49
5294;48
5295;40
5296;7
5297;11
5298;54
5299;61
5300;45
5301;35
5302;11
5303;15
5304;35
5305;45
5306;4
5307;11
5308;31
5309;46
5310;6
5311;3
5312;0
5313;1
5314;72
5315;63
5316;60
5317;27
5318;13
5319;6
5320;55
5321;84
5322;46
5323;76
5324;32
5325;44
5326;6
5327;17
5328;70
5329;82
5330;40
5331;46
5332;17
5333;11
5334;39
5335;48
5336;17
5337;42
5338;20
5339;3
5340;4
5341;66
5342;77
5343;76
5344;74
5345;35
5346;26
5347;55
5348;47
5349;35
5350;52
5351;16
5352;14
5353;72
5354;30
5355;22
5356;31
5357;3
5358;0
5359;58
5360;51
5361;38
5362;38
5363;4
5364;57
5365;62
5366;17
5367;13
5368;14
5369;50
5370;52
5371;60
5372;25
5373;85
5374;28
5375;50
5376;17
5377;9
5378;48
5379;68
5380;60
5381;16
5382;68
5383;60
5384;52
5385;40
5386;8
5387;15
5388;45
5389;10
5390;14
5391;29
5392;43
5393;1
5394;76
5395;52
5396;87
5397;72
5398;66
5399;32
5400;47
5401;11
5402;70
5403;81
5404;63
5405;53
5406;54
5407;8
5408;6
5409;60
5410;31
5411;11
5412;12
5413;13
5414;7
5415;10
5416;55
5417;85
5418;43
5419;34
5420;9
5421;1
5422;22
5423;25
5424;5
5425;0
5426;4
5427;54
5428;62
5429;7
5430;17
5431;16
5432;18
5433;56
5434;68
5435;76
5436;56
5437;60
5438;73
5439;60
5440;39
5441;54
5442;54
5443;76
5444;40
5445;35
5446;56
5447;57
5448;39
5449;43
5450;72
5451;61
5452;48
5453;73
5454;43
5455;52
5456;13
5457;12
5458;62
5459;58
5460;51
5461;62
5462;56
5463;64
5464;74
5465;79
5466;49
5467;53
5468;40
5469;25
5470;17
5471;32
5472;39
5473;17
5474;3
5475;56
5476;9
5477;9
5478;44
5479;48
5480;7
5481;20
5482;46
5483;77
5484;26
5485;43
5486;39
5487;12
5488;3
5489;27
5490;21
5491;9
5492;1
5493;60
5494;81
5495;67
5496;34
5497;34
5498;37
5499;10
5500;13
5501;11
5502;20
5503;26
5504;55
5505;38
5506;13
5507;29
5508;33
5509;6
5510;33
5511;38
5512;39
5513;14
5514;7
5515;7
5516;48
5517;75
5518;68
5519;66
5520;53
5521;88
5522;58
5523;60
5524;53
5525;33
5526;11
5527;40
5528;24
5529;86
5530;22
5531;39
5532;37
5533;20
5534;54
5535;49
5536;60
5537;55
5538;54
5539;50
5540;14
5541;14
5542;76
5543;58
5544;19
5545;44
5546;16
5547;50
5548;62
5549;53
5550;68
5551;31
5552;0
5553;60
5554;29
5555;43
5556;50
5557;55
5558;36
5559;48
5560;37
5561;6
5562;14
5563;9
5564;28
5565;40
5566;2
5567;38
5568;85
5569;71
5570;19
5571;13
5572;3
5573;3
5574;39
5575;71
5576;61
5577;40
5578;28
5579;5
5580;50
5581;57
5582;14
5583;13
5584;6
5585;10
5586;60
5587;71
5588;76
5589;55
5590;28
5591;19
5592;36
5593;33
5594;49
5595;12
5596;11
5597;36
5598;49
5599;18
5600;8
5601;77
5602;41
5603;56
5604;25
5605;57
5606;64
5607;46
5608;66
5609;47
5610;24
5611;13
5612;77
5613;56
5614;67
5615;79
5616;19
5617;63
5618;28
5619;59
5620;52
5621;33
5622;54
5623;13
5624;17
5625;52
5626;38
5627;47
5628;2
5629;6
5630;42
5631;34
5632;44
5633;7
5634;74
5635;74
5636;83
5637;54
5638;37
5639;46
5640;10
5641;10
5642;7
5643;64
5644;61
5645;41
5646;41
5647;59
5648;58
5649;53
5650;51
5651;65
5652;52
5653;62
5654;55
5655;91
5656;63
5657;61
5658;48
5659;43
5660;32
5661;47
5662;40
5663;17
5664;10
5665;81
5666;97
5667;21
5668;82
5669;32
5670;46
5671;87
5672;21
5673;44
5674;57
5675;49
5676;34
5677;10
5678;6
5679;16
5680;50
5681;32
5682;9
5683;13
5684;43
5685;42
5686;15
5687;15
5688;27
5689;44
5690;10
5691;2
5692;8
5693;51
5694;71
5695;49
5696;63
5697;45
5698;46
5699;14
5700;4
5701;24
5702;75
5703;38
5704;73
5705;47
5706;49
5707;10
5708;8
5709;40
5710;54
5711;51
5712;34
5713;34
5714;43
5715;8
5716;38
5717;8
5718;62
5719;62
5720;50
5721;41
5722;76
5723;22
5724;73
5725;60
5726;51
5727;27
5728;44
5729;13
5730;17
5731;33
5732;53
5733;16
5734;54
5735;51
5736;69
5737;73
5738;34
5739;51
5740;55
5741;59
5742;56
5743;19
5744;74
5745;78
5746;44
5747;32
5748;9
5749;8
5750;5
5751;35
5752;14
5753;65
5754;62
5755;74
5756;49
5757;60
5758;72
5759;60
5760;36
5761;4
5762;9
5763;68
5764;66
5765;45
5766;24
5767;67
5768;48
5769;67
5770;63
5771;47
5772;31
5773;58
5774;59
5775;25
5776;53
5777;40
5778;42
5779;7
5780;8
5781;80
5782;41
5783;7
5784;32
5785;64
5786;53
5787;55
5788;22
5789;57
5790;64
5791;69
5792;72
5793;68
5794;39
5795;36
5796;25
5797;90
5798;19
5799;52
5800;38
5801;10
5802;53
5803;18
5804;43
5805;31
5806;14
5807;4
5808;87
5809;53
5810;72
5811;47
5812;40
5813;16
5814;9
5815;7
5816;41
5817;51
5818;47
5819;10
5820;6
5821;61
5822;50
5823;67
5824;56
5825;24
5826;38
5827;30
5828;38
5829;31
5830;32
5831;13
5832;16
5833;29
5834;67
5835;67
5836;49
5837;83
5838;75
5839;59
5840;8
5841;14
5842;48
5843;59
5844;58
5845;78
5846;38
5847;42
5848;36
5849;15
5850;0
5851;15
5852;52
5853;26
5854;59
5855;65
5856;68
5857;80
5858;69
5859;86
5860;31
5861;19
5862;0
5863;10
5864;35
5865;44
5866;17
5867;17
5868;72
5869;78
5870;72
5871;64
5872;30
5873;40
5874;1
5875;2
5876;0
5877;50
5878;28
5879;11
5880;8
5881;16
5882;58
5883;28
5884;61
5885;63
5886;39
5887;58
5888;8
5889;32
5890;48
5891;16
5892;17
5893;58
5894;34
5895;64
5896;25
5897;65
5898;22
5899;19
5900;33
5901;64
5902;59
5903;37
5904;52
5905;15
5906;59
5907;74
5908;41
5909;45
5910;1
5911;41
5912;36
5913;25
5914;88
5915;40
5916;77
5917;65
5918;47
5919;88
5920;39
5921;37
5922;60
5923;50
5924;15
5925;13
5926;91
5927;58
5928;67
5929;86
5930;84
5931;63
5932;52
5933;50
5934;34
5935;15
5936;14
5937;13
5938;13
5939;62
5940;35
5941;49
5942;4
5943;14
5944;38
5945;28
5946;9
5947;3
5948;53
5949;64
5950;14
5951;35
5952;44
5953;79
5954;31
5955;45
5956;10
5957;48
5958;64
5959;54
5960;36
5961;59
5962;67
5963;21
5964;21
5965;57
5966;49
5967;11
5968;10
5969;8
5970;46
5971;20
5972;2
5973;0
5974;62
5975;33
5976;10
5977;3
5978;4
5979;60
5980;44
5981;70
5982;94
5983;43
5984;45
5985;49
5986;0
5987;31
5988;15
5989;11
5990;39
5991;46
5992;1
5993;9
5994;69
5995;32
5996;51
5997;55
5998;75
5999;31
6000;59
6001;53
6002;22
6003;85
6004;84
6005;44
6006;43
6007;1
6008;8
6009;5
6010;16
6011;57
6012;53
6013;69
6014;58
6015;51
6016;56
6017;6
6018;16
6019;6
6020;29
6021;8
6022;15
6023;47
6024;46
6025;8
6026;7
6027;39
6028;29
6029;12
6030;4
6031;2
6032;50
6033;52
6034;16
6035;13
6036;37
6037;68
6038;55
6039;41
6040;28
6041;0
6042;0
6043;24
6044;70
6045;89
6046;31
6047;44
6048;25
6049;50
6050;52
6051;23
6052;35
6053;62
6054;35
6055;20
6056;55
6057;58
6058;30
6059;50
6060;76
6061;39
6062;48
6063;20
6064;58
6065;40
6066;56
6067;23
6068;73
6069;62
6070;55
6071;49
6072;85
6073;66
6074;74
6075;50
6076;56
6077;63
6078;30
6079;52
6080;54
6081;72
6082;34
6083;7
6084;66
6085;74
6086;60
6087;51
6088;67
6089;31
6090;10
6091;39
6092;28
6093;1
6094;0
6095;35
6096;54
6097;20
6098;21
6099;32
6100;37
6101;10
6102;7
6103;55
6104;52
6105;49
6106;29
6107;9
6108;11
6109;71
6110;46
6111;58
6112;57
6113;63
6114;25
6115;47
6116;34
6117;10
6118;8
6119;36
6120;64
6121;82
6122;48
6123;40
6124;69
6125;69
6126;53
6127;63
6128;51
6129;69
6130;78
6131;26
6132;62
6133;51
6134;64
6135;55
6136;63
6137;50
6138;29
6139;14
6140;15
6141;59
6142;60
6143;25
6144;94
6145;35
6146;44
6147;39
6148;17
6149;2
6150;76
6151;58
6152;55
6153;64
6154;22
6155;60
6156;41
6157;21
6158;54
6159;26
6160;16
6161;10
6162;35
6163;40
6164;71
6165;27
6166;58
6167;49
6168;50
6169;20
6170;24
6171;71
6172;90
6173;75
6174;86
6175;24
6176;52
6177;62
6178;48
6179;52
6180;43
6181;39
6182;70
6183;59
6184;8
6185;11
6186;65
6187;48
6188;42
6189;34
6190;49
6191;39
6192;45
6193;3
6194;1
6195;18
6196;37
6197;6
6198;57
6199;19
6200;51
6201;30
6202;7
6203;53
6204;93
6205;63
6206;25
6207;80
6208;25
6209;45
6210;59
6211;60
6212;63
6213;22
6214;41
6215;30
6216;60
6217;10
6218;12
6219;69
6220;80
6221;66
6222;32
6223;35
6224;60
6225;46
6226;9
6227;9
6228;42
6229;42
6230;14
6231;1
6232;59
6233;32
6234;12
6235;16
6236;6
6237;64
6238;39
6239;74
6240;52
6241;36
6242;53
6243;29
6244;60
6245;46
6246;30
6247;2
6248;19
6249;35
6250;3
6251;5
6252;64
6253;61
6254;70
6255;60
6256;76
6257;85
6258;65
6259;24
6260;62
6261;64
6262;67
6263;65
6264;64
6265;10
6266;53
6267;55
6268;68
6269;54
6270;46
6271;18
6272;12
6273;84
6274;51
6275;44
6276;10
6277;14
6278;7
6279;22
6280;73
6281;52
6282;60
6283;21
6284;44
6285;62
6286;10
6287;56
6288;23
6289;21
6290;65
6291;50
6292;40
6293;70
6294;60
6295;68
6296;73
6297;63
6298;87
6299;41
6300;64
6301;47
6302;80
6303;46
6304;43
6305;2
6306;16
6307;49
6308;42
6309;17
6310;16
6311;39
6312;50
6313;18
6314;17
6315;55
6316;66
6317;22
6318;62
6319;52
6320;55
6321;62
6322;67
6323;67
6324;42
6325;8
6326;77
6327;78
6328;27
6329;40
6330;4
6331;46
6332;44
6333;16
6334;2
6335;28
6336;35
6337;22
6338;21
6339;20
6340;79
6341;20
6342;33
6343;23
6344;93
6345;64
6346;11
6347;25
6348;56
6349;80
6350;58
6351;48
6352;51
6353;56
6354;61
6355;71
6356;69
6357;60
6358;85
6359;61
6360;63
6361;33
6362;35
6363;5
6364;18
6365;52
6366;44
6367;12
6368;87
6369;38
6370;45
6371;15
6372;32
6373;44
6374;6
6375;9
6376;60
6377;54
6378;17
6379;36
6380;41
6381;34
6382;8
6383;48
6384;65
6385;81
6386;72
6387;70
6388;45
6389;72
6390;45
6391;38
6392;41
6393;6
6394;5
6395;74
6396;53
6397;89
6398;87
6399;90
6400;25
6401;63
6402;72
6403;53
6404;25
6405;25
6406;55
6407;41
6408;74
6409;52
6410;23
6411;36
6412;41
6413;73
6414;62
6415;51
6416;72
6417;46
6418;62
6419;15
6420;8
6421;29
6422;37
6423;2
6424;3
6425;52
6426;56
6427;31
6428;47
6429;46
6430;73
6431;42
6432;45
6433;44
6434;14
6435;8
6436;79
6437;71
6438;90
6439;65
6440;49
6441;13
6442;7
6443;39
6444;41
6445;40
6446;17
6447;15
6448;69
6449;21
6450;82
6451;76
6452;27
6453;39
6454;3
6455;10
6456;2
6457;49
6458;50
6459;76
6460;73
6461;67
6462;31
6463;54
6464;94
6465;64
6466;47
6467;45
6468;58
6469;65
6470;57
