1;71
2;19
3;70
4;31
5;55
6;43
7;37
8;18
9;67
10;74
11;63
12;33
13;15
14;14
15;46
16;50
17;8
18;7
19;27
20;43
21;58
22;79
23;81
24;60
25;60
26;48
27;66
28;59
29;50
30;25
31;71
32;19
33;64
34;39
35;11
36;0
37;1
38;46
39;61
40;70
41;80
42;64
43;50
44;27
45;15
46;12
47;17
48;16
49;52
50;38
51;31
52;31
53;9
54;68
55;60
56;20
57;40
58;49
59;16
60;17
61;44
62;41
63;15
64;17
65;27
66;33
67;7
68;11
69;62
70;76
71;76
72;54
73;80
74;19
75;57
76;56
77;73
78;41
79;57
80;80
81;76
82;68
83;63
84;68
85;46
86;79
87;56
88;43
89;21
90;17
91;10
92;54
93;51
94;21
95;46
96;13
97;2
98;58
99;33
100;54
101;53
102;43
103;30
104;1
105;82
106;69
107;58
108;75
109;59
110;54
111;58
112;56
113;58
114;57
115;30
116;24
117;13
118;48
119;24
120;49
121;25
122;76
123;46
124;30
125;90
126;74
127;78
128;55
129;51
130;38
131;41
132;22
133;70
134;51
135;30
136;49
137;52
138;70
139;19
140;77
141;52
142;23
143;70
144;37
145;55
146;55
147;84
148;43
149;55
150;56
151;59
152;86
153;50
154;76
155;67
156;34
157;32
158;13
159;3
160;74
161;70
162;52
163;53
164;66
165;55
166;51
167;21
168;49
169;22
170;44
171;61
172;47
173;55
174;46
175;66
176;34
177;74
178;60
179;55
180;61
181;73
182;63
183;31
184;61
185;19
186;40
187;57
188;47
189;14
190;56
191;51
192;34
193;56
194;58
195;23
196;74
197;27
198;27
199;20
200;48
201;6
202;53
203;30
204;17
205;15
206;62
207;58
208;86
209;53
210;49
211;31
212;56
213;61
214;10
215;49
216;55
217;13
218;7
219;59
220;58
221;34
222;43
223;31
224;12
225;13
226;27
227;30
228;18
229;43
230;30
231;4
232;7
233;0
234;35
235;45
236;3
237;11
238;42
239;26
240;34
241;65
242;67
243;21
244;60
245;52
246;50
247;89
248;58
249;64
250;54
251;29
252;30
253;59
254;52
255;47
256;83
257;72
258;71
259;66
260;52
261;43
262;26
263;68
264;79
265;48
266;53
267;62
268;60
269;92
270;62
271;39
272;16
273;11
274;36
275;11
276;75
277;70
278;83
279;64
280;23
281;51
282;55
283;27
284;50
285;37
286;17
287;18
288;38
289;6
290;50
291;57
292;13
293;51
294;56
295;42
296;25
297;54
298;28
299;9
300;49
301;58
302;12
303;31
304;47
305;11
306;7
307;57
308;70
309;50
310;79
311;47
312;46
313;10
314;8
315;61
316;47
317;75
318;58
319;40
320;47
321;14
322;79
323;61
324;72
325;33
326;73
327;60
328;36
329;45
330;17
331;57
332;60
333;75
334;82
335;54
336;55
337;69
338;81
339;76
340;58
341;33
342;66
343;60
344;53
345;17
346;37
347;22
348;20
349;19
350;10
351;18
352;23
353;76
354;53
355;94
356;23
357;32
358;53
359;53
360;28
361;17
362;68
363;80
364;82
365;72
366;51
367;44
368;80
369;26
370;61
371;74
372;71
373;55
374;52
375;42
376;9
377;14
378;10
379;60
380;57
381;67
382;26
383;45
384;36
385;79
386;55
387;22
388;32
389;2
390;18
391;54
392;40
393;37
394;18
395;19
396;21
397;26
398;65
399;22
400;66
401;64
402;62
403;64
404;54
405;70
406;34
407;53
408;6
409;9
410;47
411;77
412;56
413;42
414;11
415;7
416;24
417;64
418;90
419;67
420;28
421;49
422;16
423;6
424;27
425;61
426;57
427;32
428;50
429;30
430;51
431;14
432;11
433;46
434;63
435;90
436;51
437;27
438;61
439;54
440;56
441;58
442;35
443;42
444;17
445;12
446;70
447;53
448;65
449;53
450;40
451;23
452;46
453;17
454;73
455;54
456;37
457;48
458;39
459;59
460;66
461;53
462;68
463;78
464;22
465;55
466;50
467;77
468;52
469;70
470;74
471;68
472;69
473;72
474;80
475;62
476;38
477;80
478;74
479;54
480;37
481;32
482;0
483;12
484;0
485;69
486;74
487;88
488;74
489;40
490;51
491;61
492;6
493;7
494;49
495;63
496;6
497;18
498;73
499;79
500;49
501;47
502;69
503;26
504;49
505;30
506;6
507;17
508;10
509;33
510;76
511;76
512;61
513;57
514;64
515;38
516;63
517;64
518;40
519;71
520;27
521;37
522;57
523;48
524;18
525;25
526;64
527;24
528;41
529;68
530;19
531;37
532;30
533;6
534;18
535;84
536;56
537;7
538;6
539;57
540;65
541;29
542;24
543;48
544;59
545;34
546;13
547;12
548;61
549;59
550;54
551;41
552;60
553;75
554;76
555;42
556;37
557;10
558;7
559;53
560;61
561;54
562;82
563;47
564;66
565;35
566;40
567;46
568;13
569;4
570;76
571;63
572;77
573;49
574;28
575;5
576;6
577;7
578;53
579;49
580;12
581;11
582;58
583;55
584;58
585;81
586;48
587;32
588;27
589;8
590;11
591;63
592;80
593;42
594;38
595;68
596;41
597;46
598;12
599;9
600;63
601;89
602;49
603;30
604;16
605;13
606;16
607;84
608;68
609;48
610;39
611;12
612;17
613;29
614;39
615;58
616;6
617;9
618;86
619;80
620;21
621;54
622;61
623;72
624;69
625;49
626;30
627;10
628;7
629;66
630;57
631;25
632;46
633;53
634;42
635;17
636;18
637;63
638;57
639;63
640;61
641;41
642;66
643;95
644;39
645;22
646;28
647;32
648;17
649;43
650;41
651;61
652;60
653;55
654;58
655;61
656;75
657;91
658;35
659;44
660;52
661;58
662;70
663;40
664;42
665;0
666;13
667;49
668;22
669;21
670;13
671;15
672;4
673;42
674;24
675;4
676;15
677;16
678;33
679;32
680;9
681;5
682;16
683;65
684;57
685;25
686;24
687;28
688;57
689;64
690;18
691;10
692;25
693;55
694;57
695;26
696;68
697;38
698;51
699;62
700;60
701;66
702;81
703;48
704;69
705;70
706;80
707;72
708;32
709;24
710;14
711;3
712;76
713;24
714;23
715;66
716;49
717;32
718;9
719;14
720;53
721;63
722;16
723;64
724;37
725;12
726;6
727;44
728;58
729;57
730;58
731;71
732;38
733;27
734;12
735;78
736;70
737;55
738;50
739;76
740;32
741;38
742;64
743;32
744;14
745;7
746;50
747;57
748;52
749;56
750;72
751;49
752;24
753;82
754;37
755;20
756;0
757;1
758;5
759;19
760;28
761;14
762;3
763;65
764;65
765;25
766;27
767;9
768;30
769;47
770;16
771;9
772;17
773;54
774;50
775;74
776;45
777;65
778;64
779;48
780;32
781;69
782;32
783;49
784;6
785;17
786;82
787;61
788;52
789;19
790;36
791;67
792;44
793;21
794;2
795;7
796;43
797;29
798;12
799;8
800;55
801;70
802;33
803;62
804;52
805;36
806;50
807;8
808;12
809;64
810;78
811;70
812;70
813;51
814;64
815;58
816;60
817;62
818;57
819;27
820;48
821;44
822;1
823;2
824;40
825;72
826;19
827;20
828;50
829;19
830;58
831;42
832;24
833;76
834;26
835;65
836;56
837;59
838;50
839;23
840;72
841;59
842;12
843;6
844;67
845;82
846;75
847;69
848;22
849;67
850;39
851;99
852;53
853;51
854;80
855;49
856;26
857;80
858;57
859;70
860;36
861;31
862;7
863;6
864;60
865;67
866;58
867;36
868;21
869;62
870;52
871;21
872;46
873;51
874;75
875;53
876;37
877;36
878;4
879;13
880;3
881;23
882;61
883;40
884;52
885;58
886;58
887;92
888;47
889;45
890;18
891;7
892;84
893;63
894;60
895;19
896;60
897;90
898;61
899;57
900;52
901;44
902;34
903;28
904;2
905;9
906;67
907;47
908;40
909;49
910;8
911;10
912;18
913;59
914;58
915;18
916;17
917;58
918;21
919;21
920;30
921;34
922;32
923;46
924;14
925;62
926;41
927;51
928;19
929;22
930;24
931;77
932;21
933;24
934;62
935;54
936;75
937;53
938;60
939;15
940;6
941;12
942;23
943;19
944;21
945;88
946;20
947;22
948;39
949;20
950;62
951;24
952;32
953;5
954;2
955;3
956;18
957;12
958;82
959;78
960;26
961;62
962;80
963;43
964;51
965;66
966;83
967;75
968;78
969;35
970;30
971;16
972;83
973;38
974;33
975;2
976;81
977;47
978;34
979;15
980;11
981;47
982;41
983;12
984;12
985;75
986;74
987;38
988;52
989;7
990;13
991;34
992;38
993;7
994;17
995;7
996;67
997;74
998;46
999;51
1000;54
1001;61
1002;55
1003;12
1004;15
1005;39
1006;27
1007;41
1008;68
1009;24
1010;53
1011;84
1012;63
1013;51
1014;51
1015;73
1016;57
1017;38
1018;43
1019;15
1020;56
1021;57
1022;74
1023;57
1024;33
1025;54
1026;85
1027;71
1028;54
1029;52
1030;56
1031;13
1032;16
1033;15
1034;20
1035;36
1036;14
1037;50
1038;40
1039;44
1040;27
1041;24
1042;18
1043;2
1044;53
1045;52
1046;58
1047;38
1048;40
1049;46
1050;15
1051;15
1052;61
1053;55
1054;13
1055;16
1056;47
1057;32
1058;58
1059;20
1060;30
1061;31
1062;24
1063;48
1064;21
1065;31
1066;53
1067;30
1068;18
1069;12
1070;45
1071;63
1072;24
1073;64
1074;75
1075;35
1076;75
1077;73
1078;40
1079;68
1080;84
1081;77
1082;64
1083;82
1084;59
1085;59
1086;15
1087;15
1088;56
1089;12
1090;60
1091;46
1092;17
1093;9
1094;64
1095;56
1096;37
1097;60
1098;62
1099;74
1100;56
1101;71
1102;75
1103;71
1104;25
1105;82
1106;81
1107;82
1108;55
1109;67
1110;60
1111;19
1112;48
1113;46
1114;74
1115;66
1116;60
1117;64
1118;13
1119;7
1120;52
1121;55
1122;13
1123;7
1124;47
1125;58
1126;88
1127;28
1128;44
1129;2
1130;88
1131;67
1132;79
1133;60
1134;61
1135;94
1136;47
1137;63
1138;32
1139;69
1140;19
1141;71
1142;77
1143;58
1144;25
1145;81
1146;26
1147;32
1148;53
1149;66
1150;74
1151;57
1152;60
1153;90
1154;63
1155;53
1156;54
1157;41
1158;15
1159;9
1160;93
1161;45
1162;43
1163;30
1164;16
1165;3
1166;4
1167;13
1168;56
1169;51
1170;53
1171;78
1172;50
1173;21
1174;50
1175;59
1176;47
1177;49
1178;35
1179;17
1180;14
1181;35
1182;50
1183;35
1184;7
1185;15
1186;17
1187;27
1188;50
1189;45
1190;24
1191;11
1192;36
1193;58
1194;41
1195;24
1196;56
1197;22
1198;44
1199;59
1200;74
1201;53
1202;32
1203;57
1204;27
1205;46
1206;6
1207;39
1208;68
1209;75
1210;55
1211;77
1212;19
1213;71
1214;57
1215;44
1216;89
1217;79
1218;58
1219;23
1220;64
1221;84
1222;35
1223;44
1224;17
1225;0
1226;69
1227;69
1228;91
1229;36
1230;11
1231;9
1232;68
1233;26
1234;44
1235;17
1236;18
1237;70
1238;21
1239;35
1240;64
1241;54
1242;50
1243;59
1244;46
1245;69
1246;60
1247;56
1248;88
1249;67
1250;37
1251;91
1252;75
1253;43
1254;73
1255;63
1256;36
1257;20
1258;75
1259;23
1260;63
1261;53
1262;20
1263;86
1264;20
1265;30
1266;18
1267;58
1268;61
1269;7
1270;10
1271;14
1272;87
1273;22
1274;53
1275;14
1276;41
1277;49
1278;11
1279;7
1280;8
1281;20
1282;43
1283;57
1284;91
1285;29
1286;36
1287;8
1288;11
1289;64
1290;61
1291;72
1292;73
1293;75
1294;44
1295;26
1296;45
1297;19
1298;19
1299;22
1300;40
1301;53
1302;53
1303;60
1304;42
1305;90
1306;68
1307;52
1308;55
1309;81
1310;52
1311;53
1312;82
1313;47
1314;34
1315;6
1316;94
1317;49
1318;18
1319;14
1320;48
1321;85
1322;66
1323;54
1324;59
1325;71
1326;54
1327;59
1328;64
1329;16
1330;12
1331;52
1332;63
1333;62
1334;49
1335;91
1336;49
1337;64
1338;44
1339;51
1340;49
1341;67
1342;37
1343;13
1344;39
1345;55
1346;62
1347;55
1348;8
1349;11
1350;45
1351;21
1352;7
1353;4
1354;2
1355;28
1356;72
1357;67
1358;87
1359;36
1360;39
1361;1
1362;5
1363;74
1364;49
1365;67
1366;49
1367;58
1368;57
1369;8
1370;16
1371;72
1372;74
1373;48
1374;38
1375;12
1376;13
1377;72
1378;74
1379;76
1380;27
1381;44
1382;8
1383;3
1384;60
1385;55
1386;66
1387;75
1388;71
1389;36
1390;43
1391;75
1392;52
1393;63
1394;45
1395;52
1396;51
1397;48
1398;62
1399;89
1400;45
1401;39
1402;84
1403;67
1404;20
1405;28
1406;45
1407;36
1408;29
1409;35
1410;27
1411;18
1412;16
1413;70
1414;39
1415;79
1416;34
1417;68
1418;68
1419;23
1420;20
1421;70
1422;56
1423;35
1424;54
1425;60
1426;83
1427;45
1428;45
1429;0
1430;2
1431;65
1432;70
1433;74
1434;74
1435;51
1436;46
1437;85
1438;23
1439;57
1440;56
1441;38
1442;36
1443;33
1444;3
1445;4
1446;36
1447;6
1448;7
1449;92
1450;37
1451;51
1452;76
1453;21
1454;23
1455;65
1456;74
1457;44
1458;70
1459;19
1460;20
1461;58
1462;19
1463;21
1464;52
1465;23
1466;63
1467;63
1468;64
1469;71
1470;67
1471;46
1472;55
1473;59
1474;38
1475;51
1476;15
1477;10
1478;8
1479;47
1480;30
1481;17
1482;8
1483;50
1484;33
1485;38
1486;21
1487;9
1488;8
1489;3
1490;8
1491;28
1492;24
1493;52
1494;53
1495;38
1496;37
1497;36
1498;0
1499;0
1500;1
1501;60
1502;22
1503;27
1504;58
1505;18
1506;16
1507;89
1508;70
1509;20
1510;58
1511;69
1512;52
1513;70
1514;46
1515;53
1516;73
1517;55
1518;20
1519;30
1520;59
1521;39
1522;56
1523;90
1524;63
1525;19
1526;24
1527;60
1528;35
1529;11
1530;17
1531;10
1532;37
1533;55
1534;8
1535;7
1536;30
1537;30
1538;17
1539;34
1540;44
1541;5
1542;2
1543;4
1544;98
1545;23
1546;48
1547;85
1548;82
1549;40
1550;69
1551;74
1552;79
1553;38
1554;93
1555;60
1556;64
1557;64
1558;30
1559;89
1560;43
1561;72
1562;47
1563;49
1564;18
1565;6
1566;74
1567;44
1568;35
1569;54
1570;59
1571;55
1572;35
1573;9
1574;18
1575;42
1576;46
1577;54
1578;52
1579;53
1580;67
1581;86
1582;23
1583;50
1584;74
1585;55
1586;39
1587;49
1588;59
1589;60
1590;58
1591;19
1592;53
1593;36
1594;11
1595;11
1596;70
1597;48
1598;60
1599;27
1600;45
1601;10
1602;12
1603;44
1604;20
1605;20
1606;43
1607;58
1608;24
1609;49
1610;50
1611;73
1612;51
1613;20
1614;62
1615;48
1616;47
1617;45
1618;18
1619;17
1620;60
1621;42
1622;8
1623;15
1624;49
1625;52
1626;53
1627;33
1628;0
1629;38
1630;31
1631;6
1632;15
1633;62
1634;24
1635;19
1636;50
1637;63
1638;88
1639;20
1640;51
1641;68
1642;81
1643;87
1644;60
1645;85
1646;59
1647;42
1648;18
1649;10
1650;67
1651;63
1652;73
1653;37
1654;48
1655;57
1656;6
1657;17
1658;59
1659;47
1660;90
1661;65
1662;70
1663;35
1664;47
1665;14
1666;12
1667;77
1668;75
1669;74
1670;34
1671;47
1672;46
1673;65
1674;74
1675;59
1676;59
1677;46
1678;38
1679;0
1680;16
1681;71
1682;27
1683;85
1684;31
1685;50
1686;14
1687;54
1688;83
1689;81
1690;21
1691;44
1692;66
1693;62
1694;30
1695;30
1696;18
1697;12
1698;24
1699;33
1700;64
1701;75
1702;53
1703;57
1704;19
1705;62
1706;76
1707;27
1708;50
1709;8
1710;66
1711;64
1712;30
1713;34
1714;14
1715;74
1716;85
1717;70
1718;55
1719;42
1720;65
1721;52
1722;52
1723;11
1724;41
1725;70
1726;76
1727;40
1728;22
1729;36
1730;18
1731;63
1732;82
1733;85
1734;69
1735;73
1736;19
1737;66
1738;54
1739;75
1740;53
1741;51
1742;44
1743;81
1744;50
1745;52
1746;61
1747;33
1748;17
1749;34
1750;43
1751;6
1752;11
1753;2
1754;62
1755;30
1756;59
1757;27
1758;34
1759;46
1760;84
1761;41
1762;50
1763;9
1764;7
1765;60
1766;82
1767;58
1768;74
1769;50
1770;33
1771;10
1772;12
1773;49
1774;47
1775;8
1776;21
1777;76
1778;22
1779;81
1780;37
1781;48
1782;58
1783;75
1784;73
1785;58
1786;29
1787;35
1788;11
1789;14
1790;53
1791;70
1792;58
1793;53
1794;24
1795;35
1796;41
1797;1
1798;6
1799;68
1800;68
1801;70
1802;65
1803;59
1804;61
1805;7
1806;13
1807;18
1808;46
1809;18
1810;6
1811;61
1812;39
1813;34
1814;15
1815;4
1816;71
1817;52
1818;66
1819;45
1820;35
1821;6
1822;13
1823;33
1824;64
1825;48
1826;51
1827;57
1828;52
1829;76
1830;54
1831;59
1832;21
1833;88
1834;52
1835;24
1836;37
1837;56
1838;32
1839;39
1840;62
1841;61
1842;53
1843;35
1844;59
1845;11
1846;7
1847;66
1848;25
1849;25
1850;38
1851;88
1852;70
1853;79
1854;64
1855;31
1856;38
1857;2
1858;36
1859;0
1860;56
1861;53
1862;59
1863;87
1864;72
1865;47
1866;41
1867;67
1868;78
1869;42
1870;22
1871;72
1872;43
1873;73
1874;69
1875;36
1876;26
1877;59
1878;56
1879;78
1880;36
1881;54
1882;14
1883;17
1884;14
1885;70
1886;55
1887;82
1888;44
1889;21
1890;25
1891;59
1892;84
1893;63
1894;49
1895;41
1896;36
1897;7
1898;3
1899;36
1900;23
1901;75
1902;76
1903;83
1904;22
1905;44
1906;80
1907;63
1908;46
1909;73
1910;51
1911;21
1912;80
1913;24
1914;25
1915;93
1916;50
1917;75
1918;44
1919;54
1920;59
1921;26
1922;47
1923;18
1924;16
1925;36
1926;32
1927;37
1928;17
1929;11
1930;17
1931;32
1932;33
1933;12
1934;8
1935;8
1936;56
1937;37
1938;56
1939;61
1940;13
1941;6
1942;76
1943;90
1944;23
1945;26
1946;75
1947;29
1948;34
1949;32
1950;69
1951;32
1952;33
1953;51
1954;7
1955;18
1956;52
1957;64
1958;35
1959;23
1960;2
1961;74
1962;60
1963;65
1964;31
1965;45
1966;59
1967;57
1968;21
1969;31
1970;9
1971;27
1972;21
1973;11
1974;7
1975;29
1976;34
1977;30
1978;6
1979;3
1980;62
1981;49
1982;82
1983;48
1984;61
1985;56
1986;44
1987;73
1988;70
1989;65
1990;61
1991;55
1992;75
1993;49
1994;33
1995;42
1996;1
1997;0
1998;1
1999;95
2000;29
2001;20
2002;36
2003;52
2004;64
2005;21
2006;63
2007;59
2008;8
2009;9
2010;6
2011;74
2012;37
2013;66
2014;46
2015;84
2016;44
2017;33
2018;63
2019;55
2020;45
2021;71
2022;40
2023;41
2024;16
2025;22
2026;45
2027;57
2028;44
2029;15
2030;16
2031;10
2032;14
2033;48
2034;52
2035;31
2036;18
2037;8
2038;54
2039;29
2040;43
2041;66
2042;19
2043;42
2044;4
2045;17
2046;40
2047;53
2048;15
2049;10
2050;65
2051;33
2052;37
2053;17
2054;17
2055;7
2056;45
2057;49
2058;10
2059;71
2060;52
2061;90
2062;19
2063;31
2064;74
2065;59
2066;48
2067;49
2068;45
2069;16
2070;17
2071;44
2072;80
2073;83
2074;74
2075;43
2076;39
2077;32
2078;24
2079;19
2080;31
2081;24
2082;53
2083;88
2084;66
2085;63
2086;23
2087;56
2088;68
2089;50
2090;71
2091;42
2092;47
2093;45
2094;13
2095;7
2096;30
2097;21
2098;62
2099;85
2100;23
2101;57
2102;48
2103;86
2104;46
2105;49
2106;53
2107;48
2108;7
2109;8
2110;60
2111;49
2112;40
2113;6
2114;17
2115;57
2116;26
2117;74
2118;67
2119;49
2120;47
2121;79
2122;38
2123;58
2124;46
2125;23
2126;59
2127;31
2128;16
2129;9
2130;72
2131;20
2132;74
2133;24
2134;54
2135;60
2136;24
2137;22
2138;19
2139;71
2140;28
2141;81
2142;57
2143;79
2144;52
2145;45
2146;48
2147;7
2148;15
2149;61
2150;26
2151;14
2152;13
2153;82
2154;67
2155;58
2156;34
2157;37
2158;48
2159;39
2160;51
2161;22
2162;56
2163;71
2164;64
2165;46
2166;50
2167;38
2168;33
2169;6
2170;17
2171;6
2172;72
2173;58
2174;25
2175;53
2176;60
2177;36
2178;15
2179;68
2180;33
2181;64
2182;40
2183;63
2184;53
2185;57
2186;59
2187;38
2188;38
2189;10
2190;6
2191;37
2192;38
2193;16
2194;12
2195;39
2196;23
2197;5
2198;2
2199;55
2200;47
2201;67
2202;27
2203;28
2204;16
2205;3
2206;1
2207;54
2208;63
2209;75
2210;46
2211;57
2212;34
2213;38
2214;6
2215;58
2216;71
2217;20
2218;51
2219;72
2220;54
2221;80
2222;32
2223;50
2224;10
2225;11
2226;83
2227;70
2228;38
2229;28
2230;17
2231;8
2232;67
2233;87
2234;46
2235;55
2236;72
2237;55
2238;38
2239;61
2240;54
2241;25
2242;53
2243;74
2244;31
2245;88
2246;55
2247;47
2248;32
2249;37
2250;37
2251;35
2252;4
2253;13
2254;14
2255;3
2256;4
2257;10
2258;32
2259;63
2260;14
2261;7
2262;55
2263;86
2264;55
2265;19
2266;26
2267;43
2268;33
2269;48
2270;18
2271;50
2272;43
2273;13
2274;1
2275;3
2276;67
2277;35
2278;29
2279;6
2280;1
2281;75
2282;74
2283;51
2284;85
2285;73
2286;47
2287;56
2288;64
2289;61
2290;33
2291;45
2292;27
2293;49
2294;12
2295;57
2296;49
2297;67
2298;85
2299;63
2300;71
2301;49
2302;89
2303;28
2304;20
2305;93
2306;73
2307;89
2308;52
2309;34
2310;57
2311;60
2312;84
2313;56
2314;27
2315;72
2316;85
2317;19
2318;92
2319;51
2320;86
2321;82
2322;21
2323;57
2324;53
2325;40
2326;54
2327;46
2328;59
2329;25
2330;21
2331;73
2332;68
2333;44
2334;32
2335;2
2336;12
2337;7
2338;5
2339;42
2340;56
2341;36
2342;46
2343;18
2344;6
2345;86
2346;28
2347;45
2348;51
2349;17
2350;50
2351;34
2352;41
2353;9
2354;18
2355;35
2356;37
2357;11
2358;15
2359;10
2360;38
2361;58
2362;27
2363;39
2364;2
2365;2
2366;36
2367;46
2368;12
2369;13
2370;17
2371;53
2372;51
2373;73
2374;47
2375;77
2376;36
2377;59
2378;81
2379;74
2380;56
2381;29
2382;8
2383;53
2384;38
2385;34
2386;53
2387;44
2388;57
2389;59
2390;55
2391;53
2392;20
2393;20
2394;77
2395;68
2396;54
2397;85
2398;46
2399;31
2400;18
2401;0
2402;59
2403;51
2404;8
2405;13
2406;51
2407;6
2408;20
2409;57
2410;30
2411;39
2412;36
2413;8
2414;11
2415;11
2416;69
2417;49
2418;85
2419;21
2420;59
2421;22
2422;82
2423;61
2424;53
2425;36
2426;9
2427;14
2428;12
2429;55
2430;58
2431;77
2432;44
2433;44
2434;5
2435;4
2436;60
2437;72
2438;45
2439;47
2440;74
2441;79
2442;60
2443;50
2444;54
2445;63
2446;6
2447;18
2448;10
2449;53
2450;44
2451;45
2452;15
2453;86
2454;74
2455;76
2456;58
2457;56
2458;55
2459;8
2460;8
2461;51
2462;77
2463;64
2464;32
2465;87
2466;29
2467;75
2468;61
2469;91
2470;62
2471;54
2472;36
2473;62
2474;52
2475;70
2476;45
2477;63
2478;22
2479;77
2480;75
2481;51
2482;43
2483;53
2484;23
2485;45
2486;30
2487;37
2488;8
2489;17
2490;93
2491;51
2492;6
2493;46
2494;22
2495;54
2496;43
2497;13
2498;11
2499;37
2500;39
2501;18
2502;10
2503;44
2504;75
2505;49
2506;80
2507;42
2508;70
2509;36
2510;30
2511;9
2512;13
2513;57
2514;48
2515;73
2516;25
2517;54
2518;44
2519;45
2520;53
2521;43
2522;50
2523;41
2524;35
2525;2
2526;8
2527;0
2528;67
2529;88
2530;61
2531;62
2532;52
2533;73
2534;52
2535;21
2536;90
2537;50
2538;69
2539;68
2540;25
2541;73
2542;91
2543;37
2544;35
2545;3
2546;9
2547;59
2548;43
2549;83
2550;74
2551;50
2552;69
2553;74
2554;74
2555;36
2556;27
2557;7
2558;61
2559;80
2560;55
2561;23
2562;77
2563;32
2564;25
2565;2
2566;3
2567;5
2568;57
2569;56
2570;64
2571;69
2572;42
2573;27
2574;55
2575;25
2576;30
2577;75
2578;37
2579;46
2580;31
2581;52
2582;49
2583;73
2584;55
2585;20
2586;26
2587;38
2588;18
2589;8
2590;50
2591;19
2592;75
2593;21
2594;19
2595;53
2596;59
2597;55
2598;66
2599;71
2600;45
2601;32
2602;7
2603;9
2604;7
2605;12
2606;47
2607;54
2608;15
2609;13
2610;81
2611;91
2612;70
2613;19
2614;82
2615;58
2616;21
2617;82
2618;45
2619;74
2620;41
2621;35
2622;0
2623;7
2624;58
2625;72
2626;55
2627;81
2628;96
2629;47
2630;59
2631;35
2632;26
2633;11
2634;7
2635;14
2636;40
2637;22
2638;5
2639;55
2640;73
2641;44
2642;42
2643;12
2644;46
2645;7
2646;9
2647;70
2648;53
2649;49
2650;21
2651;3
2652;5
2653;60
2654;53
2655;47
2656;56
2657;36
2658;86
2659;65
2660;22
2661;42
2662;42
2663;42
2664;2
2665;3
2666;58
2667;33
2668;9
2669;45
2670;12
2671;13
2672;61
2673;83
2674;45
2675;76
2676;65
2677;47
2678;28
2679;17
2680;3
2681;38
2682;42
2683;15
2684;69
2685;23
2686;78
2687;75
2688;84
2689;83
2690;56
2691;38
2692;39
2693;63
2694;44
2695;71
2696;58
2697;59
2698;51
2699;82
2700;51
2701;50
2702;49
2703;93
2704;57
2705;70
2706;69
2707;35
2708;22
2709;81
2710;45
2711;61
2712;61
2713;52
2714;44
2715;10
2716;15
2717;12
2718;82
2719;70
2720;48
2721;69
2722;84
2723;26
2724;41
2725;13
2726;15
2727;54
2728;66
2729;58
2730;55
2731;73
2732;59
2733;58
2734;84
2735;22
2736;90
2737;25
2738;53
2739;34
2740;59
2741;50
2742;32
2743;36
2744;4
2745;3
2746;16
2747;50
2748;51
2749;88
2750;34
2751;57
2752;63
2753;68
2754;59
2755;87
2756;69
2757;88
2758;77
2759;76
2760;81
2761;54
2762;42
2763;37
2764;38
2765;0
2766;18
2767;60
2768;60
2769;22
2770;48
2771;37
2772;2
2773;22
2774;58
2775;58
2776;54
2777;51
2778;90
2779;46
2780;38
2781;55
2782;37
2783;14
2784;12
2785;34
2786;55
2787;6
2788;6
2789;38
2790;40
2791;3
2792;57
2793;42
2794;64
2795;64
2796;9
2797;17
2798;68
2799;42
2800;59
2801;61
2802;57
2803;69
2804;83
2805;35
2806;47
2807;57
2808;43
2809;39
2810;43
2811;57
2812;8
2813;40
2814;6
2815;64
2816;51
2817;76
2818;65
2819;55
2820;44
2821;55
2822;60
2823;42
2824;92
2825;22
2826;22
2827;24
2828;61
2829;60
2830;64
2831;72
2832;70
2833;40
2834;39
2835;67
2836;48
2837;55
2838;21
2839;36
2840;11
2841;54
2842;52
2843;17
2844;13
2845;67
2846;45
2847;74
2848;65
2849;37
2850;58
2851;23
2852;45
2853;82
2854;20
2855;23
2856;67
2857;37
2858;28
2859;70
2860;70
2861;55
2862;36
2863;58
2864;8
2865;11
2866;30
2867;38
2868;5
2869;4
2870;48
2871;57
2872;73
2873;48
2874;24
2875;2
2876;15
2877;54
2878;30
2879;69
2880;75
2881;72
2882;55
2883;51
2884;59
2885;63
2886;33
2887;71
2888;91
2889;34
2890;6
2891;8
2892;36
2893;58
2894;16
2895;17
2896;15
2897;21
2898;30
2899;58
2900;59
2901;61
2902;9
2903;11
2904;18
2905;36
2906;35
2907;30
2908;49
2909;23
2910;26
2911;51
2912;14
2913;10
2914;61
2915;20
2916;48
2917;66
2918;46
2919;73
2920;59
2921;67
2922;25
2923;42
2924;22
2925;49
2926;58
2927;15
2928;10
2929;57
2930;69
2931;67
2932;54
2933;65
2934;19
2935;49
2936;32
2937;5
2938;4
2939;58
2940;55
2941;43
2942;40
2943;0
2944;14
2945;3
2946;77
2947;30
2948;40
2949;15
2950;14
2951;8
2952;47
2953;52
2954;24
2955;69
2956;75
2957;58
2958;39
2959;34
2960;64
2961;56
2962;55
2963;35
2964;40
2965;13
2966;8
2967;35
2968;29
2969;18
2970;16
2971;47
2972;52
2973;55
2974;57
2975;33
2976;35
2977;13
2978;16
2979;54
2980;34
2981;56
2982;57
2983;41
2984;72
2985;65
2986;30
2987;56
2988;75
2989;68
2990;56
2991;52
2992;71
2993;54
2994;66
2995;24
2996;78
2997;51
2998;69
2999;92
3000;56
3001;23
3002;70
3003;57
3004;34
3005;40
3006;4
3007;5
3008;18
3009;27
3010;21
3011;1
3012;2
3013;37
3014;20
3015;60
3016;34
3017;17
3018;18
3019;18
3020;39
3021;45
3022;2
3023;14
3024;8
3025;63
3026;30
3027;35
3028;38
3029;44
3030;3
3031;14
3032;50
3033;63
3034;65
3035;29
3036;73
3037;69
3038;72
3039;50
3040;48
3041;50
3042;25
3043;80
3044;45
3045;65
3046;21
3047;56
3048;86
3049;71
3050;67
3051;39
3052;49
3053;61
3054;34
3055;39
3056;22
3057;85
3058;34
3059;71
3060;21
3061;55
3062;67
3063;88
3064;44
3065;58
3066;10
3067;76
3068;59
3069;68
3070;49
3071;29
3072;73
3073;36
3074;30
3075;3
3076;35
3077;32
3078;2
3079;0
3080;79
3081;23
3082;32
3083;30
3084;16
3085;6
3086;61
3087;12
3088;9
3089;52
3090;73
3091;67
3092;57
3093;40
3094;13
3095;17
3096;74
3097;43
3098;36
3099;47
3100;16
3101;12
3102;44
3103;75
3104;63
3105;44
3106;38
3107;8
3108;15
3109;23
3110;73
3111;51
3112;85
3113;50
3114;92
3115;30
3116;39
3117;36
3118;2
3119;2
3120;6
3121;79
3122;73
3123;52
3124;23
3125;22
3126;68
3127;60
3128;51
3129;13
3130;10
3131;17
3132;63
3133;22
3134;21
3135;23
3136;60
3137;7
3138;41
3139;34
3140;31
3141;7
3142;11
3143;44
3144;33
3145;51
3146;41
3147;40
3148;1
3149;51
3150;30
3151;11
3152;7
3153;75
3154;24
3155;86
3156;69
3157;41
3158;80
3159;51
3160;46
3161;29
3162;11
3163;68
3164;35
3165;61
3166;64
3167;47
3168;74
3169;48
3170;49
3171;34
3172;54
3173;46
3174;63
3175;8
3176;70
3177;40
3178;60
3179;21
3180;35
3181;34
3182;9
3183;3
3184;49
3185;100
3186;68
3187;26
3188;42
3189;12
3190;16
3191;51
3192;34
3193;56
3194;21
3195;70
3196;72
3197;22
3198;48
3199;23
3200;29
3201;82
3202;81
3203;42
3204;68
3205;51
3206;73
3207;21
3208;25
3209;20
3210;24
3211;20
3212;50
3213;20
3214;74
3215;80
3216;73
3217;70
3218;76
3219;42
3220;2
3221;7
3222;35
3223;16
3224;59
3225;34
3226;12
3227;8
3228;85
3229;40
3230;38
3231;4
3232;52
3233;76
3234;32
3235;75
3236;62
3237;89
3238;32
3239;42
3240;55
3241;94
3242;55
3243;50
3244;37
3245;35
3246;10
3247;13
3248;30
3249;34
3250;15
3251;17
3252;61
3253;48
3254;58
3255;71
3256;64
3257;93
3258;64
3259;37
3260;55
3261;10
3262;14
3263;14
3264;59
3265;51
3266;6
3267;6
3268;52
3269;37
3270;47
3271;0
3272;8
3273;46
3274;8
3275;24
3276;67
3277;48
3278;21
3279;53
3280;20
3281;62
3282;57
3283;27
3284;10
3285;46
3286;10
3287;53
3288;63
3289;61
3290;50
3291;73
3292;48
3293;72
3294;19
3295;21
3296;30
3297;3
3298;2
3299;25
3300;52
3301;28
3302;53
3303;64
3304;11
3305;37
3306;82
3307;78
3308;81
3309;61
3310;19
3311;74
3312;89
3313;22
3314;58
3315;49
3316;26
3317;61
3318;10
3319;7
3320;47
3321;61
3322;64
3323;16
3324;16
3325;46
3326;38
3327;29
3328;9
3329;17
3330;46
3331;57
3332;58
3333;78
3334;34
3335;77
3336;63
3337;45
3338;20
3339;50
3340;22
3341;47
3342;62
3343;37
3344;35
3345;37
3346;14
3347;18
3348;12
3349;34
3350;59
3351;51
3352;91
3353;51
3354;37
3355;36
3356;13
3357;68
3358;51
3359;24
3360;61
3361;42
3362;53
3363;63
3364;50
3365;36
3366;22
3367;53
3368;38
3369;23
3370;54
3371;25
3372;60
3373;38
3374;54
3375;72
3376;80
3377;55
3378;75
3379;82
3380;29
3381;39
3382;7
3383;48
3384;51
3385;44
3386;40
3387;20
3388;59
3389;57
3390;74
3391;47
3392;44
3393;57
3394;80
3395;63
3396;59
3397;32
3398;42
3399;13
3400;77
3401;28
3402;31
3403;38
3404;4
3405;6
3406;32
3407;45
3408;6
3409;0
3410;55
3411;49
3412;20
3413;60
3414;45
3415;59
3416;66
3417;46
3418;69
3419;75
3420;61
3421;81
3422;50
3423;47
3424;20
3425;87
3426;80
3427;47
3428;46
3429;18
3430;7
3431;35
3432;48
3433;5
3434;10
3435;46
3436;31
3437;27
3438;15
3439;17
3440;38
3441;36
3442;20
3443;0
3444;1
3445;68
3446;63
3447;26
3448;54
3449;57
3450;37
3451;58
3452;15
3453;17
3454;60
3455;53
3456;72
3457;60
3458;39
3459;69
3460;66
3461;48
3462;44
3463;37
3464;1
3465;2
3466;51
3467;59
3468;69
3469;69
3470;64
3471;46
3472;56
3473;68
3474;75
3475;54
3476;56
3477;38
3478;79
3479;55
3480;38
3481;16
3482;28
3483;60
3484;74
3485;68
3486;59
3487;76
3488;65
3489;34
3490;7
3491;73
3492;87
3493;31
3494;55
3495;69
3496;41
3497;27
3498;8
3499;17
3500;45
3501;50
3502;46
3503;52
3504;70
3505;53
3506;73
3507;25
3508;25
3509;22
3510;44
3511;21
3512;32
3513;57
3514;37
3515;58
3516;45
3517;9
3518;8
3519;53
3520;51
3521;81
3522;39
3523;6
3524;59
3525;51
3526;42
3527;42
3528;18
3529;4
3530;0
3531;76
3532;63
3533;52
3534;26
3535;54
3536;59
3537;22
3538;24
3539;81
3540;88
3541;49
3542;76
3543;23
3544;94
3545;72
3546;19
3547;73
3548;55
3549;46
3550;32
3551;77
3552;78
3553;57
3554;24
3555;49
3556;57
3557;13
3558;9
3559;17
3560;22
3561;53
3562;14
3563;74
3564;51
3565;57
3566;53
3567;57
3568;78
3569;55
3570;34
3571;49
3572;70
3573;62
3574;50
3575;53
3576;44
3577;39
3578;1
3579;8
3580;60
3581;52
3582;59
3583;57
3584;78
3585;65
3586;46
3587;62
3588;10
3589;16
3590;96
3591;29
3592;66
3593;61
3594;52
3595;28
3596;6
3597;9
3598;13
3599;59
3600;29
3601;42
3602;83
3603;36
3604;85
3605;38
3606;5
3607;1
3608;67
3609;69
3610;53
3611;49
3612;4
3613;53
3614;49
3615;55
3616;74
3617;50
3618;46
3619;39
3620;2
3621;5
3622;0
3623;63
3624;77
3625;36
3626;40
3627;1
3628;3
3629;39
3630;36
3631;0
3632;10
3633;21
3634;83
3635;57
3636;70
3637;58
3638;38
3639;28
3640;9
3641;12
3642;7
3643;77
3644;54
3645;76
3646;54
3647;19
3648;44
3649;35
3650;6
3651;6
3652;4
3653;37
3654;20
3655;0
3656;5
3657;56
3658;35
3659;6
3660;8
3661;18
3662;52
3663;84
3664;32
3665;38
3666;59
3667;46
3668;31
3669;3
3670;18
3671;46
3672;61
3673;36
3674;57
3675;9
3676;11
3677;58
3678;44
3679;67
3680;48
3681;56
3682;85
3683;78
3684;51
3685;53
3686;53
3687;63
3688;10
3689;10
3690;17
3691;68
3692;52
3693;54
3694;52
3695;31
3696;23
3697;50
3698;54
3699;48
3700;80
3701;51
3702;46
3703;60
3704;52
3705;19
3706;37
3707;12
3708;1
3709;0
3710;39
3711;39
3712;18
3713;6
3714;38
3715;36
3716;8
3717;4
3718;87
3719;37
3720;29
3721;50
3722;65
3723;59
3724;39
3725;65
3726;39
3727;61
3728;23
3729;74
3730;64
3731;48
3732;73
3733;72
3734;62
3735;71
3736;81
3737;67
3738;57
3739;52
3740;37
3741;83
3742;24
3743;65
3744;51
3745;87
3746;83
3747;63
3748;67
3749;83
3750;65
3751;34
3752;48
3753;11
3754;18
3755;31
3756;76
3757;67
3758;45
3759;68
3760;22
3761;53
3762;61
3763;13
3764;72
3765;36
3766;43
3767;56
3768;80
3769;23
3770;19
3771;81
3772;34
3773;17
3774;8
3775;70
3776;60
3777;25
3778;63
3779;49
3780;60
3781;88
3782;54
3783;28
3784;3
3785;58
3786;51
3787;51
3788;77
3789;44
3790;65
3791;82
3792;62
3793;52
3794;15
3795;47
3796;4
3797;69
3798;71
3799;55
3800;34
3801;56
3802;25
3803;60
3804;43
3805;77
3806;24
3807;58
3808;71
3809;68
3810;38
3811;26
3812;40
3813;28
3814;33
3815;66
3816;68
3817;63
3818;49
3819;59
3820;22
3821;74
3822;20
3823;58
3824;31
3825;24
3826;61
3827;44
3828;81
3829;27
3830;42
3831;18
3832;62
3833;60
3834;51
3835;72
3836;91
3837;48
3838;55
3839;34
3840;49
3841;39
3842;40
3843;85
3844;61
3845;79
3846;49
3847;63
3848;72
3849;40
3850;50
3851;12
3852;63
3853;72
3854;72
3855;31
3856;2
3857;13
3858;19
3859;68
3860;24
3861;27
3862;2
3863;2
3864;4
3865;34
3866;21
3867;25
3868;2
3869;10
3870;84
3871;81
3872;24
3873;87
3874;29
3875;57
3876;61
3877;89
3878;75
3879;53
3880;64
3881;17
3882;10
3883;59
3884;23
3885;31
3886;48
3887;2
3888;10
3889;76
3890;42
3891;54
3892;36
3893;17
3894;15
3895;49
3896;32
3897;18
3898;18
3899;30
3900;34
3901;73
3902;22
3903;70
3904;90
3905;50
3906;76
3907;77
3908;59
3909;20
3910;82
3911;38
3912;28
3913;17
3914;34
3915;66
3916;71
3917;73
3918;71
3919;20
3920;26
3921;89
3922;67
3923;47
3924;36
3925;17
3926;1
3927;89
3928;62
3929;36
3930;37
3931;63
3932;15
3933;9
3934;62
3935;73
3936;38
3937;63
3938;82
3939;47
3940;56
3941;34
3942;71
3943;64
3944;85
3945;27
3946;29
3947;18
3948;14
3949;24
3950;46
3951;38
3952;81
3953;58
3954;46
3955;61
3956;18
3957;39
3958;53
3959;6
3960;13
3961;53
3962;72
3963;59
3964;66
3965;37
3966;62
3967;70
3968;30
3969;39
3970;1
3971;11
3972;8
3973;71
3974;80
3975;58
3976;25
3977;43
3978;63
3979;8
3980;13
3981;18
3982;30
3983;71
3984;49
3985;28
3986;17
3987;39
3988;73
3989;53
3990;84
3991;20
3992;58
3993;78
3994;81
3995;58
3996;70
3997;26
3998;30
3999;15
4000;5
4001;54
4002;57
4003;59
4004;61
4005;59
4006;39
4007;6
4008;7
4009;62
4010;89
4011;21
4012;52
4013;86
4014;20
4015;46
4016;42
4017;26
4018;14
4019;8
4020;10
4021;40
4022;36
4023;15
4024;5
4025;11
4026;62
4027;50
4028;27
4029;9
4030;12
4031;54
4032;23
4033;24
4034;39
4035;39
4036;78
4037;76
4038;27
4039;68
4040;24
4041;20
4042;56
4043;55
4044;61
4045;45
4046;51
4047;11
4048;62
4049;80
4050;27
4051;36
4052;7
4053;11
4054;60
4055;32
4056;8
4057;7
4058;7
4059;61
4060;48
4061;63
4062;46
4063;56
4064;27
4065;14
4066;10
4067;37
4068;22
4069;32
4070;40
4071;37
4072;62
4073;29
4074;33
4075;5
4076;87
4077;62
4078;27
4079;37
4080;41
4081;16
4082;41
4083;60
4084;44
4085;17
4086;57
4087;62
4088;47
4089;44
4090;43
4091;15
4092;69
4093;22
4094;62
4095;84
4096;52
4097;35
4098;10
4099;30
4100;58
4101;70
4102;60
4103;63
4104;80
4105;68
4106;22
4107;25
4108;37
4109;23
4110;48
4111;42
4112;43
4113;54
4114;32
4115;56
4116;64
4117;53
4118;57
4119;62
4120;49
4121;36
4122;2
4123;1
4124;45
4125;10
4126;81
4127;76
4128;73
4129;82
4130;46
4131;51
4132;63
4133;45
4134;13
4135;95
4136;49
4137;42
4138;18
4139;3
4140;73
4141;83
4142;26
4143;50
4144;55
4145;31
4146;38
4147;10
4148;75
4149;50
4150;83
4151;28
4152;62
4153;24
4154;54
4155;26
4156;22
4157;60
4158;25
4159;52
4160;64
4161;86
4162;76
4163;26
4164;27
4165;7
4166;10
4167;62
4168;77
4169;34
4170;24
4171;38
4172;2
4173;7
4174;52
4175;87
4176;41
4177;29
4178;2
4179;2
4180;59
4181;57
4182;45
4183;74
4184;46
4185;53
4186;50
4187;34
4188;26
4189;30
4190;5
4191;4
4192;43
4193;12
4194;59
4195;53
4196;37
4197;12
4198;7
4199;17
4200;51
4201;52
4202;69
4203;53
4204;77
4205;30
4206;54
4207;73
4208;59
4209;67
4210;57
4211;85
4212;43
4213;44
4214;3
4215;16
4216;70
4217;63
4218;32
4219;47
4220;1
4221;68
4222;70
4223;22
4224;20
4225;65
4226;19
4227;77
4228;23
4229;44
4230;76
4231;53
4232;26
4233;41
4234;1
4235;1
4236;49
4237;45
4238;4
4239;56
4240;52
4241;82
4242;39
4243;39
4244;4
4245;18
4246;10
4247;40
4248;58
4249;57
4250;90
4251;64
4252;41
4253;48
4254;11
4255;7
4256;58
4257;73
4258;55
4259;58
4260;24
4261;67
4262;47
4263;54
4264;11
4265;18
4266;34
4267;35
4268;57
4269;15
4270;27
4271;64
4272;93
4273;47
4274;30
4275;24
4276;80
4277;67
4278;29
4279;59
4280;63
4281;21
4282;77
4283;64
4284;53
4285;25
4286;37
4287;58
4288;61
4289;58
4290;49
4291;13
4292;6
4293;34
4294;78
4295;58
4296;65
4297;23
4298;59
4299;61
4300;49
4301;12
4302;6
4303;43
4304;68
4305;71
4306;81
4307;55
4308;53
4309;53
4310;77
4311;76
4312;38
4313;58
4314;58
4315;25
4316;63
4317;48
4318;85
4319;33
4320;34
4321;63
4322;6
4323;47
4324;11
4325;73
4326;42
4327;37
4328;39
4329;6
4330;17
4331;14
4332;58
4333;77
4334;28
4335;31
4336;10
4337;81
4338;42
4339;68
4340;61
4341;54
4342;58
4343;85
4344;44
4345;80
4346;80
4347;42
4348;25
4349;19
4350;37
4351;87
4352;20
4353;29
4354;1
4355;49
4356;89
4357;60
4358;62
4359;72
4360;55
4361;59
4362;71
4363;28
4364;79
4365;49
4366;65
4367;66
4368;69
4369;74
4370;76
4371;52
4372;28
4373;73
4374;42
4375;46
4376;2
4377;2
4378;18
4379;29
4380;58
4381;11
4382;17
4383;12
4384;25
4385;46
4386;0
4387;0
4388;55
4389;55
4390;30
4391;8
4392;81
4393;66
4394;79
4395;62
4396;21
4397;55
4398;51
4399;48
4400;18
4401;7
4402;19
4403;46
4404;73
4405;25
4406;25
4407;21
4408;63
4409;49
4410;67
4411;57
4412;24
4413;33
4414;41
4415;24
4416;57
4417;72
4418;76
4419;52
4420;54
4421;70
4422;51
4423;63
4424;78
4425;25
4426;54
4427;65
4428;76
4429;60
4430;56
4431;75
4432;52
4433;63
4434;76
4435;52
4436;77
4437;53
4438;38
4439;17
4440;11
4441;36
4442;58
4443;45
4444;47
4445;63
4446;79
4447;62
4448;50
4449;75
4450;50
4451;22
4452;56
4453;22
4454;82
4455;34
4456;41
4457;18
4458;4
4459;7
4460;88
4461;80
4462;71
4463;68
4464;52
4465;50
4466;87
4467;58
4468;53
4469;69
4470;53
4471;62
4472;69
4473;58
4474;28
4475;49
4476;35
4477;4
4478;15
4479;85
4480;67
4481;56
4482;57
4483;54
4484;37
4485;17
4486;8
4487;60
4488;52
4489;19
4490;28
4491;24
4492;58
4493;45
4494;50
4495;60
4496;47
4497;31
4498;46
4499;6
4500;58
4501;51
4502;19
4503;35
4504;9
4505;1
4506;73
4507;52
4508;61
4509;74
4510;56
4511;33
4512;27
4513;3
4514;2
4515;16
4516;69
4517;77
4518;39
4519;37
4520;18
4521;15
4522;55
4523;45
4524;53
4525;51
4526;93
4527;53
4528;92
4529;52
4530;27
4531;27
4532;17
4533;22
4534;13
4535;43
4536;25
4537;0
4538;8
4539;75
4540;34
4541;64
4542;64
4543;72
4544;81
4545;56
4546;24
4547;55
4548;55
4549;89
4550;66
4551;36
4552;53
4553;54
4554;87
4555;56
4556;58
4557;57
4558;52
4559;19
4560;66
4561;55
4562;40
4563;61
4564;18
4565;7
4566;31
4567;56
4568;13
4569;18
4570;32
4571;46
4572;18
4573;14
4574;45
4575;38
4576;15
4577;14
4578;12
4579;61
4580;63
4581;10
4582;6
4583;11
4584;56
4585;37
4586;32
4587;64
4588;56
4589;37
4590;51
4591;88
4592;29
4593;11
4594;15
4595;57
4596;85
4597;57
4598;50
4599;61
4600;19
4601;23
4602;82
4603;25
4604;23
4605;42
4606;68
4607;56
4608;44
4609;25
4610;77
4611;41
4612;53
4613;72
4614;22
4615;41
4616;12
4617;41
4618;55
4619;55
4620;74
4621;30
4622;45
4623;62
4624;95
4625;48
4626;38
4627;62
4628;85
4629;28
4630;37
4631;1
4632;13
4633;49
4634;41
4635;10
4636;16
4637;20
4638;84
4639;24
4640;60
4641;64
4642;45
4643;83
4644;72
4645;48
4646;51
4647;82
4648;67
4649;57
4650;64
4651;62
4652;9
4653;6
4654;70
4655;57
4656;57
4657;27
4658;22
4659;5
4660;4
4661;5
4662;73
4663;66
4664;60
4665;40
4666;90
4667;21
4668;66
4669;30
4670;59
4671;41
4672;16
4673;8
4674;22
4675;74
4676;82
4677;51
4678;58
4679;51
4680;52
4681;6
4682;56
4683;48
4684;67
4685;48
4686;48
4687;26
4688;46
4689;39
4690;9
4691;7
4692;62
4693;39
4694;58
4695;68
4696;46
4697;45
4698;14
4699;9
4700;63
4701;33
4702;67
4703;61
4704;22
4705;48
4706;54
4707;86
4708;22
4709;61
4710;46
4711;63
4712;74
4713;73
4714;52
4715;53
4716;61
4717;46
4718;69
4719;36
4720;51
4721;15
4722;46
4723;52
4724;48
4725;58
4726;29
4727;7
4728;14
4729;10
4730;51
4731;66
4732;33
4733;88
4734;68
4735;58
4736;30
4737;10
4738;51
4739;57
4740;27
4741;40
4742;6
4743;14
4744;29
4745;22
4746;67
4747;80
4748;64
4749;67
4750;23
4751;57
4752;54
4753;61
4754;58
4755;45
4756;14
4757;16
4758;82
4759;53
4760;73
4761;86
4762;38
4763;55
4764;95
4765;39
4766;53
4767;71
4768;91
4769;24
4770;24
4771;0
4772;8
4773;18
4774;54
4775;66
4776;72
4777;77
4778;63
4779;41
4780;40
4781;13
4782;37
4783;35
4784;28
4785;18
4786;8
4787;82
4788;55
4789;67
4790;48
4791;74
4792;76
4793;25
4794;39
4795;40
4796;6
4797;40
4798;46
4799;69
4800;50
4801;83
4802;37
4803;18
4804;13
4805;69
4806;75
4807;75
4808;54
4809;62
4810;65
4811;55
4812;52
4813;46
4814;63
4815;16
4816;12
4817;8
4818;56
4819;41
4820;57
4821;43
4822;37
4823;15
4824;8
