1;58
2;90
3;33
4;65
5;25
6;23
7;1
8;4
9;53
10;43
11;13
12;10
13;84
14;70
15;72
16;28
17;38
18;18
19;0
20;0
21;61
22;37
23;52
24;36
25;10
26;9
27;72
28;94
29;63
30;27
31;6
32;15
33;7
34;21
35;58
36;69
37;64
38;50
39;53
40;65
41;23
42;23
43;21
44;36
45;25
46;19
47;41
48;41
49;13
50;1
51;43
52;23
53;24
54;25
55;19
56;24
57;55
58;23
59;79
60;50
61;61
62;57
63;83
64;37
65;76
66;85
67;33
68;63
69;39
70;29
71;5
72;41
73;52
74;10
75;18
76;36
77;39
78;1
79;1
80;38
81;86
82;42
83;37
84;38
85;14
86;43
87;41
88;17
89;2
90;70
91;22
92;38
93;44
94;12
95;13
96;46
97;39
98;15
99;13
100;40
101;52
102;82
103;56
104;47
105;34
106;37
107;0
108;1
109;6
110;64
111;59
112;15
113;18
114;12
115;13
116;24
117;29
118;12
119;0
120;61
121;34
122;18
123;7
124;12
125;52
126;47
127;53
128;69
129;38
130;38
131;33
132;49
133;18
134;5
135;66
136;22
137;21
138;67
139;64
140;52
141;49
142;64
143;18
144;7
145;86
146;51
147;59
148;44
149;92
150;59
151;77
152;66
153;57
154;26
155;72
156;82
157;43
158;46
159;13
160;14
161;80
162;71
163;70
164;60
165;49
166;37
167;17
168;7
169;73
170;57
171;59
172;38
173;20
174;1
175;3
176;41
177;56
178;10
179;8
180;15
181;18
182;59
183;75
184;28
185;6
186;17
187;30
188;65
189;21
190;35
191;6
192;2
193;14
194;86
195;58
196;42
197;59
198;54
199;83
200;30
201;43
202;2
203;12
204;12
205;73
206;66
207;47
208;35
209;5
210;5
211;76
212;64
213;32
214;58
215;11
216;13
217;62
218;36
219;45
220;22
221;4
222;33
223;39
224;4
225;9
226;47
227;40
228;10
229;9
230;12
231;50
232;32
233;17
234;6
235;24
236;43
237;36
238;6
239;9
240;15
241;22
242;54
243;81
244;46
245;37
246;47
247;12
248;7
249;46
250;63
251;12
252;7
253;28
254;49
255;18
256;6
257;55
258;90
259;85
260;87
261;81
262;73
263;60
264;25
265;43
266;3
267;3
268;35
269;61
270;58
271;21
272;41
273;47
274;23
275;36
276;27
277;49
278;11
279;29
280;31
281;41
282;17
283;5
284;57
285;73
286;70
287;38
288;86
289;53
290;55
291;41
292;10
293;9
294;9
295;82
296;67
297;44
298;50
299;46
300;27
301;41
302;37
303;44
304;14
305;14
306;53
307;38
308;68
309;32
310;46
311;16
312;16
313;43
314;62
315;9
316;16
317;10
318;7
319;19
320;50
321;62
322;70
323;72
324;20
325;20
326;72
327;58
328;31
329;38
330;3
331;0
332;55
333;31
334;45
335;17
336;5
337;58
338;54
339;62
340;49
341;33
342;59
343;45
344;63
345;73
346;73
347;58
348;74
349;24
350;37
351;62
352;79
353;64
354;66
355;77
356;60
357;33
358;7
359;50
360;62
361;12
362;6
363;47
364;29
365;1
366;18
367;66
368;70
369;57
370;65
371;71
372;25
373;69
374;35
375;27
376;4
377;92
378;45
379;44
380;37
381;1
382;17
383;24
384;58
385;75
386;72
387;25
388;34
389;52
390;8
391;16
392;11
393;12
394;29
395;38
396;29
397;13
398;31
399;18
400;18
401;57
402;55
403;57
404;58
405;43
406;56
407;86
408;22
409;24
410;29
411;50
412;14
413;13
414;12
415;22
416;55
417;29
418;50
419;82
420;74
421;69
422;48
423;26
424;18
425;14
426;46
427;60
428;42
429;66
430;55
431;50
432;28
433;43
434;62
435;13
436;9
437;37
438;39
439;18
440;18
441;92
442;73
443;51
444;66
445;44
446;38
447;5
448;18
449;16
450;44
451;54
452;7
453;9
454;70
455;67
456;63
457;66
458;56
459;40
460;17
461;6
462;68
463;68
464;63
465;53
466;24
467;74
468;86
469;53
470;69
471;75
472;35
473;52
474;24
475;67
476;35
477;59
478;13
479;18
480;78
481;62
482;19
483;77
484;38
485;44
486;3
487;11
488;7
489;7
490;4
491;67
492;19
493;41
494;0
495;17
496;30
497;47
498;13
499;18
500;50
501;6
502;54
503;65
504;61
505;49
506;30
507;22
508;58
509;53
510;16
511;63
512;62
513;7
514;9
515;18
516;13
517;23
518;70
519;56
520;69
521;40
522;35
523;17
524;16
525;26
526;35
527;67
528;29
529;65
530;65
531;54
532;35
533;42
534;4
535;4
536;11
537;53
538;81
539;29
540;45
541;31
542;10
543;11
544;41
545;58
546;45
547;13
548;13
549;14
550;43
551;38
552;13
553;16
554;7
555;45
556;63
557;9
558;56
559;52
560;30
561;35
562;4
563;5
564;5
565;52
566;55
567;10
568;17
569;39
570;42
571;6
572;5
573;18
574;18
575;45
576;38
577;18
578;6
579;33
580;47
581;44
582;87
583;49
584;52
585;44
586;38
587;5
588;1
589;4
590;67
591;63
592;20
593;36
594;23
595;58
596;64
597;43
598;57
599;65
600;66
601;21
602;47
603;19
604;22
605;36
606;41
607;6
608;15
609;20
610;63
611;78
612;86
613;35
614;60
615;47
616;17
617;14
618;7
619;40
620;59
621;15
622;7
623;53
624;11
625;39
626;62
627;30
628;60
629;62
630;36
631;27
632;47
633;14
634;0
635;68
636;20
637;61
638;69
639;31
640;90
641;81
642;47
643;26
644;19
645;36
646;79
647;44
648;27
649;1
650;3
651;29
652;21
653;2
654;18
655;5
656;5
657;49
658;50
659;17
660;14
661;27
662;53
663;58
664;53
665;39
666;24
667;19
668;67
669;90
670;61
671;59
672;44
673;10
674;14
675;35
676;25
677;4
678;13
679;44
680;0
681;4
682;55
683;46
684;22
685;40
686;59
687;30
688;30
689;3
690;18
691;54
692;60
693;47
694;56
695;65
696;67
697;19
698;24
699;52
700;30
701;36
702;8
703;10
704;27
705;21
706;42
707;42
708;69
709;56
710;89
711;51
712;47
713;79
714;94
715;37
716;39
717;18
718;2
719;85
720;38
721;53
722;39
723;38
724;5
725;0
726;60
727;41
728;7
729;40
730;64
731;29
732;48
733;11
734;9
735;6
736;94
737;90
738;46
739;39
740;18
741;6
742;53
743;72
744;51
745;24
746;21
747;19
748;45
749;58
750;55
751;57
752;64
753;48
754;27
755;66
756;21
757;56
758;73
759;54
760;81
761;47
762;48
763;16
764;58
765;38
766;14
767;9
768;42
769;42
770;16
771;10
772;13
773;54
774;24
775;60
776;70
777;33
778;20
779;36
780;39
781;13
782;8
783;79
784;82
785;67
786;64
787;58
788;18
789;71
790;75
791;49
792;40
793;1
794;4
795;81
796;87
797;35
798;73
799;64
800;40
801;54
802;16
803;8
804;28
805;42
806;60
807;78
808;47
809;83
810;28
811;54
812;60
813;87
814;59
815;83
816;41
817;30
818;7
819;50
820;30
821;10
822;10
823;10
824;54
825;62
826;61
827;67
828;30
829;37
830;3
831;6
832;54
833;53
834;52
835;66
836;59
837;19
838;29
839;22
840;4
841;2
842;6
843;7
844;48
845;51
846;8
847;6
848;28
849;65
850;60
851;41
852;17
853;55
854;33
855;36
856;4
857;5
858;1
859;62
860;52
861;56
862;24
863;65
864;70
865;79
866;63
867;53
868;60
869;69
870;50
871;85
872;58
873;60
874;54
875;56
876;68
877;63
878;70
879;28
880;54
881;42
882;27
883;15
884;11
885;10
886;48
887;45
888;0
889;18
890;53
891;41
892;36
893;6
894;52
895;40
896;56
897;70
898;82
899;65
900;28
901;49
902;4
903;63
904;23
905;25
906;5
907;17
908;82
909;56
910;30
911;30
912;8
913;3
914;1
915;61
916;36
917;31
918;12
919;4
920;52
921;58
922;58
923;27
924;26
925;1
926;4
927;14
928;47
929;49
930;15
931;9
932;56
933;59
934;49
935;59
936;57
937;44
938;30
939;1
940;11
941;53
942;27
943;7
944;18
945;52
946;19
947;54
948;76
949;59
950;37
951;55
952;15
953;15
954;53
955;67
956;36
957;44
958;12
959;10
960;47
961;39
962;49
963;28
964;7
965;7
966;34
967;22
968;10
969;17
970;63
971;12
972;15
973;75
974;74
975;53
976;30
977;17
978;60
979;72
980;79
981;81
982;37
983;33
984;9
985;65
986;56
987;40
988;76
989;24
990;68
991;71
992;66
993;40
994;70
995;82
996;60
997;29
998;19
999;59
1000;64
1001;60
1002;28
1003;48
1004;14
1005;45
1006;60
1007;7
1008;9
1009;66
1010;63
1011;65
1012;27
1013;63
1014;85
1015;53
1016;36
1017;41
1018;3
1019;39
1020;47
1021;51
1022;65
1023;74
1024;60
1025;34
1026;53
1027;38
1028;27
1029;18
1030;12
1031;37
1032;45
1033;4
1034;4
1035;2
1036;49
1037;53
1038;17
1039;15
1040;38
1041;17
1042;33
1043;3
1044;9
1045;60
1046;58
1047;42
1048;73
1049;79
1050;54
1051;69
1052;37
1053;54
1054;16
1055;18
1056;8
1057;39
1058;39
1059;31
1060;20
1061;15
1062;2
1063;51
1064;79
1065;72
1066;38
1067;20
1068;25
1069;58
1070;10
1071;72
1072;30
1073;60
1074;40
1075;30
1076;15
1077;17
1078;42
1079;28
1080;41
1081;18
1082;33
1083;57
1084;54
1085;54
1086;20
1087;54
1088;38
1089;17
1090;14
1091;84
1092;79
1093;40
1094;71
1095;90
1096;24
1097;40
1098;46
1099;9
1100;4
1101;45
1102;33
1103;3
1104;15
1105;42
1106;31
1107;10
1108;34
1109;35
1110;33
1111;5
1112;0
1113;42
1114;37
1115;9
1116;10
1117;14
1118;31
1119;30
1120;19
1121;66
1122;78
1123;85
1124;33
1125;42
1126;41
1127;37
1128;14
1129;12
1130;59
1131;49
1132;15
1133;14
1134;62
1135;52
1136;8
1137;42
1138;50
1139;32
1140;45
1141;8
1142;7
1143;17
1144;47
1145;47
1146;6
1147;13
1148;24
1149;70
1150;66
1151;39
1152;12
1153;55
1154;17
1155;19
1156;57
1157;72
1158;57
1159;42
1160;15
1161;91
1162;42
1163;42
1164;15
1165;14
1166;44
1167;56
1168;13
1169;18
1170;10
1171;39
1172;31
1173;64
1174;55
1175;6
1176;6
1177;69
1178;72
1179;82
1180;37
1181;31
1182;2
1183;83
1184;40
1185;59
1186;47
1187;18
1188;14
1189;29
1190;55
1191;14
1192;57
1193;52
1194;91
1195;70
1196;78
1197;56
1198;28
1199;45
1200;5
1201;5
1202;60
1203;38
1204;53
1205;10
1206;18
1207;7
1208;38
1209;31
1210;1
1211;16
1212;46
1213;34
1214;9
1215;7
1216;25
1217;68
1218;53
1219;47
1220;87
1221;77
1222;62
1223;85
1224;62
1225;32
1226;18
1227;11
1228;15
1229;57
1230;56
1231;45
1232;40
1233;29
1234;5
1235;2
1236;42
1237;59
1238;38
1239;30
1240;57
1241;78
1242;53
1243;50
1244;71
1245;49
1246;35
1247;3
1248;1
1249;31
1250;55
1251;10
1252;15
1253;54
1254;76
1255;47
1256;36
1257;1
1258;5
1259;59
1260;79
1261;64
1262;43
1263;13
1264;10
1265;94
1266;98
1267;79
1268;72
1269;25
1270;33
1271;1
1272;0
1273;69
1274;54
1275;48
1276;34
1277;17
1278;12
1279;7
1280;12
1281;85
1282;71
1283;75
1284;68
1285;84
1286;77
1287;51
1288;67
1289;20
1290;39
1291;44
1292;16
1293;9
1294;12
1295;15
1296;59
1297;57
1298;57
1299;20
1300;67
1301;72
1302;73
1303;68
1304;25
1305;39
1306;47
1307;32
1308;9
1309;9
1310;5
1311;4
1312;101
1313;57
1314;34
1315;11
1316;13
1317;41
1318;57
1319;57
1320;65
1321;42
1322;55
1323;9
1324;13
1325;37
1326;53
1327;37
1328;15
1329;16
1330;23
1331;82
1332;61
1333;20
1334;23
1335;22
1336;50
1337;72
1338;43
1339;40
1340;5
1341;4
1342;5
1343;55
1344;61
1345;34
1346;43
1347;28
1348;4
1349;22
1350;34
1351;56
1352;60
1353;64
1354;27
1355;22
1356;45
1357;18
1358;4
1359;30
1360;43
1361;10
1362;83
1363;76
1364;65
1365;59
1366;41
1367;15
1368;18
1369;6
1370;93
1371;65
1372;51
1373;70
1374;86
1375;25
1376;34
1377;59
1378;12
1379;14
1380;55
1381;21
1382;81
1383;55
1384;31
1385;34
1386;6
1387;29
1388;25
1389;2
1390;16
1391;4
1392;0
1393;16
1394;4
1395;54
1396;23
1397;83
1398;82
1399;61
1400;28
1401;33
1402;2
1403;2
1404;17
1405;37
1406;36
1407;49
1408;25
1409;49
1410;68
1411;63
1412;72
1413;64
1414;52
1415;53
1416;57
1417;39
1418;29
1419;62
1420;31
1421;90
1422;50
1423;50
1424;46
1425;16
1426;6
1427;65
1428;46
1429;65
1430;75
1431;83
1432;37
1433;21
1434;63
1435;56
1436;56
1437;19
1438;39
1439;75
1440;61
1441;78
1442;85
1443;59
1444;67
1445;66
1446;49
1447;36
1448;15
1449;38
1450;38
1451;6
1452;8
1453;74
1454;22
1455;78
1456;37
1457;30
1458;18
1459;16
1460;0
1461;46
1462;62
1463;13
1464;18
1465;66
1466;66
1467;64
1468;20
1469;76
1470;75
1471;55
1472;62
1473;64
1474;60
1475;59
1476;78
1477;56
1478;24
1479;48
1480;55
1481;17
1482;13
1483;11
1484;50
1485;50
1486;57
1487;29
1488;13
1489;10
1490;38
1491;29
1492;10
1493;17
1494;20
1495;40
1496;11
1497;65
1498;58
1499;65
1500;56
1501;55
1502;60
1503;32
1504;7
1505;6
1506;6
1507;70
1508;57
1509;81
1510;86
1511;55
1512;31
1513;19
1514;51
1515;48
1516;42
1517;55
1518;8
1519;7
1520;9
1521;50
1522;64
1523;74
1524;60
1525;51
1526;57
1527;37
1528;48
1529;2
1530;4
1531;79
1532;51
1533;51
1534;38
1535;69
1536;70
1537;35
1538;44
1539;6
1540;7
1541;70
1542;72
1543;57
1544;66
1545;51
1546;52
1547;62
1548;29
1549;50
1550;68
1551;20
1552;64
1553;77
1554;21
1555;80
1556;27
1557;58
1558;33
1559;38
1560;2
1561;35
1562;47
1563;49
1564;81
1565;49
1566;75
1567;57
1568;23
1569;20
1570;52
1571;48
1572;6
1573;15
1574;9
1575;13
1576;36
1577;87
1578;67
1579;64
1580;48
1581;42
1582;54
1583;37
1584;54
1585;49
1586;65
1587;19
1588;63
1589;52
1590;16
1591;12
1592;34
1593;59
1594;7
1595;9
1596;60
1597;24
1598;29
1599;41
1600;5
1601;9
1602;50
1603;26
1604;63
1605;76
1606;49
1607;48
1608;0
1609;0
1610;85
1611;72
1612;74
1613;56
1614;52
1615;57
1616;9
1617;66
1618;53
1619;51
1620;59
1621;73
1622;83
1623;62
1624;54
1625;57
1626;26
1627;69
1628;23
1629;38
1630;18
1631;5
1632;71
1633;81
1634;68
1635;75
1636;57
1637;59
1638;61
1639;78
1640;47
1641;65
1642;86
1643;56
1644;38
1645;72
1646;36
1647;25
1648;18
1649;5
1650;1
1651;40
1652;28
1653;18
1654;2
1655;57
1656;56
1657;38
1658;61
1659;11
1660;17
1661;21
1662;67
1663;79
1664;66
1665;40
1666;26
1667;1
1668;14
1669;12
1670;60
1671;64
1672;49
1673;27
1674;28
1675;1
1676;2
1677;10
1678;65
1679;20
1680;34
1681;3
1682;18
1683;25
1684;23
1685;70
1686;55
1687;45
1688;68
1689;70
1690;34
1691;41
1692;38
1693;14
1694;13
1695;17
1696;32
1697;46
1698;11
1699;55
1700;18
1701;11
1702;41
1703;9
1704;83
1705;37
1706;69
1707;80
1708;57
1709;55
1710;48
1711;35
1712;7
1713;10
1714;8
1715;39
1716;69
1717;62
1718;29
1719;31
1720;15
1721;67
1722;30
1723;36
1724;48
1725;47
1726;3
1727;3
1728;4
1729;62
1730;62
1731;11
1732;9
1733;75
1734;53
1735;88
1736;33
1737;13
1738;4
1739;1
1740;64
1741;56
1742;35
1743;44
1744;13
1745;8
1746;20
1747;23
1748;31
1749;61
1750;15
1751;16
1752;23
1753;32
1754;17
1755;12
1756;3
1757;12
1758;3
1759;20
1760;45
1761;21
1762;22
1763;58
1764;56
1765;82
1766;29
1767;30
1768;14
1769;18
1770;38
1771;62
1772;7
1773;13
1774;53
1775;40
1776;13
1777;13
1778;12
1779;20
1780;33
1781;37
1782;29
1783;22
1784;54
1785;57
1786;24
1787;71
1788;38
1789;47
1790;42
1791;54
1792;43
1793;43
1794;14
1795;0
1796;81
1797;60
1798;91
1799;44
1800;37
1801;12
1802;83
1803;70
1804;55
1805;52
1806;60
1807;28
1808;72
1809;68
1810;39
1811;56
1812;8
1813;15
1814;18
1815;65
1816;66
1817;70
1818;52
1819;44
1820;24
1821;20
1822;91
1823;37
1824;47
1825;76
1826;48
1827;53
1828;29
1829;18
1830;25
1831;41
1832;21
1833;69
1834;56
1835;58
1836;20
1837;66
1838;57
1839;62
1840;9
1841;15
1842;6
1843;51
1844;29
1845;73
1846;24
1847;34
1848;53
1849;18
1850;9
1851;27
1852;15
1853;19
1854;86
1855;38
1856;39
1857;36
1858;8
1859;10
1860;3
1861;53
1862;19
1863;38
1864;4
1865;4
1866;20
1867;72
1868;56
1869;41
1870;15
1871;17
1872;54
1873;72
1874;55
1875;52
1876;67
1877;47
1878;26
1879;22
1880;28
1881;37
1882;70
1883;55
1884;74
1885;56
1886;19
1887;1
1888;5
1889;34
1890;27
1891;2
1892;6
1893;4
1894;71
1895;29
1896;62
1897;9
1898;7
1899;22
1900;20
1901;0
1902;54
1903;64
1904;55
1905;61
1906;34
1907;36
1908;1
1909;14
1910;27
1911;28
1912;15
1913;65
1914;88
1915;25
1916;71
1917;48
1918;55
1919;61
1920;74
1921;73
1922;57
1923;40
1924;52
1925;18
1926;55
1927;55
1928;79
1929;37
1930;35
1931;43
1932;7
1933;9
1934;8
1935;20
1936;75
1937;55
1938;54
1939;7
1940;7
1941;45
1942;49
1943;11
1944;14
1945;75
1946;67
1947;77
1948;55
1949;73
1950;73
1951;70
1952;58
1953;60
1954;45
1955;66
1956;35
1957;54
1958;65
1959;21
1960;81
1961;19
1962;58
1963;23
1964;24
1965;77
1966;47
1967;34
1968;3
1969;1
1970;1
1971;18
1972;52
1973;54
1974;34
1975;30
1976;5
1977;0
1978;22
1979;68
1980;43
1981;44
1982;67
1983;61
1984;73
1985;60
1986;44
1987;17
1988;55
1989;58
1990;7
1991;16
1992;24
1993;26
1994;2
1995;3
1996;61
1997;21
1998;49
1999;48
2000;16
2001;15
2002;44
2003;71
2004;79
2005;36
2006;43
2007;67
2008;77
2009;46
2010;97
2011;78
2012;64
2013;65
2014;52
2015;56
2016;33
2017;55
2018;6
2019;13
2020;38
2021;39
2022;18
2023;17
2024;49
2025;54
2026;86
2027;62
2028;53
2029;62
2030;53
2031;44
2032;56
2033;51
2034;57
2035;86
2036;88
2037;93
2038;67
2039;63
2040;46
2041;8
2042;38
2043;51
2044;9
2045;14
2046;7
2047;19
2048;69
2049;70
2050;46
2051;38
2052;53
2053;73
2054;74
2055;66
2056;46
2057;63
2058;37
2059;47
2060;13
2061;14
2062;27
2063;65
2064;19
2065;64
2066;56
2067;79
2068;63
2069;36
2070;63
2071;30
2072;33
2073;17
2074;10
2075;16
2076;76
2077;72
2078;39
2079;44
2080;49
2081;12
2082;7
2083;4
2084;29
2085;59
2086;17
2087;13
2088;78
2089;66
2090;37
2091;2
2092;48
2093;73
2094;70
2095;65
2096;46
2097;61
2098;38
2099;49
2100;1
2101;1
2102;57
2103;56
2104;42
2105;38
2106;8
2107;7
2108;39
2109;63
2110;60
2111;55
2112;13
2113;60
2114;78
2115;42
2116;42
2117;3
2118;1
2119;14
2120;20
2121;55
2122;67
2123;44
2124;78
2125;72
2126;54
2127;20
2128;24
2129;77
2130;58
2131;56
2132;59
2133;63
2134;39
2135;74
2136;76
2137;56
2138;63
2139;66
2140;54
2141;32
2142;43
2143;9
2144;12
2145;45
2146;11
2147;44
2148;82
2149;23
2150;92
2151;54
2152;22
2153;66
2154;87
2155;65
2156;61
2157;72
2158;78
2159;23
2160;37
2161;30
2162;11
2163;14
2164;53
2165;49
2166;73
2167;36
2168;98
2169;35
2170;37
2171;40
2172;60
2173;70
2174;28
2175;41
2176;7
2177;7
2178;49
2179;49
2180;10
2181;9
2182;47
2183;45
2184;7
2185;55
2186;20
2187;27
2188;1
2189;46
2190;60
2191;22
2192;36
2193;87
2194;28
2195;32
2196;79
2197;61
2198;20
2199;65
2200;38
2201;35
2202;15
2203;40
2204;43
2205;18
2206;16
2207;51
2208;63
2209;53
2210;72
2211;42
2212;42
2213;12
2214;15
2215;21
2216;89
2217;50
2218;11
2219;61
2220;82
2221;61
2222;58
2223;94
2224;61
2225;43
2226;7
2227;15
2228;71
2229;68
2230;31
2231;82
2232;22
2233;33
2234;35
2235;7
2236;15
2237;9
2238;71
2239;73
2240;23
2241;66
2242;65
2243;80
2244;26
2245;8
2246;60
2247;81
2248;67
2249;67
2250;67
2251;27
2252;74
2253;47
2254;63
2255;47
2256;41
2257;33
2258;8
2259;52
2260;38
2261;42
2262;4
2263;5
2264;92
2265;24
2266;23
2267;23
2268;56
2269;50
2270;45
2271;86
2272;62
2273;87
2274;77
2275;21
2276;52
2277;85
2278;51
2279;88
2280;67
2281;38
2282;56
2283;56
2284;86
2285;53
2286;49
2287;56
2288;43
2289;62
2290;46
2291;55
2292;91
2293;43
2294;65
2295;39
2296;56
2297;42
2298;9
2299;31
2300;30
2301;18
2302;9
2303;9
2304;31
2305;72
2306;50
2307;54
2308;31
2309;48
2310;29
2311;0
2312;2
2313;0
2314;83
2315;65
2316;62
2317;52
2318;68
2319;72
2320;59
2321;78
2322;30
2323;7
2324;6
2325;49
2326;58
2327;16
2328;17
2329;17
2330;26
2331;78
2332;83
2333;65
2334;58
2335;47
2336;55
2337;49
2338;90
2339;83
2340;49
2341;69
2342;73
2343;64
2344;24
2345;73
2346;67
2347;32
2348;35
2349;9
2350;11
2351;50
2352;62
2353;40
2354;59
2355;30
2356;37
2357;10
2358;39
2359;28
2360;17
2361;17
2362;32
2363;26
2364;1
2365;27
2366;63
2367;90
2368;54
2369;61
2370;70
2371;56
2372;37
2373;52
2374;30
2375;78
2376;53
2377;54
2378;56
2379;47
2380;64
2381;58
2382;13
2383;10
2384;41
2385;40
2386;0
2387;1
2388;39
2389;26
2390;18
2391;12
2392;9
2393;42
2394;61
2395;13
2396;23
2397;24
2398;18
2399;11
2400;92
2401;77
2402;76
2403;31
2404;57
2405;71
2406;43
2407;34
2408;38
2409;11
2410;13
2411;66
2412;60
2413;74
2414;38
2415;52
2416;30
2417;25
2418;70
2419;59
2420;41
2421;35
2422;14
2423;10
2424;6
2425;72
2426;76
2427;63
2428;44
2429;44
2430;7
2431;6
2432;60
2433;75
2434;40
2435;32
2436;13
2437;15
2438;42
2439;47
2440;16
2441;10
2442;28
2443;79
2444;70
2445;36
2446;86
2447;71
2448;50
2449;29
2450;39
2451;15
2452;9
2453;67
2454;61
2455;23
2456;23
2457;58
2458;57
2459;33
2460;7
2461;93
2462;52
2463;53
2464;60
2465;26
2466;64
2467;65
2468;66
2469;65
2470;70
2471;63
2472;69
2473;55
2474;27
2475;47
2476;61
2477;66
2478;31
2479;59
2480;43
2481;73
2482;68
2483;60
2484;63
2485;68
2486;56
2487;83
2488;39
2489;31
2490;35
2491;56
2492;53
2493;56
2494;67
2495;73
2496;59
2497;31
2498;15
2499;12
2500;7
2501;64
2502;68
2503;81
2504;27
2505;77
2506;85
2507;38
2508;64
2509;62
2510;67
2511;78
2512;32
2513;43
2514;15
2515;12
2516;71
2517;69
2518;29
2519;42
2520;5
2521;67
2522;23
2523;70
2524;51
2525;65
2526;63
2527;54
2528;38
2529;74
2530;62
2531;63
2532;9
2533;10
2534;30
2535;55
2536;53
2537;22
2538;30
2539;27
2540;4
2541;14
2542;56
2543;74
2544;65
2545;58
2546;65
2547;37
2548;26
2549;16
2550;18
2551;10
2552;64
2553;19
2554;53
2555;20
2556;64
2557;58
2558;12
2559;6
2560;6
2561;57
2562;69
2563;45
2564;37
2565;6
2566;4
2567;55
2568;59
2569;15
2570;13
2571;49
2572;7
2573;8
2574;38
2575;41
2576;6
2577;7
2578;7
2579;58
2580;13
2581;69
2582;48
2583;59
2584;37
2585;15
2586;61
2587;66
2588;58
2589;50
2590;17
2591;8
2592;54
2593;79
2594;65
2595;76
2596;58
2597;6
2598;15
2599;58
2600;37
2601;44
2602;16
2603;70
2604;68
2605;81
2606;65
2607;70
2608;68
2609;94
2610;72
2611;44
2612;47
2613;16
2614;37
2615;39
2616;6
2617;36
2618;35
2619;4
2620;3
2621;65
2622;60
2623;68
2624;70
2625;66
2626;78
2627;31
2628;65
2629;64
2630;32
2631;39
2632;9
2633;11
2634;54
2635;24
2636;34
2637;0
2638;3
2639;80
2640;20
2641;54
2642;67
2643;39
2644;74
2645;51
2646;20
2647;20
2648;77
2649;48
2650;75
2651;77
2652;62
2653;58
2654;28
2655;25
2656;94
2657;57
2658;25
2659;40
2660;60
2661;27
2662;39
2663;74
2664;50
2665;27
2666;6
2667;62
2668;55
2669;85
2670;34
2671;29
2672;25
2673;31
2674;60
2675;65
2676;80
2677;42
2678;56
2679;19
2680;30
2681;17
2682;10
2683;18
2684;20
2685;66
2686;50
2687;27
2688;34
2689;4
2690;5
2691;79
2692;60
2693;64
2694;13
2695;7
2696;79
2697;72
2698;52
2699;59
2700;61
2701;45
2702;69
2703;31
2704;62
2705;55
2706;17
2707;12
2708;63
2709;64
2710;26
2711;56
2712;15
2713;9
2714;60
2715;62
2716;65
2717;38
2718;61
2719;69
2720;61
2721;34
2722;49
2723;10
2724;13
2725;63
2726;81
2727;76
2728;52
2729;60
2730;30
2731;27
2732;80
2733;69
2734;72
2735;88
2736;29
2737;66
2738;56
2739;43
2740;38
2741;18
2742;64
2743;53
2744;73
2745;49
2746;11
2747;44
2748;75
2749;59
2750;50
2751;78
2752;52
2753;88
2754;51
2755;80
2756;38
2757;62
2758;10
2759;15
2760;22
2761;20
2762;55
2763;41
2764;33
2765;3
2766;15
2767;25
2768;21
2769;48
2770;24
2771;29
2772;38
2773;44
2774;62
2775;17
2776;8
2777;59
2778;69
2779;43
2780;96
2781;61
2782;48
2783;12
2784;12
2785;45
2786;42
2787;56
2788;14
2789;11
2790;8
2791;38
2792;74
2793;60
2794;39
2795;23
2796;87
2797;57
2798;63
2799;83
2800;61
2801;21
2802;56
2803;63
2804;21
2805;73
2806;54
2807;37
2808;63
2809;11
2810;17
2811;69
2812;36
2813;71
2814;58
2815;30
2816;18
2817;8
2818;48
2819;11
2820;15
2821;65
2822;63
2823;56
2824;30
2825;52
2826;57
2827;34
2828;52
2829;15
2830;7
2831;43
2832;58
2833;40
2834;55
2835;10
2836;12
2837;84
2838;52
2839;35
2840;50
2841;61
2842;17
2843;18
2844;54
2845;44
2846;55
2847;14
2848;70
2849;69
2850;64
2851;52
2852;34
2853;52
2854;30
2855;24
2856;50
2857;53
2858;36
2859;68
2860;31
2861;37
2862;16
2863;24
2864;72
2865;43
2866;63
2867;53
2868;25
2869;47
2870;21
2871;24
2872;33
2873;51
2874;42
2875;44
2876;15
2877;16
2878;77
2879;53
2880;43
2881;84
2882;38
2883;89
2884;37
2885;46
2886;0
2887;4
2888;12
2889;55
2890;27
2891;57
2892;65
2893;79
2894;63
2895;91
2896;50
2897;54
2898;55
2899;44
2900;15
2901;14
2902;29
2903;45
2904;52
2905;66
2906;53
2907;66
2908;39
2909;54
2910;13
2911;13
2912;36
2913;40
2914;5
2915;75
2916;49
2917;69
2918;41
2919;29
2920;66
2921;29
2922;44
2923;54
2924;65
2925;84
2926;44
2927;34
2928;0
2929;40
2930;58
2931;52
2932;16
2933;9
2934;7
2935;25
2936;72
2937;19
2938;70
2939;49
2940;49
2941;69
2942;41
2943;21
2944;53
2945;73
2946;27
2947;60
2948;15
2949;12
2950;18
2951;78
2952;22
2953;86
2954;85
2955;79
2956;75
2957;81
2958;74
2959;76
2960;67
2961;75
2962;68
2963;75
2964;85
2965;79
2966;88
2967;23
2968;62
2969;57
2970;40
2971;63
2972;13
2973;8
2974;73
2975;87
2976;54
2977;43
2978;32
2979;13
2980;17
2981;43
2982;13
2983;25
2984;71
2985;29
2986;47
2987;8
2988;18
2989;14
2990;28
2991;76
2992;59
2993;68
2994;59
2995;57
2996;28
2997;12
2998;8
2999;46
3000;20
3001;3
3002;36
3003;29
3004;13
3005;11
3006;83
3007;25
3008;43
3009;3
3010;44
3011;44
3012;2
3013;73
3014;20
3015;56
3016;54
3017;35
3018;58
3019;18
3020;12
3021;63
3022;58
3023;64
3024;74
3025;41
3026;29
3027;16
3028;5
3029;90
3030;58
3031;52
3032;40
3033;41
3034;14
3035;18
3036;70
3037;71
3038;40
3039;31
3040;13
3041;64
3042;51
3043;32
3044;35
3045;10
3046;9
3047;62
3048;35
3049;37
3050;4
3051;0
3052;10
3053;5
3054;31
3055;29
3056;23
3057;49
3058;75
3059;65
3060;66
3061;52
3062;52
3063;55
3064;84
3065;59
3066;72
3067;66
3068;44
3069;28
3070;7
3071;17
3072;15
3073;50
3074;58
3075;18
3076;18
3077;33
3078;33
3079;16
3080;57
3081;53
3082;71
3083;36
3084;38
3085;7
3086;16
3087;14
3088;37
3089;59
3090;35
3091;42
3092;7
3093;7
3094;63
3095;53
3096;62
3097;46
3098;58
3099;56
3100;36
3101;36
3102;5
3103;4
3104;53
3105;58
3106;26
3107;11
3108;12
3109;1
3110;79
3111;47
3112;41
3113;5
3114;7
3115;48
3116;63
3117;56
3118;47
3119;34
3120;3
3121;7
3122;42
3123;27
3124;0
3125;2
3126;61
3127;78
3128;67
3129;66
3130;41
3131;1
3132;16
3133;79
3134;34
3135;7
3136;48
3137;22
3138;9
3139;5
3140;79
3141;68
3142;60
3143;58
3144;67
3145;76
3146;62
3147;57
3148;34
3149;34
3150;1
3151;1
3152;26
3153;61
3154;64
3155;14
3156;28
3157;14
3158;56
3159;64
3160;71
3161;35
3162;50
3163;55
3164;25
3165;80
3166;72
3167;53
3168;34
3169;44
3170;13
3171;59
3172;70
3173;58
3174;62
3175;20
3176;37
3177;10
3178;0
3179;13
3180;30
3181;34
3182;78
3183;62
3184;27
3185;57
3186;86
3187;65
3188;20
3189;19
3190;61
3191;79
3192;79
3193;74
3194;28
3195;23
3196;14
3197;5
3198;61
3199;57
3200;76
3201;53
3202;37
3203;29
3204;77
3205;26
3206;23
3207;4
3208;1
3209;15
3210;26
3211;66
3212;54
3213;35
3214;11
3215;49
3216;31
3217;11
3218;74
3219;57
3220;64
3221;75
3222;66
3223;37
3224;82
3225;74
3226;42
3227;39
3228;17
3229;63
3230;77
3231;44
3232;30
3233;12
3234;9
3235;29
3236;22
3237;74
3238;31
3239;12
3240;9
3241;76
3242;63
3243;39
3244;40
3245;41
3246;53
3247;21
3248;53
3249;63
3250;75
3251;57
3252;79
3253;52
3254;57
3255;63
3256;67
3257;63
3258;71
3259;19
3260;47
3261;62
3262;18
3263;11
3264;31
3265;57
3266;69
3267;50
3268;35
3269;72
3270;75
3271;64
3272;22
3273;35
3274;32
3275;58
3276;57
3277;84
3278;40
3279;38
3280;17
3281;3
3282;22
3283;67
3284;53
3285;38
3286;43
3287;41
3288;13
3289;47
3290;42
3291;88
3292;66
3293;42
3294;27
3295;0
3296;13
3297;56
3298;71
3299;49
3300;47
3301;74
3302;39
3303;29
3304;27
3305;16
3306;14
3307;28
3308;45
3309;84
3310;20
3311;60
3312;76
3313;45
3314;48
3315;34
3316;4
3317;57
3318;24
3319;59
3320;22
3321;21
3322;68
3323;65
3324;20
3325;27
3326;54
3327;10
3328;78
3329;52
3330;42
3331;59
3332;18
3333;17
3334;13
3335;38
3336;42
3337;3
3338;5
3339;1
3340;71
3341;26
3342;55
3343;53
3344;57
3345;81
3346;37
3347;79
3348;55
3349;61
3350;51
3351;52
3352;50
3353;24
3354;34
3355;56
3356;64
3357;74
3358;49
3359;64
3360;76
3361;67
3362;48
3363;47
3364;5
3365;64
3366;30
3367;24
3368;91
3369;59
3370;12
3371;16
3372;45
3373;40
3374;14
3375;64
3376;90
3377;22
3378;52
3379;27
3380;76
3381;57
3382;22
3383;70
3384;43
3385;54
3386;27
3387;9
3388;34
3389;22
3390;46
3391;24
3392;68
3393;49
3394;32
3395;31
3396;15
3397;48
3398;45
3399;43
3400;10
3401;12
3402;15
3403;78
3404;19
3405;25
3406;49
3407;51
3408;27
3409;31
3410;42
3411;4
3412;4
3413;86
3414;70
3415;37
3416;59
3417;41
3418;42
3419;1
3420;47
3421;20
3422;23
3423;51
3424;66
3425;53
3426;79
3427;94
3428;73
3429;36
3430;18
3431;11
3432;36
3433;28
3434;6
3435;17
3436;35
3437;43
3438;55
3439;78
3440;47
3441;37
3442;3
3443;9
3444;64
3445;41
3446;39
3447;36
3448;53
3449;66
3450;36
3451;58
3452;59
3453;23
3454;21
3455;57
3456;28
3457;30
3458;56
3459;16
3460;9
3461;53
3462;52
3463;16
3464;9
3465;36
3466;51
3467;6
3468;14
3469;67
3470;44
3471;37
3472;17
3473;3
3474;8
3475;34
3476;52
3477;59
3478;60
3479;90
3480;34
3481;50
3482;10
3483;29
3484;57
3485;20
3486;62
3487;34
3488;28
3489;9
3490;7
3491;20
3492;48
3493;15
3494;18
3495;48
3496;43
3497;4
3498;3
3499;10
3500;8
3501;4
3502;81
3503;61
3504;56
3505;83
3506;70
3507;19
3508;49
3509;10
3510;33
3511;41
3512;11
3513;9
3514;54
3515;85
3516;37
3517;12
3518;56
3519;52
3520;81
3521;86
3522;84
3523;82
3524;86
3525;81
3526;81
3527;104
3528;90
3529;104
3530;84
3531;94
3532;68
3533;100
3534;81
3535;92
3536;85
3537;68
3538;89
3539;75
3540;98
3541;97
3542;98
3543;85
3544;102
3545;88
3546;78
3547;81
3548;87
3549;82
3550;71
