1;56
2;41
3;61
4;28
5;44
6;4
7;2
8;19
9;19
10;40
11;30
12;2
13;17
14;1
15;1
16;49
17;46
18;13
19;60
20;57
21;42
22;75
23;68
24;62
25;48
26;10
27;14
28;71
29;51
30;51
31;63
32;24
33;21
34;24
35;53
36;74
37;55
38;48
39;14
40;12
41;60
42;55
43;56
44;39
45;9
46;17
47;19
48;92
49;20
50;39
51;47
52;15
53;7
54;57
55;39
56;15
57;16
58;14
59;51
60;73
61;51
62;11
63;16
64;77
65;81
66;19
67;72
68;20
69;38
70;25
71;4
72;4
73;0
74;72
75;51
76;31
77;30
78;22
79;30
80;47
81;5
82;20
83;63
84;43
85;30
86;10
87;14
88;72
89;72
90;31
91;36
92;4
93;0
94;23
95;54
96;28
97;8
98;12
99;6
100;75
101;32
102;95
103;49
104;36
105;69
106;21
107;44
108;43
109;21
110;48
111;17
112;0
113;70
114;51
115;54
116;55
117;64
118;76
119;65
120;65
121;57
122;27
123;33
124;9
125;17
126;65
127;21
128;67
129;49
130;54
131;8
132;64
133;66
134;19
135;74
136;45
137;81
138;27
139;39
140;7
141;37
142;37
143;48
144;8
145;14
146;71
147;71
148;52
149;64
150;62
151;38
152;23
153;38
154;4
155;3
156;9
157;50
158;54
159;52
160;61
161;80
162;47
163;9
164;45
165;84
166;68
167;26
168;66
169;95
170;40
171;35
172;53
173;41
174;57
175;44
176;46
177;75
178;55
179;59
180;20
181;20
182;27
183;37
184;75
185;51
186;37
187;40
188;7
189;47
190;54
191;46
192;18
193;15
194;37
195;10
196;61
197;85
198;88
199;69
200;65
201;44
202;31
203;57
204;17
205;8
206;68
207;56
208;75
209;81
210;71
211;48
212;62
213;12
214;17
215;48
216;44
217;37
218;10
219;11
220;53
221;53
222;15
223;14
224;49
225;83
226;47
227;24
228;80
229;72
230;49
231;49
232;47
233;42
234;8
235;8
236;35
237;48
238;36
239;34
240;33
241;8
242;12
243;27
244;35
245;16
246;27
247;22
248;64
249;41
250;49
251;8
252;13
253;4
254;0
255;53
256;60
257;51
258;51
259;53
260;22
261;22
262;56
263;19
264;74
265;56
266;66
267;54
268;46
269;40
270;16
271;8
272;15
273;39
274;54
275;81
276;64
277;26
278;43
279;6
280;62
281;39
282;38
283;6
284;1
285;2
286;30
287;38
288;49
289;16
290;15
291;52
292;21
293;43
294;2
295;44
296;31
297;10
298;13
299;87
300;64
301;44
302;86
303;54
304;60
305;51
306;69
307;21
308;32
309;72
310;69
311;34
312;57
313;7
314;48
315;78
316;30
317;50
318;13
319;13
320;18
321;82
322;26
323;54
324;58
325;64
326;70
327;85
328;98
329;24
330;28
331;17
332;1
333;3
334;44
335;40
336;5
337;0
338;39
339;44
340;48
341;33
342;58
343;29
344;46
345;8
346;63
347;19
348;60
349;61
350;55
351;13
352;18
353;54
354;67
355;74
356;83
357;34
358;60
359;74
360;57
361;34
362;15
363;54
364;54
365;46
366;40
367;7
368;16
369;18
370;58
371;16
372;42
373;56
374;6
375;17
376;57
377;31
378;49
379;72
380;20
381;54
382;62
383;59
384;19
385;27
386;19
387;58
388;32
389;57
390;10
391;41
392;71
393;73
394;53
395;32
396;19
397;13
398;36
399;57
400;26
401;34
402;8
403;16
404;65
405;46
406;42
407;18
408;2
409;51
410;60
411;59
412;35
413;44
414;3
415;5
416;5
417;22
418;22
419;76
420;31
421;21
422;63
423;71
424;75
425;22
426;68
427;52
428;57
429;61
430;59
431;56
432;44
433;53
434;24
435;38
436;60
437;64
438;60
439;48
440;30
441;49
442;7
443;11
444;59
445;21
446;24
447;53
448;82
449;88
450;32
451;68
452;27
453;87
454;81
455;69
456;20
457;25
458;70
459;66
460;19
461;56
462;89
463;37
464;51
465;86
466;56
467;51
468;44
469;8
470;78
471;66
472;52
473;30
474;10
475;13
476;61
477;61
478;28
479;61
480;6
481;17
482;14
483;47
484;74
485;38
486;40
487;72
488;70
489;87
490;61
491;44
492;55
493;6
494;17
495;52
496;21
497;86
498;52
499;55
500;21
501;66
502;39
503;58
504;50
505;45
506;11
507;44
508;44
509;51
510;17
511;17
512;49
513;35
514;20
515;1
516;18
517;3
518;29
519;68
520;59
521;52
522;26
523;87
524;86
525;74
526;23
527;31
528;51
529;23
530;56
531;58
532;61
533;51
534;20
535;36
536;4
537;17
538;39
539;36
540;77
541;31
542;71
543;37
544;23
545;19
546;53
547;27
548;59
549;56
550;57
551;52
552;25
553;76
554;55
555;57
556;20
557;70
558;44
559;31
560;0
561;32
562;38
563;8
564;7
565;9
566;51
567;20
568;29
569;21
570;3
571;5
572;1
573;68
574;63
575;33
576;22
577;0
578;1
579;13
580;55
581;22
582;63
583;8
584;60
585;95
586;19
587;64
588;87
589;54
590;28
591;57
592;60
593;49
594;38
595;46
596;16
597;18
598;22
599;43
600;19
601;19
602;47
603;50
604;87
605;20
606;38
607;36
608;62
609;51
610;66
611;57
612;62
613;15
614;12
615;16
616;26
617;61
618;43
619;41
620;9
621;18
622;47
623;73
624;64
625;64
626;70
627;42
628;32
629;77
630;82
631;20
632;33
633;10
634;9
635;58
636;46
637;21
638;29
639;11
640;73
641;84
642;44
643;27
644;1
645;13
646;82
647;55
648;39
649;83
650;49
651;46
652;36
653;20
654;11
655;10
656;52
657;90
658;27
659;27
660;10
661;3
662;62
663;68
664;81
665;33
666;94
667;51
668;27
669;69
670;44
671;44
672;19
673;4
674;3
675;86
676;32
677;66
678;28
679;29
680;48
681;55
682;76
683;92
684;47
685;44
686;20
687;5
688;1
689;66
690;90
691;37
692;30
693;16
694;17
695;15
696;31
697;50
698;35
699;28
700;2
701;2
702;18
703;33
704;11
705;7
706;73
707;94
708;77
709;24
710;44
711;39
712;4
713;4
714;21
715;45
716;11
717;3
718;58
719;74
720;60
721;64
722;43
723;71
724;74
725;27
726;87
727;68
728;36
729;76
730;80
731;61
732;45
733;57
734;73
735;25
736;23
737;19
738;28
739;31
740;63
741;18
742;7
743;9
744;40
745;63
746;13
747;18
748;15
749;19
750;0
751;71
752;20
753;22
754;26
755;24
756;27
757;49
758;67
759;47
760;56
761;88
762;53
763;66
764;35
765;61
766;65
767;28
768;67
769;60
770;67
771;54
772;72
773;68
774;19
775;33
776;33
777;83
778;58
779;64
780;39
781;36
782;16
783;7
784;54
785;27
786;8
787;16
788;22
789;72
790;54
791;72
792;86
793;49
794;41
795;47
796;18
797;2
798;8
799;47
800;14
801;58
802;32
803;68
804;53
805;47
806;69
807;27
808;20
809;39
810;80
811;59
812;68
813;51
814;44
815;36
816;18
817;16
818;64
819;53
820;67
821;23
822;21
823;36
824;0
825;78
826;72
827;86
828;45
829;29
830;7
831;13
832;52
833;65
834;67
835;55
836;85
837;71
838;43
839;8
840;79
841;46
842;54
843;71
844;36
845;31
846;44
847;41
848;3
849;6
850;19
851;64
852;54
853;34
854;16
855;13
856;8
857;56
858;57
859;39
860;26
861;14
862;18
863;48
864;51
865;36
866;23
867;43
868;4
869;3
870;43
871;28
872;41
873;44
874;8
875;9
876;82
877;27
878;29
879;34
880;7
881;0
882;59
883;53
884;55
885;48
886;48
887;63
888;26
889;7
890;8
891;30
892;18
893;56
894;23
895;60
896;21
897;45
898;50
899;16
900;77
901;85
902;67
903;67
904;72
905;59
906;64
907;68
908;40
909;50
910;10
911;16
912;61
913;49
914;96
915;25
916;87
917;60
918;74
919;29
920;62
921;24
922;88
923;95
924;59
925;28
926;33
927;56
928;56
929;61
930;88
931;59
932;57
933;21
934;39
935;47
936;10
937;13
938;22
939;20
940;81
941;23
942;42
943;54
944;37
945;38
946;8
947;70
948;56
949;64
950;27
951;56
952;36
953;62
954;51
955;49
956;17
957;21
958;28
959;1
960;5
961;82
962;51
963;66
964;48
965;38
966;74
967;68
968;69
969;64
970;36
971;0
972;36
973;49
974;48
975;83
976;19
977;68
978;48
979;70
980;53
981;87
982;55
983;68
984;75
985;50
986;36
987;72
988;31
989;61
990;52
991;30
992;86
993;72
994;54
995;69
996;58
997;67
998;62
999;50
1000;67
1001;64
1002;30
1003;70
1004;92
1005;52
1006;67
1007;41
1008;32
1009;76
1010;21
1011;37
1012;18
1013;5
1014;2
1015;23
1016;62
1017;21
1018;75
1019;55
1020;75
1021;47
1022;57
1023;9
1024;14
1025;13
1026;49
1027;67
1028;73
1029;51
1030;59
1031;37
1032;42
1033;14
1034;14
1035;16
1036;53
1037;55
1038;49
1039;13
1040;17
1041;56
1042;17
1043;63
1044;23
1045;20
1046;54
1047;87
1048;96
1049;36
1050;47
1051;15
1052;89
1053;57
1054;22
1055;79
1056;51
1057;76
1058;85
1059;61
1060;55
1061;38
1062;36
1063;10
1064;41
1065;66
1066;78
1067;48
1068;61
1069;49
1070;31
1071;18
1072;2
1073;72
1074;20
1075;74
1076;50
1077;34
1078;61
1079;62
1080;40
1081;44
1082;2
1083;2
1084;62
1085;71
1086;31
1087;21
1088;35
1089;3
1090;15
1091;4
1092;71
1093;23
1094;89
1095;85
1096;53
1097;57
1098;28
1099;60
1100;72
1101;71
1102;60
1103;73
1104;60
1105;33
1106;11
1107;17
1108;66
1109;52
1110;79
1111;59
1112;32
1113;54
1114;14
1115;51
1116;68
1117;36
1118;19
1119;13
1120;70
1121;84
1122;51
1123;63
1124;67
1125;88
1126;71
1127;51
1128;72
1129;58
1130;61
1131;67
1132;60
1133;37
1134;55
1135;22
1136;33
1137;59
1138;85
1139;27
1140;27
1141;41
1142;60
1143;56
1144;18
1145;16
1146;49
1147;49
1148;11
1149;17
1150;77
1151;91
1152;44
1153;28
1154;11
1155;13
1156;15
1157;62
1158;10
1159;14
1160;37
1161;35
1162;18
1163;14
1164;11
1165;58
1166;57
1167;29
1168;57
1169;81
1170;62
1171;89
1172;56
1173;39
1174;51
1175;35
1176;46
1177;14
1178;8
1179;82
1180;28
1181;42
1182;31
1183;1
1184;1
1185;28
1186;54
1187;6
1188;9
1189;56
1190;34
1191;46
1192;18
1193;14
1194;57
1195;40
1196;16
1197;14
1198;47
1199;65
1200;60
1201;65
1202;35
1203;57
1204;51
1205;53
1206;58
1207;7
1208;30
1209;32
1210;6
1211;46
1212;54
1213;50
1214;11
1215;77
1216;64
1217;56
1218;32
1219;76
1220;51
1221;22
1222;47
1223;91
1224;52
1225;70
1226;31
1227;74
1228;56
1229;37
1230;27
1231;1
1232;5
1233;11
1234;30
1235;60
1236;17
1237;10
1238;34
1239;67
1240;61
1241;80
1242;66
1243;21
1244;56
1245;67
1246;69
1247;83
1248;36
1249;32
1250;45
1251;19
1252;55
1253;63
1254;40
1255;57
1256;27
1257;4
1258;5
1259;1
1260;65
1261;54
1262;46
1263;28
1264;63
1265;34
1266;64
1267;79
1268;57
1269;48
1270;41
1271;12
1272;9
1273;64
1274;32
1275;63
1276;37
1277;53
1278;78
1279;60
1280;38
1281;1
1282;11
1283;33
1284;31
1285;50
1286;6
1287;12
1288;56
1289;59
1290;59
1291;65
1292;90
1293;56
1294;91
1295;41
1296;54
1297;86
1298;50
1299;70
1300;25
1301;23
1302;22
1303;82
1304;51
1305;77
1306;47
1307;52
1308;12
1309;16
1310;15
1311;19
1312;33
1313;76
1314;60
1315;58
1316;30
1317;18
1318;13
1319;43
1320;8
1321;54
1322;50
1323;56
1324;94
1325;46
1326;61
1327;48
1328;53
1329;50
1330;42
1331;58
1332;17
1333;30
1334;63
1335;11
1336;75
1337;70
1338;32
1339;48
1340;16
1341;19
1342;31
1343;62
1344;52
1345;43
1346;42
1347;53
1348;12
1349;61
1350;60
1351;12
1352;51
1353;45
1354;14
1355;11
1356;33
1357;48
1358;12
1359;10
1360;11
1361;72
1362;67
1363;66
1364;71
1365;55
1366;74
1367;62
1368;38
1369;21
1370;0
1371;66
1372;50
1373;21
1374;30
1375;9
1376;16
1377;49
1378;52
1379;56
1380;69
1381;57
1382;53
1383;67
1384;88
1385;63
1386;49
1387;15
1388;14
1389;19
1390;30
1391;4
1392;51
1393;55
1394;55
1395;67
1396;70
1397;60
1398;81
1399;82
1400;55
1401;57
1402;72
1403;39
1404;47
1405;44
1406;100
1407;39
1408;50
1409;60
1410;63
1411;53
1412;67
1413;70
1414;71
1415;31
1416;29
1417;8
1418;2
1419;89
1420;86
1421;50
1422;54
1423;30
1424;10
1425;5
1426;7
1427;68
1428;30
1429;38
1430;7
1431;54
1432;55
1433;95
1434;49
1435;55
1436;55
1437;59
1438;13
1439;16
1440;67
1441;43
1442;43
1443;0
1444;9
1445;25
1446;52
1447;28
1448;24
1449;61
1450;32
1451;45
1452;92
1453;61
1454;52
1455;70
1456;91
1457;52
1458;27
1459;39
1460;17
1461;69
1462;22
1463;48
1464;43
1465;4
1466;0
1467;3
1468;44
1469;73
1470;70
1471;88
1472;52
1473;87
1474;27
1475;52
1476;21
1477;21
1478;30
1479;54
1480;14
1481;6
1482;14
1483;77
1484;74
1485;72
1486;41
1487;55
1488;18
1489;9
1490;7
1491;60
1492;30
1493;45
1494;2
1495;20
1496;31
1497;4
1498;2
1499;14
1500;47
1501;23
1502;25
1503;63
1504;54
1505;57
1506;81
1507;74
1508;48
1509;46
1510;43
1511;51
1512;27
1513;68
1514;54
1515;45
1516;16
1517;33
1518;75
1519;82
1520;54
1521;68
1522;70
1523;62
1524;24
1525;41
1526;22
1527;75
1528;60
1529;53
1530;51
1531;72
1532;67
1533;33
1534;33
1535;8
1536;27
1537;11
1538;10
1539;56
1540;27
1541;62
1542;44
1543;47
1544;5
1545;11
1546;32
1547;57
1548;52
1549;22
1550;83
1551;23
1552;56
1553;39
1554;8
1555;26
1556;24
1557;30
1558;52
1559;18
1560;8
1561;12
1562;81
1563;60
1564;68
1565;31
1566;11
1567;31
1568;37
1569;34
1570;13
1571;61
1572;69
1573;28
1574;73
1575;20
1576;47
1577;15
1578;17
1579;26
1580;32
1581;71
1582;46
1583;79
1584;63
1585;20
1586;61
1587;68
1588;48
1589;39
1590;63
1591;54
1592;76
1593;59
1594;76
1595;70
1596;24
1597;76
1598;37
1599;58
1600;76
1601;53
1602;77
1603;43
1604;20
1605;4
1606;71
1607;70
1608;51
1609;61
1610;75
1611;64
1612;56
1613;60
1614;41
1615;51
1616;62
1617;12
1618;9
1619;11
1620;55
1621;62
1622;55
1623;22
1624;76
1625;30
1626;9
1627;2
1628;54
1629;68
1630;23
1631;67
1632;56
1633;70
1634;54
1635;72
1636;60
1637;48
1638;51
1639;6
1640;64
1641;49
1642;28
1643;63
1644;59
1645;65
1646;30
1647;48
1648;62
1649;12
1650;13
1651;62
1652;52
1653;73
1654;27
1655;19
1656;24
1657;77
1658;82
1659;48
1660;64
1661;37
1662;28
1663;12
1664;39
1665;43
1666;3
1667;50
1668;36
1669;11
1670;17
1671;66
1672;36
1673;31
1674;9
1675;17
1676;36
1677;27
1678;2
1679;9
1680;1
1681;32
1682;16
1683;14
1684;22
1685;56
1686;50
1687;22
1688;43
1689;18
1690;16
1691;2
1692;62
1693;44
1694;36
1695;39
1696;27
1697;16
1698;8
1699;66
1700;56
1701;41
1702;36
1703;12
1704;18
1705;12
1706;21
1707;39
1708;26
1709;5
1710;14
1711;53
1712;42
1713;23
1714;53
1715;48
1716;19
1717;23
1718;74
1719;27
1720;52
1721;26
1722;54
1723;6
1724;53
1725;27
1726;22
1727;47
1728;58
1729;7
1730;18
1731;43
1732;42
1733;19
1734;66
1735;44
1736;21
1737;6
1738;9
1739;54
1740;39
1741;38
1742;53
1743;34
1744;41
1745;21
1746;2
1747;2
1748;60
1749;18
1750;11
1751;82
1752;39
1753;50
1754;64
1755;15
1756;17
1757;16
1758;65
1759;20
1760;34
1761;38
1762;3
1763;4
1764;80
1765;65
1766;48
1767;8
1768;16
1769;31
1770;43
1771;5
1772;46
1773;37
1774;5
1775;2
1776;56
1777;57
1778;80
1779;67
1780;78
1781;33
1782;54
1783;14
1784;16
1785;13
1786;53
1787;45
1788;40
1789;71
1790;55
1791;21
1792;63
1793;34
1794;16
1795;71
1796;55
1797;80
1798;34
1799;94
1800;53
1801;24
1802;57
1803;59
1804;24
1805;57
1806;75
1807;26
1808;55
1809;13
1810;17
1811;24
1812;22
1813;30
1814;27
1815;20
1816;48
1817;23
1818;76
1819;75
1820;58
1821;78
1822;67
1823;54
1824;48
1825;49
1826;60
1827;13
1828;89
1829;31
1830;46
1831;8
1832;17
1833;74
1834;61
1835;34
1836;30
1837;7
1838;4
1839;87
1840;57
1841;55
1842;75
1843;88
1844;66
1845;54
1846;48
1847;55
1848;49
1849;32
1850;20
1851;9
1852;0
1853;27
1854;66
1855;21
1856;22
1857;25
1858;23
1859;29
1860;39
1861;82
1862;49
1863;70
1864;76
1865;49
1866;34
1867;82
1868;84
1869;53
1870;30
1871;47
1872;4
1873;58
1874;56
1875;51
1876;61
1877;27
1878;15
1879;15
1880;74
1881;82
1882;30
1883;35
1884;12
1885;15
1886;52
1887;36
1888;52
1889;25
1890;69
1891;82
1892;19
1893;48
1894;54
1895;60
1896;60
1897;75
1898;62
1899;20
1900;82
1901;32
1902;30
1903;8
1904;8
1905;59
1906;46
1907;72
1908;34
1909;75
1910;50
1911;59
1912;9
1913;17
1914;33
1915;79
1916;64
1917;50
1918;40
1919;9
1920;43
1921;42
1922;5
1923;57
1924;50
1925;13
1926;17
1927;16
1928;87
1929;68
1930;23
1931;51
1932;54
1933;30
1934;51
1935;13
1936;16
1937;30
1938;22
1939;59
1940;50
1941;14
1942;14
1943;16
1944;40
1945;91
1946;22
1947;45
1948;4
1949;40
1950;41
1951;10
1952;36
1953;30
1954;14
1955;6
1956;27
1957;59
1958;36
1959;78
1960;21
1961;31
1962;47
1963;62
1964;13
1965;50
1966;44
1967;13
1968;15
1969;15
1970;81
1971;34
1972;50
1973;50
1974;8
1975;10
1976;6
1977;7
1978;84
1979;26
1980;55
1981;14
1982;18
1983;64
1984;61
1985;37
1986;36
1987;17
1988;8
1989;86
1990;21
1991;58
1992;40
1993;6
1994;76
1995;50
1996;35
1997;6
1998;12
1999;55
2000;41
2001;26
2002;57
2003;27
2004;15
2005;80
2006;19
2007;40
2008;68
2009;56
2010;59
2011;37
2012;37
2013;8
2014;6
2015;64
2016;46
2017;63
2018;61
2019;41
2020;11
2021;13
2022;6
2023;87
2024;61
2025;54
2026;15
2027;7
2028;16
2029;67
2030;81
2031;55
2032;77
2033;92
2034;50
2035;19
2036;63
2037;62
2038;78
2039;76
2040;24
2041;19
2042;77
2043;47
2044;53
2045;13
2046;9
2047;50
2048;29
2049;12
2050;16
2051;15
2052;57
2053;60
2054;28
2055;58
2056;40
2057;92
2058;69
2059;31
2060;37
2061;4
2062;2
2063;45
2064;11
2065;15
2066;60
2067;46
2068;49
2069;30
2070;0
2071;29
2072;54
2073;11
2074;7
2075;31
2076;44
2077;7
2078;15
2079;52
2080;19
2081;89
2082;29
2083;85
2084;77
2085;43
2086;40
2087;4
2088;8
2089;57
2090;48
2091;34
2092;23
2093;87
2094;75
2095;83
2096;44
2097;31
2098;3
2099;17
2100;54
2101;100
2102;50
2103;17
2104;14
2105;84
2106;67
2107;19
2108;19
2109;43
2110;19
2111;37
2112;55
2113;34
2114;89
2115;35
2116;64
2117;61
2118;68
2119;60
2120;43
2121;12
2122;17
2123;37
2124;88
2125;51
2126;69
2127;46
2128;21
2129;0
2130;4
2131;3
2132;44
2133;42
2134;5
2135;53
2136;51
2137;11
2138;16
2139;11
2140;22
2141;32
2142;14
2143;57
2144;32
2145;21
2146;28
2147;11
2148;22
2149;50
2150;44
2151;27
2152;23
2153;23
2154;31
2155;38
2156;11
2157;14
2158;3
2159;49
2160;57
2161;30
2162;27
2163;43
2164;81
2165;48
2166;63
2167;42
2168;51
2169;75
2170;45
2171;77
2172;50
2173;64
2174;78
2175;58
2176;29
2177;61
2178;30
2179;13
2180;6
2181;36
2182;18
2183;15
2184;72
2185;28
2186;41
2187;8
2188;8
2189;41
2190;48
2191;2
2192;4
2193;50
2194;45
2195;9
2196;14
2197;92
2198;56
2199;82
2200;37
2201;27
2202;25
2203;73
2204;72
2205;72
2206;49
2207;44
2208;46
2209;16
2210;8
2211;46
2212;59
2213;53
2214;29
2215;66
2216;33
2217;69
2218;61
2219;10
2220;8
2221;57
2222;83
2223;53
2224;57
2225;51
2226;26
2227;65
2228;19
2229;55
2230;60
2231;68
2232;19
2233;31
2234;4
2235;6
2236;0
2237;6
2238;36
2239;33
2240;5
2241;3
2242;56
2243;50
2244;74
2245;39
2246;62
2247;70
2248;61
2249;56
2250;74
2251;67
2252;51
2253;23
2254;26
2255;89
2256;76
2257;70
2258;63
2259;64
2260;57
2261;87
2262;55
2263;66
2264;60
2265;53
2266;66
2267;69
2268;33
2269;63
2270;26
2271;11
2272;8
2273;11
2274;63
2275;62
2276;7
2277;11
2278;47
2279;43
2280;11
2281;70
2282;61
2283;54
2284;56
2285;52
2286;45
2287;27
2288;66
2289;66
2290;49
2291;30
2292;40
2293;13
2294;6
2295;86
2296;67
2297;37
2298;65
2299;35
2300;35
2301;4
2302;53
2303;58
2304;68
2305;36
2306;62
2307;6
2308;9
2309;62
2310;66
2311;26
2312;29
2313;42
2314;3
2315;5
2316;0
2317;71
2318;69
2319;63
2320;49
2321;17
2322;8
2323;87
2324;61
2325;70
2326;56
2327;79
2328;49
2329;44
2330;15
2331;11
2332;15
2333;85
2334;61
2335;26
2336;7
2337;49
2338;48
2339;66
2340;42
2341;35
2342;17
2343;17
2344;31
2345;22
2346;2
2347;5
2348;47
2349;56
2350;10
2351;34
2352;76
2353;50
2354;69
2355;55
2356;73
2357;52
2358;34
2359;21
2360;48
2361;2
2362;1
2363;5
2364;26
2365;53
2366;52
2367;68
2368;29
2369;46
2370;0
2371;0
2372;49
2373;44
2374;1
2375;16
2376;53
2377;40
2378;32
2379;17
2380;2
2381;82
2382;52
2383;60
2384;53
2385;47
2386;60
2387;18
2388;14
2389;32
2390;24
2391;17
2392;30
2393;15
2394;30
2395;48
2396;0
2397;2
2398;72
2399;55
2400;45
2401;22
2402;19
2403;37
2404;73
2405;36
2406;21
2407;67
2408;43
2409;28
2410;14
2411;7
2412;6
2413;64
2414;28
2415;14
2416;73
2417;73
2418;85
2419;60
2420;55
2421;69
2422;19
2423;36
2424;54
2425;10
2426;15
2427;49
2428;48
2429;36
2430;57
2431;34
2432;13
2433;85
2434;68
2435;20
2436;24
2437;19
2438;70
2439;66
2440;27
2441;42
2442;39
2443;1
2444;45
2445;49
2446;6
2447;15
2448;36
2449;12
2450;12
2451;87
2452;52
2453;57
2454;31
2455;19
2456;55
2457;44
2458;6
2459;10
2460;53
2461;49
2462;55
2463;39
2464;75
2465;87
2466;34
2467;44
2468;44
2469;48
2470;10
2471;14
2472;41
2473;51
2474;30
2475;53
2476;10
2477;18
2478;15
2479;51
2480;16
2481;16
2482;43
2483;19
2484;25
2485;30
2486;10
2487;1
2488;27
2489;55
2490;60
2491;17
2492;16
2493;14
2494;16
2495;37
2496;12
2497;17
2498;58
2499;65
2500;20
2501;52
2502;45
2503;79
2504;49
2505;47
2506;59
2507;80
2508;66
2509;51
2510;55
2511;23
2512;66
2513;46
2514;40
2515;21
2516;68
2517;72
2518;53
2519;49
2520;52
2521;6
2522;50
2523;91
2524;31
2525;67
2526;29
2527;49
2528;87
2529;64
2530;18
2531;7
2532;30
2533;29
2534;43
2535;11
2536;24
2537;23
2538;33
2539;34
2540;0
2541;0
2542;53
2543;64
2544;36
2545;52
2546;72
2547;31
2548;49
2549;14
2550;9
2551;38
2552;11
2553;12
2554;52
2555;70
2556;24
2557;24
2558;4
2559;11
2560;72
2561;72
2562;62
2563;86
2564;53
2565;59
2566;70
2567;60
2568;80
2569;60
2570;57
2571;88
2572;71
2573;29
2574;44
2575;6
2576;61
2577;49
2578;30
2579;75
2580;72
2581;55
2582;66
2583;52
2584;24
2585;55
2586;30
2587;91
2588;52
2589;56
2590;49
2591;38
2592;56
2593;82
2594;62
2595;76
2596;29
2597;27
2598;1
2599;11
2600;36
2601;49
2602;15
2603;3
2604;3
2605;59
2606;64
2607;31
2608;44
2609;50
2610;7
2611;17
2612;11
2613;67
2614;96
2615;62
2616;52
2617;13
2618;12
2619;81
2620;20
2621;31
2622;51
2623;78
2624;24
2625;30
2626;70
2627;68
2628;21
2629;19
2630;72
2631;22
2632;78
2633;70
2634;38
2635;39
2636;64
2637;37
2638;26
2639;4
2640;4
2641;65
2642;70
2643;51
2644;51
2645;98
2646;28
2647;56
2648;14
2649;9
2650;50
2651;62
2652;14
2653;18
2654;10
2655;46
2656;62
2657;21
2658;62
2659;64
2660;65
2661;49
2662;62
2663;66
2664;19
2665;23
2666;31
2667;57
2668;68
2669;65
2670;38
2671;32
2672;17
2673;42
2674;6
2675;1
2676;52
2677;44
2678;68
2679;57
2680;70
2681;48
2682;23
2683;93
2684;48
2685;88
2686;66
2687;63
2688;30
2689;51
2690;9
2691;7
2692;69
2693;53
2694;54
2695;54
2696;11
2697;10
2698;87
2699;46
2700;64
2701;34
2702;78
2703;62
2704;73
2705;37
2706;34
2707;41
2708;16
2709;16
2710;14
2711;35
2712;33
2713;22
2714;36
2715;3
2716;75
2717;35
2718;30
2719;33
2720;44
2721;18
2722;10
2723;30
2724;94
2725;46
2726;38
2727;50
2728;8
2729;16
2730;15
2731;15
2732;44
2733;72
2734;54
2735;44
2736;15
2737;37
2738;15
2739;83
2740;31
2741;2
2742;72
2743;71
2744;30
2745;56
2746;91
2747;87
2748;68
2749;49
2750;53
2751;32
2752;45
2753;6
2754;11
2755;14
2756;46
2757;66
2758;51
2759;70
2760;91
2761;33
2762;77
2763;75
2764;61
2765;34
2766;33
2767;25
2768;95
2769;57
2770;66
2771;73
2772;27
2773;47
2774;3
2775;64
2776;64
2777;25
2778;11
2779;8
2780;71
2781;66
2782;40
2783;43
2784;28
2785;17
2786;45
2787;1
2788;36
2789;20
2790;38
2791;51
2792;43
2793;10
2794;14
2795;20
2796;5
2797;34
2798;38
2799;0
2800;5
2801;58
2802;31
2803;42
2804;4
2805;7
2806;36
2807;43
2808;9
2809;9
2810;37
2811;32
2812;17
2813;46
2814;47
2815;66
2816;73
2817;59
2818;38
2819;13
2820;33
2821;58
2822;70
2823;77
2824;76
2825;95
2826;53
2827;14
2828;59
2829;42
2830;77
2831;49
2832;42
2833;86
2834;56
2835;74
2836;46
2837;43
2838;15
2839;13
2840;27
2841;45
2842;24
2843;23
2844;36
2845;65
2846;70
2847;54
2848;69
2849;73
2850;28
2851;64
2852;59
2853;53
2854;68
2855;56
2856;41
2857;19
2858;16
2859;3
2860;40
2861;36
2862;5
2863;13
2864;69
2865;19
2866;41
2867;61
2868;75
2869;77
2870;46
2871;43
2872;52
2873;15
2874;13
2875;8
2876;62
2877;8
2878;10
2879;23
2880;80
2881;58
2882;81
2883;62
2884;42
2885;55
2886;63
2887;36
2888;8
2889;67
2890;77
2891;77
2892;80
2893;54
2894;84
2895;46
2896;65
2897;23
2898;26
2899;91
2900;74
2901;57
2902;31
2903;29
2904;76
2905;23
2906;74
2907;33
2908;39
2909;5
2910;3
2911;8
2912;52
2913;87
2914;68
2915;50
2916;54
2917;56
2918;71
2919;91
2920;30
2921;8
2922;72
2923;55
2924;84
2925;21
2926;44
2927;5
2928;3
2929;39
2930;52
2931;55
2932;75
2933;73
2934;50
2935;69
2936;25
2937;26
2938;22
2939;25
2940;52
2941;19
2942;52
2943;53
2944;31
2945;41
2946;16
2947;54
2948;60
2949;53
2950;64
2951;44
2952;18
2953;16
2954;21
2955;28
2956;3
2957;7
2958;59
2959;74
2960;48
2961;24
2962;22
2963;65
2964;21
2965;37
2966;47
2967;5
2968;17
2969;37
2970;60
2971;65
2972;31
2973;48
2974;4
2975;12
2976;57
2977;87
2978;53
2979;51
2980;10
2981;47
2982;22
2983;29
2984;40
2985;5
2986;3
2987;5
2988;70
2989;20
2990;40
2991;10
2992;87
2993;56
2994;65
2995;26
2996;13
2997;8
2998;30
2999;47
3000;78
3001;81
3002;60
3003;39
3004;46
3005;53
3006;48
3007;7
3008;18
3009;20
3010;55
3011;71
3012;22
3013;88
3014;51
3015;48
3016;13
3017;18
3018;16
3019;63
3020;73
3021;39
3022;32
3023;16
3024;11
3025;15
3026;74
3027;68
3028;63
3029;62
3030;67
3031;57
3032;57
3033;13
3034;14
3035;91
3036;75
3037;95
3038;62
3039;63
3040;49
3041;40
3042;14
3043;18
3044;36
3045;15
3046;1
3047;47
3048;63
3049;12
3050;8
3051;30
3052;27
3053;5
3054;26
3055;49
3056;11
3057;0
3058;66
3059;19
3060;45
3061;28
3062;56
3063;14
3064;15
3065;17
3066;84
3067;50
3068;45
3069;37
3070;6
3071;15
3072;39
3073;56
3074;12
3075;7
3076;25
3077;56
3078;80
3079;51
3080;65
3081;68
3082;71
3083;57
3084;24
3085;20
3086;43
3087;57
3088;74
3089;51
3090;68
3091;21
3092;54
3093;42
3094;24
3095;31
3096;1
3097;7
3098;8
3099;21
3100;64
3101;31
3102;34
3103;56
3104;18
3105;72
3106;22
3107;56
3108;59
3109;32
3110;44
3111;10
3112;9
3113;50
3114;65
3115;53
3116;74
3117;50
3118;21
3119;90
3120;25
3121;77
3122;30
3123;89
3124;73
3125;51
3126;96
3127;31
3128;49
3129;96
3130;60
3131;35
3132;8
3133;13
3134;64
3135;59
3136;63
3137;68
3138;75
3139;20
3140;51
3141;56
3142;47
3143;38
3144;41
3145;6
3146;8
3147;46
3148;52
3149;41
3150;42
3151;55
3152;15
3153;17
3154;82
3155;51
3156;64
3157;54
3158;9
3159;33
3160;65
3161;75
3162;72
3163;33
3164;55
3165;10
3166;13
3167;24
3168;33
3169;31
3170;21
3171;39
3172;31
3173;30
3174;13
3175;10
3176;22
3177;75
3178;54
3179;48
3180;62
3181;7
3182;8
3183;35
3184;28
3185;17
3186;8
3187;60
3188;22
3189;81
3190;62
3191;30
3192;42
3193;11
3194;7
3195;56
3196;44
3197;50
3198;14
3199;32
3200;35
3201;31
3202;3
3203;15
3204;54
3205;19
3206;67
3207;49
3208;75
3209;53
3210;42
3211;31
3212;63
3213;25
3214;50
3215;35
3216;55
3217;48
3218;20
3219;60
3220;92
3221;26
3222;38
3223;43
3224;42
3225;47
3226;13
3227;53
3228;31
3229;32
3230;48
3231;13
3232;16
3233;13
3234;14
3235;24
3236;74
3237;39
3238;42
3239;15
3240;80
3241;46
3242;32
3243;63
3244;7
3245;13
3246;12
3247;87
3248;37
3249;52
3250;11
3251;9
3252;11
3253;53
3254;64
3255;67
3256;37
3257;33
3258;4
3259;15
3260;51
3261;31
3262;27
3263;7
3264;45
3265;46
3266;51
3267;8
3268;80
3269;87
3270;95
3271;69
3272;71
3273;43
3274;0
3275;24
3276;71
3277;77
3278;27
3279;35
3280;53
3281;61
3282;67
3283;65
3284;71
3285;76
3286;82
3287;69
3288;74
3289;67
3290;21
3291;49
3292;70
3293;34
3294;11
3295;70
3296;52
3297;63
3298;69
3299;77
3300;54
3301;77
3302;35
3303;40
3304;5
3305;3
3306;36
3307;40
3308;49
3309;6
3310;6
3311;60
3312;57
3313;37
3314;16
3315;50
3316;67
3317;50
3318;13
3319;64
3320;63
3321;22
3322;49
3323;17
3324;3
3325;81
3326;82
3327;55
3328;55
3329;49
3330;47
3331;7
3332;88
3333;60
3334;64
3335;43
3336;34
3337;53
3338;70
3339;80
3340;74
3341;86
3342;72
3343;62
3344;13
3345;11
3346;65
3347;24
3348;36
3349;79
3350;53
3351;59
3352;69
3353;78
3354;36
3355;80
3356;57
3357;82
3358;19
3359;73
3360;46
3361;31
3362;63
3363;47
3364;2
3365;3
3366;14
3367;68
3368;49
3369;42
3370;31
3371;9
3372;12
3373;33
3374;49
3375;64
3376;80
3377;20
3378;52
3379;73
3380;76
3381;30
3382;10
3383;20
3384;50
3385;73
3386;74
3387;66
3388;76
3389;56
3390;20
3391;29
3392;71
3393;60
3394;24
3395;82
3396;24
3397;28
3398;65
3399;86
3400;63
3401;61
3402;53
3403;51
3404;44
3405;47
3406;98
3407;25
3408;63
3409;22
3410;31
3411;30
3412;8
3413;46
3414;33
3415;80
3416;83
3417;52
3418;75
3419;41
3420;57
3421;52
3422;39
3423;67
3424;49
3425;33
3426;5
3427;2
3428;38
3429;21
3430;0
3431;46
3432;53
3433;33
3434;40
3435;39
3436;15
3437;3
3438;49
3439;47
3440;59
3441;39
3442;45
3443;15
3444;7
3445;62
3446;59
3447;20
3448;48
3449;23
3450;13
3451;4
3452;74
3453;59
3454;76
3455;49
3456;65
3457;71
3458;42
3459;52
3460;49
3461;60
3462;76
3463;72
3464;23
3465;95
3466;74
3467;61
3468;20
3469;57
3470;43
3471;55
3472;76
3473;53
3474;61
3475;49
3476;48
3477;39
3478;77
3479;95
3480;26
3481;62
3482;67
3483;64
3484;87
3485;73
3486;31
3487;40
3488;4
3489;6
3490;71
3491;73
3492;21
3493;61
3494;87
3495;60
3496;73
3497;88
3498;63
3499;61
3500;48
3501;48
3502;68
3503;67
3504;19
3505;54
3506;75
3507;23
3508;71
3509;78
3510;32
3511;38
3512;5
3513;13
3514;62
3515;31
3516;52
3517;31
3518;30
3519;7
3520;49
3521;40
3522;16
3523;6
3524;58
3525;69
3526;59
3527;28
3528;63
3529;35
3530;9
3531;6
3532;52
3533;46
3534;26
3535;29
3536;3
3537;15
3538;38
3539;75
3540;67
3541;74
3542;62
3543;33
3544;13
3545;16
3546;11
3547;54
3548;60
3549;11
3550;62
3551;30
3552;84
3553;34
3554;59
3555;54
3556;40
3557;78
3558;72
3559;84
3560;32
3561;28
3562;45
3563;56
3564;71
3565;48
3566;60
3567;48
3568;82
3569;63
3570;69
3571;51
3572;51
3573;65
3574;70
3575;81
3576;27
3577;43
3578;0
3579;17
3580;89
3581;66
3582;65
3583;19
3584;28
3585;61
3586;70
3587;86
3588;64
3589;15
3590;60
3591;56
3592;56
3593;75
3594;75
3595;53
3596;27
3597;53
3598;64
3599;89
3600;49
3601;30
3602;32
3603;72
3604;82
3605;56
3606;57
3607;62
3608;71
3609;46
3610;67
3611;76
3612;78
3613;56
3614;27
3615;43
3616;7
3617;7
3618;78
3619;76
3620;78
3621;37
3622;61
3623;33
3624;37
3625;14
3626;9
3627;65
3628;34
3629;70
3630;73
3631;44
3632;54
3633;45
3634;84
3635;60
3636;20
3637;26
3638;50
3639;27
3640;33
3641;3
3642;29
3643;11
3644;4
3645;44
3646;35
3647;18
3648;16
3649;22
3650;7
3651;47
3652;36
3653;19
3654;63
3655;56
3656;76
3657;59
3658;43
3659;27
3660;14
3661;92
3662;69
3663;20
3664;59
3665;81
3666;20
3667;62
3668;66
3669;32
3670;36
3671;5
3672;0
3673;49
3674;33
3675;80
3676;51
3677;35
3678;64
3679;63
3680;16
3681;16
3682;11
3683;95
3684;89
3685;61
3686;73
3687;30
3688;43
3689;56
3690;12
3691;53
3692;72
3693;58
3694;10
3695;43
3696;49
3697;8
3698;14
3699;32
3700;62
3701;84
3702;61
3703;55
3704;52
3705;40
3706;46
3707;7
3708;60
3709;65
3710;68
3711;51
3712;34
3713;27
3714;34
3715;15
3716;52
3717;60
3718;54
3719;40
3720;81
3721;20
3722;61
3723;31
3724;51
3725;8
3726;16
3727;54
3728;79
3729;50
3730;31
3731;34
3732;30
3733;9
3734;57
3735;43
3736;49
3737;23
3738;60
3739;45
3740;58
3741;85
3742;29
3743;21
3744;19
3745;25
3746;22
3747;64
3748;54
3749;54
3750;82
3751;32
3752;46
3753;16
3754;18
3755;74
3756;39
3757;71
3758;69
3759;22
3760;64
3761;18
3762;68
3763;63
3764;64
3765;65
3766;23
3767;41
3768;69
3769;74
3770;67
3771;60
3772;19
3773;37
3774;49
3775;15
3776;16
3777;7
3778;26
3779;34
3780;29
3781;4
3782;9
3783;45
3784;43
3785;62
3786;65
3787;39
3788;28
3789;42
3790;74
3791;31
3792;12
3793;64
3794;49
3795;16
3796;9
3797;10
3798;61
3799;37
3800;18
3801;10
3802;66
3803;70
3804;67
3805;49
3806;63
3807;74
3808;62
3809;56
3810;72
3811;81
3812;82
3813;45
3814;64
3815;55
3816;56
3817;61
3818;47
3819;75
3820;44
3821;31
3822;28
3823;10
3824;51
3825;48
3826;22
3827;48
3828;32
3829;51
3830;16
3831;15
3832;18
3833;18
3834;28
3835;36
3836;13
3837;18
3838;39
3839;26
3840;4
3841;50
3842;66
3843;46
3844;19
3845;51
3846;75
3847;56
3848;45
3849;76
3850;58
3851;64
3852;23
3853;23
3854;43
3855;22
3856;25
3857;21
3858;34
3859;47
3860;11
3861;6
3862;33
3863;49
3864;4
3865;59
3866;60
3867;43
3868;73
3869;57
3870;67
3871;26
3872;28
3873;19
3874;36
3875;63
3876;12
3877;14
3878;72
3879;26
3880;51
3881;28
3882;6
3883;16
3884;8
3885;30
3886;50
3887;7
3888;13
3889;7
3890;45
3891;74
3892;74
3893;34
3894;43
3895;11
3896;18
3897;68
3898;52
3899;103
3900;76
3901;62
3902;58
3903;61
3904;34
3905;35
3906;18
3907;8
3908;78
3909;19
3910;67
3911;40
3912;58
3913;37
3914;22
3915;31
3916;55
3917;64
3918;41
3919;59
3920;45
3921;11
3922;13
3923;48
3924;37
3925;46
3926;64
3927;21
3928;21
3929;67
3930;63
3931;64
3932;21
3933;48
3934;63
3935;48
3936;66
3937;60
3938;73
3939;39
3940;43
3941;19
3942;21
3943;78
3944;54
3945;34
3946;68
3947;46
3948;31
3949;20
3950;5
3951;5
3952;97
3953;58
3954;74
3955;72
3956;40
3957;38
3958;74
3959;95
3960;36
3961;44
3962;5
3963;2
3964;43
3965;22
3966;44
3967;4
3968;2
3969;68
3970;61
3971;71
3972;52
3973;32
3974;44
3975;3
3976;10
3977;54
3978;49
3979;9
3980;30
3981;62
3982;30
3983;16
3984;11
3985;39
3986;58
3987;74
3988;55
3989;53
3990;70
3991;63
3992;63
3993;82
3994;71
3995;92
3996;50
3997;22
3998;35
3999;34
4000;2
4001;72
4002;27
4003;47
4004;23
4005;3
4006;11
4007;75
4008;81
4009;36
4010;24
4011;7
4012;2
4013;49
4014;54
4015;14
4016;7
4017;77
4018;61
4019;61
4020;54
4021;67
4022;69
4023;57
4024;38
4025;21
4026;2
4027;60
4028;15
4029;17
4030;47
4031;68
4032;61
4033;33
4034;40
4035;2
4036;5
4037;46
4038;49
4039;50
4040;30
4041;18
4042;53
4043;61
4044;39
4045;56
4046;8
4047;74
4048;70
4049;48
4050;20
4051;50
4052;84
4053;24
4054;71
4055;19
4056;80
4057;59
4058;64
4059;23
4060;50
4061;57
4062;60
4063;87
4064;95
4065;89
4066;78
4067;54
4068;27
4069;58
4070;27
4071;53
4072;62
4073;26
4074;51
4075;48
4076;60
4077;67
4078;89
4079;79
4080;50
4081;45
4082;39
4083;8
4084;8
4085;4
4086;57
4087;8
4088;61
4089;66
4090;32
4091;21
4092;48
4093;46
4094;12
4095;9
4096;56
4097;57
4098;51
4099;35
4100;27
4101;60
4102;61
4103;23
4104;63
4105;46
4106;32
4107;58
4108;32
4109;13
4110;6
4111;78
4112;30
4113;42
4114;14
4115;11
4116;14
4117;40
4118;47
4119;49
4120;14
4121;16
4122;12
4123;50
4124;33
4125;8
4126;55
4127;40
4128;76
4129;59
4130;79
4131;58
4132;65
4133;51
4134;32
4135;17
4136;91
4137;36
4138;63
4139;52
4140;62
4141;57
4142;32
4143;16
4144;7
4145;9
4146;35
4147;44
4148;13
4149;33
4150;46
4151;11
4152;4
4153;55
4154;62
4155;84
4156;42
4157;62
4158;66
4159;74
4160;27
4161;65
4162;22
4163;29
4164;47
4165;5
4166;54
4167;30
4168;37
4169;44
4170;6
4171;9
4172;15
4173;46
4174;47
4175;5
4176;14
4177;80
4178;53
4179;76
4180;57
4181;51
4182;63
4183;56
4184;52
4185;60
4186;52
4187;50
4188;51
4189;6
4190;8
4191;37
4192;66
4193;87
4194;48
4195;27
4196;40
4197;14
4198;2
4199;14
4200;67
4201;57
4202;26
4203;30
4204;16
4205;10
4206;87
4207;68
4208;83
4209;23
4210;42
4211;8
4212;12
4213;62
4214;56
4215;21
4216;70
4217;38
4218;44
4219;1
4220;0
4221;16
4222;47
4223;63
4224;55
4225;28
4226;64
4227;41
4228;28
4229;65
4230;58
4231;59
4232;59
4233;54
4234;64
4235;57
4236;58
4237;24
4238;65
4239;73
4240;42
4241;54
4242;7
4243;71
4244;22
4245;32
4246;30
4247;11
4248;27
4249;35
4250;31
4251;44
4252;21
4253;12
4254;0
4255;25
4256;59
4257;38
4258;23
4259;47
4260;61
4261;60
4262;19
4263;32
4264;7
4265;41
4266;76
4267;65
4268;60
4269;27
4270;41
4271;51
4272;40
4273;11
4274;64
4275;47
4276;19
4277;59
4278;57
4279;33
4280;26
4281;33
4282;30
4283;40
4284;47
4285;46
4286;75
4287;20
4288;91
4289;27
4290;28
4291;7
4292;1
4293;2
4294;38
4295;27
4296;17
4297;2
4298;71
4299;51
4300;42
4301;64
4302;62
4303;27
4304;70
4305;58
4306;13
4307;76
4308;31
4309;29
4310;6
4311;4
4312;61
4313;27
4314;10
4315;43
4316;32
4317;14
4318;1
4319;70
4320;46
4321;66
4322;79
4323;56
4324;78
4325;61
4326;53
4327;65
4328;68
4329;77
4330;45
4331;64
4332;16
4333;17
4334;14
4335;74
4336;34
4337;43
4338;16
4339;6
4340;37
4341;40
4342;11
4343;78
4344;35
4345;42
4346;15
4347;14
4348;79
4349;24
4350;51
4351;66
4352;29
4353;14
4354;3
4355;4
4356;73
4357;69
4358;30
4359;42
4360;69
4361;54
4362;60
4363;47
4364;52
4365;50
4366;19
4367;42
4368;40
4369;36
4370;47
4371;8
4372;17
4373;67
4374;40
4375;44
4376;10
4377;30
4378;39
4379;11
4380;77
4381;19
4382;36
4383;36
4384;1
4385;12
4386;56
4387;46
4388;88
4389;28
4390;21
4391;1
4392;1
4393;72
4394;48
4395;65
4396;32
4397;71
4398;36
4399;75
4400;49
4401;39
4402;47
4403;3
4404;1
4405;41
4406;19
4407;47
4408;55
4409;11
4410;10
4411;30
4412;27
4413;4
4414;16
4415;46
4416;72
4417;30
4418;86
4419;70
4420;45
4421;91
4422;24
4423;53
4424;56
4425;69
4426;57
4427;61
4428;63
4429;29
4430;12
4431;30
4432;58
4433;17
4434;15
4435;36
4436;38
4437;0
4438;31
4439;53
4440;63
4441;72
4442;21
4443;27
4444;49
4445;62
4446;6
4447;63
4448;66
4449;65
4450;20
4451;62
4452;73
4453;85
4454;54
4455;77
4456;72
4457;61
4458;69
4459;49
4460;79
4461;82
4462;49
4463;32
4464;2
4465;11
4466;23
4467;72
4468;73
4469;21
4470;90
4471;54
4472;51
4473;50
4474;71
4475;93
4476;22
4477;50
4478;36
4479;29
4480;5
4481;2
4482;67
4483;48
4484;71
4485;39
4486;44
4487;7
4488;6
4489;51
4490;24
4491;56
4492;21
4493;19
4494;85
4495;43
4496;20
4497;3
4498;66
4499;50
4500;28
4501;33
4502;16
4503;18
4504;80
4505;89
4506;71
4507;71
4508;64
4509;53
4510;27
4511;59
4512;69
4513;68
4514;25
4515;49
4516;25
4517;20
4518;55
4519;32
4520;29
4521;6
4522;49
4523;47
4524;58
4525;52
4526;20
4527;66
4528;56
4529;87
4530;30
4531;44
4532;59
4533;58
4534;76
4535;58
4536;47
4537;11
4538;28
4539;55
4540;7
4541;17
4542;6
4543;71
4544;60
4545;48
4546;64
4547;53
4548;35
4549;38
4550;4
4551;1
4552;74
4553;54
4554;61
4555;64
4556;21
4557;42
4558;11
4559;55
4560;22
4561;48
4562;12
4563;47
4564;17
4565;81
4566;36
4567;49
4568;9
4569;53
4570;37
4571;29
4572;5
4573;0
4574;14
4575;76
4576;61
4577;59
4578;76
4579;75
4580;43
4581;52
4582;16
4583;35
4584;19
4585;22
4586;81
4587;89
4588;47
4589;71
4590;27
4591;60
4592;17
4593;17
4594;86
4595;61
4596;97
4597;51
4598;53
4599;46
4600;61
4601;91
4602;21
4603;72
4604;50
4605;35
4606;17
4607;16
4608;6
4609;30
4610;23
4611;72
4612;90
4613;56
4614;72
4615;78
4616;86
4617;19
4618;23
4619;49
4620;66
4621;68
4622;33
4623;49
4624;76
4625;52
4626;37
4627;7
4628;17
4629;68
4630;72
4631;53
4632;75
4633;81
4634;65
4635;49
4636;46
4637;55
4638;44
4639;34
4640;14
4641;7
4642;34
4643;36
4644;5
4645;7
4646;13
4647;80
4648;23
4649;21
4650;48
4651;19
4652;73
4653;27
4654;38
4655;9
4656;6
4657;43
4658;46
4659;6
4660;49
4661;44
4662;12
4663;26
4664;47
4665;4
4666;11
4667;21
4668;65
4669;59
4670;22
4671;25
4672;40
4673;73
4674;63
4675;45
4676;58
4677;11
4678;10
4679;74
4680;51
4681;53
4682;15
4683;71
4684;31
4685;36
4686;4
4687;4
4688;23
4689;57
4690;58
4691;73
4692;54
4693;42
4694;29
4695;4
4696;2
4697;15
4698;83
4699;62
4700;19
4701;75
4702;22
4703;42
4704;34
4705;40
4706;6
4707;17
4708;25
4709;30
4710;15
4711;18
4712;62
4713;71
4714;80
4715;68
4716;61
4717;62
4718;67
4719;55
4720;52
4721;74
4722;87
4723;43
4724;30
4725;44
4726;14
4727;8
4728;29
4729;47
4730;11
4731;15
4732;71
4733;40
4734;43
4735;6
4736;4
4737;29
4738;49
4739;7
4740;9
4741;10
4742;31
4743;44
4744;0
4745;3
4746;54
4747;55
4748;83
4749;57
4750;82
4751;19
4752;37
4753;72
4754;27
4755;38
4756;58
4757;9
4758;37
4759;49
4760;11
4761;11
4762;48
4763;46
4764;48
4765;66
4766;89
4767;68
4768;57
4769;43
4770;14
4771;15
4772;11
4773;29
4774;43
4775;58
4776;21
4777;30
4778;1
4779;15
4780;59
4781;65
4782;49
4783;16
4784;7
4785;79
4786;47
4787;44
4788;80
4789;35
4790;24
4791;24
4792;78
4793;29
4794;34
4795;14
4796;5
4797;60
4798;54
4799;13
4800;11
4801;71
4802;77
4803;66
4804;73
4805;77
4806;79
4807;70
4808;70
4809;22
4810;30
4811;60
4812;84
4813;60
4814;29
4815;6
4816;10
4817;45
4818;58
4819;35
4820;28
4821;38
4822;54
4823;64
4824;56
4825;44
4826;35
4827;61
4828;52
4829;44
4830;7
4831;80
4832;67
4833;66
4834;55
4835;27
4836;66
4837;50
4838;21
4839;47
4840;57
4841;86
4842;27
4843;64
4844;17
4845;7
4846;39
4847;29
4848;14
4849;13
4850;63
4851;56
4852;11
4853;10
4854;17
4855;14
4856;32
4857;66
4858;63
4859;14
4860;40
4861;35
4862;17
4863;11
4864;9
4865;11
4866;71
4867;76
4868;28
4869;27
4870;2
4871;4
4872;7
4873;55
4874;44
4875;19
4876;40
4877;33
4878;20
4879;3
4880;7
4881;35
4882;48
4883;29
4884;82
4885;52
4886;21
4887;80
4888;22
4889;19
4890;69
4891;72
4892;26
4893;19
4894;21
4895;0
4896;2
4897;65
4898;61
4899;55
4900;80
4901;72
4902;37
4903;37
4904;24
4905;42
4906;30
4907;17
4908;42
4909;29
4910;16
4911;17
4912;26
4913;59
4914;42
4915;39
4916;3
4917;1
4918;44
4919;19
4920;1
4921;6
4922;36
4923;67
4924;52
4925;51
4926;29
4927;41
4928;3
4929;3
4930;4
4931;63
4932;36
4933;11
4934;8
4935;60
4936;82
4937;64
4938;44
4939;50
4940;12
4941;12
4942;60
4943;19
4944;48
4945;66
4946;31
4947;27
4948;13
4949;4
4950;77
4951;82
4952;65
4953;68
4954;50
4955;27
4956;75
4957;64
4958;49
4959;30
4960;14
4961;15
4962;6
4963;84
4964;85
4965;76
4966;67
4967;59
4968;61
4969;49
4970;12
4971;15
4972;27
4973;27
4974;15
4975;44
4976;22
4977;4
4978;63
4979;46
4980;29
4981;27
4982;18
4983;0
4984;53
4985;54
4986;13
4987;13
4988;26
4989;51
4990;36
4991;29
4992;16
4993;9
4994;2
4995;66
4996;29
4997;65
4998;27
4999;22
5000;58
5001;90
5002;43
5003;46
5004;71
5005;63
5006;31
5007;44
5008;11
5009;15
5010;37
5011;27
5012;39
5013;2
5014;4
5015;69
5016;28
5017;37
5018;3
5019;1
5020;49
5021;18
5022;15
5023;72
5024;72
5025;31
5026;74
5027;63
5028;51
5029;46
5030;32
5031;8
5032;48
5033;24
5034;9
5035;5
5036;30
5037;41
5038;69
5039;73
5040;58
5041;58
5042;57
5043;40
5044;45
5045;17
5046;42
5047;52
5048;14
5049;9
5050;40
5051;82
5052;36
5053;51
5054;60
5055;61
5056;15
5057;16
5058;39
5059;63
5060;68
5061;51
5062;40
5063;51
5064;51
5065;8
5066;45
5067;19
5068;4
5069;5
5070;33
5071;27
5072;21
5073;45
5074;0
5075;41
5076;23
5077;31
5078;1
5079;18
5080;47
5081;60
5082;45
5083;19
5084;57
5085;54
5086;34
5087;61
5088;20
5089;26
5090;53
5091;43
5092;24
5093;61
5094;74
5095;62
5096;78
5097;22
5098;27
5099;20
5100;49
5101;25
5102;2
5103;9
5104;75
5105;61
5106;57
5107;20
5108;78
5109;67
5110;60
5111;46
5112;53
5113;51
5114;50
5115;54
5116;15
5117;12
5118;96
5119;47
5120;77
5121;49
5122;15
5123;18
5124;91
5125;33
5126;53
5127;66
5128;70
5129;22
5130;35
5131;2
5132;4
5133;47
5134;30
5135;7
5136;2
5137;65
5138;49
5139;41
5140;10
5141;46
5142;76
5143;80
5144;55
5145;27
5146;21
5147;54
5148;57
5149;75
5150;24
5151;41
5152;35
5153;0
5154;2
5155;48
5156;48
5157;96
5158;48
5159;49
5160;17
5161;70
5162;61
5163;83
5164;28
5165;53
5166;55
5167;56
5168;24
5169;73
5170;80
5171;78
5172;52
5173;40
5174;59
5175;9
5176;15
5177;66
5178;61
5179;19
5180;45
5181;1
5182;11
5183;3
5184;22
5185;19
5186;27
5187;53
5188;11
5189;15
5190;71
5191;70
5192;59
5193;63
5194;59
5195;26
5196;57
5197;48
5198;61
5199;68
5200;73
5201;29
5202;28
5203;64
5204;65
5205;75
5206;74
5207;70
5208;87
5209;24
5210;64
5211;72
5212;59
5213;61
5214;67
5215;54
5216;85
5217;23
5218;91
5219;101
5220;41
5221;54
5222;29
5223;48
5224;18
5225;17
5226;72
5227;47
5228;53
5229;38
5230;47
5231;54
5232;30
5233;13
5234;70
5235;55
5236;88
5237;53
5238;83
5239;24
5240;21
5241;73
5242;31
5243;69
5244;21
5245;60
5246;60
5247;76
5248;26
5249;21
5250;56
5251;43
5252;58
5253;7
5254;6
5255;60
5256;53
5257;80
5258;78
5259;54
5260;73
5261;76
5262;49
5263;56
5264;60
5265;66
5266;42
5267;41
5268;7
5269;8
5270;82
5271;22
5272;51
5273;42
5274;5
5275;3
5276;15
5277;80
5278;78
5279;47
5280;88
5281;46
5282;27
5283;11
5284;0
5285;75
5286;71
5287;56
5288;66
5289;64
5290;36
5291;37
5292;22
5293;0
5294;4
5295;8
5296;40
5297;36
5298;36
5299;2
5300;15
5301;35
5302;38
5303;6
5304;11
5305;50
5306;52
5307;13
5308;6
5309;63
5310;41
5311;16
5312;14
5313;79
5314;75
5315;55
5316;40
5317;50
5318;18
5319;11
5320;80
5321;27
5322;56
5323;40
5324;60
5325;61
5326;38
5327;26
5328;71
5329;24
5330;38
5331;61
5332;12
5333;12
5334;75
5335;29
5336;55
5337;59
5338;36
5339;36
5340;11
5341;15
5342;24
5343;33
5344;39
5345;53
5346;61
5347;67
5348;72
5349;42
5350;41
5351;10
5352;15
5353;43
5354;40
5355;11
5356;20
5357;27
5358;12
5359;3
5360;71
5361;61
5362;62
5363;45
5364;85
5365;38
5366;51
5367;69
5368;46
5369;69
5370;83
5371;49
5372;51
5373;35
5374;30
5375;38
5376;1
5377;1
5378;0
5379;90
5380;26
5381;19
5382;52
5383;48
5384;11
5385;7
5386;39
5387;63
5388;23
5389;35
5390;52
5391;15
5392;15
5393;55
5394;53
5395;94
5396;38
5397;34
5398;37
5399;52
5400;21
5401;48
5402;63
5403;80
5404;63
5405;67
5406;47
5407;48
5408;63
5409;6
5410;48
5411;47
5412;13
5413;18
5414;80
5415;46
5416;44
5417;12
5418;11
5419;37
5420;27
5421;18
5422;4
5423;13
5424;26
5425;15
5426;36
5427;69
5428;41
5429;46
5430;11
5431;17
5432;41
5433;70
5434;46
5435;37
5436;48
5437;2
5438;3
5439;59
5440;51
5441;19
5442;89
5443;90
5444;51
5445;58
5446;63
5447;50
5448;26
5449;48
5450;62
5451;6
5452;8
5453;83
5454;24
5455;54
5456;27
5457;19
5458;31
5459;71
5460;29
5461;90
5462;54
5463;50
5464;8
5465;6
5466;52
5467;19
5468;55
5469;54
5470;35
5471;58
5472;46
5473;45
5474;76
5475;31
5476;31
5477;31
5478;4
5479;78
5480;78
5481;48
5482;61
5483;48
5484;37
5485;59
5486;72
5487;83
5488;74
5489;21
5490;31
5491;47
5492;72
5493;28
5494;90
5495;55
5496;62
5497;31
5498;25
5499;22
5500;44
5501;29
5502;36
5503;8
5504;4
5505;0
5506;49
5507;87
5508;68
5509;54
5510;86
5511;52
5512;61
5513;46
5514;55
5515;56
5516;26
5517;72
5518;20
5519;72
5520;72
5521;50
5522;78
5523;61
5524;49
5525;86
5526;57
5527;22
5528;76
5529;59
5530;53
5531;68
5532;49
5533;6
5534;6
5535;70
5536;62
5537;32
5538;53
5539;73
5540;63
5541;61
5542;11
5543;12
5544;14
5545;51
5546;81
5547;55
5548;33
5549;54
5550;77
5551;66
5552;58
5553;21
5554;94
5555;19
5556;44
5557;52
5558;44
5559;89
5560;77
5561;69
5562;72
5563;80
5564;73
5565;50
5566;21
5567;40
5568;56
5569;62
5570;39
5571;37
5572;3
5573;4
5574;42
5575;44
5576;4
5577;17
5578;41
5579;28
5580;49
5581;38
5582;13
5583;13
5584;89
5585;49
5586;28
5587;43
5588;2
5589;10
5590;15
5591;7
5592;72
5593;67
5594;56
5595;68
5596;46
5597;38
5598;4
5599;8
5600;1
5601;67
5602;40
5603;56
5604;53
5605;51
5606;71
5607;75
5608;76
5609;75
5610;29
5611;59
5612;8
5613;10
5614;65
5615;20
5616;77
5617;86
5618;52
5619;66
5620;26
5621;55
5622;26
5623;85
5624;35
5625;47
5626;17
5627;17
5628;80
5629;21
5630;60
5631;49
5632;62
5633;27
5634;66
5635;41
5636;27
5637;16
5638;7
5639;52
5640;79
5641;64
5642;19
5643;59
5644;6
5645;15
5646;71
5647;35
5648;40
5649;8
5650;60
5651;60
5652;56
5653;83
5654;59
5655;28
5656;35
5657;13
5658;14
5659;46
5660;88
5661;40
5662;15
5663;58
5664;48
5665;58
5666;41
5667;11
5668;15
5669;10
5670;56
5671;48
5672;59
5673;48
5674;48
5675;24
5676;68
5677;48
5678;51
5679;44
5680;41
5681;0
5682;10
5683;2
5684;57
5685;42
5686;71
5687;46
5688;61
5689;38
5690;28
5691;14
5692;8
5693;48
5694;42
5695;0
5696;17
5697;80
5698;53
5699;50
5700;64
5701;47
5702;65
5703;49
5704;64
5705;53
5706;63
5707;7
5708;58
5709;40
5710;9
5711;15
5712;27
5713;68
5714;27
5715;35
5716;11
5717;66
5718;76
5719;44
5720;22
5721;55
5722;52
5723;47
5724;7
5725;8
5726;13
5727;8
5728;45
5729;28
5730;5
5731;10
5732;20
5733;56
5734;20
5735;40
5736;52
5737;87
5738;31
5739;22
5740;7
5741;11
5742;60
5743;53
5744;36
5745;7
5746;8
5747;75
5748;42
5749;30
5750;9
5751;7
5752;39
5753;31
5754;16
5755;10
5756;20
5757;75
5758;67
5759;89
5760;86
5761;46
5762;65
5763;80
5764;42
5765;54
5766;10
5767;11
5768;43
5769;91
5770;23
5771;66
5772;56
5773;88
5774;25
5775;88
5776;34
5777;44
5778;50
5779;68
5780;34
5781;19
5782;12
5783;4
5784;75
5785;49
5786;39
5787;51
5788;55
5789;32
5790;31
5791;41
5792;1
5793;6
5794;8
5795;11
5796;30
5797;13
5798;8
5799;78
5800;71
5801;48
5802;20
5803;94
5804;56
5805;73
5806;70
5807;78
5808;32
5809;45
5810;10
5811;81
5812;89
5813;93
5814;80
5815;96
5816;80
5817;88
5818;94
5819;80
5820;82
5821;89
5822;97
5823;77
5824;92
5825;89
5826;81
5827;85
5828;83
5829;84
5830;85
5831;85
5832;85
5833;72
5834;69
5835;93
5836;81
5837;82
5838;83
5839;87
5840;98
5841;71
5842;81
5843;86
5844;88
5845;82
5846;79
5847;83
5848;104
5849;83
5850;88
5851;89
5852;77
5853;79
5854;85
5855;104
5856;88
5857;80
5858;82
5859;72
5860;98
5861;76
5862;83
5863;76
